4189377905
4170465497
3557010323
1730861353
2370233618
3919164412
4135336041
3498755835
218922058
2723431181
3638875403
3238440301
1596286573
3406150933
3366596718
95383781
1443341786
3435600004
731482652
3057426770
3246099522
416322372
3074100921
42607600
537521177
3300293476
2970110012
168423969
2193718015
2915238427
2595883009
212066025
2285217102
2508407287
2429960011
599902123
2729033552
2517138274
218549104
2855414378
2598447996
1103968351
2825020172
2814834756
255668639
2776126158
2612875104
2788271922
983102802
2782691437
2410232403
2577466084
1541537498
2563655846
1541617033
1189450764
1169038074
281988809
1413483482
393127070
2394586403
2360099147
496850655
2348698297
2269596873
430960239
1429649516
455180889
2280146731
2271532578
2261278003
132568657
2199504339
956845177
2165895438
2164504321
2148051212
1535762942
635886619
354023792
122039614
398979657
434958630
176439526
107192710
