4058701857
2499446881
93921503
238112587
3044624536
4050277372
181718700
2706608498
2527017764
2203776151
2670072212
778712106
3061655164
201844748
2241487926
3728625312
3525022275
4053897508
1905657577
241686002
2515057386
90874202
3089063223
1430792904
3198333762
1519214918
3241319745
424934719
3892284364
148350045
2264212274
3860406862
3705669735
3690618013
2738680661
3501339316
1078960020
3260949290
3719996235
3640924461
79298901
253806975
3553806076
3426704853
2240683999
2197954226
7668952
1892364344
80229058
2987486613
3180068964
1001727600
335297176
1096198711
2446689355
179560864
142507478
131866138
3259987911
3100186674
81947660
302868182
29879755
19082579
359870053
142752743
164305985
33342927
3293807849
412521571
2396545801
489129741
1080117824
3294096347
107198211
10870512
3190388565
331647718
3240592627
525287943
81409813
367962635
1416334724
2211413610
2833608215
3321007509
110202376
144851263
3386727899
570664609
139438950
2422532881
3286507862
2899281220
813390096
2450019866
64083835
2225421121
3276431958
1547584998
3095360925
3270903469
75926770
2564921593
98585838
67417450
3164528940
3151849616
403790026
250554909
147609401
376145624
301054734
3334912972
45680476
306553024
150485719
2163676910
2587541713
2425515830
1166431284
2751921605
1380256789
2804419825
1082745968
2510365861
46526909
228201419
408038514
48014813
1335592814
3149487047
3073781291
543703294
3221275354
48393114
2981154802
2687617208
451472638
1721780833
20895382
3064075150
1319231707
280108521
2173826630
1877370121
2792261062
410640184
3176725043
1708688604
2166595620
2769669258
2425055288
19151109
3072121143
75684101
1630318184
196524836
21184213
77540948
3055905437
3041452138
190192606
3028970331
105744784
2204343496
515447994
2969800912
604257877
2527473224
8837042
2830481505
34069069
2154618469
280565933
31439224
365473506
2561582418
2392632223
69754089
366028296
2494867602
321274083
208542773
485722389
298417771
2567654814
1398654900
1020271422
166587162
34453602
985184748
26747913
269813317
2290060633
2203887914
1528877466
28531801
284079582
71300752
103327643
519323286
1172537215
169462244
1045822392
415811961
363968258
496775588
507313149
157836647
858744054
122729919
174163096
348068812
77613034
34573983
119115148
300300340
607624245
321604454
409545488
79334412
171384112
424774915
483666907
273701786
115580080
380985157
235347766
87731299
81187565
306377116
474411491
39724627
263848350
346704221
297417610
463543042
297738715
171151318
70272014
52438017
436583835
282551230
61078645
178559079
232207994
255212556
250222643
305521797
294577953
96196608
88170336
105761474
123861922
367297544
330431225
264560157
236753302
126941805
141379955
176571918
235135395
146087611
114006258
71559612
