4127089162
483559473
4251704532
727342334
4224950964
4073020759
2668502382
173342590
2818836319
848501149
2691733218
3437987296
881120365
2949490358
1700580342
3230986273
3886346292
633036435
2181401591
546326170
3504944652
3315307748
3795449840
3795532051
2708284328
3699167173
3698940193
3675294673
3652236620
1255385946
3340362132
3319705201
3328735267
2956016329
3010739726
3484902253
3249469304
589637276
3092181533
3461853792
2408004026
3189149882
3388908132
2230324394
1425861294
2955283291
742144442
3448463421
3349223299
3340171093
3329014039
222826661
3438427558
114899218
3301169154
3071653422
3316498158
3314686802
2381304799
2159203706
3310139424
3302841721
2257087434
334484942
3303463549
3300171068
1244838818
870103740
3281027143
1274256284
454101898
2578774956
3281078186
1016714353
460032676
3278557790
2395342518
3269433060
3273835350
2540739392
3360955493
29852459
132418112
3253045188
301162388
3259254714
487952092
2307139928
3251926773
2521061597
1195012694
2214628428
2975560608
2655124033
2885282635
1614027068
3173401120
3240203076
3308608341
2907103505
2856886832
851663282
3196653810
1235410574
739939243
3194476620
3119077200
280115590
3120666272
2944449597
342498863
3153813494
2845964181
3215293840
3177006066
3160321603
1304875711
1158538603
2957690365
3138305581
87825722
2652733250
312231689
1385227370
3116483100
2207732691
3110356422
3119776973
2819234076
3091533080
286818100
3100109557
3085767367
2695924723
3061900370
1649768881
3071396860
274168165
2597190798
2383819415
2978119181
3024828896
2901907607
3023063330
2998883389
2376403874
1491275094
762574345
3010180485
1113235328
1507944072
2282165324
1679100050
2533089382
623584562
2984713908
2999627876
2999519394
1101379854
2890584361
2741277363
2994863202
260985364
33923443
2986510072
2975629999
2222075227
2916736478
2975446489
2935817074
1170516918
55773909
2962339522
1118114587
2913226189
2379615847
2940172706
2938681609
2932517072
2930503208
2928702763
63579110
524546542
2558878559
1328013127
456320927
2322462696
2884988111
2904729206
261938283
1139942582
1244972065
2899840874
2852696912
2652630427
1321221110
886230144
2892398384
2861232935
2319416940
19137935
2736890098
2871674233
2845431591
2873615312
2863993122
2865357030
1036426351
2858134183
53779092
750010172
2850913693
2839226834
2832384853
2799001157
2833385545
2374061257
2828748577
2823115632
2820570144
2820120440
1148798785
2769617075
2307550249
2747117197
2760750135
2777030454
607028636
956883409
2769905234
1272514916
2492888376
2556095520
2743591184
2247793747
2705338861
633220688
2670243805
2307165656
625615391
1027234819
1945686138
74815724
1055422459
1891751412
66012500
217834500
972808586
351148614
2332525038
2564605610
2560495286
1103039090
496688637
1955632086
2566658794
2355038600
2306571110
880670773
2515647018
2490712290
2213080980
245602901
2539832619
2483893796
953944376
2447693222
507374121
2265383172
1091242926
529045034
767999028
2276555996
483499571
509359012
43757176
140565292
56726946
340462755
340550697
2307007232
22321964
812075360
2439146652
2190078148
1268824392
2316469538
388034551
1392766033
385509118
1329009114
1312470308
518124793
59490239
2298999546
2292857144
2205999157
2310196752
2276530140
2411562790
2359641734
879175303
464327491
1398534943
277053775
1003220276
722572772
2169601494
1599111720
2312891636
1078273585
2317449290
894446755
1562290142
2345419704
1467747012
975137954
1102032505
1332782971
1123118292
2327198090
549341038
1292789550
606822447
574145673
2184526363
2290050722
1012043070
831681313
1957939782
1099981393
1155368228
1894565533
2227810886
1348299325
803447305
1338166843
1442291886
1052263514
1640894720
2159797735
775722258
1066428930
2209672330
2177210402
41440274
1952377825
289440585
1048783002
81434139
1115531424
1165995391
542299863
971293388
563211412
1100019463
961843932
633069940
2149805461
100587634
756262674
1006606188
1025622097
593388720
1093967844
967070186
635955492
1434457141
783630036
82161759
256185480
594271412
752421390
