90661198
163919660
757318004
4202522542
25685412
3257670903
266071896
53413286
4084619962
3092435068
3178273534
143192356
208871246
3248601033
3501830055
3078465837
2795984499
3286466502
178944500
24801854
3420204046
1009505768
3391339431
249851150
94256048
3260791993
363150246
432840849
57435495
252412043
384029877
2825673554
462839078
3344445485
379204076
327614280
3319235644
1636820546
117855507
158591800
3243592727
300601375
1940465484
3252797728
3246784637
2895130093
3242539623
39315885
1083446004
3218322975
27067053
280599252
352820012
3128865867
159307998
85735042
3111765881
3081317274
1319231707
3031510360
3001868223
78687173
216222526
2790386200
2557338962
157536450
3027292997
2982578205
2361561822
2924696612
2912749690
2535161521
479156226
2885205179
2884396797
2882522600
206895000
2771902414
2810229957
831845612
132041886
2801665290
2764319883
1054664274
1222401402
2745950501
586625789
2410888553
181704562
2592430567
2534830843
459020748
2521604125
376498439
1189469797
64627124
2152629204
2432046581
2188496887
427384554
1015643881
1594693842
1224338226
218183189
2306394699
2296750447
6356032
234180728
950411623
259909825
1446867361
2222264078
2228776885
1597363549
2208048378
624426500
1970410813
99176133
1733652385
12561412
249858915
358813829
1926335041
407274837
159761789
53504602
143279957
1691518981
1834995752
65492539
219043131
1246558770
215142606
219180106
30911849
213695134
598829478
178170384
1469885750
179547858
1229811422
339928127
193913955
1215782378
233249029
64294080
455504303
1028686644
441423317
168215243
75946922
419627221
240282270
90785779
64856305
271770254
167794269
576445564
288054798
958564963
352566122
78731489
582969762
29048970
356830989
57811400
627945055
473019727
36860258
600197076
196413060
139814718
260323359
314038973
23644636
540431583
224833044
554817854
219476094
42229162
54899679
39789993
433900824
150088496
421053311
387921484
409557321
137030499
111478794
24648247
285691855
40504989
74378285
365823489
350303135
130970760
26251481
365811913
94491274
17115163
325093358
313398696
35746187
28464538
272134250
229110597
45448306
47150151
318058808
334471021
11962042
35332450
74051904
311609323
21952958
236145609
222317609
58079723
76438191
74026737
65671330
203767718
261099065
250711882
265727438
15973392
117873249
240501504
252655729
246815557
113250974
240441220
21866483
106301085
209375471
200740595
84427993
25674827
85028371
202811960
20166233
166213782
162454530
167823519
116036972
136426609
184554712
183462635
45381210
113204101
148942972
181663247
116476719
37744067
76980921
