103227643
3356135507
18164114
4290529399
808717027
3804293242
2789093639
3946451837
2680950008
3837359174
612931307
2583267708
325123441
3185296232
4280432600
18757122
4033742057
3238976441
3268204292
3688874062
358469951
2835162357
4117741995
3360629141
3409454315
4053725417
109237155
809544655
853899674
14922740
949707872
2858830358
512151117
3329918422
3854593519
2518300755
3048037933
3308248065
2601410910
3318836306
4150535601
1934214655
3874571435
2959551617
2959514073
3048024870
2587003256
903541932
37358491
1205125550
3844898952
4131209719
4199237473
1911124195
2711741576
3211642711
4077867914
4176397383
3181239199
26688109
3035838003
33495086
410795094
2533796076
124334429
4281053132
4026875164
3689273237
3763767377
3430409961
2230664059
50640888
4036083434
2985989279
4226818943
4172005401
4202486055
4289281832
366501169
2453562690
395279518
861759409
1516508635
3058979178
3149593591
3329841129
1064087257
444240428
3244527351
4145983875
265668224
2464297969
4020323615
1262776610
4092993442
2960283130
2790030194
2822725575
1860295368
3200934794
385665221
3365325754
3083788462
35023815
2311992044
4158683069
3264628613
4237924214
139974630
3329701332
58866657
3343406969
1571031696
1646750527
1112887076
228863273
3194528371
145634280
2223599205
785244120
2896548273
498025076
2830955542
3656822373
3411299147
4046587873
4135321641
542882615
3027187054
3579223455
947876934
4117197347
4235188633
4039563868
3301345006
4011593326
552096706
3268732789
3268646780
2937771363
4066791268
4151448137
1561815968
209219793
3033000473
2965222533
1279109071
2934335580
3094754812
111949430
16675351
2493962683
3853242073
296262813
3824051412
3926121801
511223459
3826588753
401898288
2912789283
3834298820
3187301154
624986391
3889333994
89487316
388824716
3520766477
1911173635
104272330
231807002
3823623973
586049657
3834629412
2853296417
3827721853
131448126
575829976
2565607694
582762258
4150477095
59865868
564884471
32327154
3404282681
3221643096
3218652161
3850414212
256500168
633105448
3232116070
4140692951
3042173895
163519334
228108743
1901447682
3094726186
4171720993
119161370
2451479641
2655544663
1957775539
3230657020
89206692
2324744616
3579431056
4174264632
322794198
3193613521
179134183
1514346050
1886856643
3066966902
1660846687
3099809733
1470933829
2739700996
193811566
13695552
270481972
3699623235
157066277
1557976639
2864218953
19622513
59544128
226637533
2168155999
19927676
3312174680
1120296470
309641864
3198378139
1732721911
3258104792
362669400
2276483456
2760727500
174242022
3890442015
4112215943
3395332414
3311502454
4154528537
4040236572
2799266827
2678090893
2252122814
19181549
3009077657
1525065799
3933590412
222981108
501270202
3772889716
1218334832
111966961
96851005
3540983232
4056067041
595901043
2995959152
3479330479
2919651995
3024367335
3899191994
3832396334
1461769550
1964259854
1639680164
373209617
2521049040
2490495911
2806807640
2798583674
2337888997
2540511578
142481524
3925082594
872733296
3182523157
325722993
4107127753
3418305370
3606284176
3392188198
347276890
3548395787
2770535861
575603980
2742861836
4127972535
14395567
3242061861
1718867334
969955542
4105711427
4141611693
134700704
592029746
4113973685
3893831353
3380742580
4120054337
2165591424
105669501
2718959881
3088955969
2985037894
4107091034
26917370
3796974139
830923800
2464664059
2982461789
3230686032
3225838586
2601865580
4017111077
3018747925
1465273734
601979390
903494262
16126957
297599184
3405874671
14566445
3745497616
487830546
375783167
4060977575
3745391234
3020261822
3737502019
23181999
3918496817
4174286712
156586826
3285955806
72660086
278660009
232070524
247581370
1849173318
1349692081
3242145736
3135493823
1522181906
3046483764
4129818237
1020153878
3325273109
81923406
76794070
160047813
104693475
3079386849
3004222278
4113087196
1557980575
1613018149
2605384560
126409697
2516029806
337401558
47336979
1434252091
2444879004
51161632
17293493
4135447403
138401954
1325502937
4053124827
218779849
2869229782
227730555
477082728
781570350
61242633
2786091286
144350248
547232187
774336170
1852488133
4105411035
3965236998
3565431863
45609333
3370873613
192085881
2959497429
520938512
4078759025
23798611
2513114588
517392967
3419801172
3515556808
3235272755
3264862990
3762609614
2245418471
36747038
235725320
18882555
4075632941
3386448670
20228233
3220771784
326380075
375852308
3859038432
16814500
547095036
1893828252
2913309368
23829268
2917394612
357763727
1303561669
3906102570
3096067921
2223373981
210735868
3438993994
3822852439
1673999324
2864263336
2932701865
4093105396
3757570521
3903514640
2834241052
4021679954
3682872735
2920522240
3868656434
4152528612
3742538801
903474589
17911227
3666367754
2897593697
4121424074
124784462
3833526264
2921147281
2216239632
3418899345
187476053
3091104646
25169797
3288102531
323190222
3154953478
4098011121
3806550435
3547594466
1252806792
4027059309
3816989422
3218136578
892848180
4069647999
3184637045
4149227966
3367987133
2465245849
555307309
2588396617
321002197
1197542094
2892765440
28153797
607316347
3482486052
4087327283
2257035571
198462541
767381952
20151462
547537854
1686790926
3838542372
21391703
21653220
2949818715
3311936554
416877695
1583243226
3250893044
425989947
2298403772
3165952670
29886563
183220413
2470245805
3000763849
551645340
4119207733
2325059150
2713725350
373047480
16248319
2964923662
1511486504
3219593760
18220809
187986575
12874852
4114013243
2800148984
3412489294
116766949
3823010052
2424383984
284123123
1511505720
3299590745
18073211
1705682540
1387381056
4102291161
43550495
28606058
2957732800
2767303416
25159559
75584152
2435816108
27971300
470859471
19511386
3936581892
167215976
2746720512
3724282815
3368844395
3824059872
2971434517
280808948
2470293427
3015168581
118190428
567559739
309431700
2742416966
185603644
91942071
424109107
3844171229
2358111882
1339391450
87475277
2395268660
110007447
938021149
3477681492
544780599
614165574
615927039
203628181
2573459215
1670476291
3253306171
3059930631
3236095538
3315562739
4099116853
167823348
287818581
4117842315
3878689333
851316548
2978134540
2164301226
3145373241
2843901666
2995075641
115827236
3527526263
1370961769
3001577560
33057154
2793018356
4052755606
276599031
2963185337
16494321
2298901963
3047743289
3222291459
289326051
2859373376
2899522158
3087952955
3546861434
99107001
19642069
2256965582
3883690761
434497986
2475307580
17486092
76536674
2975521600
30357579
39060802
2711039001
552005607
1289865636
21038672
8330272
4073461093
3048290854
113201620
347278723
606904845
1656038166
28894912
331590346
4068896722
2766560059
123828923
108108824
3739277774
446204862
620143673
4114560617
532521976
156214500
366587205
38014617
3905554530
2794828446
377775441
344302515
21392684
2832025147
84303941
31891798
3251938507
2713626576
65136871
3422919485
819181700
103106691
35767916
22275354
2669939557
575775185
3229214529
582677444
3092134054
3243955766
3248141375
3318197905
3415203107
16392208
368538656
2270778943
4104080473
1328826025
3014493915
80759906
35208567
1671187028
2819599049
3239622275
3127732375
161527599
3315498954
486937798
1843112437
3145021755
2434336435
2412237882
2742445050
152350229
2829428812
3225533156
17393362
93986815
1489703012
2447077238
2577575515
161720492
4123712299
3243916244
3824032573
3921682094
3000691290
3994458766
3243886008
3821904132
132482815
2235082016
582748413
444061175
2289073874
3954357319
582757842
1652356874
3575726057
582678395
3917436320
3021853420
2490068635
2507151392
27985780
2495688343
16102208
2911539945
3479856254
3110193954
410194508
3278654672
3458450056
3712577958
3062153582
1134797173
3417579442
3314426065
3150614614
87081270
31716627
3725698215
3866979199
4043696305
3906156564
3300675233
2998044807
3998871140
4030787476
3757110974
3802179736
3064867013
106166263
2934078309
625693989
3838112833
2887202338
340383631
2269048873
3013706944
625631332
620334340
143321676
48996092
1450385204
17093617
732792368
1550786778
