1436861413
4296123620
1289738107
3377783075
14886375
3619902132
546803374
4184771651
2570446477
33160996
3396183286
3614892133
4139835256
2297632123
4110378202
3101937850
3988185084
3233792597
2540465623
4041881123
3150648150
37205212
3291111861
2415228739
3148197085
3931137734
354394816
3314154270
125391531
317588965
3269878958
2445064535
3411033193
543844884
3643765152
3732619392
2933090765
2167722836
3780881140
3643558694
72680756
2442721818
29887950
3580713615
366724004
3719773877
3614370252
3319404064
255764422
3622943175
169235615
755716560
3221783972
33923443
2875771840
3309924577
3026439154
2493379183
3037525206
2950898617
2923550344
3253413228
3309496238
3331444923
3171635692
3290237995
3157842292
1305507956
3251118014
3408885449
3401703814
2984974827
2207337178
364636088
3408619919
168062297
2579030014
3283685713
395484192
3309816882
54234365
3309909956
3399378321
1206242750
2931388572
3300863545
3301520053
148771088
261918703
3145862306
576559593
3294843066
2274572358
3289947794
3389384343
3240666581
593071754
3164833862
446166334
3376381721
1887945666
3037883998
3008796455
3159947895
1604640828
104626090
1626294277
3327759135
2891850527
3178483514
3108018607
2417460470
1860274195
3153364190
3101066926
3291976139
1424048670
26362413
190572884
3306789598
3306447275
3231892639
3187877742
3292048846
2471683236
3291991599
1677295040
36599108
25834227
464136501
2230976119
2965799669
3037208448
3292117163
3292054553
150682622
3292058727
2898238636
2378502691
3292224940
3292152712
589036456
15209135
93968222
3253909137
2471435444
2905696294
3292157729
3292001247
3160160411
3055600289
3292082638
2444479166
3292061104
3221862985
3291933405
3291989109
3131286647
1465433383
2484988810
3292061692
3292174919
3292153887
200892015
3187432267
3221810636
2558529219
3252882028
3221835026
3292242634
9158962
2881443684
2992766617
3221766282
3005310471
3220425828
3103398218
1396539206
932319290
433821540
55682150
1626788791
23748071
2336129060
2703654098
626085251
3194962418
3118654069
3031971549
3246488499
2934162449
3172858683
176762898
724059440
596076192
1591328323
2467126060
3187996651
3159796130
1468704805
3187905590
3240672245
3158832026
1959296106
3238382051
3235698375
3226192985
3220547085
3183030132
3146257320
753583122
1209832982
3160650746
3173010485
3168551060
1323078950
3177772232
107922852
42278609
1877071488
2951568025
29187154
3224543955
3178973708
3027923720
3224696788
3146502941
22065200
3224698054
527798033
3088863592
3061575749
3180708638
80918190
2327431808
52656386
3065006875
604315466
3224616153
3224700676
3162909788
483118553
3180676854
3224706976
3180636672
3180770923
3180601440
3224573434
3180709315
3224531501
3180390108
3172757998
3139667903
3153825772
3172994661
416500509
32896052
3150337309
3153429901
3172936887
3150198553
2361180860
3150969140
307011743
3159602143
3002460234
560032638
194627037
2536808539
1251362594
3164399298
2610595777
2386716680
3172803808
2436905138
3119542710
2784552558
2873684716
50885824
3034568633
3172686477
3087424178
270674148
383477193
3107597858
3103901238
2281396446
2451489116
3012815927
3063018985
3169719809
720361531
583114458
3159355543
3171664648
3040177251
2754682067
3172889877
72047526
2150799243
3157471275
3159531414
3172926393
3159883580
102458532
438563175
3173041192
32338548
3172717949
3042101139
151790181
710316529
3159853597
3165902445
30075905
262891564
38313522
3150280073
3148189429
239080716
2980952646
473062638
728774521
2791107922
3153811228
2739229452
3105044709
92119083
37048866
2277413131
2313686202
3147773796
922297656
84040136
3027516954
3033867869
3144835489
464041480
3153662698
768296671
3145087222
3147758598
28012959
3148146932
3153798814
3017785153
2365073089
584093992
3138190525
3153792112
3017564102
2469557900
424657192
36032320
178507175
3139454445
2989260633
2914871481
3079202486
2590589281
3145585860
2787699738
3116300006
3129977461
3125809370
16329199
724878049
481310020
2971477709
614404055
764622636
158264955
60636401
182003833
3113453193
3133064804
292168754
3145491816
618134181
18487837
2729951746
2289436082
2913406136
3152033585
518340481
1222885176
2356811959
3119469595
3032081481
2843209936
32178314
2881455722
2954014629
3073478049
3065083689
2508335210
342601720
303531344
2783853628
3012391793
272015362
1250788297
602557278
2341616334
611817117
370767245
37836873
2295877379
2841148545
395567391
244508252
2830892631
2813970758
2770263267
1541499182
1029487634
107281683
1375097546
371268912
1376834388
243987640
1376725644
180849809
2488788446
838224164
2438840664
2454411085
1413105469
2532939675
965218596
751144398
2433710887
2462392273
331518387
331519448
2469677827
2204683170
325824703
52494060
2264320315
1589878532
591806268
2297956442
2439720469
116104566
23685398
357226763
576111881
2310086172
1408379532
125898606
2328418803
2314422169
2276863381
27819083
1014462762
62667685
366192444
1699743342
16157577
100064651
1901356788
38943320
1035031897
430510552
30040819
292067297
1285873238
255231820
620127281
228506783
65490415
1040745548
29778407
926216778
989644849
33394054
921920407
467969457
394274546
485029323
793262779
321129480
35033420
302128211
593493668
572794548
325222013
560014851
21543679
24095001
601922540
595643136
557463871
594702217
229309488
318747745
564158682
445127502
450243284
563594338
451226998
292684320
204742098
263150695
516843925
561491582
78464143
465202646
451180275
411372028
167071173
330609674
522727894
522784233
227527462
338258460
473255538
419941412
282051629
126321713
418529464
167624536
23719396
173919176
387284355
407207143
467066964
66468283
59637795
87783728
461199967
425568192
97903679
441007297
407888957
184247106
294757002
423887732
27789516
293167049
58266583
177530202
381662646
133116497
336807160
327541474
300044810
70799834
362837009
236687111
349361631
347457330
189250312
21362571
314610396
223850127
34031690
69608395
283593970
128742141
163180976
74627150
105237429
227380032
57756237
212443138
94492190
