371346012
3703924575
251715221
4122184287
38247862
4144826788
3814286062
4150211657
736204124
3434208707
609063346
715794132
482133423
3176710305
2835041709
148842147
271888680
22754479
4038602709
141256700
3439237219
297887096
3975625043
1026160016
3948054095
270043058
2307327048
3929335882
65836867
136245548
3897489916
2166515041
3825498935
3311688251
2182647781
2213861659
968857039
3187016423
2719917771
2828447648
191802914
274074541
1068263790
3420612573
567294942
3049778589
255949553
771916398
3403165245
3393534335
3401129199
126321309
20189884
1001907680
2848993459
3392173061
144405219
3366407195
3326555777
3389771955
3212956834
288135951
3070237623
3198273068
221492293
252814293
126762680
2757080165
3370489787
1337465664
2320812032
3256647537
3261083696
3359720405
202000872
3347499814
104598550
1092791221
3340155664
2329057571
3166058300
574378556
1960940430
2248378482
2264127693
2321199937
258115353
410286503
1495634336
3091720335
1208069035
2596139224
3254111662
3300445558
3297972669
19653494
416552747
3138925287
906086857
439348486
3241020928
3252157696
843234720
436172462
3208424183
3065976303
105609676
2229647095
2816002965
3012417029
775578746
2990016785
924311168
823423826
3129913749
19115624
3043374263
214824929
210886126
3107588919
356741722
2159910340
2573197128
2467983559
3096619425
2827752314
1468343808
740865720
253016918
1612350110
2230927775
2471357410
1482576012
322056642
771563606
1972854325
2350176445
3053710041
2965809652
304375383
3033339118
3055661093
2899098459
3056810158
633230138
3047679556
3014512372
2583994568
3014317606
3005683348
627402400
2454715070
2207724407
3014999759
584264328
2315668435
2834978283
2432153856
2656289396
258316119
21113638
2282165324
2422122212
851748367
567407805
44320705
59131773
1344581310
379728303
319377700
551206826
1683233090
307827607
1707444434
2881699421
1230132079
2654115823
2271301799
1153538011
1009576183
2899685020
2886669747
969250784
1433462688
295899741
40963779
2752661505
2424474685
2814920064
423580607
2871486417
2653745366
2859517761
224594595
1977988638
250054917
2607301997
2443699009
2393286264
88074158
226534042
291470583
318314629
14919229
427628173
1311779377
2147802504
179155104
45290071
18796591
1510288302
243840082
2851562457
943206366
474548311
515588039
809409991
757423140
85382628
984741355
410085588
222054158
1322857668
620303169
2802218536
2565119464
255136565
176751431
2784835593
700886576
2842495389
991813614
2872325563
2712184790
76962112
328217004
480723757
1045936398
100552194
16466305
2747052322
172126584
2746823436
2806042097
398138556
136729574
2789908811
593734258
1460213904
2232088481
856830438
28798667
2324481049
2769875939
2340205046
2772928172
966390200
273425632
2723583577
1961906346
531178782
1870054002
515770078
2330792551
2463133691
417953816
835889274
2653279380
588602779
2611829466
2735270622
108313437
2278981057
1110106249
25060531
1288306272
309633871
1094761831
450546263
2600462389
2601300740
309744887
357460048
2167192262
1329176010
20865857
2613247542
1513378350
728496960
228691880
551982867
1975484252
370155792
2539564981
814695422
122354743
2360090281
965296849
549986800
130277661
84545948
1003982827
586461107
2525573804
823273861
218980359
1922778162
746987720
297351586
1945430348
246930996
25327280
629502940
225490141
2567154607
2382393450
2678309218
2611907136
1020101395
2447188134
273148073
354518211
61487592
15515159
2596856144
595597817
17619215
900571903
71322734
22769780
1608422737
40660222
2301230419
2584578996
2529272887
2592610637
561204747
1222617282
1451174202
2565394531
2582941421
2491487924
1391551820
2549731098
723600588
249278773
2548011727
495919249
1857092502
1098383874
119690855
2527755090
2516342904
178705312
17197323
859912754
2435263500
2515609538
1326594158
2512081057
417106244
2501639034
2471362622
1682737484
2471356789
732652945
557551400
2474499572
300734272
1137048338
1409777732
72612042
2484308348
597844701
2152910558
1017153373
871771975
2456796049
98516123
1411106058
18446729
2532007049
2370850998
215621295
16805805
102669413
318586108
2456826662
2329038866
366812553
56722106
1063310724
1583061409
83349973
1272808267
22378059
2389822243
380015252
2306223714
2313566358
396597606
2462698808
2462685966
474857796
485675457
1640091438
1390492862
2195836395
2199718773
1423479030
2414992988
1926924895
2458137858
1713048655
118700557
544168141
1635734096
1883530321
1934519654
163518745
506006380
179986959
633893397
323367616
284701535
292319229
1119208980
1944240492
2273707525
966457328
2206781779
778228417
956020219
355410879
590191773
501686281
749217480
1885991353
1227686984
1512803184
2176000201
156011785
605313023
609212375
1512950414
1600439112
1109376912
2368909442
1709395500
177672524
62488935
16997797
2400448956
2401445148
222644601
1216831471
1521553650
331705943
993926396
614377422
2358838093
2418277807
21714623
2222041967
2222861534
245097731
804478555
76420578
441241623
1359064142
714047691
1871288755
1136610444
277962733
742494402
281480243
477173349
1399215481
1324693526
2346990372
131603650
628641191
474061097
21221138
85558408
352340754
158673458
2365502786
2355319466
20062024
2304734827
2417786786
15535314
2153729402
223781304
2338437488
410015012
708384270
817646192
389474987
1033542842
236647336
545074545
29841934
2379464551
288799752
977272987
2186654431
988830884
185571154
1374865891
437663553
589033459
238181585
503358520
468420404
429375914
381397199
2306865818
52800699
26638858
1484490084
137412611
413873065
450637601
88511460
195786889
628620476
56728087
162126620
1636193222
309244965
580046402
108346048
426556554
1949825377
230169530
76630015
61528007
124413684
226118508
79877200
816921536
135468666
25490817
21189063
1472609658
997066020
131606471
1057427707
1404585062
178202946
1495215067
519649146
2165562853
755429190
2157149189
2157321055
217358752
1122327324
1410187771
1503763394
569165438
113577097
819650456
500296550
162522895
109079118
9806202
1071566264
36982750
991345038
66632225
856596463
623062906
319330818
621000370
569242704
14569626
