3271186015
424479663
2982815709
989921341
277012264
3824938877
500726439
1097852275
141281811
2930598975
1686020359
2507151392
29647685
3312912828
4187853135
48740343
3312967004
14770578
3189256914
2150635723
2447773698
1328622408
1676479573
428479888
3333250961
2928146980
1554534247
21862223
3889575979
3313007233
4068413075
2440586256
19060590
45837971
3301283611
3318192802
124541667
3515747057
2894339911
3092320600
164408949
3174068271
569600057
309074469
2966711259
20035833
100274356
22341769
2773968211
702616286
429629439
3295435868
201109966
22031726
872122615
3160244816
188088272
1692083250
17981783
3824573356
2502911436
15752235
315844264
332961754
747871274
217603241
304988603
246589824
2515713463
21856757
29130296
928939357
224699265
32110150
1628552390
397421657
3409375773
3628685236
1347565712
3503854514
407612305
3479777115
2232049664
3256890778
3228904587
2464635534
2712335352
3431304395
166416885
17878804
111332523
2324246725
2650542794
1346178044
3432701248
2915923291
3227684944
597477212
625918218
3358559890
16147951
1643303280
140533921
384521675
222263060
2361354408
26250653
112810078
2343617744
104358108
148394094
175711277
450687289
2355984187
2384489019
1560347762
330316010
359448966
3023445765
342601720
68360592
297883317
22686121
14113614
63796828
330481574
139017137
3023320680
3011973930
3405468707
22451908
18333555
3376941357
423579869
2901637373
3385726852
490487229
49077077
3385012912
40893536
3383743691
225667100
3380129896
3371289430
3180646472
18107015
55020165
277853976
7764332
14653034
4466581
23300923
16635191
3341449078
17757005
3350609717
3342029277
2259320682
2182808868
615080408
27250076
244187691
29687209
25561406
145191431
20763922
2408935094
3096718152
3300770385
2502181460
17482476
34852731
64083835
274277486
2786876982
837497162
3242266349
2561188759
930475502
317009052
2950754602
2950649981
2991839014
2220889938
22992985
528962627
3082318247
295845111
2360769247
86882095
102252159
167258344
3120979599
3030640025
2568069517
334235501
538008314
3068640141
213119979
3152352883
3427261
3160066685
1642700184
2373234356
389456363
2832581771
18727161
162533725
6753582
760654
583170522
14157659
59240990
249328769
255575480
50516203
3088126783
3122363750
3108037279
177694901
421667035
523356540
14421681
464873333
2712967381
1307759328
33920667
867703082
231003161
1028366689
3035638353
214298126
99144994
20591490
3087295559
3089456390
35676788
2696196672
1243426129
7914062
328857138
3092322219
627573949
2536724181
2848864421
15837725
198518382
104256824
2985788434
14520060
15180311
39433851
146894920
1968007224
804449376
22779784
2859268496
424426526
2260150651
2857711002
939898860
17050431
2990565741
503144522
22043595
193537965
3018196971
2384133390
2975392890
2205593438
3014264259
2330663457
28126233
2922201723
1960878613
13649592
196336581
2958108193
7537892
961305445
2990394143
2851183839
2863549353
192289248
221800669
15219770
472276857
37210867
60784269
15773191
2973974398
79216320
2703702428
360527727
93843982
366517889
2959258881
549322122
240490862
103941206
165801188
19393454
2932299773
2732357495
16815669
2844051239
2896904553
137639556
1425039348
17968258
2907311778
19963401
21321865
62336511
1071137954
2883832143
2788095810
43841605
2811376347
3941241
428284472
417952599
331357006
1048636849
605700037
36133539
388794497
2778944505
390524246
16589206
252782521
116351533
2868063032
2827322374
520633446
34347644
65602083
1852721317
207692226
13081242
2844763488
22427793
232147449
466819594
340344886
28425761
379508299
2767475139
214512001
2797392429
22406853
57912461
180851635
939353173
2788052385
2825595284
18645521
330916912
1617732804
1262976198
1598238902
730434055
187493814
2155932752
286820103
234837692
74188370
870186666
57163266
274703280
125102566
2781028242
64715663
19563712
2580310092
749392172
206393099
2765191161
1116680870
189466234
2805550166
56690060
303664941
804520974
19909158
2751105228
290446989
20151051
2353370166
297918949
2641155369
338285734
2564697570
546768680
1175218056
392298690
19934740
872281970
252775305
18541636
2158655850
1433141359
19622148
282272020
446958053
202329331
1264416272
589421033
2714100637
30915622
2168352339
236911691
134067681
134698640
1670452182
38497702
2688347851
1349769356
2289118140
2353220726
116830058
35941464
1419791
2501897718
757162362
1362311701
282434445
17840537
114696189
14658216
228640193
48547088
899241733
23719164
236095060
1613884134
76303599
484146478
20674369
2600660886
925408879
38540952
2591319931
362602301
6296892
249812910
496885597
66620707
2277285317
2479004880
2289853778
30413539
527864398
192993369
22927708
2597644155
522250263
1857987702
624068895
2466011168
2548232022
1215758269
92499902
434213441
74692830
1106651384
350548736
2493761916
545307082
22522664
41678490
1604484175
21749167
2190731677
69036854
315517997
58942338
344150845
143192523
2523173685
98025781
141196896
36033950
441336132
27407592
48038030
2464518335
21866371
2340053401
125306809
203782514
863194808
350891686
45689519
19403781
1910968682
20810511
372988507
105311965
124759049
272897706
233050948
146628532
244540127
319573453
61197331
333302147
2373490458
335342361
50324367
2168606306
31098056
125954772
17576549
544572437
594874521
102040609
22680183
410212962
29176199
9961762
289378751
400953126
475327575
41377116
99993570
23053094
145261831
1230591409
78593378
373427965
15529747
138848553
277487550
138363267
21346403
204822133
306356458
49769632
15438913
29169051
23432337
47706658
27879498
1878805796
2153730960
19899009
937681837
300826509
619936889
111556423
39694404
372391340
1590680118
835406160
2206038650
253443741
2305511479
2285786930
71356944
14107202
309258095
862605476
196117813
2282070241
176423067
132646465
1908459290
46934777
223941023
19340100
146042048
365535245
2260160391
95138907
174172779
2248414002
84877272
494829594
745684044
2256665990
81875055
598047207
46353054
1884137209
71352718
38941053
2239071954
255763927
79210515
413299391
85043140
289432895
54499775
49384594
2166098278
1022178932
114178639
438455944
120251341
354961816
1951799137
1479805650
490806729
734539920
581719903
134144946
364810726
22126266
517585075
347384925
1952079474
165877733
14183384
261593319
22251924
1339406148
1904874181
543392152
1696307696
1884328008
14987107
19978312
1863601758
308477014
205294979
94539838
19647412
292824930
488736612
740397944
1726845390
1707869574
607593367
20535304
396023641
407134743
20718742
17820614
213665602
1639835520
1595849174
30328765
1136978976
23298277
314019178
71530670
1635688741
595553662
1613060822
114412574
1220001084
25533005
1604117232
20596818
19144840
1553226421
22409099
260269371
23447535
28423996
472308849
1504609748
384504385
1346861394
201194939
62933508
312001400
293426655
38180942
1513279662
358449579
294258105
1530213025
17652325
1473097154
1510419648
132831403
1432717488
1244232373
1483458762
80896433
179440376
615676625
321626557
550839383
227642429
1111038284
770508636
257684735
115714905
34005365
30758612
20072784
147999461
76354212
1421672682
961453350
1415547985
817491043
1165829658
361260093
85174277
1405887660
408587321
80881629
1181771305
1395763604
631859636
619096441
20281540
18426419
110543220
273972606
173782426
389458992
45847408
359411117
237904358
557953352
312204899
79138362
1304849622
151938990
124476931
20320049
1354119348
50619188
17112742
72827013
28979285
461915778
1341942949
19869730
19782803
1248365335
287921986
195820217
14460320
246205112
83569914
41445483
573001537
510730498
45833180
20458507
94171393
567603385
390836927
363023540
63146376
1069279141
14385762
254458804
338941137
14055229
557227912
1296836766
464933284
219709454
126067839
15851598
1285587176
860310218
155389813
20678866
589168708
1267147075
632792228
301458415
479063797
364174836
50709157
149120416
970116127
133738916
351195189
160879403
53032179
29308150
14407372
50024858
402029617
1111907574
886304527
19487255
363773272
915386629
1100519864
126018341
42863301
613313938
146732703
310804657
249829650
447418035
30189894
77749365
43183310
18731249
225392897
334572066
499150713
399413955
218483933
21202851
484289531
192929251
18898153
101276819
1132228232
288950330
395263275
116488748
16673081
104924233
480575795
1095232838
284686670
23749162
825123037
207411261
61166180
276927672
21407228
486652840
220692630
66016325
615264354
475272076
972700176
584903310
27607152
65174708
932199888
1016318126
48904388
376683652
486496027
79897578
51337330
189619689
986814654
985299150
798766202
456724827
22026866
322024752
579682831
954192859
929684257
237322790
609908378
953285414
217223573
213190226
886572247
424127411
273617734
231796300
538370253
258722510
916474050
20156782
326450140
732669775
14291862
98372155
174396155
73980804
579970104
71209892
92067857
28272361
907965878
356769174
282170913
911120732
14077382
701691912
791462521
159072803
715907664
262550483
43900375
98620530
318640195
70413403
229456616
271176789
103873172
789777752
14476016
844310574
277981795
498380144
627093137
523715196
260475439
161293523
555026500
600420484
461082863
15162382
313531145
601122441
58246031
705330878
515461755
104963514
63546233
260961793
408117674
173181965
104472301
69899894
550850275
142140355
542086410
69440492
625627836
23646738
135472463
305191514
145698123
84080502
493396170
775834358
239532235
771924037
337217281
518957746
249411246
45351200
80836999
82572556
720384426
284265120
348080917
703932313
361213397
623773994
483471141
604285193
545076128
517886528
202159415
414188271
585740750
356719639
385655358
533401836
28765182
259458533
15905741
457748191
19834221
494443091
269012588
557802417
489700245
452502662
552888425
17447398
455464906
551370951
234189598
543665874
37874163
19856097
295421748
326401496
272590151
190213303
441984587
523629856
413066189
489782083
59423358
127380137
278096906
245789581
27238970
49788537
400590754
404685149
422074991
286681648
184138513
132273568
425925247
226900083
93703670
122172976
280580995
33915492
245336739
394753982
165853229
213879715
16472611
391687106
391572118
168167027
360663820
295395195
383407677
372346566
40042511
382387073
86169461
379063988
3943871
375819727
330431578
57636066
21853685
339068043
82476570
368558620
19615494
195873155
237803639
19705340
20827058
354640546
354639079
7538542
309817086
111083247
149982733
143418323
344771365
332788640
333906331
105834162
267155096
160207693
332355988
281543858
329097114
270893226
20991705
282046703
187504836
271865898
221538783
20794598
312276750
20020005
71832909
127846181
17739256
306350211
184806098
243590978
192174923
123085951
19560241
804416
201306378
258866007
219112277
259042233
19528696
101512469
14325919
256608416
246395394
242910020
19738088
162753327
283009102
121174437
254672485
38002590
253287372
276216182
119126057
131504799
131116976
131724234
271052970
149618721
21302342
209896525
13780372
20023544
20581235
25477033
196304898
162425511
130465340
76000172
133253221
14922062
64029165
24595995
127483703
188744856
229229351
189321105
50422769
22558481
19967020
237026744
