2652320866
4093744817
257716482
4050164368
1625779502
3568398443
3553333093
3573691693
184570845
3369371241
2218706442
2276970338
2980225567
527109826
17044799
272069497
247509660
2458376136
2432687250
1710713622
2492537144
2543230963
2395940738
8038212
211103453
1541445960
1541631475
2564532378
2360815722
1541630551
2590112470
1090273465
1376760175
212058801
1376759918
1541482644
1366090748
1375080936
2510880618
2437538953
185397695
2431731841
2436005953
289468435
65363434
1061129862
2471963678
1146233114
2240265684
2432795983
381765731
2431376749
80880113
756263162
1371398102
826380458
781408
2451846157
16223494
455219460
462210311
35362815
1014698958
58559649
2500288923
2515445902
2457251102
2432449038
2433250140
2433272408
2430552913
2432460450
2466380233
1427848027
338028789
2467098416
2428668384
882837390
2193498953
392574968
14134823
2433117067
315002750
543864597
1699766965
15768562
359446786
2466803353
2466958082
2196225584
2347871864
2204454811
156052545
2279606984
2259911341
2243315862
311542894
2253167160
617593696
2259147956
2253170600
2251031526
1942898143
1968396560
2240992568
1603901096
737977358
130179349
2185021649
2185021035
2185022674
550574461
2185021546
