2469802429
3186035766
265260401
120591437
2199365826
3399387080
2734551201
9366932
3432898829
352896525
221460294
771416119
1546994354
2863881623
3232669555
2455898161
3152325816
2920092097
873592850
2591457906
1639921916
3015940045
2250636052
3003866026
158399803
2956193939
2933295436
447926254
2394353328
2353138728
2563276111
2541236792
2485754815
2574907686
2563811786
191898849
48572412
761789870
2530481726
325686439
84098628
127563840
2433266492
2432909756
2434647368
550091617
2347560391
2358987427
2328161136
