2517569024
22015303
838001136
2944259327
3306197308
256628776
42675390
33629626
2258218458
952638655
552650354
121442868
118454894
111842620
64520042
1384054705
3344348619
45084897
2859031383
231094495
2375954233
211667011
121854842
1689077802
2951605657
1877321006
3165368884
2890722996
2459831780
2993115839
30339715
2459753744
315002750
2927318845
2955093717
15195171
2926620891
1096925598
2561582418
2463610482
2333017830
194212793
46468236
2862566457
1697193421
2868099111
2354066018
633858780
2772947061
15932734
2464920451
2838248535
2843959865
2867143400
2670204157
18080175
26001646
2807007088
2808575416
18976147
2228809878
2830208820
621251027
441123653
2776549413
273784027
24729556
2317475689
811988005
328898039
2615507846
2369354924
1700469978
2744611066
168328419
278532277
2761371671
535578160
2761180233
2793430261
267201344
1220032519
210684204
373965880
17116782
2752749902
21630483
2788365278
2786867377
2786181816
2786214134
2775516500
2786024438
128938832
529684896
2752845380
2749878537
829427437
702987746
42793699
2528424720
836145468
2517528775
1600814222
25374791
2305343550
2354569105
2587591916
22520818
2331929189
2710787112
39885810
26045071
108472360
317213828
55579637
340995824
