4196898779
3301521183
2950881872
3324193329
2950677255
3167903542
3170656674
3097396849
2422443488
2315787480
2445971846
2766685095
2780854604
1732546218
2741837998
2617720079
2727160118
2743101021
2699417341
2616802309
2681317896
2626696150
2723286677
1916005494
2269192088
2466498077
2548080818
2559768792
2209266868
2609412770
385647320
2696137516
409379929
2559260473
2691411011
2613470412
2689223459
2581316702
415904937
2507895050
2603300317
2444371484
2538018032
1687019287
991733594
972442458
186478164
251942706
2535435342
2654418849
2585097229
2654414212
2652327501
2569755319
2618749234
2591142354
1722859140
2646701128
33855028
2228736347
2565299454
2613720839
2595704315
2568589225
50302601
2337443796
2232700587
367339424
2604240035
2583309415
2350484469
2474631320
2585686830
106118042
2516044545
2436218361
406331181
2477923153
2636065469
2443162058
2476330292
400021594
2584627682
863065962
72875080
1053059204
2254846222
860037217
2256922795
2618396117
1047595423
2520178490
2579248189
2579282269
354541674
2584342314
2503005878
2572105992
2621944779
2584194800
2525429894
1357544665
2153784253
2510675612
1284249342
2548712922
2479962194
2525228785
2367018676
2553908808
2582896536
2500523275
2633131125
2601164350
2615603807
2528131232
608016534
2632982734
2608297593
2488373137
2572882525
1635460046
2633917894
905960539
2559209372
2621378411
2462632785
2521608631
2330738133
2632665999
2583442825
2287203187
322955525
525506288
314398842
2517265382
2633555134
2221580218
1619009708
2624298801
2285862734
1358041526
445777568
2305330494
2320133479
47600097
2630024271
