2845983983
38658962
3703686856
2910350817
3938816363
231807002
3314148722
1455623928
582185202
2561582418
2931303318
2332220347
802919822
3177814607
231094495
3147108318
1112588304
16116519
22320092
2710716666
1888497066
993360248
1446270991
3288712528
2917398583
238436945
1551255859
1877393971
1877943847
2950708565
316687958
2801180436
2849591303
2295369918
3065878331
333050777
2468886751
2734702540
2908010349
1706503915
2517569024
1635979987
48602764
74323323
2887315522
21678359
279429422
1243747920
423616808
2751223830
20639175
15177315
2918999282
18775362
2987941716
1246861638
2375004932
2572855337
2932762764
2318279624
24820257
561706446
2202520958
2539680063
2938539159
567756902
560038223
2932669276
2893781948
344896093
419006418
118294997
727006963
136330011
2520660378
64985947
2413551300
2392415461
485311090
2392357626
2836242125
2570538593
2659383570
273411506
2618985164
87870588
239591418
2436588164
2712370124
2482628594
1230656569
2710721768
2677790594
2376851718
75863742
2718850545
2436605492
243987640
48572412
1256143021
2617205041
47332078
2675629993
2549516658
26386769
1350806827
2428792238
1723363688
2667685153
441480057
317868567
76348185
