2799712307
3473879902
4236719835
35739386
33627507
3909034095
2499546253
2831753087
571725031
3295751488
3153593151
1254245035
131835249
369129034
3089962709
3333205257
3324766623
203470351
1068045548
1514514272
3218724211
3254880645
3101780140
3147800736
274688755
453177943
1385847438
3197592419
20588973
2434087436
2796175607
1288846386
3018916661
312206165
2706480655
2865515093
391501660
2443931558
2828681570
461243955
2465913798
2533495391
175193032
252795879
619187360
515921335
797041933
2179920939
69601021
2477235007
516574490
289014785
28721708
264387601
2464937351
246550517
1269945104
282612104
2394989803
286351706
2309032372
17093617
23375730
759350035
702722606
444174542
2295145699
2280491172
2163729762
2204919918
1011618626
571214518
107969886
226665639
16572605
5805552
1439922338
40859963
906047838
885195432
414120812
1690554158
1628365956
1525959674
1270222902
1138931383
1210190892
14209968
155523450
336051016
253257205
284527828
291416422
612522947
24107888
133830404
1446333266
286420722
1424620256
88306774
339137788
851550769
93601340
257928767
821430978
618116153
1016044542
613555116
20442519
80148215
274311401
171225373
904166371
882551658
153031243
40127687
258019698
21309445
567142607
102519871
56395167
523400250
126146026
308687521
