1657999452
3313908299
3751898794
3695491036
2915054312
3384851458
3060558893
2897593697
2934243795
3092710197
85232447
1694680118
17538191
2983487840
310929399
2887106710
15704582
1948855254
780806580
2543968635
2459831780
2460029972
2460042668
2549638154
2451191298
261055342
1862018624
2308294062
2873240413
197567344
253129127
2867118318
2847611562
2348642500
41880361
801202158
2414015568
19545402
334359198
2792293648
179361937
305708044
1325458855
33272155
406434434
58324184
574406250
2530862196
97086213
247279524
2554621273
2170808696
2395506132
2678789305
1861429188
166625269
372347731
1367448626
34750227
487503522
24171639
336291766
2566749390
249437151
1024595412
30114946
315873481
