2892996856
1445135898
555594808
205957912
2936472760
1135663874
498379765
1409109606
4003853417
3293399892
3902175443
2334556514
3876690411
3169603807
148923237
3557160617
1552037988
1191613124
2883597741
514938925
805286024
3224782405
433697853
3615782061
3611249241
1424067625
512666145
169217861
781780482
610473378
2737909729
2700136388
797336233
1274940120
2193338767
1035222740
3196537607
1549531626
2431390628
1896144733
3261874792
1061288251
3186698172
2568334537
565426658
2539909969
2198910031
3158455141
700389798
3060648316
558331418
3140992274
3093847673
3105408290
380113696
1359222804
3093430185
2832956088
1315339322
548676814
2691335022
378211864
630676536
3060380464
605927745
2446114313
505387572
3028003785
1324963184
3023939968
3012445548
104561488
2862988785
377630079
585384930
2278273948
517987760
1486199628
358309112
492657602
103488895
797383310
1605577358
829971570
2983761241
321971059
394311621
49411273
100898845
973092114
719442668
2948302557
599454142
832173991
295392312
379893549
1890675763
2257105160
795011635
214520042
255050902
2669359348
2711183954
779527460
2897806434
2157738451
2764848844
226358894
619248668
539539884
2893904145
33662635
1925337836
336700945
2887108853
204558658
2893023064
2888878678
624252317
164547580
573186080
1346772241
499378678
1050813205
1792657116
165792067
859051622
1388531323
497567888
2859832771
2888048863
19208479
255337942
2370890575
240818844
2850086585
2849252451
2354036202
1143166136
435498311
382383480
813698875
2199795319
834520501
774857360
857226847
1146568176
546345169
450402591
162634518
2667233094
572051225
2862769604
98932093
453218246
2834503697
1198941870
565600602
1038565368
1602645997
1401042474
2841692808
1419461059
528891638
1066269199
88090990
2424531331
596055273
876890454
121386867
1378566930
518092942
240095407
1063594584
24305574
396129357
1898948215
31549452
2460787987
500342671
466158380
326357783
348615093
445781794
513953506
2449987824
725251608
619139154
2368062614
427975407
300566514
2841841231
956547432
713089525
538754373
1071696438
504054131
1569090967
76166641
1945385552
2351082799
2182416037
720752758
2265068258
1117844108
1679446230
424571177
1195702238
40005941
28018878
51739339
572186555
522717935
1467854748
790281060
522663867
391472268
51265777
824243028
594852154
1129806696
2152007779
233264837
45219018
2646558056
499422253
1550900725
2783499504
878879096
581950061
