28700595
4145717475
3835127718
3274770051
3835188974
338005886
4023138070
3201647411
2466362705
2564053544
384972906
3244861053
3200245939
3243120148
264636082
3622992617
3025580799
3489544573
2755692553
2462083046
270572725
3379028405
3280897328
14086158
2451166981
2909655368
3307010254
231861928
2892406418
2800348021
3062931934
293939227
316478394
78453495
588019308
455520234
531703765
13361922
1057066520
2697247423
229157472
75838766
3085125592
2354338861
3082505823
3008878074
2880593769
2182912862
884037750
2152323231
2306321395
2728317791
32987362
1354801992
975571010
2312838973
12616742
