3233841922
1933042237
1202949109
3188209891
1446470360
626785086
3374091166
1875792168
511787216
3290918558
1593265182
1044297324
3358508351
1563715148
2818683252
2474470140
2450092849
632346081
2266678396
2229497991
331109051
3306486718
3232130867
3160605166
87919144
2951545106
1876661095
1877239512
2951481576
3212202477
2253723667
3196350676
3154975241
3147051304
3139151829
3134929427
2752365909
2946187143
2994248131
287885364
1963497242
343054651
3040436201
2163140312
255360221
3036829665
95722172
3006244803
1837843927
2935178708
905679552
2147984827
220302504
2976810795
1974914408
2911896793
2801581901
2572495856
2968226158
50419839
2893650279
2801925995
2954339747
2941873593
1351401216
475260339
2394353328
281005909
2357846395
2931788088
2801566024
2801775922
1342414285
2345253741
2919158769
2169073424
2927324276
2878744793
2844343462
2526618961
731750467
627584483
284287022
39005130
2908732397
2371940384
2383546282
260900658
29340797
20214495
771041412
150373687
2894852877
2320799292
2311543927
2912141401
2914846068
2908851504
2885961232
2892431471
2894824246
306309021
15775575
2615612347
2902234797
1096480327
2713547125
47336979
2476672849
205999566
1708556292
22411342
720567793
83421914
2885973322
625955907
1842829260
1518785761
2685047240
2899553303
2456566523
299790969
2845540851
2909491579
2830087960
2889418167
2894811933
39217064
182220456
1129820120
2789672260
2894881312
2900709089
60878945
501635447
759911858
2915668436
2915623842
2915680261
2915668687
2905943706
2915660335
2900574580
18976259
238371045
2896115788
2884464049
2894841257
45571759
130811406
2894910112
87021561
439348486
870238358
37372199
338716954
2894777307
2894837541
2464800810
2892004522
