4014107302
3397638532
1087080271
3233840896
2291376321
46197893
2447681461
340556085
4146228441
3823920972
3243014585
3376049711
182467323
26992276
521766680
2457118555
2711039001
3821932932
608935922
4102676003
2767911425
3047857182
2806836826
136855203
2374805912
144356805
239591418
1324376089
531311596
3014405267
4183023673
228802278
38529801
198255502
4167924494
19569136
576296048
283824663
1023487082
430306392
2226557318
2240990692
3278257213
3313776823
17380151
366663170
3765074357
2659793309
1360738177
4171892356
2533631120
2416860835
2418979002
2415765410
326380075
3485216722
3879474863
2316315582
2367688604
2903026575
2987374108
2247837900
3000439997
1967939774
2474303581
345989929
1138228914
33993257
3279443485
223966537
4105518574
66240539
2180234989
3243002541
3214323264
39357152
1354708928
81974865
543741654
53731965
15719317
981333692
3686808921
3341628263
2943791571
3375426905
2367704185
2490501234
4074440606
4232622552
2712521639
2652667169
192816290
2172793459
998313992
304068029
370892780
45799305
873523224
2180747197
2288632549
161929532
2756964557
4235699060
3425089673
119886310
3365325754
2986067219
2605614223
4045474873
585807646
3822702193
38217413
3822284353
2419905799
3593126659
3305618957
4186944364
396711935
3028838219
3319338955
3474889757
170900539
2324821616
169782869
889891249
3606284176
995428033
3751854201
4159776321
2817825546
2970073409
1798056836
3822879852
19935055
3378473653
3077411841
54492520
3261522738
3943393872
382026208
3842432185
3853714640
48058791
3064431807
58714168
2778968761
3320557642
1702577064
131669749
3944465653
3853517298
990271538
2769107279
3024171340
529022626
3875946394
315159423
2919183127
433125292
76591434
4128154101
714894272
1174067102
4107651988
3224679374
1195146775
3298508590
2827347108
3417108718
4100949383
2470045770
54234025
842485376
3712414936
29902343
3558393866
115679415
281402123
3269675047
3340005827
3373479137
4119566733
1912725668
4147736719
442342536
4094392333
1342441064
2615626464
44747974
2881542879
86584390
2980712641
3431997551
520982700
3988806448
73193527
60694396
54082676
3022104256
2938604107
2273893752
3632658552
3154702161
3374681919
3804534622
60349100
2987287473
3222282087
440838119
238071945
3421063240
2424289652
153490795
3246997808
1623289892
3333464999
2325332827
3310166402
3957364996
194841266
795015967
3706665807
3843585254
1703913265
556569302
2402390335
1650187340
2784891852
3358588060
2849767567
2396797500
2882562277
2882628686
3380814467
2402065080
2904517043
3426205289
3072750309
2592187369
546239072
419916301
4070297482
588432245
2223951510
573202253
3416974779
3109239541
597054091
3705492137
1695383358
3394530707
34227507
1477471074
4051126414
2252069544
1638760016
1413366680
2160258002
557771518
19276719
728999960
3512899703
2869550827
2869506764
3331936805
28468820
3606793272
2697743215
3530843416
267449695
2216764878
3242073221
407406674
163164297
844344403
3599056939
3305734359
329514813
3826960756
413457172
3244591263
1214693730
25152867
2565330529
46476526
2178734557
2468171383
368467016
14619266
3005989486
2865488616
2399250907
637077952
2338814006
22587679
3402748090
182503800
98744163
2986338775
112973345
24415700
473876215
504726959
1595328554
3320861997
3576958815
1859824981
3017071050
3792213135
23491185
3048391896
3157919397
2916685764
2377166582
460685250
284241195
2199255404
141310023
429804064
3141376806
3432155278
88340948
126132394
3462913637
2815848901
2465755692
504686554
3201428633
3309954135
1088317184
44051833
3333209849
383753674
3914219374
3375680158
18211217
194800664
2566566104
3250332679
2780472432
151956289
3173245988
3623396958
2980705737
2902403023
1616342706
3916719256
3071874308
23536653
2771851072
3004776478
147759481
3225724525
2877844072
414456258
3232134531
2573286602
229343970
919516530
2631370247
3250749404
3279571706
3311760542
3312300606
2699034595
2570722760
988009896
3425697437
2902526831
588338954
2936989457
3299479848
3301111586
597251000
1564456610
3371779163
2434250605
516114692
517015178
543013426
466987705
585292534
919159004
2992819468
3309050631
1020466758
249252825
520298796
546172258
3311923785
2653566120
533596846
2175329174
3175597607
29731060
3141349700
3138252223
506135492
3305590089
3231750626
1772271296
2985013655
2999681438
2214856862
3294854339
1685399094
583760497
173580388
184616748
458897150
432937907
3192685606
388483090
2631595828
57530209
33793679
1885623180
1325355361
2339325140
3095532117
545222665
456719407
1154588467
2461523321
487353561
242124252
892518055
1477909154
185621319
48990674
237204459
1645202246
1320803268
760101792
209404044
278475216
2429051942
182948258
463080835
261213579
508213863
282912721
89957122
883168279
197043944
2365993112
1279065510
158267946
86259619
334331683
2900552673
192707012
29872594
2896116099
1152692988
54827484
1577997175
1438608637
1068944323
600447379
2909721087
16703058
37203620
