3493117586
374974105
1329704371
3309893064
3327677424
22242886
3523989613
3310216022
3251527922
2840396145
3232366994
231094495
544491214
24172445
2591200471
2997707895
333340319
520591515
599719448
1566647527
2156214014
539284700
2429343924
39305514
865784670
2592025530
123907274
2709043544
240836630
2809741731
120919699
2425062424
2807089512
931449704
2738981443
1541550979
39326575
320833020
67294516
63422810
291944962
938225239
423168200
2218409209
13386352
919926372
354368031
46200255
574981180
896704927
61187409
217617694
290550405
1364548958
1356000194
58758871
434447976
1189789292
787375735
