296274766
2300907252
4236706153
79368738
211678054
193744840
954220717
2509774548
464871521
4104947897
4181974994
2974474468
280884837
21252323
3409014733
2722143071
63532696
3237882180
139988522
2437009662
3900265520
2280221528
883093866
1618566133
2186062482
14285580
65731678
4051366221
474224882
2385005479
4050867982
3141383664
2155973968
2250097021
2839177315
3107830375
3880256774
4008881775
2512577633
3973452137
3357118279
3943375512
3987645507
41387852
610962338
1308145620
2396791417
2989863320
3202369048
3356650791
2374399476
3258874495
550838805
3666182592
3713097972
1135696482
97915544
2982971155
487837865
3187790012
1193060413
3434187383
41621787
316181803
542355030
3366201928
2788669701
2271626318
3484488027
2210760177
3234576104
2659515321
2602693411
1942249885
1489706454
25105026
580802089
3511675821
867388225
3222165962
2969204884
2880692957
49476182
289179251
2361481790
356682816
726339722
217114918
2972529917
2899329059
366214618
3373891253
14433841
3386812234
3094143428
2856467257
524803335
1591572000
326755425
1584273086
449200543
2531740732
2818663937
1250471329
222006048
3313560679
3317179472
2869447797
379394662
28356406
3338303532
2835449192
2656333791
2656666774
241871732
3009154988
900332035
3346244849
266614821
3113278161
467438930
3240575408
1492797626
2993529370
2595966362
2894710319
2262256528
3269809663
3430823945
3076665606
2257443558
3254525443
1308729170
1518599156
218259940
2425197973
3104613496
3283312950
3425611079
3052306981
2296881540
3406245521
3296223902
3060882116
295670747
1303162153
1381610018
3299660167
3308980795
3301421174
505884698
2998332732
1407485323
2895599880
3311583967
3307807440
3261180798
884512140
3309650462
2578397257
3377274747
2792070766
305671723
2357420543
333576491
3291962034
3052853038
3371207481
2703630199
3192005790
3249632179
72375794
3300706855
3299556282
399725928
2857717292
1667224572
3293075934
16997715
2861801058
356732007
126902495
3295953630
3290292721
463837940
3286501098
2986522693
3104504758
3075522913
87403396
3350532911
3245909054
2952368902
3382208433
3280889270
1193327473
3177194329
3349534247
3284567138
2430391484
2233616100
3358537522
60677750
14959518
3355455232
3274257398
3267153109
3279194286
3109443092
1495538462
3306879023
3241831358
140885333
2846856765
3270955158
3259826239
2858020915
3259809109
2529135668
2602776031
2352003110
2718658020
3353375969
2908387373
3221024851
3332814124
1544902340
304125448
3169011906
3241156134
3260891108
3260418685
329160692
3259970280
110347833
2428137500
1545529536
3302043023
2593866074
3347897201
3257645972
3161978167
3347232538
3291166804
3320723116
3255866269
2848568295
2920973816
195726151
152394226
2908366299
404313774
295932458
3147612078
383667301
255606388
2900215100
21755922
2401606639
19290107
358967653
3243151729
1530017119
2711118613
623880299
887841122
1603901096
359004372
1942655785
1725035532
289637968
143589324
3158435353
2475485083
938038982
269851359
3213055955
2841385215
2192567485
76698617
2394213088
2328138974
312038026
3060973406
2891444157
2923651430
338784706
16671869
2333979984
2398204219
