4222616080
4206435863
2295473492
4076416034
4057765907
407189859
588032487
3369779207
865018903
2728481583
1679691788
2965648480
128892144
1439582528
2217231409
2521396534
2949415115
2755876757
2531945632
529318870
3690702914
560627875
276263511
233364346
3660504616
3644374281
123729361
3636859582
2439949126
243915082
954899047
2395207741
1496303575
2766359482
2759983832
2292871463
1535068285
3320787572
2431095341
3235733661
227133812
3075107280
3321152414
126016806
1895335020
422778880
1566267024
1646211998
2770187482
586928742
972919189
3373242364
714761790
3028206707
191899931
375342391
232270248
261503349
1409322992
265076948
118846641
3044599605
1663919113
853795604
1616539261
3020693855
539540429
3250698294
3229969536
2936301730
2332053532
3299392787
2363155993
262911537
585115116
2890041916
1347489282
352038972
1654757797
1660382485
401945913
584373018
370461515
3255284912
2329946134
1048744496
599631080
3339892649
3250141272
3250554582
783317191
3238126040
3234577159
422580663
3234072151
550522793
2207945483
467972507
2243569073
2297517201
149776277
2409801927
3151713547
3191510765
3191907443
2722947352
871561106
3117227307
526867993
764403768
1961508708
3128282143
3127478554
2979302007
2275342626
3088661561
246786662
457168671
3077367147
2523709643
2959580129
315267238
3041239984
536746155
2721276879
177444884
3002334415
1656500462
528168528
2818074535
2574539453
2471322547
287281971
1426234134
2965076909
868948813
337529597
2948394664
2940127797
2932992933
2865727567
470268401
452125945
2908369054
2901647151
1023101593
2899889365
130022586
464275591
2856009399
2854180468
2520053416
258990425
1434069109
340461584
46724187
1311660944
383385785
313051530
913172372
266204153
2567796554
778391954
97297210
251931043
2778485645
268014412
2774065582
2266852945
383793857
2572974202
2752941964
2752242058
2252034503
2742002430
85681606
2395498559
446265471
2419412622
2572589181
326326172
345029579
114592119
2736733882
265705695
2369751996
203804998
847403005
2715520137
701972739
400280620
278682390
360377989
566848119
1086893804
99791069
2288381962
2598037394
2651889497
326568890
59650483
396120351
1590161341
235412188
328873657
354660899
2573146070
155223621
188690827
1855665362
2307932069
2509001088
2489706944
1327674788
2524494250
565836002
59285504
2477600192
828002563
2515772643
2460246871
744339824
2463673930
2418024972
408087966
2438836127
2425769709
1726663405
167988181
1337700038
2397379445
608752155
1599670693
838486812
1377918235
282801463
703494105
68755010
118517864
2356922986
630521235
2343141640
2296943246
2347812852
2346193608
2344121050
1442104502
268789379
2149890113
572202325
853824336
2323818559
2300842436
2269506898
1702772762
2300055874
248372009
2284580973
1551311892
616613093
337447432
2257213151
2271948938
1252882758
323884588
1909839632
1451776484
1475667804
539554376
2186688819
101978972
2205852898
2213264779
17054757
632057690
2186491115
1244773807
329744914
439734322
2177072262
751998985
2164178927
966261672
1090596026
637109438
42683671
942617593
1917297810
351290332
1572917323
339001438
91601121
405818692
776965171
1861858345
1856052332
1855836102
1857587214
1739851388
1551865909
369729483
1721051720
1617748428
713537773
1716707694
1439593572
1702408608
368371711
475286432
1682164116
1179934806
1658094714
1665281881
536330629
1444778251
1485715627
1102647314
1644211770
392471755
291390602
393596666
1564959553
604632761
252385871
1506926390
549628780
1096622714
1594697646
1592037511
1589161644
578499691
478132092
340323557
367948591
1364771234
416760138
333795717
587979912
1051398360
1244673672
1122311184
572254153
1511459760
127407629
1323163310
799322012
1040492876
367138483
1465853166
1466216678
1035424388
1455483516
1096971576
846494448
1417828544
1431273109
1409030322
1428429643
446457173
413496806
1416955596
1409255468
838883120
576499020
1366069100
876833672
338759222
1161151693
1380244086
940306730
857299062
876956708
1312143680
1141158758
34993530
535932983
343452206
273158980
1343166570
1338137359
1335315643
1323210325
1242400987
1247433104
938432101
622055281
342390285
492611571
517053278
511000091
929925349
1262702826
1090636664
1250311376
403143268
1129447225
239203904
820642645
958578380
167613715
603774487
543913872
1135095824
340689841
767548327
1072747514
358296676
453505067
1032874849
454327856
1000343484
963478742
560788032
511102742
536567208
598296481
390329281
825888668
285969384
269293775
767759582
465006388
958516734
829973886
927269430
924610795
511219578
587116305
260510386
433421673
335058505
541442157
883201488
862316712
401703845
867026227
16424201
826375380
790030663
857087359
852043279
836707484
844317331
576489265
539468002
17074254
726304712
811405136
808007208
801177134
801170906
767830297
739695542
718114627
363749447
230938231
703673827
637289666
632871428
560349300
594043092
48742649
623300281
586284538
408863302
464320579
32938419
605957492
596951001
413656762
586969172
585980798
98288395
579230667
333746836
293270299
575905552
547643885
571720323
276477611
234503227
558111714
548767234
560622103
559127001
335987050
518215286
536425253
530824358
534759461
220667962
523875779
528156935
528135300
512710838
210921945
519856222
499957719
430290367
514121158
384693599
509827243
511048271
508185823
508183822
186293396
441374861
479236923
491789909
307092323
495308071
353845993
487915645
482509746
168200624
20564501
326421719
62991825
463224761
393089090
451523462
324211327
454435355
276189858
440889169
376457803
416454720
445126815
440138066
441218863
432819683
391013262
438866980
432989512
389702331
345506308
375627946
295462867
132520571
290576532
365599172
373613094
165871259
261042802
354626118
329850487
349124342
206944625
348808748
348807870
345663953
332472808
344364514
338582681
333172708
335391670
321654715
304120792
331943636
333702344
334213588
302921906
241162251
331340950
323676782
319855228
316641476
264901473
316102504
281315196
261024497
319990002
315870450
