1421144298
3376993995
2426081642
2342615754
2657821824
2290742683
2595727952
21182204
2541651678
520997702
3316021948
3927768442
28484970
2453492954
3308225842
1882281708
78704561
3236448811
395663485
2250776449
3191746252
1544235241
2773868960
33160996
513159565
48087778
2346070298
342864030
1590960259
3241234947
536585108
151198065
2451120540
3819385661
2827532377
71330454
3226296625
2395705902
3244981889
473060994
2916148626
3689869581
2492456316
416342959
30627024
3191916761
2726055762
3092329094
3100138760
3308452111
3233012469
29230762
209092806
70473792
3136664607
148800323
2825435012
973516764
3537555016
1458685543
3244746937
2305862587
358891925
3286983852
3142623105
427958206
2316303810
2233510808
3181951290
330509973
1536399169
2846326796
486640447
313763457
3308379686
2627726522
295799178
629558842
409192608
301625896
2616023869
1960035378
16305330
2896099018
3416053576
3312477726
19050314
228826153
848689976
2709507548
1884685950
66475984
2901534156
2474548236
256203095
3300820634
23008116
48343144
487308755
2361413834
434568798
32896052
1380971438
312520072
387181116
256628776
741788137
3215579470
101756062
1145491831
141310023
2218551198
200454974
57904312
15177871
16248319
763929312
1096695584
3241369799
487794619
169364387
478042067
19053307
94683561
357895797
35767916
366812553
20665924
18936284
35120520
24357823
805304906
19478383
28871032
862195723
2782139209
456178697
2331026772
76204670
545408584
299275744
2385138761
1107200695
1700426708
17881816
3163063404
2563645760
293015189
3274054453
1180186740
22334183
3256979082
24356458
2697158178
1051878806
46476526
3318136781
3189266334
3216671381
459557733
61959361
315002750
3232768452
1130798108
3239135059
2344369580
337387725
2937506351
22064444
301394898
1226690192
366877481
2951106493
3062962055
3342028744
130748033
1703091768
27384899
36109935
21712038
56861731
53090314
263359642
588559501
14993272
100677100
345971761
3087486933
3148732129
1241841253
2435227351
414257018
2466447313
334635978
377481181
1180991258
3129127529
356302839
1695662876
17986973
2896848177
93695038
2353391611
15077597
3082054569
3047800884
3071725670
107244305
3311281126
37452840
1373016955
1621220348
19417197
459817347
855465590
245270949
3224766331
1605504942
20172740
51410852
2463816464
39897996
3103936670
2322943975
903224322
1117166678
2365377655
214637139
582009543
363130283
3225601003
3104683416
382653040
290568938
3151230991
19956739
137213605
28689319
497432101
3239747681
50240840
40325728
251560681
21819944
1648526107
1051877264
135767303
14619266
3255311513
626647970
3193748275
3131772218
19840078
2787073507
3066373919
1384352294
2317592929
2868246448
19149166
2184947132
2411479513
2861787412
3074190584
2345198082
2927183262
1951345927
2400806496
2409913723
2411857890
2396189466
1953042854
1951872510
2730494308
175684579
2765382994
2864158221
127965686
83679738
2347127575
2685326672
33920667
2891216244
2364172556
2861061593
2861027319
1873438963
440109573
2826764011
20570702
312149036
2855025169
65725352
2863999495
1247681641
1139409679
2716721012
214417108
271433955
2751162892
2855461415
236830200
871668656
2854925962
2810674122
96279357
2395529132
89742001
2284039989
2148974662
911293640
215756069
1880538331
241283599
2299567422
233205224
2832623815
2540671148
2851171294
22274439
2884046047
2667671226
2769548344
2370850998
2541886304
1165841948
459144817
21484286
1114451371
104593812
238071685
41543737
29878746
1674710298
505829858
137483785
54931722
82362861
1169697854
1192793437
620480717
589077975
429274465
358617461
91918652
890243990
858740246
534694845
450162328
21519921
21218542
78168709
281575388
441433084
26259034
112591229
413186698
385411099
214642679
396318026
400627090
390481769
383249458
24966366
41899172
2883841
323365389
206728573
315603306
169956958
118857505
277128199
275813979
241773325
86371767
45297071
88570752
256588923
67446012
258476446
196502930
254867571
254127835
249087487
251669956
161525470
162223047
235478808
22179997
195087362
242798623
188218739
221689299
237512647
237606433
67914318
171328235
221067659
169591687
127606188
227230771
228367282
139133385
228213714
226870518
30021028
140316394
215241987
215501029
204548762
189955570
199172411
126310053
195804932
161801067
138555562
196077115
14334487
194911931
135901552
15274836
37952182
146549656
57743367
189728159
19799746
80145924
85005387
32450118
188763831
107137043
187723473
18743472
171445567
103616455
22031898
185948088
184764368
176746214
48389816
179306236
177310819
133617319
182431130
40012617
159001530
110004457
54405275
121753141
23003060
65260323
45247643
113782500
116749058
159836870
18822966
166749356
43439837
80938243
157838074
15969905
153079077
14986811
132350099
154058670
67061313
17842212
27288447
19673697
75557449
55021326
14378790
156806213
128222607
141737446
80887187
15470209
110072422
21049148
47125996
19552580
128633094
97143151
44936906
148076496
28699731
144251235
22037333
43834052
149542339
18746559
21200319
145222538
121693066
128879912
144130122
17094385
96183809
142765306
51550779
20192331
34730195
137057063
26806329
71659765
44210752
121043963
23766066
114689635
133402161
77362633
38343705
19141189
72727178
18941248
128287269
106279660
88703579
34403172
105383028
126869508
125750017
103521798
104761902
48190921
104513094
25191476
125589139
104632111
94747076
27811655
87576458
83120436
29242200
15851279
80771718
120588995
28428838
14242185
29204004
29278325
122122904
23519852
120300092
114349161
114265599
16819278
75255479
28043929
31346330
71952831
33066917
25737016
97124579
112077246
113802984
51521447
68609366
20895528
46943199
27635277
48410093
64662668
43080075
104675746
92691413
19421507
96663909
100025156
83430668
71238735
65535094
21186125
17520389
67973173
15035245
105868349
24601197
105791920
67362438
39787586
84167262
42984407
22974016
25022602
21733345
18262352
38519187
74203604
75541693
105522591
22504283
26457416
29628684
87617050
22136788
88060082
16134228
20869294
71857383
12614402
24086519
100962435
14705116
18417420
18902125
103512304
89334454
95586208
43323357
19025622
79528614
56774085
99374057
29900020
28625627
93666435
20121587
33044533
96608429
18742643
93918378
59407048
39934723
21665512
17500178
87092395
60153427
92063020
31290547
29397307
65296459
22571645
91426131
24357228
86468756
21414727
38357351
15803225
54813247
76080154
86015553
87387978
44940222
15393168
35019083
46710251
11385032
84926704
16435117
58158285
57817472
78527143
76614885
25580186
14749044
76748835
38327737
55876961
74759265
73099613
65792728
69706929
32849382
58948588
38103410
69543605
10529932
42044297
16348368
67485509
15520271
57602285
62579740
67589847
32332762
19479725
9473532
54122056
36181064
46211476
67602856
39477732
47404038
68684779
18697443
67803471
15493351
66453026
67897914
25039038
59264902
16224273
66356711
47675551
64367593
51373484
64134428
60420667
14541546
58508722
54576157
62396411
62773552
16093548
56380061
62379304
22487532
29708100
25933853
62061181
24875190
19337315
17010526
27375595
59611515
61986896
22592212
59854714
56192905
60568841
5732162
58796855
48487896
17219108
56178963
21933338
50832763
59063646
27375317
817259
57273511
39859394
57536639
20820709
55999071
28660443
47540897
45901331
46960268
27111057
30055545
18500000
20964146
52707961
25194680
43764098
26520531
24790283
40936086
12992802
46866779
23207136
44175253
48182629
15746009
28696739
15538104
44314540
25276558
21543775
48083710
43128543
7429102
14254355
47506765
22541592
35765021
17289530
14557652
14079041
41455046
37649102
20972575
22240699
34034101
36255882
24867594
7239562
15889282
22286633
15459060
34393232
23496245
23125933
29566049
33426180
