4103078657
28602301
3192038590
82923378
3345627220
20865816
2714476641
2819939289
1488970322
17941752
856618064
4036404681
2698311206
3830473092
3245477853
16608218
120181792
351721063
350200264
362212601
1426367678
2353508762
4152949041
631669280
405131098
3556224319
3761329577
2725748327
3064325308
30169170
3304960880
2361516942
3241168503
3804290056
164322849
288501878
2504284522
25169797
2508851051
3281418701
17918061
98976956
3177132329
3422028974
2673419826
801542610
210684204
2940545469
3312159769
2779911426
3138749580
257367026
99144994
752472211
178334476
3318608376
266437759
218551001
1604507318
99540555
705509048
3312725594
147693156
2874778217
57174231
599542120
1445301248
3338729763
2309048072
3409803401
3083584903
3053758537
30607214
19124020
3344699633
2973512338
3402273868
3340615065
3188818955
3231847350
3370440580
1626294277
3365927613
3339071506
3113377745
3395725035
2934377079
33923443
12144232
3258701538
460627195
401846513
3368635540
401725987
3269016932
86177206
190905427
32896052
2717994050
16784555
2966149679
2998984408
20076659
45190383
13737002
34927577
348558149
3245450537
3197659753
769057964
1408349718
22064444
3232871652
3290311475
3165816160
975238387
3322193975
3165845519
2921275203
769028594
2833931855
3182270623
3016002100
2906962900
287885364
254278971
2951458482
382786413
374138602
2778904914
259056263
2545240931
3038324942
3100435634
727459573
2196045001
2300492258
3068329573
3047678526
2933958342
3065059666
3001606134
3001602576
305859646
2940306365
14367719
49658852
2315029329
2184857144
104849810
55121922
122522349
189230713
2391031316
37430419
1719258920
2693714521
2762926092
1187798204
2280403834
2413648572
2416557594
1017868586
1394178642
140224612
613948660
389094655
72408950
2493704424
1576575210
2440600849
1594952834
197221758
1041666950
517206184
710029603
2244216444
132412951
107356261
1089498223
1525898479
789034736
614694753
158109808
544529748
940809456
1059535718
154993508
289157536
415980024
1262571398
559825624
255644804
238766091
236628153
77141282
144829216
859095380
868814491
1591981310
274159112
230727369
283868264
455338428
1024519177
345780087
389647095
