2799712307
3185295951
4226534232
2600773370
3992227754
2900704117
3492604820
1343183094
475677869
258673399
3184152536
809112524
709945342
589987614
529175924
178378263
3248920198
3159087472
3150231733
3145313161
2508374678
2411397902
2605330706
2400435643
2994641176
2985812531
624244152
2725968565
1193374640
1541501214
1541626201
1541626969
1193608044
1376771587
1189232186
1376800308
904548680
1541551716
2553107118
2347828200
497128806
2471434464
2322515440
1519952400
2170307941
633838590
1070973870
2383877192
626520813
2430779209
877345650
2384260477
2417179459
2297864436
2299612076
1883416928
2279043208
1573014307
1561250575
46957890
298981132
601592579
448143193
1215848604
269367922
628663589
790146446
927867607
1687991664
410891946
367890266
1686811375
556904066
1049760204
1658341784
1627287865
584735613
1286826372
536055776
604677581
1321888542
1162674643
1602089857
1286311778
1072986943
494180462
604457972
1028877218
599969821
1186445202
740924190
1272982603
808983506
1363259208
567274067
960998316
1182308664
1052526518
596381503
181168062
972183457
1252550940
449210233
1050082993
261788166
1474981052
250308608
735083340
204813670
724041480
568004895
222473648
1299144584
606565818
596707745
1252632698
769771080
1465330260
1137399031
628020761
630355625
554320427
527317933
434887358
878275429
393774358
477649498
771596934
608394446
1462870273
1464101971
632458458
597264282
1128615175
947900616
489379815
470546656
226474525
633141940
363931311
558465784
490553783
266103948
456708322
440271599
181992311
427455138
120047697
225649122
359215092
225031907
