332808264
3843964343
3254094254
2977524667
3170221929
3981901648
1116867314
3170219595
3157632846
3157709809
3157686793
3170267560
1053160332
3170269654
49980054
3248066106
3229227751
3489757464
3873566787
3895676173
3980052663
3863285114
2896813572
3954439095
609863661
4026327262
1942031154
2183318284
1446750073
3337787673
557527826
598250298
3907747826
3866356221
3949991662
308199106
1582785396
441431104
1497024140
2326056659
3696783913
618812871
464883298
552996212
577640041
2685927379
2894204149
3170211815
3834803667
1349918646
600480544
2363723433
3904035972
2659084584
1251653778
331774797
1409934068
2946062649
3949185256
630804856
3253629564
3922539073
2812399320
3949222143
2575580112
3327654924
589628673
3139349576
374893845
2806209865
2936994889
3921471322
3312951031
156052545
3300103688
3229127765
