3872797814
3938918080
29789545
168903031
2458835245
14261666
458417220
115208091
76656954
127905604
170304474
3923810956
140269963
33160996
2460029972
2440319112
3447733822
313681318
3179758733
2808903770
329936510
177779323
3378723165
3210527171
3404940508
620887757
3002663409
3279471001
33356091
3303826202
245073350
613468865
597719924
239615331
399203275
275362463
35550266
2792880472
911780719
386950983
488851878
3297166678
295125124
3290760634
158465880
959322902
582771612
200365161
25653930
308554657
33338537
908283026
2207812814
17817328
29356158
2417391345
166040109
180870743
1092939462
2278064058
19563190
265052615
1636437326
240859152
625624477
576579453
1975966795
16050011
59183225
187815212
323390229
2480362794
2333632562
1126974925
301691154
438760741
452754350
506428338
769593726
29851501
2827880187
216796593
3088715075
2265751471
85414899
3083351021
3135728120
2991123706
757184449
21407876
2360376745
19843626
794553242
3102406186
2987658454
1180700030
1178034740
3085095755
2279938933
2866180396
70000349
3074281536
325005390
2830278328
2972225189
54066745
6970332
1393414602
199386046
201747478
369307681
2950528853
28132077
244628426
59231306
28704763
541927759
632080555
266304354
1684014433
219062733
2770037198
454391577
462128369
504271179
2219673115
1600701043
503768242
173970822
389795054
47779273
17669187
24626740
603296661
2831797310
30558288
408497974
2576098224
2319484238
112914322
1397339132
405616389
281584609
223156118
19462877
69329428
215999175
620266070
1309031184
18902499
2270196721
792701700
195994485
314879690
2374896864
418065414
2300775816
349692386
2251352530
23059654
27823555
746159726
1864543644
101605340
36248885
1416120685
1673933078
1069073360
17689076
1405436372
486379600
33194577
1380137418
1394915521
1353090031
519768080
334346013
419902578
425270562
582896246
584375980
896290609
298181652
727382779
220018637
232764555
188731528
303893335
419372768
590375195
587811442
258930059
221755452
402107374
378445029
22654404
344470600
292001713
196196966
17685860
66525119
451792249
418421024
393134557
69400169
197146787
23964682
362470353
394401188
94261963
59143817
431285923
44006633
34301129
174262288
179177599
