108342401
2491445881
3016901002
242441630
3116800542
2455108638
58254267
2789356171
258673908
442648656
2739652436
390910927
2926773913
2920120194
2916961153
2910178938
2875575563
2893639826
5820022
2225080233
100786925
2841490801
2821100103
16948407
335233239
83544554
17750218
315002750
133128555
47504712
2842504676
2464933716
2837492544
2834929051
2835670340
2831320044
20257972
2824893036
2820128473
159401562
51688006
304250199
75241072
79462246
1376748823
2673818869
35867792
6396722
2465146394
221651606
222890285
119142879
180109496
152696009
2540914952
2548018496
2543133073
21658084
563572790
2493443990
2491703048
294551811
485834714
144202917
86921208
67923185
18046518
1397147348
76258014
1263669228
187080076
452248112
528517551
1107928483
343530798
64153437
540939475
