3032918845
2965181920
110007447
57481707
2401173692
557444593
4106736552
3240332102
1947628230
3359448592
14859052
561632213
3112065278
381813372
1705151642
3657229996
2903074057
41201266
3070091900
39444920
3106620809
20479363
3300275863
3054752189
3249140718
376179025
174847568
147184598
3281884219
622384050
238675940
3260499620
2717522359
154668993
2918157518
18106670
3263007266
3266533813
2268491442
2458188217
2734794453
3072762266
103126892
3330207465
2747272730
3156519321
799463611
3255216303
36041553
3152048393
6581062
534451854
195154126
3182044304
3180624900
3222744244
21133762
252000065
10485162
2884051665
620348519
1907847582
2895951606
355784391
3154015891
3257103405
122690603
1676333144
892552790
2827939830
14235078
102314677
236919132
1595485411
2448494214
2498151566
2400548196
3164320638
2961655422
2827044620
2323967838
1236243475
241185965
2263382022
1030043418
2314529442
2254453255
202340082
45186853
1948639788
589719006
971173081
744155292
353487656
1076977634
1693054478
1676146146
434595886
43421698
836898000
709870862
751490947
29573746
83992162
701936893
23005611
615528784
614041451
