3230118030
3344170840
3138278288
104178874
562531732
290900838
369633828
208139326
29081852
19290107
2371199952
3311791058
2345653232
2286429849
3079213360
747235136
1711397827
389833535
242162729
15142700
3153134930
1940562942
3177237165
192753115
2366255365
1858385132
3089597993
899459706
2174393623
3042048187
305859646
3041282722
17460942
423929137
333168411
3000692141
384519337
223158131
496456564
2259765408
30634149
101080885
2468030875
157775651
2476056608
854121163
287854211
2284066573
1909174970
253701399
2913034067
46786678
913744615
256805397
2576348996
2317870603
2900607251
2166991626
1455660018
972526628
245424601
287891284
362197027
27318985
21683111
2896893799
5357142
2820382790
2824509320
2814056521
2754559197
2515714434
67407219
2557008572
371877833
2471972192
283351936
1338342902
763615502
40482785
2450895192
2434528303
2374607160
113477184
956575886
2424700238
273471857
801067626
383982278
2330721750
1117731373
2290150568
2327960016
1962291722
149761190
564274392
17378592
450876806
459640114
272608523
568788886
555741636
2222144545
38898148
356508143
2163976561
636318154
1934710046
1468684123
52127252
593136617
1854890346
486781480
253644575
198892883
1641080576
1630552194
40906119
1602575894
1352728046
842873101
47044090
36225489
1452990679
1442738144
546237849
449329621
29867345
814497433
1360749458
352500480
1312271784
252260932
486252224
565032340
206065990
1246839632
360865513
436297553
773983603
270747819
16393963
628438257
469588358
451044133
15615286
597110140
1075295113
225193975
563681327
337816270
322758301
491790625
331240200
162982370
1128613549
34390143
1126770764
429597818
1012599487
64091252
375194768
446777288
417577154
1035312900
1034672407
113537708
204932568
865519873
81648767
39306566
992560148
407552177
293024967
421333785
490884976
68569316
515262390
257972203
312423259
99184395
844718654
13768962
42224787
764688698
60126152
974051910
716163554
711652626
28676839
948738644
101391584
967207518
816407311
60261918
14738553
281132369
190162393
250317953
197881004
563997766
58408057
405299926
232695937
428332809
62395390
97731132
777473790
518186018
46255833
513665715
57742427
719570042
635740801
423038114
64483457
244560166
