4011536783
1928445361
601102398
2848052259
2879060684
62110505
3805897216
3731637795
3637843213
4262124434
3408453207
3412213333
3034757281
516559427
3422351398
3373720775
20909587
404945355
3409705520
493943829
14519349
3986896272
117686594
3141458937
20649983
2362898002
3093644109
3055510125
174549970
3369696333
3067741005
1873384980
22280398
850604089
1668072871
194944480
3588441735
4017133823
3432155278
2907531747
2490077966
485310682
78244179
550329670
528807861
464266157
24321096
153023530
117301985
3056790830
1499383375
581840881
3448879647
2670511309
3155711029
1517050862
308975580
3011098624
39237841
3447602716
2768521106
602920335
3360137855
2714553690
18503939
2576754710
298907951
3823075859
1159622040
2617396609
3803906595
2623812969
2849941877
3680096533
35894249
3662723962
2167125595
3183294685
3562823961
3555641353
3305005245
251284299
3601006518
217861726
2869146820
93259468
3429636987
3432708519
48285619
3506644638
134818984
3170128695
2537968407
1946621845
16260187
2906030651
716654342
3224753919
3367277413
3314463169
2458216183
3402252351
34881080
3437043911
1530125432
41128910
106542438
568100854
2863382920
3431690277
2814707521
1369218763
2314425782
1228985131
1530039511
2709687050
2882156791
3312758220
1089461010
3394152190
1394954624
2359828458
856091089
3231855068
2647554110
3408257733
3398592196
577452237
706996851
3382184253
3294337271
3400946397
1058561738
3395410865
2736054382
3288471398
2931785015
828412998
3065795333
859830242
159399309
3188691805
1647210235
291806884
2218619784
2762299156
16417691
1955222102
846189847
3282537072
66715793
1498961534
20091870
3216379246
3364568721
335772198
249090313
3235496194
98607177
85317407
3357909815
978849266
3308130946
1222426224
3350602853
1491989082
1719425846
130310544
3324318225
15447736
3345397721
2546698554
62054992
2660858583
3154022926
226267342
441590037
2269772258
3301655331
141977262
401876229
234058756
2532832030
32134117
2497892123
2906367777
156652359
480513480
2294900473
2162004888
173004573
112187019
280480319
3332336356
34596996
2386615373
3251534651
20586833
25521823
585750255
3071775122
1119446606
3010413300
3299254181
2849106385
3298420005
2667373004
38141773
128901490
2543388858
3304798127
2778731616
112272498
3229464338
2987348637
152969271
85653345
3103621928
2720883393
454035460
3301177685
2458376136
2749785556
18458192
366552821
394576264
3292872268
246490738
2849751852
3252575980
2252222952
361168061
44144631
1704096109
3107899512
377934455
2801881811
3257056281
1172479610
1851963864
2999342033
2823326289
259056263
518594343
2441459328
268187003
2882779286
2231860656
1966270524
135094869
2176929214
3228884165
1316897599
403096313
3243798549
2543398508
21779486
103972606
223110932
2911000035
3238688037
319634821
2307467519
2977689637
381980934
19079492
2784285654
3148156636
3133642133
2951600828
2543417887
441674083
2589978882
2976559911
109911169
21186683
2496401825
172802400
374799628
14273622
3202073687
1614288127
3177460930
2759081185
3196228474
187873520
201105505
346017517
3098381923
345245120
2214874928
579652041
3172882013
2886281073
361170887
3004040595
1682829098
3169829501
1465515487
2838013576
120120452
576758728
3148261198
2870315955
3145921583
281570507
2320622785
2869508897
822009380
629738693
472843602
2401815588
2663181638
2200412946
1257838524
2396137861
45792238
3124287266
1966676575
718697664
33552794
2207317686
1581978865
191480012
3100075853
2889017654
3017753488
510807604
3044535291
3117724786
2991504921
2215619418
37480238
1920409494
3067205858
3106056417
2966317066
2541576139
497968209
2953844740
15395029
895374330
2192574205
1134018552
2200215666
634485198
2559080046
2451832777
21751976
2999783727
31128730
3082407578
2221226594
326690957
2322028690
3088391230
2610301873
3082244005
2824787739
734606365
1622641328
3079982616
261086350
3047857809
2300168124
3014173778
915799015
3017943573
2881008551
1387706557
2797685754
3021424292
2871070161
412759770
3062023262
2516121954
3012878182
1372762586
2968142741
313099048
2845238203
2862831280
1170161442
2873745754
51515815
15120121
953397175
2962097561
2974209673
3053579876
927645446
3073808327
197050589
2630980838
3038502977
541750013
2981239943
2901101441
1078610378
2810952534
91142333
2855379666
3047923294
1628280085
42871718
122726363
406106257
2505888503
882115915
2987094096
2936859741
60630907
17826917
3023030565
128550900
21013586
377579318
202455663
22504907
91380401
3045519218
58569413
1201911716
2886239260
1006177826
3043297507
2657754162
3017230138
819218623
2909104511
518873513
116287543
3040530786
3006561641
954125570
2990733497
21784878
370140810
825438836
3031315480
582345122
459446151
703047851
411845007
2653666850
2517632808
2592106765
182503709
2408627492
1230568988
908927378
3037516548
121234981
272420512
235653713
294315136
200034146
2543223982
157785059
73250605
3036620895
300236964
2906694478
3049517199
199593813
430496091
35139441
2391052728
2470573754
39902967
576995777
1483226467
2533119247
2603478223
2528214067
1277970672
1531511574
2576714220
17877212
2722709368
17578576
2986042800
1317198164
19915705
33601326
120718054
1888341937
188310217
149598637
2789356171
253144172
2668756400
2853412576
28189815
3026727880
2975280836
368201586
204142698
2813899326
718776254
2485493660
223834168
3003023279
571945920
3037270073
2483397198
1295776082
198094442
2164557895
728407434
909004542
271899504
293479842
1444421389
55073736
2895990628
592162990
1098756594
299264250
2967000395
3021399148
376302246
2837985309
2936641823
219484329
263585768
2853375148
1114450082
1684242080
2348625554
346804475
142599639
3020141212
466049560
198798363
352908771
870570710
7145552
2995454988
2937741075
2543382594
2414554070
536236402
1202032297
30249176
2987928921
2161087908
851637416
3004087306
1562889752
2911016313
1599684787
2258916342
2352352775
2713287362
15369408
3021552041
2861467763
1382708192
76086585
95724372
2937321825
2982530446
312559289
1417949894
2987184209
2361571248
11673662
3003879935
263584421
2912683815
2436866346
1179737124
2149235156
2392885256
2993965198
189587249
1591687903
2750602208
1238881626
60729289
1974238086
589492677
322197619
17538349
2968265339
2939391649
2293933788
58102867
2427049364
557036502
19674610
2826677490
547171602
2922940995
2872118945
2457942378
585979211
472366959
521483310
43865555
2309662111
22311903
178075275
15943655
3021854781
2985929151
17305451
1275965905
1460428782
282115117
131937406
59107312
2653318507
2180017453
594124724
331198653
91788046
260892386
88520952
2986609947
3018585179
227643689
255471802
2981961705
2313447479
569361344
27282633
1618593666
471723528
487757841
19500186
587586144
283885187
3020058394
1341826614
2982521127
21753328
984165284
282099011
2873789327
147489158
58483221
2286726772
252304712
2617172389
2783761554
43987143
380936141
187898937
2985942694
552911121
25343565
2791107922
1061006430
2982443205
1077890790
2886934618
2467390988
2457061350
2981395811
21181189
2957204366
245396980
17219089
97383592
783087
3018338752
165899886
1308447624
15041715
2853594255
500308400
17735558
271733106
459692450
949921830
108084271
66704083
2546534346
824053297
2778985326
2342409528
909356310
3010738247
258264472
98279652
399012305
2615886948
2293490420
1238926800
893563069
2600293208
2295237807
2922960560
55198096
1516027590
614052201
379085844
160920428
112266869
2150134551
2452874257
1087961239
3001666485
60923866
14443137
1654022383
836705539
398662359
280582067
277176995
3015774268
1604448181
13708312
3011957680
2235905810
260395426
559602966
1066796287
3014710679
298462281
349718165
3011972243
2495525769
2764752400
3001182041
2931738447
2963759345
745378675
1226244882
960470798
1534121209
2209606452
190590109
769510530
21315458
226285866
2734591008
624704425
2350198122
414929826
2906514531
211907859
2373628908
189603336
2739310639
2159154530
136446209
117995967
170404126
2190823307
2583598776
37948629
987638454
152003425
14575274
220566702
1444733030
868591430
2943386337
2934862802
25173982
3012128931
3013128868
2875354767
1015464528
1381473728
192340339
18364739
254707254
2843933983
2305026516
2269444230
2799634828
2258239598
2338562539
463186581
572970556
1919900456
855978626
39307751
29508989
95203005
113332525
483028811
367205867
2563356474
2443643731
2891501795
2833918228
2473688833
1924922154
223840836
963495900
191996933
18238688
54593202
611996299
2887874649
332263420
849092071
58763283
974036462
324252599
1580499678
105129369
27606552
2997957395
91332667
56598798
73110696
927981152
142251089
311568640
76744566
19364252
248036454
2190094952
91340186
20595822
1600674385
2979920141
2894336999
1682908170
2804310849
2800905173
633110172
282059823
1191452094
2338595167
207392880
193852577
2169032329
2575445623
276920518
2796108408
2929606714
2518893252
1257162840
284177436
151159071
949535760
2997702309
1202162041
232640729
1273579118
528666300
2507525178
192393217
14780308
1316903438
2271161756
2999356071
159187678
18984089
1482440484
2284019304
152587224
1259860657
39083754
2900467883
2395940738
292257608
2539156219
149485451
2985606607
86045675
2424054188
1910064079
439348486
257219970
40940905
2892354814
1884120584
401088665
1123274966
2603532390
2834707517
2994402977
2374263306
2470703486
2949559468
323744320
19706030
1103197021
868262282
15707804
194123953
2914259973
408636933
376073243
182830702
20734141
372702017
2201143286
1576463005
103973115
2889038224
496400467
743731753
1728023880
2935294296
2438248554
1246389030
102201571
2205414552
492991594
384183262
2996599971
43171999
1880482248
2335372220
707466920
22452074
328301285
298713925
2877387437
1028099509
3002348535
264605323
2494696314
67193757
387184559
562442422
278687713
215936202
24345144
2200306194
496264170
2826049797
2993890420
109605305
1117988430
177565575
1693240464
2846792082
40747513
573140964
3000718156
718625752
50099320
392434958
324788809
508856928
2844774324
2788611078
1444792206
230878877
423853940
197998943
574569532
1357957542
397808398
1665906494
126348665
709746079
620387958
17875065
118377518
2225733066
2775321063
1621493665
87982353
2864189506
915368557
1071920910
70655721
733161836
275894166
560461938
261154889
2985496773
205738195
1022439276
1178527687
291772979
41871968
1425378896
284087874
2818915277
38665479
66840931
2356598623
302814804
2339035002
57346900
492244714
1182715418
191457842
594538218
1003844358
462586929
144170070
2803724323
1364887310
239141987
47772140
23636912
108112505
232897726
22780441
339795399
941825948
59238188
1200304723
251059968
740954192
1198266349
2476036215
33280706
2953501913
1650013333
627742084
2172170136
1483355532
612054843
268350417
1194744620
157276970
32505445
1487766642
20943576
183318592
2800935400
1665295776
2928158802
522258498
1738524913
518291052
331344725
123175984
25466070
2980007031
2429496744
103958223
266772244
2857604212
270453961
16434827
16671869
2937185855
2180199350
2800071356
14219230
134362780
83349286
131244774
270914229
2302257030
54546172
424394419
1016696390
1636963585
33653338
19202043
2872949723
5923092
849378271
24539632
356213740
295349362
236220569
2782022756
2953860255
863711220
17118713
16514937
1307912053
1928370703
2205102126
2173379263
946067455
434839326
90031275
1252189051
943637754
769262936
174287222
19448989
2981308942
509308633
92548956
1909384664
19854462
23264062
49147386
2201060190
1073004018
2973198857
67575546
2660917012
1418465148
352201250
34633479
27851713
572595894
862143518
2883699673
464974055
2674148958
76299560
2262827245
15177871
2979138561
2696942600
2459071021
26128170
1430845824
1448945257
1543213854
2990238461
1830309464
1065327516
529852428
735234427
2814376681
1271839292
43713403
177767840
847716265
1244698518
2896671287
2943977465
36475956
425564056
574623567
1221666896
85105264
1715883764
25494592
703001354
2687687779
578250351
1647355489
620866648
2692323517
2974371437
452180813
325642211
405762458
1361785584
604619919
2809558404
131371133
144224616
15359362
257637969
2803421160
781959283
2832609946
21125645
2763092250
2807209063
234452491
2786328096
1178836381
244570333
2231525918
71507174
246737585
2751698426
722337248
2776361382
2981059911
2924815543
1343777389
2846458505
2978302355
508656087
994731343
20443041
2952932500
229567432
2980461539
2682363044
60313679
495139468
1545602670
234360988
21002774
2926743581
120614571
2969475874
2845372259
302731548
2798856671
561538003
2990122614
2830450666
2161828237
414384648
20714371
503566195
102544444
20148066
2248717547
1917091134
362772149
600954976
1029200947
2168834701
2977841381
90951723
989597744
302861407
2319357120
495401339
2803843638
27219864
2978131455
2305473606
985186471
145361170
108910698
51801935
2981106652
486543417
382684081
143131056
15632825
365988684
34236091
563061302
15690957
315957869
90453400
877383402
284023757
460986429
2564008428
226297219
2483994206
2396509663
46476526
2581276341
19606298
343283519
114440224
81661302
2978012859
87155425
143423182
25267813
889334989
2510637747
239328757
2971671087
161822296
1600477796
19429280
1007460032
311368252
2719572041
13339272
1545848454
79426432
27617963
1199119530
592725788
1443148500
146487378
1067957575
956103769
2975214478
23179115
68337589
238429211
2588829818
778753262
2251254242
1120968764
234231772
25281063
2521127287
2973984627
606412878
1672945374
318648497
2543795566
338564749
73496833
39778139
330766858
873941084
285826813
17191123
1520546226
2535743228
288785184
21796484
1262288870
521625845
591069350
2476648514
23829268
2299769316
24256596
2851112132
15818068
121422736
1428971126
251113918
1375571180
620064356
516635928
1509383526
20104360
1485541310
2832501823
1058587430
2350626870
300663767
2895058233
275546255
1688538714
1497986070
250602440
60994118
2960953577
761543797
2752568357
274658825
384581351
17414506
287724826
28539223
275589590
574881362
16184333
1197373116
184685825
316833034
2567098977
1273450123
2484627986
201433063
203899499
48982855
994293373
2273259085
1160028026
2557200615
272999406
2351381154
21070366
20224878
429625778
2881881429
244746802
26050322
114733616
30357579
382408415
35120520
256586442
2518256383
225183659
1394059418
362663275
175186704
487041931
811273286
705715940
2235082016
2898141218
2572844671
351830850
2283463346
33499481
33573233
44450676
2932507439
111854834
150656105
32145330
378365981
941573539
2900490862
2656362073
90608653
2475185792
580640483
2787881941
109740466
1537542841
215075203
19385292
764396588
951508447
21294082
25682309
378473227
2942505773
729325668
2216276430
2957126786
39230046
2362883936
129228882
16904183
2269232754
311618817
471502884
727650775
1388124446
1428736363
806840490
2514867331
156418256
2384464831
2879799375
2942424012
160124138
452351812
387425359
189622342
931896949
379747552
2469907110
2177649836
351656841
375661804
1253299826
493018569
1960973695
1679101328
2696607007
2215073405
550861053
1053324200
86178374
702989988
55542138
377592787
2571387360
2923375303
2441883723
451085980
187350241
613635579
2852176122
1430156940
76225237
405686008
229037516
2814582042
2157907868
2266015340
2902941035
1557284582
526330131
2565389740
2940682849
2417162496
454869824
345176954
2829170785
2912662883
27550332
591573398
2750458740
2752377517
893179676
850680578
396646895
2259426217
116884095
237641853
2957229365
2570808290
539952761
524703810
2202351482
2500592215
904457792
30095539
2479026448
2448864526
1183987398
2885977209
760764378
490627822
122267590
2470249626
215413885
108622113
1424797291
450492286
412583099
2400752465
68281656
547249584
594615236
2796642246
488806906
584840421
2491949641
1002987498
288988669
423969528
260200895
2274768382
2903639901
738805507
557729361
1330874815
2820995565
962169282
2870037237
182579015
2889113258
2586240434
599388197
2888077804
388410276
2895910757
184646646
2683391822
107679616
342556989
534913546
1387757238
339166581
237005180
1338123169
323710028
2715275738
1120535792
28742555
1448460702
2829488077
2805383121
28917915
244637114
274949096
35611520
2815463972
599491729
2447245694
16340318
87126383
119843893
322442810
2364397428
625812405
325439873
459222363
401309686
1591647344
50513146
1177423123
1082935417
46767361
47142688
578701987
338536392
2161202598
1657270321
165102765
2694638246
2224594418
876144475
2588171262
778725534
2291368872
394002331
1274538534
206755163
205383540
591102358
411706495
66812806
130025140
2938360667
364044699
2557982558
238952152
215702738
77259381
434798094
2334131592
2671269040
25169534
2740248385
552966662
2804276052
2701511635
2926102938
2914787673
2586574386
2887246377
731205727
2389684550
2208764215
1465196990
2828647003
220404255
347643523
2369288898
2512888931
600072771
2333515976
821266836
39191417
563691816
304533004
25424035
29249547
25231824
49010148
1060883910
119353483
1071265980
391927073
558973538
280608534
364071064
250552755
838253185
2182113830
2547696808
575598270
453923672
2222259560
297825433
276838907
2738134728
2745632995
2729100152
570431683
572071306
2487311796
190834595
1925912184
1047730135
618439368
501400529
260235003
2653889406
2831077755
1503954426
2229403220
526360738
203257039
2336503411
257828763
1525762747
390158648
1880408257
274125668
2296396296
2318444418
530819524
295824275
806711978
341446917
1597422194
1886223924
22923641
1111418550
2682850316
31432784
17816585
2896247402
106924655
2609763396
1381694228
30032888
409266505
2887084437
416090989
1610165521
272249732
36566909
402875937
31308834
334249398
829746978
287572999
1385853090
253319991
2948894926
394947457
205551754
2339396422
1416996973
2310913753
635953000
490251321
2354118013
455024081
473766309
77271322
1118501929
751681016
1599088020
2853721068
1906563463
2391624248
1492169761
569583143
264223383
2899909228
2383022305
189227931
958493376
2748701125
589037157
554245835
351471242
36127691
2592692989
2763521039
15722696
1157782861
1111862970
1163138143
390763453
1039776145
460058099
763156188
46561299
275995258
486474991
723022356
2327722970
1118063341
2834486238
498554353
410562671
2665222656
247614912
119491085
59591613
2198565355
2484478110
2821193871
844874071
51869515
1575253639
332368444
1326185413
410914952
151534003
1172728309
380907285
474761272
415988150
360770545
1284493075
49684665
635405054
332574695
344028969
2429190454
2372065134
1186101330
2353052789
995618323
24035821
243218259
2397364865
359774516
458657100
448958230
2409276912
954454332
592814942
364302992
2891888439
120980174
2204544486
1001747995
913851722
2849762249
989678018
1619771125
2860515292
1198522988
39544700
1630147446
324957836
2922508023
2936234337
2293082909
483028351
2733267482
2921205878
1114169647
362030264
1960092649
1431295716
905139439
2854665657
2663283080
2843981452
472336033
2369261060
2411814518
1582423706
28277428
294578241
567109938
83616273
2187585774
210883946
513687823
1920128384
613377621
203054427
910963536
2922536519
959130642
47104184
2940953638
1852203416
1599579546
1232198442
2268565094
1590701137
316609323
2876122157
148932379
59040054
261631329
2332177312
72038333
1003046000
341348887
2906279086
321174478
2322609553
2956830113
2850031785
2559654452
2225602745
2173238047
2320993438
877098883
1624304904
1063871022
2601865247
450199433
436341596
1884826446
50871731
398673055
2842597076
469415079
711867896
349611913
1532521604
36452712
399310042
2415006031
907450711
1014718999
2518495855
96728942
1113503414
818686993
2854022764
2739242001
223916948
782826606
275386897
249405962
2838518282
2902176159
2472902600
294235202
2325590214
208126601
2762335087
288407450
537404988
981475674
344346846
1525854007
632721653
72338516
2192859372
2215697971
2583498661
136782745
568318667
389554870
140743426
885743042
632422188
521406101
700356272
593723142
763011043
530930811
291616516
436857424
2341734027
252766583
108324897
2906266295
1579676574
378573171
22849882
1330976286
50469475
493457655
271619184
1076791748
165988598
2354887196
969350658
2676090846
568450318
594418837
1691564324
2421586463
460821535
2744542943
2961523997
473914500
2313901977
403483498
1307940902
1487993442
173484265
918439064
322423981
1025844986
1449400544
1909902980
2391161426
2749170231
2232542154
2509247467
2902594394
520311224
510114924
480445409
457365621
70011610
2227485193
137125081
2719632196
67609410
2957991664
269701295
1714132476
154119649
978316759
2868905968
1304192118
2366876545
432615489
1385925973
1712187914
1211953956
2810632241
100259488
948546176
334658824
228603514
2797643941
236086343
136828517
2834191744
763787593
471696675
291577385
2422261681
260208238
2667740703
57621740
2318621280
371632706
388959309
293488594
216568030
17917040
2846011758
2353624626
1483620907
2228910221
484960129
126346383
515251833
404952421
51099055
392653719
468644501
507557551
328311809
404412704
270537241
16530586
80973466
74500303
64567774
516309620
1171799826
501981626
2811382402
2696312532
2762057464
258633847
2770666662
24981050
376707364
420217678
545407721
615089699
32772825
1613423887
1381212559
547815179
2703504902
380346824
2800884425
2567919536
129766486
165178909
29836895
1953833299
1302004891
242189070
2431361719
2646634405
1717409737
851715870
1185466093
472386615
1561381897
1086907692
2893963335
443894150
2313146038
574612985
2786458242
155674615
754697442
2835551128
2873168542
2355566984
425236596
958574071
120527771
2557093969
2784577355
17210373
22380511
250597766
2859157121
2629289740
288732298
2305109516
2460113654
78698420
26280075
1676411269
2381436613
1406163961
407265469
310986077
215253787
2383884037
2387346366
349554260
719030347
2343223305
2153489149
2528243748
435928051
53566384
432225370
2458944541
20258603
1265834084
2904509436
131765430
190787749
271481910
273349403
54754968
532661936
186578747
121809798
2843767858
491821428
427666221
2883106816
720709646
377084424
263798417
29502557
2168770242
269310799
434450549
595090156
163895299
831026148
2303321413
211892187
2215551174
443989349
1387841454
42129387
1213686642
941169482
30570639
244575328
285822600
115128748
22343196
198970355
308387834
182581188
384127413
454106511
2753076171
1159974458
225504636
2282303366
1108003999
26492348
200473345
115802134
472608500
2849962624
417622782
527766116
173933521
230729570
717310818
482242653
389454317
489836236
2911303565
2251079398
16467178
430511554
946453224
184929751
577846601
348289186
365371787
1544897797
359007635
1009616251
102625227
444778898
191762230
2267033805
1001034662
727609045
2192397888
435078800
375692817
417546335
2791960763
477818428
812788340
40978342
2939410179
1005088950
2900814755
2472595315
222000451
2864079226
82266515
2884226999
1729447027
399924756
233531956
483002437
755433223
2872634451
2635663334
115546384
260205978
471302709
1579698697
2779260564
230412156
2892782913
2792762833
1126261015
74106560
130896758
2397589766
296930170
2351697870
565193073
259674429
1710258692
786004075
245598791
621672143
1730875236
2822696756
2225092907
27713555
980007594
2345307271
1890148795
512846573
1359718945
1059291649
488556752
1415006370
14757170
2263310777
81376339
2399212657
2318790500
331123994
343033667
1326279120
260222577
777575730
1093472790
264061728
353571487
1590653804
2303573366
223008727
380910778
905142194
2300838392
195336908
1165330927
764836808
419202895
82485985
852880880
2396115749
492504966
1604726905
447537218
108196537
37417065
2641481557
2670541178
482798788
108405869
27611417
97751445
1696677522
444932828
68999058
176540280
2340425883
2597870472
235974738
326539048
1012951044
142687269
2810581558
514021985
764752615
614534866
2271452880
851149812
2921070308
938286240
304568323
2343982692
56816004
597636382
1025876989
2777387379
2517220760
42272327
2796318792
702181317
963652178
1353864229
353700328
618861485
511877120
2333778245
1149725466
2752451235
2533639717
2436291552
358128067
2285147688
1081700227
324709628
2398340030
62707073
569383320
187219975
2509381937
2668108196
203997384
805617894
176453140
60465056
2876260066
2528856300
46617686
2500860410
354899072
2407700084
2842703140
172506414
78079965
2468807970
2838494604
1186097840
1319984318
125194566
447247125
784351153
310407769
73212930
838534662
551552996
1360099050
2688145758
2876348957
1411748342
493732075
164170710
170239160
61401289
2340894536
77293584
389752974
2360629970
321070240
493135271
307438143
62131253
368763217
2159857450
242552295
481264906
460103344
310587516
150480578
920171467
27382236
328978321
182284856
2845498829
50846956
736286088
2808946941
61042387
215443652
251397602
522345615
813186061
2284378454
272339640
403291592
524014609
45368116
349725180
1558268707
558221946
375677945
25606668
2933875149
448966247
2616086154
2542446314
534532056
327706770
525524681
578230000
289073886
437704183
598734370
75881229
572779731
2252700861
918282019
2424504031
357885457
962889482
342853179
272157142
931111676
552215136
759929844
295273835
2584534772
222327765
279212745
549738532
42888612
422953843
546193276
310772711
2550813588
126433121
390965663
2300253798
713670409
2372036450
1015593199
474025623
261540035
2389812879
2714314894
2880909999
1894672848
236083994
430740217
296925959
1313980375
2373765558
2221641704
365050300
2485632250
2778270304
541474926
190009063
1619165294
313281170
337792864
2827114197
301881786
2182160561
1116209142
403336032
82185582
1066290348
2178019886
341861885
2564851801
1132420460
380190401
2536746276
2323113335
2854721705
33289488
858072020
2758433558
29847221
2263959474
2331331640
149683725
54077499
133043391
2621050431
740803154
247212531
1220030101
39138844
509883665
71384745
326629289
2930667915
32600936
26901494
864806834
384992401
1002449815
724257204
486564599
562600538
1009795244
347254490
326892343
545743684
74416707
37789968
377440267
1522541718
50790286
299286359
227221746
764937439
33587568
67170477
1018615020
2348734910
216024421
234606836
2870219970
558686401
2593036500
394384190
37588188
595420961
1288216015
2383451382
2817078882
1200234566
401251225
187128046
1590872882
2566760384
280814249
174166566
285823799
336974606
499650850
521191088
548017857
2575984428
721014684
43712127
979517472
2805612960
2265105686
46961501
430023108
453279175
510275059
1882883437
716283535
2430720378
2558892830
365576701
634765133
851892780
1490913271
2722609000
30117847
1923666146
239911541
2755376947
382553537
432335008
612832831
760499527
112650505
442637438
142277483
354661981
863843251
115991994
442235792
1053074636
1478994552
2743565971
542388431
299290601
396590329
816869726
569802867
2354522831
133409830
149746802
326290114
2725118960
392767098
2525561079
2399455260
1511758338
755659615
1152607051
294636566
260232125
2893668814
185517094
358040910
1119898777
2449712611
537490975
602250651
782001397
271208214
637384612
2876449757
173510726
700155620
317442802
430095486
1700472649
269002961
215680202
574955178
526184095
632749549
198401113
57961429
1702874425
2310886632
479484306
401940852
171511678
2723333131
156305251
436055278
2890723972
1597252280
2551379928
2224765888
26276418
25302588
144910342
2315918396
371510927
1000121287
2819131093
2623045054
147108710
1539068774
778036892
289495568
2156185730
449441723
1118356542
2881055809
2584406610
623995693
381004978
393106286
335299465
2248601996
964571635
447496887
74174270
428939987
429320603
412563838
459317967
298086627
2911199969
2513391277
1295594492
2631853282
189240320
362348329
2276368013
1008284442
156074472
1891308830
342836189
636251921
823408746
274058942
516429577
895589497
2740651848
1629859441
1050608352
195638896
2361752539
2308555196
2884063777
908970420
87771589
414207473
43435318
215388096
330459048
860965262
1420066686
989703024
611769825
902523643
508133844
304451158
954562020
500904176
603638907
928905979
2908661718
2852059188
1433298450
2940441680
2652204702
584756767
522329769
68226164
2470746175
231870086
956532763
426512315
79778796
511326010
85621399
543257415
2889166803
2727147967
2495927033
172628820
82549484
410770941
1628609502
32482533
58693063
1549614846
2882908697
139278254
2192869607
614934713
342551532
2360278235
2471691192
2865738917
2750682242
453151169
2387431886
1006899524
2803159405
448538532
790905936
935305249
1872917604
187107762
2824663943
859023540
234295099
387377731
434259748
2354435646
742622852
1016698002
59245332
127401826
414426951
1086643441
377826745
2253310854
557525892
2421055461
332614617
260203142
310278023
205419089
2169502122
612775603
494783005
2882387567
54336289
702812252
348599406
484834690
47030971
1124444310
1033841804
2959992666
25631360
2951590145
229302772
2345366964
602998492
323179976
956672803
2665581761
2835359666
2234050394
381579641
512660544
447724956
456290154
2916022197
1965006997
523126351
496341001
2595972477
491745280
2728494233
25558958
27597941
118109040
351104851
2380901125
2950802542
501733314
993522596
24226542
1473436836
307518832
572367176
514501550
58871395
2893194899
78017122
404430263
2842541661
2952485457
1944044706
192232831
264561315
621762651
2817695905
630882230
894903486
2859102188
317927653
2836672503
2478598045
1958773045
395467844
354843684
2877574560
538638991
2302477507
437856253
2745725661
75095140
1297795687
2194751501
411329595
239727605
599512739
114841114
916549038
286496740
1719190146
29225046
976087770
2530155776
456070695
2781544394
927790494
892213532
333871651
2156206640
1138629960
418364658
1957084015
128801209
139448644
865108874
414472127
2315060485
310636343
330720922
2194723579
2351594646
434532924
97865222
428489533
1591183020
612489888
521023253
561396716
2447658276
2560660140
235259707
2440504519
2248922574
491662358
2320338275
958565287
796781886
67914812
2691119185
183277069
360213517
2483041133
332270397
2852175993
309142216
2661485905
566740093
734543084
249616994
213089461
1150672160
513536741
1469002404
27135409
347151869
64222705
550597827
2539720798
1194357043
294505580
512165863
88793510
1488119916
2534285053
479362100
1283677788
2801579469
289573936
2873483425
2272564654
97763987
219695809
2343776154
1090390081
1060942014
1650644046
77762296
480624418
2389200277
2782016526
356842284
578041787
2712184177
2804667324
2438364513
891741120
430866519
2885170562
2814379810
1123267568
420469180
2369749963
2800851911
1061234304
75850163
2827142786
743940714
544411460
521313264
397462888
2930086559
260943259
591965904
2300909976
2285492816
2829374224
479744695
31487870
2616661350
122082557
2864485097
501934913
487804789
2598588248
506676155
2566069764
492942558
2441061630
419677467
2359187154
1121907956
819458700
2211086814
365595590
1106331938
2762910989
26699878
243965521
2871556501
299508061
335555263
2387344184
2264124248
560794364
326936895
67363553
260214104
618943054
932652756
471927777
382029044
2382319058
490152519
2766129902
1398908054
445397960
442713170
720264877
416837009
486061622
1493601091
2372356744
577221123
27992456
365435162
1230082616
85014377
304198653
525371329
256382736
2289287765
1376414084
358712342
2776742311
2815420952
272392885
2788409937
879727364
2652738967
350160275
2463072629
2737474574
35321495
210255579
218199702
447106582
461931551
2218202946
1036762585
2432229364
263983387
506856422
2572296007
2418485524
416691326
605844364
34690429
226377656
331260092
599422596
1068959720
567461754
136734209
383926205
2317210723
2757204004
2224941294
2814366551
285355758
2787555259
904515446
2856752227
2443004936
2862234451
271968361
14353140
940171933
2787914529
1531243387
807933919
76081466
303189281
2842758483
710891623
634808479
400186399
1940736608
475578685
2379698731
2368644860
512484540
777969552
478709344
2904852879
2316157277
608784747
1133855575
84234057
50279570
439010651
22361603
387544649
239376316
505474190
2300274726
2342163043
2212604499
2265218188
2855594782
2783231065
1015585674
347499501
2922148578
52488848
2373896892
198150070
543925838
1076546796
2608513942
2596689188
1017099361
2249170278
451454599
74930118
507069651
2571828330
2785801152
34635198
160049762
1855625240
2742579993
2600007888
767400907
985517562
412982184
485368620
1007745620
2724250622
427480019
112428020
2352728549
735944971
54637423
543654643
600031010
45934711
155771023
71414096
1396515432
2153626399
243094422
2659859035
2922094015
499591755
2437803446
246159279
629822614
193541388
1692548034
217554128
982906736
1663473583
795216762
319193469
37246274
923280110
559668396
343466784
2615904238
426277496
1959961386
227308191
975468704
357316764
2154504952
304905099
1125222444
424923473
315883307
140876223
450332689
106111269
1057561532
49232826
374012804
291429020
539010422
187599648
2857008810
2191894124
1452140965
1080190532
369860305
2381342264
2896560647
1432025712
325826745
250822198
1493374128
34112459
201698563
1958202308
2840508155
2570897100
2578059165
2276306949
2728598595
2929082591
69010076
19929223
2578869475
2830598937
1226688319
2570601607
1564105670
434450495
2533440678
1079031691
79484225
2234606797
233903403
839827434
2936817077
320335782
1060064730
1371982382
400328745
2400476077
42955244
421146296
217853458
260502282
627726897
2315242055
2320717862
2346826428
514096781
2496519830
756616130
166013279
376022729
286421519
2759803591
412441870
2757677565
707394008
2194575315
2192122257
1227458592
575609423
2310162403
94607386
2769569481
357692075
934589154
22218102
185113150
2425999248
2822126477
273959429
2179480213
446704781
118892501
472033151
2392651954
599513231
194760000
2369790894
528281625
1382618172
1620953082
231608927
901975063
426484508
632532478
332216225
2784861718
359527284
52188802
583874512
2434582976
1492961298
2370660944
115865434
260200198
580862442
2925041987
1922683430
1323013430
260266224
916196983
37834698
250380908
2519608645
393403214
2867005131
2883518620
620868500
585399776
2285711334
481804013
2242012741
471926302
430384603
2884919081
785862818
893773512
1968065474
99586152
585834334
353370830
1683931296
2587878344
780057956
300356890
856592197
2631684718
293440850
53794599
2284902602
336712186
338796040
629954096
335200505
283634665
2827924654
409885249
434040787
2236360934
405700884
2188586227
1105187035
2855613249
52470004
549760531
725507786
313250905
1262509501
2894431055
717108644
2906832526
2189654420
2784259950
977144149
181808676
339573834
101485352
56446265
2810057101
109470115
1528417640
498289570
603220359
1685606407
81871390
254155465
1215089762
2577025800
260206647
614443953
1620370430
240812790
897264972
448502453
65731276
408050652
462921642
1105273208
490213767
2383360445
2243708465
1891340532
569740663
45291870
2396307391
85133379
183299553
2511788557
927710798
269038706
197416486
781704056
1648655827
983766187
343213803
410115078
30572064
338543110
2236111655
2845635897
402985231
25062646
2887866471
2829870844
74480208
436049477
374255645
508916889
1609142268
193115035
370845303
470870696
482798529
577708400
899488177
2530840136
2199069107
301915499
210945756
2873451512
937198039
705482528
294519746
1167288894
285624653
2353073144
450845400
54661242
2814191924
219247617
2781524009
2904319054
2801503048
2894000936
2369366142
328637675
712519879
2315278455
2572279723
926436858
2531481291
2959638099
124268624
2327967187
425273724
611180868
2942556504
2754616062
399395650
2374219789
1117457407
511350605
1953219637
2291009088
390118536
2721536064
95355955
546953965
922507249
340852306
1059591866
34408978
544097364
326292064
2782843026
186354132
355172709
502953613
148767569
57798265
2231515823
1944885782
596866206
29566249
1056132474
471327649
367708090
101543170
2463464448
1917788311
325742544
2675744662
1272035886
174446974
2444563363
1871850950
89038655
2784020813
2280801391
2398476399
60409849
2659619766
1330825964
488431003
2682233174
27790944
574710023
260204642
1605072528
112139201
1109430900
60310148
2800139448
417418383
190329315
168884785
453641269
2702109349
2785697139
2790816455
940408758
69954697
839119230
18746211
562434854
1645587612
513315561
378218272
2794704984
2508999913
410555966
2222014243
707525478
710312784
2773005445
2292114242
2613710538
33678347
1342114394
366477912
40098670
500412144
120362392
166438200
215701287
94411103
401537339
370186759
2258138690
1024699555
2408713418
1665339967
90308398
2794117830
487353936
398448928
742163252
862057285
166867024
825747859
133955059
35903827
1251146192
185946165
1097507912
186478173
2904002149
1320643531
272517416
811259426
2283756325
157705171
2782558502
539792753
1942098798
271946791
240911695
1966650158
908674608
2884083138
2294604152
2790324053
214756393
2647980159
465039302
311216354
189753944
2802937527
242453041
2809663763
266722356
2261929664
1473035587
856029878
397030855
718385443
446071221
82792192
2506071523
72750450
210112712
2216240616
431260492
2339173821
2622625139
2473895426
418200335
396816275
358373656
2257726363
2930077353
1221981300
2434810717
609321052
311629321
2900836838
28114788
2577329868
622738373
40108114
2889332090
377622717
2387216507
2758270575
2214349086
37443965
2371278289
417177669
69210282
550872379
1659848120
944477148
621483207
1281455053
454600668
355472944
778693704
286593957
2360667625
205660983
485024363
367868683
288164329
363400949
248414865
1070903395
525479063
484362522
59133489
2802194947
2430808723
2389057241
42411440
312795826
32030180
263152897
2786606898
829570580
985647079
2436805806
717741865
115061582
85752004
1938494780
35136476
62727830
451796509
2623530269
135262161
2169749712
2829678383
196643835
2270529364
403556214
127183843
392976492
2920896219
2699774068
791304858
412377433
2674763699
2206837163
1004213172
433967298
998323831
2562217052
2415885312
440534258
460640569
2929199755
1201567458
384757838
317191341
16789832
106154883
1096914494
183767627
2765423069
133285217
2906293769
2732177426
445510221
566932499
2614919762
2575432388
21541188
86266184
1029791528
585991053
2324176652
2192671496
292368076
1456416974
330004396
572255147
386177978
353582689
1337868138
539530038
1845627842
1539327896
900388730
497313893
98051171
395028503
96391277
339171050
2818513633
460023021
575674956
2559039987
1368375620
347751809
2906544558
497305667
606180001
1716532927
2314556389
2404790960
1956763813
1383501978
1117857482
1326374569
305130280
2717896291
947369305
25154399
2427074972
348653407
464781946
475822095
450425130
39379559
92344482
625378807
201594950
1323340404
94721089
1491340034
61310476
2863745141
1205759570
575927075
114107464
36255225
2909676358
26254645
73147773
510923591
564840264
287353851
2497144993
2474048713
607139290
330260685
236760572
243215024
198947395
532003361
396162179
518057931
456532935
260235850
2716246236
2959365891
2252442516
1977425292
929702954
634957166
2757762743
2906816123
712826289
244108830
2334188169
1537724437
2347992889
1264014882
729945362
462114744
461601077
2798562001
186752453
2615278662
38094551
1670561664
2461870211
312702457
2357275508
316634099
951729576
1043973686
44537186
2568995698
588588734
410723712
273805095
1118990641
2906482301
458178316
414544140
228753158
107508510
2923018071
61563646
2540184900
1942929679
380604954
2860615793
2697255222
485410473
854490679
1400344014
2903687104
384951042
557604051
589348426
1453078867
1462281798
393644300
132488689
553993390
1480205112
1277882449
915452041
256218115
2961373623
2828714786
220670585
393666233
371225202
322351018
2916823265
2603649828
155297656
1466794836
125414785
580140666
379924300
341063978
2350653091
359412449
396622633
315232599
355998209
403263349
58782965
1030285302
722339502
108815243
1876189015
825857275
2312113397
1245403909
188534834
2530354488
1246080914
2942286969
2199646843
93517045
2179042391
2909059426
182751744
526082155
538752520
2179027414
2517022962
20295935
458571929
481764032
122710140
2208497332
2196006468
94584775
1863483139
383809744
311191500
999569490
386606137
1010774755
433054247
1093375038
396476652
251631945
2614488057
631169875
2764217196
2546253525
2306943658
399234894
476914502
589143338
27290774
468579254
221055094
1509547537
1938155347
600267886
251831244
545198778
475690830
2379822133
2749997834
363497985
2510285825
458329042
2788363271
535351354
605421610
307224205
2189117707
2446571042
240641090
1888338068
526167741
141593878
1595591305
2903442676
43385407
2324712007
2297280142
2588152214
103530876
40914321
1363190994
2849899419
2898894899
386588211
2791209320
38788128
27378712
2789274597
2651634217
2507892758
425267707
917116291
847723230
2740840823
875080460
541559807
2827708400
329182539
953717930
139946464
724071853
317775330
321260693
331937670
33997998
1847264912
169456754
2884063664
2611803109
423774656
383280528
1629860827
1284282300
616881078
379735622
35927868
2585857945
418719848
1245055098
250054397
1045215354
477377349
2389503222
635495587
64248339
2350624428
2795153432
241033328
1601603934
636692392
2878372126
2549328930
353622600
385162032
371277605
85779078
393761389
579501729
325625519
2519283324
994905870
2403054230
2563022611
598043400
748933962
1513090134
2892069411
2408442883
442639759
290893822
101853161
2876198177
37182564
73173549
1676544559
154153812
1889807995
1616032693
2773495396
260206335
1493879510
2194587878
509786341
710721660
218748215
579893320
1473567282
2748416954
1900783194
228125826
1494602185
2180763098
436156148
2710267987
168881951
493508282
1450479751
2915022536
262940713
586605714
23473773
63073071
83496597
295436004
2811589845
627319280
1140956863
49157523
2760586539
985406665
128967263
2803360163
472200272
234745631
1418706218
2253224846
66858572
607822139
437024694
171756238
414167930
134992477
2830072214
2426190048
303288309
2470154442
41699198
394130461
2763989938
488656700
2800281169
2751892170
468295975
1454624935
2301341702
175584520
1077814993
506249999
2354621337
106339330
533263589
1676508590
2833563453
2905697769
1968277741
626836772
2390386514
969999884
26914872
1563200491
350829943
304570925
620698895
250239548
230439731
2388022141
472572806
855345798
1278669684
285749148
1390259425
286836607
188058178
48927818
917030640
1669404854
531938216
1374142628
80385620
2639410666
397899430
604355156
2533171992
1125210908
2341124012
480260878
2619131275
1005254208
17825946
1611556266
353508284
189215140
2400992156
493537759
73837333
369761773
542665784
510608986
49203204
1003906285
1334812274
42095746
389576387
249841449
1534895352
18460107
418539324
2891090331
2195757351
2545270653
215568940
120892993
496075070
2354181596
168461488
2491827092
483837474
838628942
493539436
888194407
2786341347
346808352
2399931354
501998818
1292119459
2473947000
1252110583
516644225
2936448201
1312742042
2810606414
715850426
466663695
2830636549
614901478
2446205191
221256618
992647153
329878110
388021502
63175490
73871537
33797202
1370990696
1144946473
584135639
603184853
95216259
24956642
1225035534
94579325
552727479
2442747264
230381339
596309764
1010444858
1421278484
603004222
368882406
148745701
707104004
2833522956
121531990
2161861446
30266829
2588774970
175589586
500525926
332428205
16834738
923293668
457346698
2169593396
1044398058
52443156
539458830
2571933494
2940626194
1259201864
41937356
422006317
1543509517
81244461
2458145659
2244451974
70876485
2583894510
552930916
525518081
125407945
2915389737
157452544
1629430626
218514365
396181813
129145262
1020248834
2801545950
631217254
564901192
571414500
395485744
2336367366
496284634
516302037
392120649
1605433848
261786010
588868337
444416055
2246736295
724519082
306592341
371810021
302368036
252110478
2890818351
2525315840
532900726
2737873336
1205549600
2753714023
479249389
2392877379
236886296
2913287713
2466321204
634861244
2802638687
892801549
2386578174
2592930475
2305128701
398431056
607897119
902219400
2353378418
125814121
2460786887
2915866842
63214029
1363231213
364735398
66485439
69897466
218339867
160401701
757445509
92279853
711632589
854731916
1337560898
2905742317
382654345
1478908700
1489383018
290196232
278480354
2306754920
227496123
407879032
65970893
93113286
368272528
1690883516
520333766
2162107532
807801366
402209939
50655380
2337415609
2440480938
2864857054
422381822
1245669450
1278923546
608212744
293866121
2218005481
48946471
856431266
1538547470
1028221735
320558581
1453270604
1722415394
2744103825
1413393307
2749291849
99373406
1336211936
389804523
2874176742
28663740
796095738
25874825
533980482
930710004
1960713702
634089424
2550852481
2887771522
311359882
224504841
173217163
709498596
592947416
771508801
2572042988
630063178
2483930664
2213729024
562458472
2334340266
316633291
2448424369
2937414174
1254521850
619563947
2828788499
1422366517
450486764
321428468
191371743
570049621
2815984777
2619372664
57243398
2469670260
517358341
2760725578
2857145331
1101246242
602205231
813981908
64925312
1454607475
574728666
1231064965
41401603
1209789630
2902396697
105654173
248787804
399534150
935954676
1437327985
397989949
2963454058
2901935551
2773844873
229108024
336665678
198051710
539790312
394934542
38257754
1919805114
2810204304
294582970
2933295328
912826716
2840863528
766515692
150332888
1038720733
1557309409
335722580
393607060
118688113
2783213649
89957769
2391796416
273124719
2278105802
2262025542
298465375
397149013
2698051458
527608062
63521579
2165388417
2312970175
503159618
808154808
361675047
275193612
2752478642
2885203690
741224569
227554593
718774208
75682555
166491211
393284390
2381253806
21051252
294108008
404163353
615971847
409357578
47721193
590865703
2925842123
2741375429
604691552
1178454768
229616095
776187091
476444859
571301125
332526082
2730610432
289783541
927662688
2664810584
2183691908
2929757511
1552192315
456919349
168562959
380713263
1137153378
2349953188
820068558
1054300309
108546224
147607818
1290052826
2162170321
904052702
532285052
615566757
2370136027
35322989
394031797
1359186146
915153960
105908158
329550869
183723989
982981081
801642445
2662641995
30183957
531306122
1880407070
2919080432
2553221184
2938354332
754386943
271261654
29961962
2913757810
2332204496
505571303
1873327123
2609257932
292822879
64570288
227972023
1241590729
1400784390
463758213
547035738
354966457
589240715
223222096
917073576
1238338944
228841489
1706277307
2763246598
2374975430
76525580
1710910848
1150866002
373188718
2280152114
105382542
2246899212
2892109261
624911616
386129316
2808691282
468565163
890809052
958789842
1096713325
595650807
345090544
2497296041
1131427087
352899471
2578184172
1267366957
2924983628
48904062
944820440
1182952045
949902452
269859453
407961671
2279484348
1048101450
226685718
2736608397
141461847
749282688
2589476689
786255469
590194768
150005955
2814935575
874309375
348022333
473986948
224994208
352432949
145712612
2674994498
360487375
256029016
91005200
251799645
258132162
468331623
1570557566
2601628832
1121243130
1377181884
816041371
344729417
734568498
803654090
2741515378
2602360736
33107779
748361046
994696675
42143645
243834578
1611625052
1689857720
82340533
24814097
1288899234
831016610
429928582
2872112560
760440968
545306031
441148335
200032865
286057170
630491040
2542782177
412298504
76387408
611298678
1315907598
2484609919
601008827
2243807755
341085042
36822973
2878441781
2228546713
217419127
580053724
2455409278
1628295438
2695822014
257414611
135063873
436078255
2393371742
328798166
275516287
1682285042
2911472938
1979284111
30390024
634401238
2347954010
312678429
2268421489
181533200
706873416
2386190468
295096680
2849439687
171166396
165753542
532592882
437476578
2631839535
501015638
339724688
150366214
2910111719
2760764543
2274305462
600478070
430992130
315137340
2323751250
366741820
353620938
2246497754
1926721434
482379965
415798868
355432114
2883329603
523840932
16377205
1847083458
2901796225
1916124180
1242717954
2314816372
174211786
2934008327
418800285
48160290
39752395
2573222785
2724176797
2821965997
349595903
182043346
1878108920
1714878217
311410919
1380718238
35627930
553695823
623719662
614078514
2902267961
158561661
1616074579
2599424773
205592160
119898334
2572245632
847561381
1384488638
2780090304
798035468
499807521
47785590
780499652
129958008
236291917
2570628092
234160729
319808142
264328840
527161874
2457162247
350557593
481322243
421030499
2841236638
385893318
2284959455
1592536284
1686232176
447981847
1516272636
1326862958
566753648
260645387
2377739301
2897422410
25376232
1938776544
2824468890
315609441
2168354678
113951932
326357686
449745310
96141163
994639423
222245319
2694098588
563933928
53320096
572887898
2470650811
1682270798
479434369
63064719
281407505
1473621546
1679094517
2162266658
2435460674
207170039
1266665347
50213885
21764008
2896154614
539837509
473005509
1862883529
29599600
2364646242
603252577
322095010
2374667022
703314850
1963191139
455001666
1555149824
1880621389
1376292204
507753179
2191072087
410728234
621265628
2679193456
22100581
304234845
251890171
2338518524
2222290546
863907258
1698667261
2815160579
110633465
525340724
747998346
377397326
132034762
2643610564
230341390
428050968
267727075
2336835247
898104313
97064807
406890156
453834122
2520068716
2732138916
2905077484
2264781019
402938263
286624055
29613871
83655713
526362363
141722631
446451451
2878068224
2895407740
601818206
537780030
2154522677
2269897320
40094048
1417180056
260234361
467174579
431750993
34414991
202949668
2175437680
1144191517
323389122
2911391409
223484336
715889624
287826369
433242890
792144674
180511069
2728968074
217082081
237094754
768090654
1942473848
495483652
827686748
1866204012
2935766169
1228287271
2395472911
309279755
906385615
2825098827
1030586287
27084569
1348889808
2395161241
2469792235
2725322462
580623382
2817520663
474159837
471060822
892318021
2601878281
198814502
2249463847
273600881
2279707213
341293629
1898755375
179274525
44057053
391282848
1725964675
1620515815
65928935
200553410
2253642210
316193483
1104121777
2449728223
465913347
154754525
471812988
572316239
366448811
2280535218
2238559833
1405803098
465813507
931818996
2721084708
2794202978
77909252
161084299
416308126
2504424328
197194274
1361584212
2842541614
2729958161
2395002338
2590382568
610303904
2749966813
97118480
2317373693
633441381
80421022
116743453
520548630
61948432
438918773
464556170
1000277276
438384303
175854206
261984713
2261391380
1353782292
344674426
52046950
42803057
29724901
43063364
1637339868
36955224
539292295
2147865144
2219787349
242267915
230769904
2251059069
298944872
2613697746
46002278
192051215
1018294938
486679977
2185117363
1644640350
415967606
35418804
2599415762
337284879
28723774
942023353
29696898
919084452
2171208835
41098204
1276474621
74251452
32728356
1158646573
439250793
2339040338
554243935
827525094
483673391
2496492240
598933581
124358714
77553969
2892543113
988934155
1027433268
41625028
469977090
2728064501
361339244
399598928
2423673607
53087639
16928274
477497871
324446251
2837601153
41262998
2623186419
564150727
2858796333
443940888
1004001067
453277323
181617286
434671074
968721259
1713655778
455743999
2488624423
1955622212
1230309054
2395910379
176043679
2705663486
2351184001
1470249528
2400038215
1921682484
920831160
2878257303
250397289
2788753780
2842166781
868949210
584488310
1306905816
2217474521
2245314900
394664749
24727351
2490948084
100596473
786087734
52190659
76109038
2565643675
544084147
50842701
144521778
2943436633
2605952484
2709567199
2734786666
76793175
866211762
2807577296
508448822
593460761
2862253841
1597280131
157306393
20315262
2392231458
534535051
2425404354
104780629
2747018130
2835986194
2327469271
350219586
27184614
2214446538
480255864
852034284
847438327
2438419748
323375046
2835102857
2352059521
1523310870
2911918457
28204626
2950175889
84652614
2912153264
198199864
57462294
2324373894
2148671335
988906116
721035004
393266565
2521404320
2700364434
301795335
1951334852
59165442
1202710608
282147135
1260866274
248690517
603876699
1086984860
2828065760
426641766
2338549039
2449602765
263514480
518387373
2778418692
418939438
2476946674
367327371
253239128
703293121
1115057532
2682388612
2220746231
2714921564
320074486
539187083
2190008075
738743250
2148433504
2367460374
1888214042
788120852
2685981025
401352993
2581243715
618904771
387667832
302010464
218633522
712856725
2326920050
265074879
552940621
2159270474
2571785299
1086797977
514758978
2584136738
2773594548
299252574
2398010785
21028384
307172328
960881744
25450706
385971887
720055796
597290547
1614260420
2908401933
122458099
1036979101
2839156803
2430191630
532069097
1924426579
195679330
271575144
81757071
2922139330
229772021
2707813273
229888793
2437028051
313992858
570728406
367112002
237250876
251723268
384689011
1090520526
2372144193
2861342937
2396916184
589872605
2873953400
117262382
2204054112
2926531804
267329953
1534970708
264462117
2695015764
158665203
402638064
2856060846
1141368726
396961135
545332384
874103089
981078847
306588390
35449144
2809571717
413293314
443294861
963165498
586707524
377018484
2793617165
2616721933
885752197
2436816740
888202602
2964979613
2886333249
1942082670
575592299
1903684428
311864128
2561651360
2330256800
261247090
1182811034
379794027
1974497263
2823476653
924810860
2613716196
1583554722
110526476
302187025
2573846465
535264926
308773491
51681596
25205590
316544172
35346323
2909470765
381677993
2402541134
2583747181
26123307
2281982962
1411964342
1728299882
1175521454
1603199472
356961231
2521271354
513525944
2859240268
2930728666
446054131
226058904
588535465
1491993691
931921694
1223432983
451464168
2513268293
2717330864
102434926
2714162281
238105818
2577237577
67694359
526850270
417730393
2917622615
2281782588
1206486594
24634465
2382616110
210754481
267302504
2943425338
2844065181
80996950
1591111836
2382350791
513680528
2886885507
751262736
25021753
604227199
302398605
439041323
486082479
2835866320
1258333872
2206811156
2224730818
29403910
525444172
2846818296
581453949
50894767
914993232
123680298
387199050
2780388536
2776312119
272373620
358392656
2926742517
289961228
921567458
2842587406
136607213
390240315
2305541491
173982299
1328546629
920727380
1524055454
234440734
22683382
465549322
2883901189
856441801
336622995
321897312
558722967
2837935011
385926004
491048568
1041756577
83927358
366303142
2433332407
2184627128
2888973792
2173162541
897582745
374199493
460114107
1058249936
742086344
1435590822
2511594642
588426007
784447380
2416229430
904731721
591659033
95754811
589592138
2452932570
964709580
2895227733
358875194
218270807
1266879061
947212945
1619601109
135224823
233204986
573924083
26699188
357442740
424476384
2791268064
1386620059
2532953005
313626228
439974004
1244317800
46703341
2330390538
377901287
940383247
2225353763
303495746
87539304
2225950035
74926012
905958614
328800366
2398562551
327602718
1591505540
622812482
2431340837
473295353
366458535
2780793470
2320024088
260203572
213517835
308856230
414798231
490790508
2217529915
981019903
2733290374
2628575813
2583406191
73372907
119421959
67820120
2314525706
929261173
384987575
2736910462
774446125
289669470
47006407
24228908
40791196
32108913
2693603600
484122163
2563227229
130801768
2177974721
141774051
2432302368
402183562
303211992
887544139
612868655
260312370
2927180434
940284948
1325326962
2337918056
399564427
499961719
260201363
47153373
38896001
1291733060
435956864
494677465
2391189011
784079084
1281506256
622138691
2194115047
397760708
382919252
1030219106
2243238374
482637859
431023488
2718107697
1285034935
2377522164
1556411592
619070204
173415161
106758207
216967828
537339392
203363082
449926846
1211955560
617753559
2887997671
1849667887
2851178356
2559146641
1468692470
2324756653
469282115
1354441093
17086158
60117519
351607034
2167018238
241613725
2352799116
229133460
260214673
36751139
2488354208
372177316
36401377
1243431360
241196012
893470106
421924185
1536675278
64176620
61001487
1637138214
1036469388
1076892822
2476325004
304972629
449496567
30337905
2765218106
328029381
230277858
814797060
2781330514
316647824
1617785545
232951904
2877190518
1542513126
64470517
2345433399
1967147054
2913629211
342172948
1920893389
2368942274
365607806
873189950
102455679
2440617548
852742682
2372972023
2734775267
16723974
1471382996
2179607208
989188273
545521019
507482573
558964904
451640050
2748395496
930185366
397381112
226050180
210960357
345216009
604481660
2338893332
2742160467
391867312
307341406
1897721365
1160011603
1668718712
1227110365
2550052501
2732715201
846029442
2865326056
331786890
163725878
65470997
176081695
408748260
2919030414
2305011588
408550302
2455203825
208724895
499544906
2879701018
2873639176
2792749647
82262103
557263646
2573315503
2906653728
2762860521
470610996
1935404738
1882401703
344411993
384986226
311807580
1306208856
73923199
237646668
317977990
383872770
1339736372
1096842902
253189188
369994393
450564485
374812402
1863666853
2563299445
289347585
1819015466
355807810
1187542706
435677549
386230142
2505882433
79871540
1037104772
455764432
800716766
2893019434
293267193
314121202
2316490088
594424546
56716229
107145480
260213941
526144473
702884257
438764664
2870147100
54091373
226226965
1659536124
829802420
2732259326
813319790
492895122
1085354083
2342745354
2309608898
119604283
2255100007
107700821
817550695
2588454924
836143364
61097382
1403748174
2840040747
432176149
300666725
2325729882
370811071
560263380
1710768062
765676038
2931788626
2350907461
62359939
236310286
153337775
96359638
2941542238
1006638432
2937358066
932060700
361699672
448298759
2353526714
412342188
2244103608
200813014
430712903
708033985
320077239
2754295346
295058453
2893874555
22985333
2772519447
2807967645
73412783
1476868764
2945608733
126489716
1113699492
149589097
302681264
44096982
457812242
1038870896
2582798296
1676363826
2199576636
49704749
2814536869
563570713
2958060520
632090228
2809697815
450513602
578694751
2561822634
189033646
1669735532
2541649854
56027588
633858695
526397457
1302336162
460462716
2549058696
80386083
1489935486
478836571
308543287
1111909885
2792224011
817972375
342020268
145670006
2341354283
2175270265
617974999
284992000
1346731136
867786865
491203288
1355399076
859213356
49390006
888616794
375042345
45581054
521400834
255004124
60149991
618846086
166593474
34709652
867772392
400252459
416761585
445568439
303776682
299572458
239901330
806906030
1648238442
246726227
2902029994
1012953288
112158221
1250887933
1368954997
260200249
337371730
1133838686
1732627712
325528323
100261857
2691362355
328853099
315284443
2482765449
415140072
2847873731
144597289
1220608964
791477942
159951182
964612309
2746962566
142138133
48539287
2851359488
1384181286
2831934241
68474719
231295788
223450432
551827204
2313923138
413448160
2213971567
2245821644
252901052
173176801
298415834
51010788
2716253258
560620302
612525236
2340924086
2527604234
2853660007
198054021
401133412
59611371
339196134
77916764
525609490
570040448
920225173
2733907185
2361298878
105692602
2497665132
1044689366
570496201
257326299
2216933847
1728537534
2160828180
385944656
319781450
473693683
197106533
101864248
2335283672
29392954
379091352
1686301176
244111569
2792864239
1107157940
596414202
1050869342
529410509
2296556443
133467526
377786244
2854999811
34854500
336478743
30255005
1362734778
255463382
41612061
2552570785
86599137
2171824111
905820601
36756588
817386696
416526889
1842955627
1887929652
82481464
429855791
438557416
2181097424
19376620
118020305
1377965880
2315548956
1282042514
33039059
2255181296
335288080
2657078022
57682185
229014472
331626414
176809706
199850086
2695901923
14608621
2434667424
759253272
963434646
2769007466
2601788677
741709897
2555884724
509115417
1515108733
2713552394
26545558
309279266
401341634
436066802
1206596377
299465822
618837508
301575851
1627095774
2732428332
1128356238
251267341
568223701
158331194
38646641
978576290
2626363410
2333441280
2571928697
2264356276
268900014
607298308
378641157
550397521
2202913812
77438593
2807058178
271469928
860673908
325325399
1086937758
23950065
2568880762
722042054
105223430
63786165
172954374
1962360456
354556456
719942869
1978960956
328804727
1699642652
806345574
2869099113
922069688
848084839
849326226
1148277541
2875743262
442637030
2733095509
300541591
25831231
348548600
2748599384
298076044
227263926
340863938
148188064
1362032599
878262457
418705248
319810119
1322098796
390697660
870105253
2909297782
2745026038
1349787546
24651166
763239601
162400564
870723728
294238082
1267411302
2780323345
111549343
2921856281
307350670
2214493122
1969220504
317030839
206191104
1341289183
468512526
265551870
264747778
81181302
2468835288
2168164090
1191036200
2816461751
2531213964
259366094
69428950
1948617464
298877829
2927179596
2765598771
445370741
537066445
393237492
611681571
277689907
174559447
365494556
1154879646
2361297897
2471650519
15811069
33364691
466751630
167465178
623351516
409198599
435582711
358444632
430928199
619856230
95996782
2547315121
409134629
2862243673
35115162
986727763
1008687175
635996960
2825999020
1630793064
707208358
2479946239
421118269
1041949645
2891839906
825175381
2652517352
2189286794
508590646
756682063
2933203814
2410856048
371715344
145016207
303936570
107645218
1173105630
327022396
1851739453
289318877
422774786
290657286
27296045
22945995
2549315185
1642689842
185872205
902204845
2936293769
1608858590
2163375426
2844508504
153088920
2474933587
2500663075
494905240
396424506
361280105
2752610223
182683511
2238816114
2382843446
2416657101
973260523
388863370
176500885
284107754
2376952614
2857388168
401513859
579879337
2255048275
923145188
2551116613
38549784
176635990
2425563330
2765302346
613126731
2480094097
2189053445
218027015
2469803057
468649839
2783313093
393475086
253869977
211875646
26131224
2835376932
221436622
88038403
1245135517
71712546
2721625590
865537290
1007761399
523188143
325465208
738771138
2411556792
498154333
350978078
524064688
2912970639
2800769649
1427778872
723804937
2587942272
1380698508
1342771952
329865082
329349490
2875737344
74894103
1878092221
1281820682
605382118
146034057
545792471
1151297394
514590110
536350451
2309745174
2833714673
379491288
29502896
2321283704
2672745920
347406046
85723155
61768341
733438123
37949718
550587898
333367521
2375944651
970844443
2431134969
381097285
1538965604
828371713
2177037603
1368214141
620777440
217732099
162572784
1229471191
373157160
309437347
511147370
52115764
2308859737
1045176326
770095016
636403957
108574283
2552925546
94109700
1117952912
2948987415
2204335855
610737307
2787815819
90016469
304083965
1959291702
453467957
2893501108
542121888
468936142
2587375374
40656866
1061083351
703042946
422499918
2943767013
1145948052
1342121892
156884559
386440152
2883624633
256747288
2794405245
499395384
560022452
428127186
321988506
363912855
956930329
221084977
2574863092
24939775
854394800
722353536
1038844176
303326706
49826459
1253439722
58633432
2878651297
2395191108
1397887800
2927246164
106648216
95608844
1113665306
510649129
736543808
503092833
1485845497
1726729338
35874086
2767014675
288661745
2264231233
405095989
2806758891
2726057342
339292269
815338099
934993718
366053698
1235018875
1081736154
2858296371
2288000781
21994197
1581780943
49540063
527628436
962335772
871378544
2548043299
2754616524
1275938623
1434049016
2566755426
410442894
486220034
370245157
2355547206
2249723752
2255178829
509071649
2283068186
469020885
87954222
2893718372
309530210
34176721
868254415
545882943
2423634672
237507550
1074556304
162420450
2686798934
1202580092
1899884443
383227558
1941436940
441083291
2610131010
446610508
290667852
2357873799
591149014
929151846
2874045562
1686372019
77694832
200598255
2578803458
2416353996
2185740145
314315925
2704391264
85962456
408886353
2382575736
2846637004
2735248243
1368433320
427259909
2915833595
911962868
633794969
923572928
718568710
2384359531
60688678
2441220414
931263589
241270719
1114296906
883675016
298649513
19183009
291633752
479811428
2546884789
2831251565
432954190
1592600353
425847918
239105528
127628471
21359863
890463390
1331833254
279927029
2793652578
355782841
227655092
2493973850
1579536258
2861579189
1172782404
241479135
392302696
309473759
2569953883
399570751
2595596946
449139416
83629916
1454383136
1558388478
1184520728
622661297
537530705
188967183
959337482
2511048930
51179606
187269584
2921965362
777913466
418798492
205623191
718756982
1425952735
1196242464
909771510
1377053390
564211391
549066654
1590808884
1101088494
1231056476
2892454231
232098267
2374634822
554707290
281222912
565523708
2330274866
64100376
441954609
724377468
2405003742
131020269
232683491
2924896437
1226523517
72693850
32177237
22307193
1140499795
307729191
2600246293
513847869
493870450
374598800
788646156
2740800442
2365543986
18564392
1534453975
2268439692
2358409086
552931533
1968917641
2933686791
466657583
629581235
2440371993
103779515
2865780191
2566245164
50212722
2428873976
2904162326
2434843903
42292508
2902489391
2197989955
2225418360
1277812254
352994529
2839377527
2282350322
172104360
1299251658
341373537
2697654696
1610954388
491574308
2432925145
2417298060
1244202974
2934353090
1574731776
486406911
2636650542
2865720599
331338495
718744346
1031066292
296456205
898860769
192972700
2936729513
74749116
260208142
78890269
209855861
527722530
1623278880
37046916
262379221
845137212
998597214
363731761
1888950943
2742917994
2617849506
67395748
2352982477
219069844
487488913
1111280816
403787087
586862805
373084179
201719050
2426031831
1177843243
2442852225
2313500026
454116638
260471438
254676053
1586037883
595700716
841045116
625194307
2710670264
459735260
583454531
2320853442
202959110
2224489478
562966047
2924418926
159956581
205842988
619373262
505368510
2617926645
1931273557
932918023
352959784
283884988
1027989049
625747929
1567006152
89544877
601171566
2392912038
2858602715
349213776
1453520838
2763813152
250332654
473519995
2847111675
591333330
2492567593
306441398
2258728897
587386133
593346405
2380466784
636278211
1426991868
90264085
2203543816
584603034
1468548888
2591705795
613100567
429935627
125723119
2837317906
1362255360
1058874954
2594660384
269998350
321533894
333382188
329182402
1453612802
396702172
834528007
2937740777
433006889
449563559
528177169
2172302317
28931045
37139809
2323298164
2878490861
602926304
188275993
54792376
322032796
300227601
2569682635
2921308509
1357287696
2713334058
916609495
2477494147
2234268914
189753738
399803777
2923330487
2370219254
88946069
74538365
1011680383
80407347
2773495245
2740560058
21427830
49831035
348912305
2786984197
578880803
24693488
2801377231
2680447605
459857694
78044426
842326436
505860791
2156733638
2924242460
26369823
2871889818
2678674202
75410111
1497982880
557014318
2467008439
123226447
568906954
506857212
240528147
2289515605
404442418
489344946
77524836
2657967256
1720221493
2900572629
2287084088
2870719792
517863470
706697810
2906112802
2785680697
757194762
883784424
478676908
1288956954
62657479
2227443035
2470167824
254212228
25545755
2148273979
309506204
2166394457
86485608
1010439884
443820993
101728492
2883319509
2864423344
2885049891
2714682799
375735305
399504618
2911588557
314672466
2718804338
26401761
785159299
107795532
2222689304
444116229
743561029
2813944548
2225025857
1048118844
2577036201
595134823
27681748
385301209
578879887
2886431751
2323470881
242667289
60030931
326342713
1423510430
258093448
2368112697
2962500820
872762300
2767422513
419774224
113955958
494951618
484787458
921930584
769687548
40510293
93982475
813076100
246998635
2828424218
499021242
2267669558
397610673
2885267899
1128186817
905524434
2352775794
1962686232
243273202
2741210620
377019800
343575233
2662004754
2600345041
566698781
1010568488
1305442933
122774034
1857941179
1673688884
1443859334
170743535
306355898
591044876
2623097326
394016390
387833559
17779944
225724902
2235017551
461101421
25522436
308500942
557283898
453282423
1411077506
434681823
1514416254
623926916
276087546
975817717
573906135
2418844957
312800163
978022226
300762749
390452946
250905797
38011750
82963465
495159260
2899915578
62812736
260200759
403115332
1319573155
46146827
44499980
295216841
257751471
1594400359
376056083
2586165840
36658819
1446289182
257820263
2479317944
387915062
2163328891
1585941558
2518710983
29337702
2945037532
82066201
369760718
122702395
70164772
2923393840
1311326846
2838113037
2522987888
1187527711
221602827
2569488493
90882618
1258009003
2839693119
2849617575
2425461673
793458866
83639708
2873016825
22127398
411238962
219602344
2891184321
28896306
151927229
125621689
2271133729
54942050
355917443
23525486
282034984
178697872
2893943170
485100503
2897457215
2891336525
1551384654
943263516
2862640797
2887779467
1344714967
2480150311
479811129
829056098
845631810
2832191248
180342979
2778031520
1259414635
1934254254
2390091954
61143374
562824906
2863740304
2849968997
946576123
120060679
2390126424
17698401
2719303346
1951375286
1577277666
2780803249
594645201
2767961780
20684710
334279404
14959364
2730997907
27678171
2663260884
1457184721
2593198989
2509284182
549489212
2490104186
336603208
19549793
531977621
2338073498
2354800724
44328786
240848510
2360483161
856966580
527907894
1703109115
785027792
372348041
470779819
1860611474
246087962
2182796076
2247672357
269010221
1061720954
233728673
21414458
190316721
274511659
1896808399
1521187872
166928196
591047030
1249707468
1434716862
1900358100
460154656
1011568764
1685319878
239416790
1264603195
871964816
540909640
1645221308
1650007639
1572895178
1342028372
493636118
923095496
601795129
16850481
1632894403
1127243892
75762418
1431467484
1195798574
599477978
64714144
1417292485
532368832
182613380
1559487102
495085777
1270439456
402271145
20829667
510608498
66364251
1567512445
137793815
1386368042
47143304
715195130
1425095154
15992690
282426890
1539593006
494409193
1223010289
1178652151
185898176
543718602
52429190
1490509184
612779241
315716639
42185745
21671611
215707331
66354916
291888968
994095912
1536895914
394162076
1183947642
202829308
41691701
49082121
983992748
932889858
338391147
248335718
305895384
507958456
19290942
18474912
159125249
743135101
97016855
321001180
227966838
606574926
929896580
1352883800
20163472
618794568
1444618682
1474635342
61959300
120812655
928350589
146400475
1115465586
1217762748
964121520
364745552
1507923440
1520698304
47192851
310988549
1365690379
1176726260
232960474
91032989
350538034
218525715
1327153722
163614619
1063465814
118307287
1423464608
62902396
310394988
1269623226
630550419
427865996
743786407
166929761
1198477189
1382777977
135597677
723792344
473742895
720407881
442067132
1086702529
417678744
1166245742
374682783
760059492
193436797
535854422
1033218409
1483065416
1506267092
591238326
209498109
127636299
1372486160
1425800736
33287622
1310904228
1336610599
378222973
250280114
1196192330
802063423
158361892
1511414090
27611086
340729477
217840585
14958999
704538325
346923800
18943191
548752029
1448799884
1475236291
1504092169
1498752733
608882177
1498911120
1137365606
20614519
35235693
1498758072
1498924478
1462563330
986290159
1468079162
1172039790
393423062
525285121
19853472
1375062415
1327125295
979800967
387957309
20938083
122750605
1306998408
1270494332
1305831416
633677110
