3243132257
3163108272
4144078649
176835393
4198440831
1644842546
2701629769
4189379955
623028901
3297050533
1571545440
1267375032
3942339979
1278666128
4130050515
4149461725
4128609765
2611328724
454090471
2815288880
3005440696
457603284
3939557543
3276112616
2862532230
474360233
2362453595
4074683807
4050176232
3243065192
1316898146
4040260101
763412660
2337470166
4023840249
4011999862
3960010874
2206318040
2835617003
2289532410
2206413781
3112263843
2223648646
2862157933
1107264618
2485244065
3178067563
193424914
483199799
612585992
1506539934
3558966796
2886826335
2687519383
300206420
2725996533
2922677880
3399418109
3288021751
3146983971
2901915614
1112308620
3279928376
3364339618
3268469185
3351436131
3342692171
3253902084
2597619108
1203540596
2953445432
531057646
3308168446
3304776761
1903844617
3224452699
3293919347
2953052313
2991789843
3284713486
3249187025
1721349792
3239897445
863772624
310521390
3179398057
3202262188
3161134291
410457085
3161489417
2357247661
2990652615
3119703864
2997313171
111937093
2271543078
1742073084
3070094689
2449782009
3055808950
1655555372
579971728
3038012491
1626521426
750889140
2882224935
2341745268
3058136993
3025523902
2313707964
3017674624
1832727756
328306035
3027136332
370512141
3033059207
2799347121
3014273554
1614013892
3004935935
1596530442
632577364
3002280339
247359705
523329380
3000191093
2996771700
2991951127
88917659
2989381706
2822626160
188319573
385596063
2966559545
2955362019
2953887955
908784840
2943182150
2933145412
2935072302
2338259726
2924635517
250772990
426823502
2178471242
2911148166
93443385
226842523
2887695019
2832653877
435561545
442197596
2895615581
2894753631
2912176530
203175691
2760773344
18531374
1009607203
1284372073
2856833361
555735703
893299242
2897765664
2598536742
2854075318
1546133035
2178772737
2783440317
304624659
302811971
2874297606
2550344959
2867111587
2424908613
2831647437
2546921497
107501827
2807278085
864387319
2599502472
2815416001
2773798856
225785066
2222403608
2737399351
738351332
2588375515
263094199
268759652
2508168396
193922266
1347332364
2367801214
1908968400
898454394
259300407
1343800310
525707378
256688105
2308197720
1707039726
2245153271
835011517
304711266
2645279704
116965091
2547044930
2461730486
2448467061
2565623341
494486526
1573379293
2556422553
2492103314
879729672
1607568456
495285498
569632579
491090439
736190749
312026894
597720186
2313843560
414987827
371279952
1244231516
14463104
2400801714
2416218632
2339088860
397493417
20572041
2359504943
2409050485
268863968
2479801981
1189461486
472375685
1674435212
2528021581
378144415
919978806
1406110009
954075433
2523207811
2441276958
415751171
1390541958
558151735
330994588
499854505
770791662
510582446
941539525
2187120151
483388870
2389342256
1381075081
574679167
2493184627
1890271466
431915455
2506269489
2413147370
1579702848
2187128263
1604290724
1701381192
964915770
1597120039
337997916
2450969096
2316587609
603982575
2465577631
583785602
472027877
598078097
2508618633
2458464811
478701059
263636676
2446372937
1566043386
2346489528
2447735857
497459257
1139310907
1624765056
341071947
2348027833
905690568
2438177870
821935832
553447104
962717185
563390052
1606536666
2346856868
939078726
876178598
2473730068
2421792955
1571292218
2421461097
543332444
241414804
2268989637
2476895879
2187110582
1338553754
1569115495
409601533
2477273061
759818419
558065359
391872392
1108291232
469773818
1478470142
2368033152
2419613593
1525703858
2368906239
2476369630
2305412416
2421222136
1653905078
1000178527
718594835
2456646393
1473238261
1708881456
756245190
2261869005
2249781029
2426257868
1364920206
2294979657
2472575711
2394362821
494450592
569964427
1031588287
602835358
613334189
2446367902
2416295900
545635693
1198810207
175559362
1109630634
301932594
1967517060
835871496
772402310
2448391065
388815208
2308194161
134119649
245971069
2164615211
61172141
545851436
1158464491
562952437
293481846
375768182
2419675016
1053058405
2273187984
635730595
547195850
1797809287
2425345454
460315013
24046313
2403035070
1626348252
245013625
1664281860
269005701
2413282902
2417027846
476642851
2335823470
1720468988
2382374209
1706903618
1077334862
1016815772
2227641223
778158602
249670828
1677637009
2393247781
1403400242
1640812638
535680072
1024787124
408100058
2391220271
2411453589
2380213807
2326514586
2405090626
1548624162
104734788
420956422
2378207758
1883933323
1678485342
568922971
248668027
1415722165
453107211
1874436498
195639389
48353882
1927567394
2174481551
1720487624
518365180
1141093843
342220945
2326913311
163872519
1117802532
2308984608
1722341233
703516437
875563068
2266495873
2194392647
2247082469
431232237
2191600752
1155577404
848165862
2212975356
936005245
2178403061
1183609081
2162270852
1513739928
205940013
1603117482
42606634
725209315
701569187
409891869
415345695
1571509700
1262296255
1405849572
1338428641
1094473657
61796507
541264318
862791708
140792328
1084212846
801451225
999386618
1008119246
238511327
907017698
850762446
704692820
882999842
249747041
544143810
706358970
140834041
122486737
279942214
294587106
578592921
109556877
330532897
244031574
265957354
273068119
171987286
200683638
228536950
14410335
203812527
208273576
98647838
