1396121424
1406595199
2826953774
58522443
1092208248
2424509093
87457852
45123323
126194198
20722554
52236207
84143987
52117464
1335160100
956173760
27639283
1902098755
68020350
1330020031
17846483
108322567
394232735
30549232
97384415
36405360
37915471
56433907
17994335
275343968
45610924
564989149
16454717
2574531919
103049594
609373292
54611953
52762745
2828235272
196183813
33567870
2743042008
18131667
95759547
14464887
44114539
498228674
1056844970
580246387
77014221
612889454
1876253401
568241950
60384159
171566909
426533071
217281786
331107181
204582913
2411315502
194534316
177197376
1003010407
14204751
515541972
20476007
1723110991
148058333
177396952
124571622
187515528
58875686
22071464
19788704
148860346
25686195
2303615966
2329362396
2255011501
204351098
218643690
85566928
74509268
1148934692
50389340
148872151
171312906
1107162488
90692258
109651050
314592797
334212282
1260122575
104302864
122138514
2869689360
34305245
897636840
47341711
74462926
166700910
45963883
952403167
210214839
461560942
138831125
65085645
1310705953
403670518
2584710139
320988713
262842032
556987567
80324316
34626998
142787822
2168707986
21763313
2871348074
1327209794
20599467
2302092702
95710621
787710745
581024748
606813717
372816547
41117550
344219595
904098806
33986746
48354698
51050579
2290236834
734817924
35240968
1170299030
289574335
16896485
278691695
14435376
109611471
86985626
108638625
14614615
1769551
17154954
48800840
13787352
62539653
23999515
241215352
15235829
270975826
144961972
347971705
18057077
18935711
24016336
30801707
61591317
19043540
20943699
48008002
51360810
25081344
1324153212
43918058
1732624986
40925053
2756212142
2450707698
267390486
612909026
2482664701
2535409680
569265427
398130172
281717217
55758937
538255363
29002832
214288943
45683459
564188339
340797689
15397465
153355850
59179230
50917833
874456165
874492687
342277597
896702035
1232361139
26740775
227722762
91495540
133436012
707109376
1670889392
2209915098
353995354
25974224
2574969907
259649352
838852608
17093617
1869854599
117200584
718235401
388720202
332033568
68564912
477065722
889862868
632626038
531745280
256586850
550301135
474050137
382352455
245646787
84643237
394782306
196206903
876151470
18908998
23331532
74229044
61509393
346900178
45853000
61495532
263143013
937450765
41828632
62711193
106100987
240433821
36952027
46425182
54935184
28420047
34413416
39848762
34260793
94392724
52065674
20788669
23650884
24219515
245448072
141945883
329674810
41354937
63319125
136760586
258334848
213449080
21781219
25458410
15651700
738403
286719609
27887006
104573556
22582045
18182882
17024842
17217247
158129535
334898425
515685826
376889764
31941957
39616153
14804281
20536157
9860432
46297146
16371519
14224719
608473
25455332
1084431
19247844
16696633
17848135
871891
22066518
15839517
7721322
9624742
4898501
17433026
7837062
15706633
51241574
15582892
19784831
30924802
14262772
8192222
17074209
14099435
23554196
17290902
18814878
14228300
14871283
25911549
14704992
17291373
35476723
20629351
7019062
7113672
14361301
5525212
19734025
29382965
2569261
711303
246290364
15280385
14923512
19568471
14591033
2922
14251565
36683668
21279340
12550682
15036089
116471907
6852682
19472585
112242274
223937621
17553895
16142275
18636788
259739601
24531730
19362341
17195769
14588309
60795695
14158830
772471
27311044
14687871
14159148
69181624
19773369
37759047
28635233
11314342
14100972
27029537
190463748
15234001
14913837
156966751
15912508
16681111
170506970
821845
5654722
79930408
26742733
27406401
27216496
2781
42220670
20239761
304127632
17799367
16873970
7746052
14709355
25700535
35049648
21184213
16452560
15848301
20852025
44415931
20685935
176013108
21733345
15276401
16926210
46189188
21254682
15197384
14167316
11947432
17866745
14769591
57249277
15641355
14323603
15006960
94143715
14205258
16540406
15338492
54203238
27558050
568611178
19397785
298758818
26890765
19661526
21703120
10454572
641963
16184358
9866582
37787129
15637594
3169051
16527415
15710120
5338802
10450
19311709
18867453
14097434
29655018
66733579
7770342
13988462
15422354
19744978
183273301
13145012
55315217
17165369
21522338
7732132
16720708
15225658
102448837
17116521
1311781
24705126
17343595
9366702
15634645
15301179
5502502
19575406
33638476
46398762
14517899
13746792
19171714
67466265
1401991
8406952
15356187
770729
17445261
34739186
22664094
46707560
633
5449422
20007155
20450235
27257426
16745770
743763
611953
1090561
3829151
14823151
17059993
15091876
3032
83047883
14115719
19307505
631583
117289969
23377571
17398067
5132221
9015512
14550264
17006157
17889970
24172925
17543438
25393674
10342142
51615530
67197351
13455472
23506351
21537009
14438417
64916241
365027482
14172588
17567609
129084087
246539726
17490356
19880565
15418444
99628071
14322728
183356424
17885058
110463077
49355490
820694
9491292
10921672
33310753
11041
8442372
286703
7782442
24968293
21328621
23519852
25595815
15080807
8769212
9692022
12354252
20705963
11680312
94159667
14103921
8308762
14476147
158128894
43214455
83521795
15962096
14378113
356417599
86585797
18654631
17195391
839321
14590880
15254146
54001505
13356392
99536748
63556282
69331776
9535352
18553324
14181272
14727207
11294522
16690297
18452614
17925141
16721263
68768975
14289835
19345934
9158962
18494981
8962882
610873
116846025
14130784
252531143
16561212
14835652
6288762
24691889
15154601
15463179
15391584
3533231
14063033
13436432
125033
153457779
14632520
16248319
47479606
235229394
24933554
11253262
100951410
42212356
134295326
435272548
15484076
14410280
8820652
117428620
15907720
16331415
37877645
24100116
9637422
23135992
14438961
15678167
9524712
19519252
72343290
20477352
20598091
15921173
15039436
27688800
18460854
16302641
148418872
16615594
19713521
42381705
1268381
27221778
1976841
18534190
28371222
171496247
29952857
8596022
283179743
16120265
17173775
27769716
14454180
18783665
22641946
21982720
33511067
59003
10039442
16889506
15344748
142977623
45833204
16547407
22655150
1315431
26514376
11347122
9543092
1192
27937612
89195303
10032112
20756737
27372490
62000272
245677747
17463140
18998480
16818490
186550620
18908361
20522531
21324258
24274948
299869466
34892616
70369235
123405195
10123952
19642147
449162612
162114001
14761795
38026874
14454892
41912400
204711280
17456146
19506790
24712054
14165865
17503180
29546945
427799256
10297
147941063
132200165
19407053
38231370
7500192
19012517
14208723
19371814
183094898
5702
51097822
14260608
89036967
78513406
193047927
15905103
19546277
364892784
139873991
10040592
394081557
17004618
775861
2643941
30076100
59954834
16782103
24969547
17463660
18169635
816653
5988062
17179368
135134068
11009852
657863
15612015
15549032
29795220
14550908
10437802
19645791
15373606
11489
746323
5520332
38609723
16343608
19028615
47539748
16408714
58501636
28066116
52544275
20177316
161898294
33552797
2384071
18275278
14082239
25109006
16228398
259156840
266612868
73922084
172249339
21754623
62005509
75151260
73438479
324719168
40972132
259920927
14600116
18481050
15076390
16901043
15066958
22657792
17285878
94464331
1293241
16358939
15015598
18390138
18179554
16022682
8622212
17410689
313132493
17137628
16159568
6753582
14433007
14290557
14270091
14676835
14283711
263679144
267851887
34467196
19261670
36114446
65886522
134099142
20609518
24331371
247360631
84426942
72894210
70002584
15941591
205283556
87565279
169163894
238104818
567319952
47693995
167700312
227722379
14511951
75273374
234093742
85986605
37006925
23876752
247085252
211173729
70005272
160635595
239500718
39519179
145800019
5210841
22697397
19716691
972651
15568127
11423072
156732664
292114999
97523828
30051195
217085795
253458968
51629376
184333109
353279596
130606564
11752272
61592630
57442358
61305921
8559342
10221272
14308012
137238318
18785549
400916204
499178530
257590050
532717344
393758501
46453232
14475312
200135839
18066477
184356324
178970243
147420315
113349782
469204188
25540891
516048308
213398409
25856905
62105261
349621312
194087013
325380300
14216123
18218858
14268957
16282576
21470887
34742030
16992728
24035208
3725701
221948535
36649434
190905427
180885930
61517781
88762664
57066941
87815050
50355925
14131683
17791736
163891075
38723099
262766169
117052556
168748441
30949711
92354955
23080794
37666254
71017877
28339042
16213129
64717478
111161446
191806172
63175767
13919072
17539739
179245596
25605222
22051757
428333
22785368
21871440
280736636
42707709
365631091
365467236
108701420
59322252
18168848
178625826
53315871
27799407
18405569
15598707
119466953
15429250
2355181
14075836
25581439
14996950
107755674
19045503
34345457
7518252
17801805
42254940
82338488
45641980
119930118
179147633
247523511
309801940
14615871
360643052
23311586
24222011
73181712
269856466
250798697
13492552
48482750
119917379
41580053
21716927
404132211
148106752
283627194
156484062
112995723
20201334
19411752
15119336
257540640
344144826
464992003
143898145
26258900
81912643
58664119
2153101
20456197
62685491
28188929
59175352
68388778
37985163
48794931
97588197
249217119
369003953
317750991
83880957
289814152
61291764
35253470
17473062
384192755
383090268
384191458
111135483
142621593
58867418
197254322
106689853
310087475
76709610
61906891
20991378
65671186
81221403
338414856
106534647
36480992
311063863
19189440
35203508
56221330
196867038
197954667
23721335
53045984
38087951
12480582
10318
301730114
39623231
18933630
14085277
18136624
61529063
807095
41193910
8417842
28782422
18429229
44389483
94908371
82143187
67358777
36480364
34654529
6074422
305999620
50063084
28207461
13012632
253742656
88812366
73139846
80463612
21159227
298178689
101876746
17923803
38059225
132117893
288308178
95665536
82959058
4898091
20087888
22664051
462684228
22263651
17971964
19935586
250628030
93676039
624413
229190662
69702257
57364124
13443342
16202612
47202146
74250103
18185124
15235298
121545810
39130624
38359577
73951615
388332543
266288261
96206175
14141887
2735591
37114106
40274773
182005286
136030166
343727892
392693147
7152572
156107382
19795404
3108351
14800270
20610664
15777711
23532467
11014272
22573949
30313925
17496988
22043680
11856142
105177612
165503959
9138112
70476832
17353735
46891621
153140346
211921304
24012274
50747187
15110357
1754641
110541296
15170346
12432922
15982708
111343494
69091605
14402248
20261969
25053299
25056037
207091552
31435790
80201266
17349191
256113470
22659363
56413858
21312378
43920155
20626879
90310406
93473567
32481684
241195957
128235459
49702491
50301753
16115337
14587949
17302828
176170534
18639734
153149305
189228030
258805021
21323268
36960352
85606078
56810507
91478624
239265058
105844662
340591366
316285444
372683237
97903099
382416115
397441092
257065618
368379736
328589719
339669850
316684945
29197155
14861613
202635152
57043089
70550581
110792776
80384293
229660116
36582123
90564300
185685723
152831003
267305222
288044385
258941081
54953394
78414210
98984900
126722464
28370932
276862216
39273981
176868514
34218289
15947583
324645863
14110876
60420284
