271538773
252987054
3014339879
3001086921
495725349
5120691
2348609726
378612433
1424933281
4067195367
267785211
5402612
20228586
150759175
292291704
1635316957
17158140
365425633
3290152989
19773008
1878797988
474088272
3240298625
55157431
3289247294
967882604
1464218611
470039065
3756764956
532201478
59898791
3091372487
951134322
2204902885
1063902985
1339265868
273418969
19107391
1955048288
296254990
3300419140
224027358
189056999
120538510
17571518
19447383
2372504305
317040718
3312834249
3431345926
39328357
245499504
2315994150
498745057
3294821584
25487599
2316870144
2151368567
2289340070
3340791736
22756110
91305889
978129506
771044958
1249305758
1628089627
274390028
61158246
71643224
1454166516
621109658
1082444816
882200342
2617471956
14948842
162496681
142981992
1707490597
67260539
342640432
23746425
19980499
354880191
2969727718
964037922
2879750607
152161092
19185620
5715752
17876123
2192076240
2440293713
2587025455
2376720122
2253517964
65134133
22007737
70356692
3313653370
21436960
3004045145
3193975978
18847469
2900304233
2153456196
2873658123
888960558
1203899510
239292615
235129566
17557280
3030121852
1712383135
162000140
2799551369
2171803174
555126030
110431658
187456591
31229657
70975335
95071372
256898859
139415907
31802128
123109597
1667001686
74126884
490746919
1618791882
245705305
614246155
90435017
813355447
393938517
21289183
22262225
25494061
22360764
30626658
147895173
186859679
1485951
1182467888
3003578303
58868319
2963660945
2924257278
110516403
15492359
4251261
2844245134
2525593142
1229365920
2596219807
109335771
85144735
335489304
329503437
115912416
51383535
22607158
276622196
102640217
157958595
1448699065
19658826
19402238
2896211302
637087464
105562367
20058825
740995812
420156606
2872217135
506987893
104768601
1298618222
296824235
207996031
234548041
25330173
20671699
187880099
763122440
1249484533
5549
16376520
79683478
1137357900
2776517975
4321001
1361341548
1633431630
292312814
48289662
33474655
500803754
2445187830
250604929
300776544
2507374226
2412288721
183168727
228432751
203576917
90603582
857796859
250505839
409837156
145644585
1588767246
1171758416
229602587
808495806
806654060
366655100
124232071
90382118
218450207
14785137
44970419
91321145
232482585
194248506
2784303871
41617380
22629024
861019010
14566810
132436406
2447857963
873187494
26216882
2459427717
30931835
85286794
1001336184
1943892787
71528140
414648280
238520837
74446358
20646711
218184927
891056606
19383462
2509951735
98367934
28771597
1139483905
114476497
2348739600
25567003
1266760352
2435107974
2338313501
283979780
583643859
357440635
201833719
137667935
25048631
195681218
19870595
1961981156
18049338
1884071028
625348877
2436915374
2572495866
398610621
212592239
245754053
978423139
333954467
1562859936
1966589167
2228116022
322016035
2304475388
21184887
2474977026
1692039991
1654807026
260765058
36048614
264285202
487393533
72277900
27093184
22250610
1726224768
116461087
2188136076
1484604961
2250400477
2363763440
2328518743
262579986
386393078
2301078842
28850148
2447509903
25662458
90345811
315882483
827277318
2274643610
368291666
2237686136
2190576506
69305663
48338541
306958709
71224532
108325246
1425196993
66330117
168607383
185968502
1607734808
95865114
997638836
1664719916
184747145
945590832
1903973292
1938200202
1008904867
277124193
376146034
2187968822
1490439264
39961467
1898106313
1142243022
144809872
1070259720
539100892
1850915184
786865321
23602600
509112145
16045268
252124716
17965092
115097756
17876092
76595706
145691359
31369564
5988062
42586027
39540130
34621907
90451674
