3331604129
3129059154
25522114
1319968705
3001052709
172698444
161801527
2198075990
2924102208
95918184
186342988
24046313
2380613922
596893898
315897472
3139492802
24041126
91478624
336005293
70442413
115115285
1081
398337022
555106549
467119274
135622752
2437026698
18983404
201504253
2330990178
17546445
921657434
86334429
38321642
146369786
27067338
250328657
20551702
275584723
2227476224
2944554745
61786697
2593558765
48019269
191878792
351041964
469750602
977045298
322904764
2181210756
2195671183
78301694
221774710
23888835
2910555216
378792576
15021526
54160718
2883708797
203772278
80655534
51709900
86001513
15918898
2150116861
813512
2824876176
125415938
191461208
1276498460
34708125
52516478
12409812
24832201
57031143
199016610
1371937645
19304974
404292382
92434406
507517301
120216801
76071004
61491000
1901054018
376954936
57032589
326588747
567650809
281207069
2561946542
138236532
17505089
270052483
65664107
86964484
1829158711
1087069111
217906360
174326386
104171977
351613911
474912825
916173374
495073768
553760711
206050484
1206280868
1864383060
887345988
369360248
373402714
73710574
146115289
37272568
1206615493
114820357
82058752
1409544955
2362693297
1944602911
52624027
108343245
105832513
74985493
79588870
397320302
274580877
1080578378
290739201
51259767
229748864
206850083
71185441
94107410
28943842
352737661
249350033
245153606
1934755699
35923434
15093263
276946122
208766080
323549805
96176478
144682649
20489880
319661020
69101147
108155457
76733987
273935884
29631545
153869568
134586902
68500341
56574789
17469492
317928034
15935927
604840570
169422187
27424230
354582942
52523101
2767749955
28001081
1729516453
870778705
30274840
43078165
262596037
43119695
221589885
14937918
26471523
396656597
20582958
326665662
21049139
208600933
1524816355
76854847
114416213
1633727160
198573449
72263832
277912844
120096860
20565295
216356915
2207259409
33950622
1204240428
14227045
517697500
66758318
24750535
328818263
110237459
840082202
2710157586
257177927
119114516
382253381
268206865
51196532
9668852
462172248
2512931083
198476327
28919460
185422735
185259571
135257449
106595027
378134393
20063016
57178964
18368173
112242274
15110357
20562637
282069596
185306575
156774541
21913592
776593256
238530219
506717115
16201819
390858322
446506935
1853640440
152332413
872420389
706284516
34713362
2372208397
199728683
589385569
466375172
382506815
2366035106
809885
36746097
79543
848502151
1246508436
68999404
39243697
263354505
64405754
273448833
16682485
331515381
301620833
65114550
16029803
125698443
140090976
21084177
156577134
1060581655
74738504
135089965
18028551
64225449
424549888
344921645
19345454
248842680
297285443
25472458
323421654
353546270
87306426
29429357
110377394
96151052
61195222
48600036
54111398
42837437
53340896
61758209
22542429
186072999
55725295
882409568
124190249
54599914
91127551
204274844
41586123
453893556
291488239
44950782
111383449
300207672
24878961
16168119
13682512
225847395
8265732
15776381
275580250
2364763471
278915590
856618160
266071085
76297458
1486517522
478813215
182427192
543401781
36688694
207931993
20007166
1268426611
2332114688
98536137
19407053
991357832
120157205
81209003
21623927
39252017
245533887
182827186
101899120
574858468
330874730
291438319
67408755
150016842
107046144
26703482
19535210
15689096
14242808
14756928
85361836
22145200
14906791
37441640
14514411
243124387
1203641
17836506
46678594
15782913
21390052
16576447
75253222
837636938
48375246
21746453
84115312
21453086
22494418
22802666
124516432
14886176
14711491
20429157
14569796
1705312470
1243054812
284647429
208165261
122414359
102700680
27935056
59790468
21350494
312254799
248568868
13683422
282281979
322129559
41149214
60748067
13787352
1898989837
580293390
34982890
831311539
197299661
9866512
1338199874
1961664494
18771702
618346336
1061328990
204711280
32377320
106988804
1967479399
2192451265
1528247473
128605036
720315543
243590562
69395245
174739119
430233048
17899109
332366327
222477446
1615407415
1598446183
15813625
57977498
118952409
1879412815
272019676
84693957
1397184325
15520754
510933499
500965788
250169387
48398586
52199699
78848075
443885314
167518379
1311432848
132179773
951888204
166588796
18776647
113134013
22266871
40008536
317771914
66400391
807095
95431448
18094552
38751529
47479606
24274948
88776580
15532569
16787066
27648752
31957766
35127952
16029780
70993934
17596622
13201312
19673700
62489153
16348549
17273355
14559745
17990173
116469425
38704343
317139568
236548036
782816258
17469531
164257019
38201945
17343065
274024406
881837858
15318816
50166676
174361486
22087046
44236915
254196455
14844272
65557593
114851156
78357555
1344359197
47373943
279188272
40953367
743585142
37008048
1067439883
379472870
35109144
1970170154
873952494
52461995
33705467
153403345
78703617
214758923
1128956792
333561131
1703007992
339020730
1904832956
264362357
143882594
14286806
197475680
381529359
109605157
46664272
5120691
208912793
183244245
21272393
205764059
16743561
19404869
80680473
18072298
17627061
391035152
565105479
290650346
136025000
366746864
16690825
575862250
806766830
860014988
277985183
552633279
116763916
164271458
168141277
25615987
72255032
50231867
1581289837
41509378
87099398
124232071
137455381
484972955
1514537366
292392104
1330457336
813286
320912716
27860681
325976593
21303235
25390350
1158918746
528177366
620237668
1603231800
197446914
110248445
283951055
1070542256
1093253342
1638591642
281389691
891961800
1702703029
1641168974
35818441
39516682
109224937
131285382
381277591
94488699
1861051152
147213619
32436402
19550479
186499137
30059550
113457774
188704811
537963591
17539739
34732474
761551218
227138575
346785139
372375309
61206610
22705078
19754094
16481668
23990406
19118801
318103994
76111834
32211808
44422593
18243006
281617043
90714384
594929420
17292958
631716928
370770547
1342685712
130130301
259909904
221898164
160404282
1282019288
224382700
1551519379
602104616
205493594
38804737
313542550
1134661560
1002376010
245938630
15679560
52166522
12761622
49496875
15211133
407193618
344831740
262724365
20732710
114852303
310308213
74495352
431268135
18290719
288006719
811178618
117953587
564991134
1636411963
1636403599
201510044
293642732
83926024
245317869
65448794
47746723
65111667
304494198
21821830
277380937
372338370
137461663
803176838
294480845
594496826
856587308
112801486
19305746
14755492
24263840
15603311
14055301
180112413
11856142
32359921
1754641
15371220
621523
44152214
24979509
23506692
45619608
472081872
33930391
174036510
25309658
49999266
16581266
22423278
28377695
26075566
87515936
15722135
214094030
82897210
173882135
16146720
35770415
50361357
405107279
263870212
42732557
442173223
110550846
82071962
18216009
349145304
169998627
170010382
83912923
190744503
38289217
39310952
85605849
163504587
385234461
92346621
34944284
54461401
135959346
15651765
144354263
161475427
44674025
563462301
19772522
336218991
38518844
70703262
359508546
348608615
1283447772
94835761
51547993
478725813
292138266
345375847
262940385
842773134
110744895
397258824
522397107
43849753
90195892
14054949
217544465
18781059
109062081
398808848
563239173
414286319
86154536
16870716
17004618
21786618
22894243
33955377
6877872
69372729
14761507
24027429
21030451
46211250
44763075
20186868
18065266
20946962
181936784
289470030
216718173
216720326
240716637
365633749
290813214
18028594
34612810
151916759
15492359
18336459
46390223
37661465
40932856
19665720
14293310
44155527
30313925
28140646
46801042
31751177
54944271
25364007
1009983440
196978660
199946082
19915362
99349334
169021842
52771126
121517978
128310422
36355706
58823749
26019749
61197041
36724337
130248995
569333915
133482881
190116217
75385690
469412414
320960101
326976141
35766159
14259974
55309127
518569777
1222315952
9334532
50101725
346750647
177979870
21346619
18726666
5383942
540233480
23484042
20472834
69894273
280548048
16686516
101621104
20659742
14666790
461818733
23532275
331130914
20245040
127881681
475113603
79938222
16366271
17467699
29300560
244192610
775404703
113739957
14463924
24137191
28878050
25310291
424455957
368992476
105187070
19036037
758168635
95930466
276900575
18663537
837886507
18842027
407651600
1128391170
86378681
20819182
135575743
426078435
197777708
47382678
15925179
15117711
365272569
236429817
31358286
41342311
180827990
19892464
16422958
207278552
49978289
10880202
31388829
630567805
997356548
633858780
52159220
41044925
224676767
17916539
130790952
19645791
83611099
50360725
14699835
21016906
80075642
43941527
173379820
8161232
16454856
18639091
19313711
143911812
26857202
16687581
19662718
85615810
583209544
14800270
128938832
48386533
75302325
20180244
53099125
17093617
932661090
28623311
1058646613
570814269
501574871
78857030
76898876
14224706
115099953
15096075
36665760
81838830
18150162
57408403
188487114
16045268
115198138
16031509
19778187
19827680
82159574
35832565
28922721
30848016
27179022
21601158
27016443
21768196
67358777
316673390
76978495
36082429
36683668
58275261
19621110
122388079
38076735
83226788
81748975
26577173
26520484
7591602
5967542
61542667
749963
26832814
244198465
498479302
24770812
18369852
292238698
86367982
10252992
106749350
72553509
249042200
212255773
35819060
82703820
75079703
22396481
25002538
59913032
18766972
18682917
50075587
16284386
60308942
64498695
68768975
72584896
250142775
25922185
163445167
11695472
159097212
21093785
14700316
69231187
39511166
14361155
17137628
14159148
51885045
18560415
14677117
17044207
19327532
15433693
21315031
44208681
47344735
31714599
36327536
18183005
62522718
35759396
1614411
325652151
16664989
26566469
80681990
14921083
619723944
453514036
195897926
16736066
185397767
13259082
20558524
30275911
15668539
20608399
53110321
55542834
20182839
33639255
36315771
70964030
167344541
34638308
122445177
18148466
20596281
90892746
26761757
211891109
35821300
288484122
82046520
72398084
2735591
163457040
21759785
43200421
21006356
14269155
19786829
22034668
32362338
16183908
20182642
61297162
65369370
40536315
18249230
264273128
61291906
38469891
102803242
25341496
14141523
1033954675
39569280
18683120
23439032
19290137
14466627
56775795
17809006
17814986
179513328
18765257
57039251
546329615
77213434
1006730419
41658949
113381235
24714450
8724862
69128182
24189159
16436569
270452854
14952968
20666174
21090027
28177507
78687325
21798345
21384923
115533632
60674740
25983654
45397325
66439234
119814798
7717612
124029860
19606528
45909796
17813899
19313840
110747629
80662831
44916025
17131852
32440356
19705130
47105207
16736241
84362048
78965021
191076544
631247428
158378207
18083786
36672696
46903629
19148069
27689265
745192135
911434778
163897020
110512936
