1737401
2379240458
3881579057
831859862
40620656
247902857
2455829857
227720229
758131076
27435659
2326396978
3286797079
2582186468
2859122536
524029116
361234973
1241677998
33417612
2927033714
883174724
215217430
336649613
14754932
2403331339
2751746199
546268726
2740563252
50379345
574626187
985634473
2168292723
1643114772
574154221
1909455722
97945610
2211711033
62978042
2296110390
2282913910
17449368
75928446
159682435
283589567
2557451184
226675385
1890909355
190077605
622934547
2773632693
364552455
179427107
316506259
2893787500
2811397915
46648140
37115455
3192796268
2993779106
2897535691
715291746
3307607048
1704479856
3426474215
2458594646
3241796150
1325410476
44779046
818018474
25198779
35394679
237403203
2522668778
25162076
3659581695
1523187854
40381496
603081961
3761623276
16688834
16688866
16688709
616620541
3225667577
739811311
3314057809
3359328627
2955045064
93975591
324232658
194839442
145107843
136284953
249470477
16303106
3279253526
259571879
703378111
38360819
216912903
256317852
272603764
20950232
185125451
23472029
126518959
50392176
342736493
14993335
63984885
35265060
885803209
51364778
840511338
342278669
1458622153
480509508
596190000
292131326
254189974
531525569
531524384
3128920406
107519951
230547206
1024393676
3293935742
321401592
25073877
3060543516
25104363
16017996
42871498
15840909
2166986797
179245513
1336004450
3075563286
447233682
2661664370
3042572325
2555430384
758318792
2809996770
2547737622
133053645
15014107
349719397
3214641239
3142321033
33563399
3240049786
3103399338
436951194
1729773608
2978836029
15942016
326813935
2902436622
3023281699
3088933611
3025388277
2928627423
1615273622
221997667
2339176753
2975132529
346782326
3004960138
122791246
296520276
31614413
92752327
219703427
2787147354
995415332
2724244898
49518175
40197535
2750919210
2867795685
22076412
336587754
19212622
321586997
2557521
1406714959
25423327
455070471
2343656220
1096854420
780228402
543982841
16411564
232270446
619490551
633183472
1594631682
62995219
1392733550
559176299
941596028
1128214027
2867807091
343669852
66124822
1536617431
132895915
2613715903
355307031
26543142
333405913
52046947
634188535
298847938
957899773
165471521
356348890
577358483
51882281
103672512
363968570
398490356
146450396
102192519
569648678
66227579
29775552
91793784
772913868
432511416
449446239
364399737
246304468
120686777
528169837
70961220
16892299
45781838
381247066
59299953
849534523
32616082
346034535
770569039
29980864
570869885
269151092
575050602
733751245
19176639
65699812
589275148
75974281
494130393
317163666
58877906
177404904
261538790
497057057
109180788
569891730
39375286
441415050
38059258
377469795
29713877
559925023
27330922
16441586
309417088
94153572
32208839
234738736
320266973
28478063
78978034
522372964
546202153
563204273
93549982
102173694
120886140
78107751
370092127
28588663
278375415
429474099
494636240
409707415
561735744
18374504
462090844
102810887
257952766
288920770
59801744
245601155
386015316
415853190
541325422
14584181
549536699
336760496
240047990
16543034
560350106
223558860
462575921
326167333
151640690
248922807
21774355
46238761
16261966
80609193
48738114
310674817
82239101
369062900
537764225
543889875
26598274
250457908
40793635
78456844
120825412
176619247
412389432
244120929
74791999
33740413
55397741
417314427
460678471
253236778
54775986
273114183
105365200
321516558
338786559
518976949
247355694
285148350
28419276
355551316
344863404
484579462
274662070
322391401
359716514
156737778
46265323
59816207
338122611
196196435
301804113
465783309
436883047
178810837
33750890
166270127
217986738
63198664
427053082
381956061
103627222
15150036
419595855
24692468
14988186
216533096
396050918
234405700
60675153
247455781
24592453
81912100
38778823
291457326
310334079
28338408
20338157
372105210
45592903
24856382
239232765
240968459
191707034
36954659
16939862
27958383
372057819
150469816
20577385
46547224
98755903
22059307
104627417
69269589
27557008
59313569
84858875
149987358
35355267
233759819
312037317
169658045
103558366
38068124
202761805
25302657
339743156
23026638
17422164
20562927
35504325
1680191
44984488
44807160
81883607
23350669
25927769
300580153
107900116
294282410
194364785
237840757
87949164
355188751
96198071
308626123
269558785
351850509
59195406
130750729
188548733
333001924
196762576
305045342
311242075
63180039
326574692
141630692
41501452
150388077
61397979
14170473
209654599
298246605
71658201
34373065
16779974
334346593
25857027
157163986
259473502
164098224
325587831
55267170
42627544
313739703
319157647
248441218
252644897
20536470
28587919
275376593
27242399
283749447
45089039
94608495
140559424
224338084
51737793
198927246
261008103
113116445
158848407
25821292
284264585
25217843
115395476
28209292
39695043
99811494
145288760
25107962
42258864
263254393
23414926
68786791
223901223
76819845
116953059
263904477
33349344
108338249
25786815
22035690
261410107
243220644
32467684
65493023
43424486
33316655
62760327
17655752
257262821
17790274
184263034
7623432
18092022
39379694
220153164
19694605
108183166
59455741
37254944
190826816
37121853
21597454
32183014
197509616
25299142
24108162
217621004
41149978
48091346
27133886
161103603
249710890
52529345
249933563
44338081
165821941
72596483
49265262
143538848
234564934
245061675
27062761
246822940
27457887
229645974
42115781
63372180
117846297
231620350
228810410
201753331
22940219
26159095
36845724
125364868
212941296
165252204
15111011
43139414
231210751
170437538
233331096
19785801
25521487
134495575
14739038
27026969
235839823
73170204
63211776
216221288
70412979
145339658
131334525
185737367
140563679
111509737
187672790
167486276
157373767
149472362
36174602
31191508
102168420
117759951
151800078
170432096
19376287
27059782
35823837
122195684
115860485
116295515
63246225
56472290
96671519
42182375
23438664
45006808
78764990
26249969
109419624
34689980
39189100
34050356
23545799
53705544
20516068
105664462
79290059
45468548
42439825
41013289
35098083
22345148
105700368
