2150739583
19873571
290446989
2603889039
80685646
15263852
284566326
490665699
1549209216
381064869
2294242585
361486440
777982788
33144614
42253948
2348854676
2880076528
60659498
33913569
211690012
2690389014
296185379
2829766659
350958562
27015055
519295123
49440428
102465858
32584728
3417830067
6708952
557605807
47646874
109375915
23940919
233345190
454843107
53110255
21997214
20369537
17651596
441967359
78603672
195714818
34415870
3063915417
418091530
1869589988
174812418
558720600
1675951424
3308235111
23519852
226105842
36724337
353074470
16273831
57320024
95879105
1326688902
69231483
1020002551
594616066
630245641
291198636
179510996
571488988
170932456
276611757
89168924
22428439
80571413
39224882
14711491
60057276
34195709
3993744377
14186660
20245756
84300505
783355554
10880202
49609181
18577269
33867586
854230166
546955860
591199720
22962807
173841132
151517368
37635318
20923274
380231827
2766007172
1729919850
466762291
23289019
16213437
163072833
454401615
108707891
57339160
2936714848
232496437
370816959
138075752
80862758
3172487259
18099795
571202103
24683976
2319065503
4066521507
1539192217
580098151
129004325
3064485958
159316844
186575267
19488837
404990619
21742742
4002200603
123334719
14116882
2658569068
552514054
2382294475
972333506
2443060639
1968530983
2719803561
292981180
1256568349
124194933
1182822007
1364096437
2851256230
168189173
249295155
31210550
179049641
122939004
26528806
377375186
16140216
314262203
342685439
2203666018
1454970542
102107308
1247657156
32697764
3971341516
945834558
2742177792
50389863
1069002114
3902184262
353225544
3438296716
3385665867
263157859
3375536866
355550021
563881363
3128889765
526088668
20606739
2711039606
517515657
343888869
17667607
221383552
2317439701
2338309808
119114516
413297522
14780721
19573664
21405560
79320096
243590562
98737609
3290388051
105085715
423836401
292878205
23544596
381618637
807992641
1430797622
282981965
171838706
135110066
19276633
2414093732
2062461
863109518
217045162
271490635
1076659260
203038244
115230001
2807127562
3665421147
34713362
360328970
278946331
2166478170
424403879
506486097
62123765
1008693775
117777690
22421548
68659708
314754247
14190189
1070597580
1629852061
16558943
15263408
2609509189
48389744
2496008858
255388236
31227243
11225192
501489251
905699588
158986096
183396656
383286237
584422075
342748363
96752784
438200082
23415602
2833858359
3391699133
480364511
255455160
613624077
1476905742
313743136
359201971
100480340
4970411
122785435
3421091777
2565001830
2841850139
236526490
480442705
2735580198
82095899
1184982012
569053466
1372641625
19066345
18807671
2479907900
32493647
17468569
32573628
15969172
3329136273
2579315498
2776113565
1433845741
842333107
190278200
2535746148
2301485580
11991612
345672467
1733926459
137638516
68784803
1275070904
68445310
256589915
1428013574
1978055664
296171455
2919257502
24889586
229376164
542952303
2400145453
25902993
2214145544
1082745968
2575119684
19545640
424923300
877135268
53110223
1347539545
259909904
417419122
55527489
385323780
919196460
113398253
290708516
1241258612
740515868
88219894
1598501936
2579995712
3272702995
116664404
270956213
337744808
37901739
24758341
2264154332
436568543
257569694
793797547
23584333
343723268
3044817903
1857656642
1734772086
281987844
19062183
485287972
3004168229
3221442469
35551975
20525731
27962503
627050220
42932787
247809084
159097212
1632440846
583549576
48076741
777380491
1102342687
1320577496
3247974676
1334892494
2534632902
75828927
3323004501
2786116823
427900496
28094117
545127106
3305057613
323221928
1006277850
115474664
24893068
14844272
20276317
14128641
3065929617
1327504387
1516864836
70477312
1637361024
41603348
248186795
3232924232
2597823481
15353368
390628590
2960833763
345940950
2984213975
1536938744
132179783
537323567
1568310157
361362253
2751594014
22494418
21390052
436059189
614155294
3299532357
926041836
100965091
1510009314
56382058
3061329221
2615267912
386906604
27212264
3297660333
107993690
2842702110
11570562
307808858
1269533798
360488800
135160983
3062354014
87917348
20045552
589929708
60726627
48098166
608231209
350369414
151887411
43963184
28680544
3092283615
18502766
232276050
1390045662
143779403
33546465
2839499103
403761570
2487371089
1536791610
36382088
566275358
552212148
2473902109
1565256427
3110800479
255043310
56146520
390680566
1949854220
325450455
987109124
3224596479
564436110
38162820
245849058
179887262
166192075
412978698
1060578475
1110421824
2743235982
192502203
637319818
22547762
254003946
74749628
299878416
69309600
2352032185
83309418
626830836
126411500
80681524
253982906
556875827
2569812017
3187824700
515761137
2913932115
22128352
2480092783
95673988
724840075
24986150
622426905
1155522630
831311539
270537613
20651120
308245641
3168825670
63421565
98320342
1156632348
2382598867
17539739
346785139
33705467
1879353258
64498695
140011683
529141167
3121700108
245978665
1076418974
23967554
346750647
529706955
2232398257
809523745
48048888
2994276742
23325965
39216517
2871959037
2318036744
14118715
360490001
18243006
138390834
346284520
57079090
36386274
3151866677
105107549
1092149654
29325709
1594169257
546116265
307034323
311959151
399392048
424951144
2734499245
39262516
886650720
2415850842
722634337
177183371
3091876998
90379972
26998871
370987375
78262975
461227649
26700844
44115106
859959440
83567424
254254921
2168592308
19586080
111124363
318765422
13112582
119709967
1420707852
2342431682
124436459
215435356
113738230
863405239
293969449
17024780
117366399
166152151
382253381
191076544
2886668001
20928366
295713773
517821944
97170019
18874097
33300246
79173926
162044153
32439211
615578778
168090600
14450739
16596200
454500254
100116169
21659315
780128419
181991153
581715767
610659001
955918934
70156298
116799581
346222084
463004381
167391381
294798600
482133423
21002081
193645918
481976633
369504509
583940733
2829583762
16449094
2613453090
609932408
1701014893
3004112849
163211329
42916562
587098253
2217513355
2821108595
107075223
902878358
14533238
2876243771
774989935
14075928
297695587
2294516912
2382022178
127560228
15298207
201646190
1408109124
2304242481
24256468
1492733112
31358602
23438133
101844355
964123213
252122566
129009730
1623880146
140610239
20735282
17755342
25487710
1050829627
136734445
1659884682
2793476515
310757474
190301236
1355293201
92297245
145680007
20456313
289872895
16965934
1533290587
21467027
64366574
429841333
39099897
1241542706
253240852
552677523
18718676
2611094318
56986275
443920105
1261398762
79243042
77224096
355623405
558835171
2258670614
19980947
169864622
19962737
521158499
484968863
2790658363
151882200
30872787
1245545677
743444618
602848679
296981593
1930983480
1949150924
161345146
16301873
127625168
1158026587
191878792
262817323
1285858309
579854667
704026924
238644244
497298676
2953021036
121453560
103822311
901632492
32440356
14947636
402298910
54973429
703491878
23990406
334315833
64718070
1300328653
2377298035
375834829
564748353
592673395
313972455
745339620
15209862
2875024019
2817054324
14463924
2385398743
2529675708
172683184
208600933
36918785
34738360
319058805
47996889
1621380007
155325519
24019986
6539112
575457119
930375241
60848595
957539090
402269650
619791663
171475038
425089203
382715011
2988360359
1688254968
60361290
80658105
121999629
350341283
2406760432
1492154676
195683950
1548953197
2383971140
22151476
114410202
1073757824
2804205902
611932627
1391688272
417975170
2371024465
111278101
2748921511
2885796653
862657141
53880644
2874825754
13478772
159217627
364179361
16211073
19934731
100296040
19657120
295421748
24873392
2380613922
2918024476
500704345
420227919
2888366337
50877987
2647260626
20454896
18553460
2709980980
2607599484
2891798339
70442413
460146939
1260176245
579711170
19231117
1669352653
315140738
325483190
975893461
585708779
122392884
16448936
7239422
5404442
14365202
9017382
176420613
274081601
367875342
351077887
2693212650
397938481
216453387
512554477
628283213
2850163038
189324962
1259089976
2882781593
534222221
2571462260
20282689
1356193105
1605909818
15866800
16510341
1978753322
15287939
122475762
124889369
41149214
2832354043
2844872933
20445368
393285762
830836838
70588567
2473777274
41218184
188828844
538173841
125327360
94667985
916904058
225414731
522250263
2760019911
58257664
976598653
410611862
2858809011
1532154876
86341383
2742352760
312351729
580064411
1088609317
220183960
2388296609
17152685
90311633
2558747377
19754094
78965021
136187446
1488668796
2273820187
26857202
20368493
906361825
2650351980
440486692
39975795
350752986
778896974
1879922382
280557152
369419315
22802666
87922484
17919972
49118928
1875870338
448815063
16339236
15846407
625489039
1857726888
2308433827
300220091
250242176
62489153
613581916
40624672
33545237
1024171898
43366642
161029470
2653613168
124170781
123959993
1632652050
46493368
21810329
20500884
31095375
978814999
2769971972
2496157022
1449147500
323954578
412749728
36712279
51188759
2395756041
117007711
135983428
120586416
2336676853
162326258
1650524606
19255050
18008730
2392613534
1530111409
226139693
128317474
320787181
56041580
39468524
1878359768
18347200
949279837
14886176
632923508
19954542
126422548
469035001
62831161
68944050
52931886
2451962965
1190922218
122345999
382145536
219294551
16347108
1172301792
89477333
128550900
21588879
112378130
2615360059
511761836
31801473
213430249
2573006412
363724934
849728088
65044131
19019501
233606438
1158680797
40226333
155937325
567334157
2303700578
1550196307
951348098
36746467
1269826086
284584901
2601916370
84480308
1534322197
2472342586
2419430810
541872287
395529162
335868304
19700031
26303233
406863450
62498360
127472568
21746453
259830189
35870169
396430935
19283137
145692441
166509226
111313623
1403905920
1872371203
2294364337
393673502
1658665848
200262214
1249628898
1664757212
18642074
583082221
2573580810
90289733
72591942
312757790
192145819
540701081
988873658
637223978
2520865461
20617707
224225061
15735186
1248413672
527106940
237777449
154140028
330371738
354729119
86664924
1006011949
20974456
1363772713
399266384
144162491
405037853
254235974
843162396
385095990
190205219
2344201918
891030114
437862377
19645791
369590254
2151671676
597324463
92346621
1707854317
1506336780
1651052407
78944015
22306482
488616152
34204899
435535623
1647573157
1346626063
2385641946
2341757372
18336459
564634722
1930239816
515922353
2458152661
16244517
564818942
204970034
993176990
550244993
2470552951
349285243
207424440
147184080
302515677
54943732
732363570
1168306298
1553569153
216661479
14849816
308622604
96104097
2341887169
316629602
2286531310
749963
1201551199
190172752
102475067
1953999469
86106988
259248007
114704539
1280608525
318134495
215009886
44444038
2298628171
424884098
1571270053
15925179
1436109606
2354550968
1044701750
102325445
544578960
79151420
107024149
9271232
166949267
102696964
524040849
415099566
390829801
15015598
282573675
846431918
611899080
25801301
460042331
1020686306
1678611595
792316808
126364703
22758370
1394617153
1614702271
15076088
198329512
240629853
15011672
1864574028
2384898895
1002041563
1857561595
15483296
61542667
16217319
64991482
564157446
1259604578
1484826853
861518221
1097967420
1008634310
299115437
1655454540
460908457
197412666
1725609464
538270119
65664531
284066524
1886343938
16227629
478813215
504465785
39219035
19038395
159045371
140897183
2264530542
229496826
239831830
86135124
18400634
904127059
978282954
769448238
437370831
858026442
1704030108
92952111
1857522223
125291350
44422593
95652758
102278432
758891804
544060056
1852532822
15146044
917060502
417716550
5984442
1735312164
2233081153
1226215670
2219532464
271010827
36688694
567204395
1376217835
208912793
389980486
50360725
14677117
96941094
209497469
49044100
89423018
21315031
174272458
109605157
33941799
365491792
484835337
62496728
158779929
500133474
459187833
1123128290
18726043
111423211
561911168
126673023
65157507
45413510
45689196
394789620
247964358
2148657691
19118801
101899120
14569796
374602898
19442209
1901404884
428983269
582832845
130248995
29440556
529720025
1207208640
75253222
330253868
81664684
462763812
1567967160
103432052
1935669955
1722650852
234422995
65750030
1654939134
15848867
125617369
177617074
17292958
75302325
322869299
29562655
208747547
397227581
22003540
36384764
277920665
277985183
512090658
317111724
44336603
166955355
1548955891
617526225
19647329
326665662
78715753
1742080862
30378270
1004871536
15979318
360161737
1683458664
17372325
23754018
414266785
1612651628
38720974
919914900
273984889
309662675
29628889
135237594
47958542
63676248
18676177
234782444
1393012399
111628028
20780902
385861312
351130806
886921309
43776416
65045121
93228622
1026709608
1166169608
49119570
278693897
531357192
147149131
82068464
18949977
68686173
926115758
32387946
19662718
566729338
138866665
1408341811
940353560
1322129574
1504392044
1339835893
1088902500
140955302
786836742
288955950
118997661
24223641
402642526
50631042
134871575
18368676
1403435550
1203548048
524737262
1171177160
1307611178
1421379786
1093206582
166834661
437814330
21084719
1151362506
222477446
19397785
17650658
320858638
300875329
964035774
1192644307
81067448
757303975
203971029
257631775
178272441
120257330
897457670
22166017
344003065
584912013
424096801
1019549610
1279392200
550306976
74138761
22881299
1435461
174253648
39461661
87188515
819612452
1227483475
26252948
134093918
144238332
587541461
842333130
295640370
17082714
365296200
74625926
112541479
93174979
38840904
22670999
321888268
82960348
775498040
1214155260
967625406
22140082
1191254905
77220402
20045134
53397218
474599043
1110191071
161243998
165552004
278067909
749207389
59101222
166230192
993498385
148529707
385331513
124146689
928555698
730251330
236127626
376810460
108062719
313933626
96139543
242236450
897890078
250627805
11852772
26477224
316994994
47835039
156146621
17960338
237895166
487833518
20802956
827763410
191234016
596282368
341182645
1017719251
910335522
254711055
211086005
98853413
404050457
29213506
966918007
18945820
521231421
899998736
18201377
1001807802
84582815
96779362
191955730
351272064
438241243
424905958
243821406
31080039
137022165
388856034
22983524
59729401
343253041
415599503
103830916
129474598
931800613
17465796
14973943
863297226
75762086
459324674
501592891
386259832
20704106
105144171
106816456
22008842
275042451
873872268
525443646
94809269
40272245
608939848
290999229
251555590
116872306
94742476
52789659
181912222
532430472
373949294
143047334
264037493
228478874
88548080
97498336
49683498
202642892
14147626
92067857
315928183
17481977
31405686
424127411
277955580
354877943
890704052
921759169
14072388
214863186
219266680
80681990
715897837
910672590
192389493
87174862
103065157
11694542
177153378
388954439
76972169
158004935
264477825
932446861
235911593
524564526
782931528
17644969
144148064
460257434
403660359
880843902
201192095
15778426
22473844
304891611
109159309
494855838
266456134
39322371
465553218
16917312
41387380
276974151
40025121
15202483
62819254
163417073
882081571
851132232
110228121
472817646
619076499
27692596
540812894
15197262
112474129
856587308
583663862
490304932
14845727
899133445
268992450
632854197
279209971
26480747
61034664
20686582
50588871
343486880
819843415
113583713
68382599
166287856
497982943
469322611
313567087
564941281
14097382
339872087
29182487
282076470
83657391
61746960
278236303
532284837
552814942
41244035
240815943
51746623
454166844
26067938
516918932
352781948
164711357
111311246
39713792
61761670
618924351
708164754
246841572
57351608
82633739
256909712
377978413
233041292
210088043
32270896
237189703
329608652
94105842
278680429
254114971
487352746
606226783
377350386
236462970
205605982
7385462
140003488
556863224
194826603
757394281
288743012
41814169
201201906
262724365
287269003
777976063
90177360
305614939
188314157
40680478
190162349
771493321
27685421
25587142
255019703
376211514
28079313
224198041
47636400
561266861
557746406
14197060
171000782
89277728
283962689
22341950
123616345
544397215
153810216
36487596
498986721
347459529
569286383
36329597
577134038
183244245
401151447
180220420
497694608
105563644
28162096
15228978
89518302
20987405
262082115
32358296
217038862
43985337
68484306
61536089
272348642
78313349
74450298
300270852
635120200
144853604
206531402
193684475
412131884
99004419
37658141
145935897
301026859
742229288
44874400
619681986
80680473
53647997
18720918
91870534
588635818
134152212
20239313
22906929
75002816
612473
16708655
333544186
52373365
26796094
289286939
424641533
18341432
413355878
221967226
354283590
200434886
48501265
19976630
162472533
412148701
326808020
382666267
202169893
374161809
101530940
135953209
61447425
611791931
169925656
146442518
115701485
627339539
276224538
18567583
518195601
50303152
16474781
28323892
22667478
16011221
21417334
468420404
189376144
1002351
270403569
412101247
250765281
621837625
15180315
486564203
12391912
17053532
414035400
569921322
272915485
54986035
561975585
28089494
570305463
558024806
437873634
54320669
344714469
552616919
229112386
40238442
193313425
105800463
22145200
23745634
138559639
69542741
136263204
427059614
82093305
19837528
65897559
136018934
468681826
601215700
102434818
107755674
152173348
176458645
219300001
15687090
17969659
116302994
26985345
265401837
17344265
19743924
44579763
70696732
160505755
496753477
278613829
3512101
461495149
88722311
49585215
18564889
33249457
274086587
393963910
22170570
540734980
233209762
17627061
32211808
96735431
20609518
387225416
343364405
35781487
185183285
571117916
357373868
442832665
20992801
18754412
26048311
208509627
248288896
169491614
65357102
97650875
517984897
475677069
100828687
398501441
575586179
32116130
150400398
16573839
269780552
100540710
220935113
397975690
191111643
19968812
71000728
198584761
85599428
15545560
119743937
19091498
214104087
80532808
257099659
359477266
581839650
493126770
285681923
40220754
19087569
240202308
61736345
63680309
577014640
20427568
499781930
293538523
17062358
81655519
578390632
24444965
59460397
138742761
17387329
159480657
451586190
116063765
19664397
248181708
576280834
557563661
561126205
29424271
97063201
18988058
95370820
340381562
159098703
69328538
179041038
43202799
28265992
264411072
500738134
201169263
538828391
18814998
19823542
332804894
49573859
483236461
438134588
22473286
391316671
105989119
69561320
563046365
410070428
19343423
229021298
508475795
40457984
465639211
562788581
146111576
188332701
39263607
151174319
45579282
57264406
15214543
271534810
529097431
109224937
274985598
243236419
193282728
25093470
199946082
532247573
143087375
141576773
19538776
19722343
93618680
153004670
69009086
14761795
172325520
83855918
356429740
441938188
50069007
158300150
47331384
84601364
23030211
70628657
532990778
19335747
31718340
120529954
533936410
19108682
335831170
500161592
12752932
531782526
115110939
142230413
81574627
21218907
159841369
20682165
199812587
46516193
472768649
57341938
245794096
407021060
347341831
20995648
19873050
467527519
25249798
393950969
398114261
74802154
16906514
372755940
146006944
168852799
456665124
281389691
88708920
59222801
204711280
154502574
33852508
16417021
22817068
87442736
123109597
25387183
456584474
56891751
19595532
241930931
319593936
233973493
87663848
14685924
136004952
502077123
119049214
17045958
14049061
40888369
492285158
47936893
14254687
30948908
453893556
493254901
437368160
107201301
15389694
30257834
21576334
15862891
34673698
114824762
70638743
226281344
9334532
28571325
224261527
90417225
170481681
113632020
417856150
88272944
19019298
32372834
17488526
377661864
453991866
431609513
460046635
40259056
346569891
437546654
81810764
260928758
37601149
370635090
101712079
17676426
26521047
422676538
17418400
260491864
55078954
89711639
88635537
23184591
87922339
35749264
17835445
312677640
205439847
211263022
44583279
15792947
19834221
41409898
426661745
113009443
20388990
176380362
129883416
72503803
7138302
20236206
39513315
38435098
15345179
15861355
19889716
14697183
20583579
20280065
19226651
80338450
23937508
149272318
376776031
258269139
21713090
19910826
117052833
461080959
191089052
343310221
59550481
32522100
159931168
407636458
23510292
140137735
24224268
31108067
408454349
30385952
78408346
171496247
93893633
234018462
12939212
336073072
454596775
24674765
123229481
264124770
55218051
18017198
98682244
15143541
15482365
65339733
28471924
221344519
130125655
44578328
48338576
102690477
40932856
18609088
69355551
120096860
79133987
279010305
267647416
32443096
119160803
105079368
15955589
16063883
234668137
27830610
277526005
166120785
26861254
44105061
83814679
20019009
68654425
108315250
11680312
63996157
69279164
14135346
17044207
17273355
20732895
19658826
25390350
92027622
81813733
27212119
199245142
50778320
117159195
108299090
128601892
451743267
14431633
55614450
18220539
41148876
422042612
303339927
125341608
174049547
59722725
78615375
14869618
423589658
15465521
441065475
22180499
189321763
292988442
54206317
369746571
113320097
146620155
97249412
20551702
214821759
350449747
38518844
29299946
42953038
22872308
82837334
95428712
47325797
27681019
25115550
185311385
281013591
86482553
425806753
351577390
19242404
14069797
327684727
249645086
236111720
51998285
249670742
23256153
92475625
20212944
330337456
88711847
151820189
218825388
94083901
260760132
370589204
47604914
149531849
105593723
403576718
389434876
17507347
14353202
18048053
15188209
22812734
47590776
14559745
41405412
104213174
310630578
23226223
335536869
18949452
409943279
83611099
45830499
70703740
98357151
118626543
51850270
130909728
18919165
57363819
40065170
32133238
18968956
328634628
19111767
36670025
33098495
88776580
135187648
18038892
18726763
58960100
48476482
18760893
104728023
20571531
312105616
312254799
104211110
15353955
15433693
72510279
50101725
161585324
742143
29264664
19530134
24158257
63689362
10742132
288337914
21910500
72267496
56967720
43289988
226195230
40680645
61191571
14073022
382568836
326778162
121824821
30148336
145248561
176455179
44344179
16683014
360510708
41808962
271978405
113111152
230706855
50620016
20687108
78615346
356342464
43849753
284584967
168760005
271505240
330349257
301485451
21386695
23680334
91402697
274939154
376747058
256318338
202609229
193301414
157981564
56844220
68999404
314530259
50285664
109669677
161801527
367619623
343267635
142214762
45667380
19968186
17765323
29185467
87666965
5120691
14055301
281481684
36178069
370609430
372956712
34374472
105573429
272420512
234405748
33852055
92863942
21041166
20379080
135388468
108624581
16511394
153817010
813286
6467332
29426700
14291684
92654013
14700117
20326751
232619144
321870282
29669615
25488827
39616609
28144707
339592888
14077430
16348549
42191735
136288132
14569869
248397144
19534873
14157134
14190551
28567809
121367094
36683668
232193350
239966059
20977851
77847311
177570143
14800620
156603612
25735841
100747431
102661215
17041719
204830720
153774742
17004618
174687065
38401173
24674124
105880024
18203224
78908079
34570810
56420936
39719681
102934369
182338237
81052454
90636107
80803819
132574665
164630559
19915362
172720961
292934458
47506106
26336221
18160106
129013707
122152355
172280127
174185725
24447643
17899109
199316571
259330618
236842863
79579341
242492371
292909270
70454992
78433570
25984418
61183568
130417175
21581503
292403049
130912181
185293144
55245448
12089982
169021842
289968193
14177174
15439395
13496142
33388399
201720317
35810531
20674741
38630618
24671422
27860681
27029338
27845025
36924745
75069067
14382779
11695472
50393960
19649135
116763916
12594872
40723249
45249172
227676615
94628304
20745767
115099953
37926315
56792882
20543416
27000767
19644592
5402612
14224719
174396155
18721034
128216887
52124856
5988062
32485730
196521046
19977759
22041756
8170292
25657401
115643685
61781260
19537107
75896448
15580900
15673183
32369044
74265849
31711213
13201312
