97694385
341722067
408454349
764508991
288357228
2977849811
2484580446
258876311
22191571
16937262
2784113417
4190163196
4166785637
2841826715
3294097949
4137379097
3399023392
1449044306
3084732521
351885902
22244039
2285105610
3248881547
529790234
181904323
203666393
203669474
435116870
267293635
240202308
22398060
569915255
295283950
41635086
284566108
273481527
319675272
20362684
48741041
150013898
78905469
522060981
3387268011
544588939
86798250
403652763
2463180078
42230810
109288334
146911654
2964580733
1628763775
3260941786
350518196
21682727
116514032
32372694
34293782
3245013815
20503758
40325735
11348282
25097735
36917686
2838843196
311619290
167711000
19346439
1511161626
109527103
2148639705
3169050840
461827669
1164228828
85794542
120236641
105800463
3190249186
79324573
276466372
2779226808
2425571623
3131179319
592929294
20475993
961284206
16951694
113682356
133407633
106061575
610028948
2202061018
101826539
893109378
99301684
3219301756
456273040
209020126
54268547
23667101
604529523
919043538
44115106
2771780624
2180198975
46220856
193285259
185342048
142633625
291903940
21301410
88252860
23580432
26727655
886615362
22660634
613330883
41089376
31096204
220755634
1024359402
2774316257
1319117268
141012888
1446115454
202825388
79202615
361360990
2953952385
1293005250
255194500
18774246
922862131
21323445
1249555416
288621281
19499232
1658852792
21744554
298704150
7412922
16596200
2501094812
14598217
295790580
2762758684
2435973942
233594483
1363168878
2826085063
135274774
334801102
777976063
294231226
150632163
2514650010
187572312
6549332
441999092
162472533
108352527
257458719
333502135
221338206
970494883
119601915
791974957
2873494803
13868362
2545809368
14582160
2911459258
260497825
331037704
455667774
2905042533
1598644159
19978049
222536313
19562228
1854599515
115412273
345401648
1249160790
26470625
14353202
2284108934
64438872
242670355
1978989530
428333
39523927
16613721
16139649
18034623
284549235
308970899
16823557
29651785
58018362
575294143
1729266121
131926473
703741573
247246743
835608547
20547642
23591154
1536016616
112847907
303127473
793352318
626344295
604472778
17484243
19925839
2596599356
103550181
132881607
211994193
418623013
248844352
201226827
32360949
16474781
1712611620
1284146730
1833919200
254238302
2763003008
20144147
1314177962
209176493
105531908
60664372
379476398
815306454
58432995
142724284
2569045848
15439004
102488959
136638179
310494671
78706973
139523601
2714890780
505808954
1223389308
2499094898
503629481
153942557
72671851
221455549
46771455
525994722
12003282
1361454241
513272842
62513246
15762794
2453263154
2377016844
2325859765
22407025
37910060
102955736
20548710
140955302
536681398
2505048527
2364786337
582953166
116859792
15037903
475212266
27688865
1563573834
283682540
19996537
425206230
22025945
1305318744
244451832
700116202
1323058034
469358921
354875180
1842866766
880800066
17367799
52047009
351009963
2292531026
27236552
313301318
192033394
304399206
1128071294
41154727
576585932
272851406
248244332
506454870
458755370
351682026
418164399
122014550
49164802
1121931865
229235362
434943367
301850119
185306056
1484967949
2473535811
142612275
854003948
2369225299
435973477
427616269
52648562
371125201
2409713427
457396696
478093573
82853372
403488296
23788085
2186822970
1421119340
189107137
1101335816
1969630836
32362775
288757250
425709913
2168565823
52365318
123899580
25275453
626669040
450683262
20311104
9116332
70332589
476143256
380956095
275246179
796604419
19631460
1056725430
22375632
900063355
20973388
11053742
152656121
282106165
27213931
1347276540
123828557
87562872
2306505266
29445631
28556998
68638267
241643059
387906848
979268442
23604024
89220598
72593650
556629230
479392072
528889972
102812948
145543256
5838002
25587142
366497984
141137711
1498853917
149200804
94576198
20526449
532344785
863297226
18936661
65390414
192178912
602214201
151920330
553970778
62504412
930789798
2312138498
42478061
67038030
376819013
19904143
251266131
35184576
229113433
88970894
448854398
298773433
59169629
57013363
35737385
143145579
85321689
190383002
1371525726
207531430
1470773682
20440605
33128909
439238408
23946584
585887290
214924806
50303152
265350440
206172405
300268566
414658272
19395472
91065432
21514100
1157746406
1286704896
113660285
404728692
348746284
1441519501
1004220360
213437454
745686422
1103227968
2226953176
1897906512
621045080
1670433744
21764385
372805464
51814262
410059729
116765012
18629613
249334798
700652399
586004207
162740947
19287037
19536586
20204789
2221171663
48743186
949435507
470489295
15974328
800084330
41744574
69286547
117893197
625038946
112829137
408565949
1470439177
20974816
239545080
449581188
1655374440
583137978
283504463
1103910253
779942924
312610856
2196201139
828847536
223966313
396594570
81104150
510776345
357387757
211318987
86321115
28073264
1123442616
35738808
22621511
18776593
451179502
172432205
501051011
24859220
26852501
544312842
1498385743
45413510
351440541
823030158
1685943258
370033792
22022641
42924530
285694823
14867598
1448355728
245014679
1219883695
116900380
214645916
565542435
18046301
608153036
2255031482
200975703
173656941
16984207
1647456630
626406962
29190753
1570438506
260834210
24789653
1591056020
316473138
1511273436
445452143
48809771
625033043
194488533
342719985
1392881856
143091584
215614851
19372266
176417651
28978705
929380430
2173779986
37454036
839230206
249325107
1222450471
397210887
141250683
374689471
15748686
256647279
30002070
543692921
1345554990
19855341
82097756
1565256427
1135477651
625470134
1442058246
129746542
20055294
111357968
444617983
102507342
28236061
988837885
457119285
246993582
260666083
250031385
2242655965
326184301
202199553
20478197
1969449174
61128574
393477857
539094773
328950198
1572819242
63135811
50977745
26537356
356258244
374552787
2174282893
66793906
464249442
21439144
86767644
1347250338
1930239816
230025585
19455124
91601463
632226095
352267229
131829418
1556140357
254754156
18064237
2220384913
811554984
2192621832
480744753
287380319
827544290
891940824
81940562
2204603617
219372933
1674395238
2186755171
124270074
108553370
1735297770
27106832
31754767
332301035
231205097
20769759
232132052
18643022
19092062
159462415
64715396
281973742
540812894
135180054
1666209224
1098907423
31889376
15797067
144302828
28081719
20611834
98627870
134799789
409348431
333302034
111048814
1138150616
35305401
222409968
461531373
361935207
80021045
63163290
1851379532
19066383
198540927
195702128
377510802
92553021
30272052
51842872
87818409
564694457
294832366
222520608
598463193
1140215065
399397538
20866533
58429622
635434796
1438209344
1123642628
14809407
60691083
16866659
329600798
1013036720
1953920598
142728197
334537972
1272126049
1289498142
1229952829
276616746
380615331
180706923
21306606
108333765
98373252
22691123
534317666
196092854
830965736
449588532
502908681
6482222
200668262
829315062
231431466
521784574
173531839
20369064
1541278598
397392775
20593735
373164085
317877251
478026397
34463295
90000361
144193260
193071149
137022165
130203175
7432022
80942743
65951515
20325923
29267629
14567982
618550071
49615510
15010349
90219306
110705570
19554801
47408762
241567641
303130868
19935824
1096053972
116919768
356356682
111628028
424403879
142698328
1296863168
70824218
190820228
80411320
1087357369
832772270
80862758
770310314
496108786
351016206
1372106222
19682709
227023883
903617238
179911030
17061815
356797811
50393960
39570149
181141322
196518427
473142922
15358525
198152252
19530289
71659529
26278808
440505342
354220057
104024558
149937245
397561971
861837948
374072640
35270579
19816812
453613345
162752548
135606837
261711452
86024891
294640189
16027848
24528762
1185928453
1352560574
274934923
234884180
932793972
277722093
21646355
138338401
402871933
336162378
63810279
122412964
1081041930
576628775
231568767
426939257
1478099814
232240282
25822977
430697581
20429869
1707427058
631134998
128563448
349204130
499292253
222556688
58179858
148515235
27318357
227348327
161080029
463169413
398629033
84912257
296720768
47945492
304469761
1115445331
1358913422
294379576
19924134
513422470
1687900830
351347712
969549690
204864531
451436778
360199374
379883668
866702268
431023014
603923041
263244696
905773603
231183280
155271697
1333656362
1563716112
17296202
610242793
117408300
137126638
1389425305
31744602
85107647
221423977
237422881
626361745
46497675
886429958
89194988
195903450
46446850
1045135514
258410451
613469003
479351538
221710101
776031254
391195089
1140965738
71475416
198616344
1230865136
937019478
223978994
88989097
20143684
19156114
531411145
135980655
94840360
398074178
243307689
309126590
219734743
213412177
19106380
20243337
1006328730
29746583
68195102
126447859
579059679
456665958
889503852
22078670
309091588
293720189
495336990
802357507
230554840
61046587
29975006
42501345
53331618
67692374
615681318
110240503
580419902
260465318
135139643
230496228
1334958234
489752789
433700512
1542245030
41207841
229775006
186377461
63525135
43754725
34415265
44747043
45330231
113078447
810017635
198821949
5910492
531750633
288829295
38162820
17387329
1283058806
172953973
22521627
550203175
144839460
561496244
1336461188
323490690
1048585268
441037703
534622304
50580846
563899177
32522100
935883301
14769878
185713540
1454247205
36762689
1118005249
616221476
22251091
23231174
294140194
23202177
1138912045
119085592
731038483
19906615
4004901
101336584
270034151
58260630
473410399
148427785
27613071
27545287
316608911
266026963
1362791563
112215087
490612473
173206474
311189812
116273314
552582271
15486127
16126957
326652980
22940205
188326797
20995648
280794982
27343173
270459817
178822676
250418982
142379057
110457562
1052734094
5793562
133236916
1048632992
48600145
157981564
410051916
225038441
20781568
153914284
17454091
89978766
202738931
1080670154
149145420
1384636117
498030149
269390546
154485832
956447491
587676457
171649545
1392469034
111371442
14373889
29739553
26221759
398054082
88777396
1325226716
18370626
51257961
306128912
365389397
60021906
130640704
891782808
306315474
1079854597
1229612550
950502402
404431441
127666780
632915700
124609606
20992801
175056680
151267290
68452043
182138772
136754359
322889483
105293776
255903064
300306751
392338454
1187501532
402365042
236414444
1369378777
866695010
402370560
33546827
776827842
41359434
233735405
62123765
251396984
614512417
18199849
43180262
30025358
70491385
437444760
426616565
173968705
51126709
323288901
391906015
249634320
55821852
324370218
90962704
361245304
19876850
57906180
498776216
612892765
425157107
157461388
544427487
580522990
359964702
20712162
33499884
145671928
141627109
750873866
581026459
254031557
220426702
20281540
162066138
493204107
21490014
181245414
20728841
259744988
712220312
196636981
913957951
284105951
80826461
453975470
32462093
968895704
519732991
557953352
387738753
238673113
780104972
277194766
72006485
300988170
198112204
239423711
465483649
23241290
821511698
151202553
16052910
1225696320
167811348
27688303
90146016
82443563
15975081
304510244
114836724
28419340
45912288
214573988
360594377
453240080
482971278
975848828
131570577
707727883
17874544
81314012
111554274
17442320
251769222
20148039
419784438
53192488
23200410
801990954
426683498
1151252660
2679991
977250697
1278756061
159836937
23240517
83866738
327892503
88728383
133077107
100260784
188686028
92820255
50610610
227818863
56395695
478113586
21881506
117668291
114578061
14291862
408445751
95020629
183798270
20842326
481029903
36735543
251135356
375281710
951727189
256577900
71323792
636376118
147751610
309186875
215252230
5404092
498068888
900690428
236353858
403576718
623290576
19247378
20381299
86664924
239503657
801293096
275994548
494082207
85368735
34579324
134492423
186154646
403275379
914071538
20788456
100072931
203100967
549942017
303136701
132117304
14203660
33477908
117783032
441737120
6027752
16935593
555923006
204040422
249091895
45189738
19443357
46804571
1136654521
133699584
569072650
213698858
54986035
81819139
1117871347
403761570
20174983
51062977
18938604
58794724
94215670
20443209
133360739
272894338
951840618
311986618
197518793
453161911
237730716
98515244
65170288
230192466
23713069
65441256
231542043
986313636
253325023
154584170
217616314
863405239
56103593
32965648
187644040
322248074
507666277
527645320
765303926
286888215
16231640
23219718
30980409
13345452
20022608
114524789
566158500
20610648
731403565
474425434
354914590
41436702
268959768
358366491
58258157
14190551
19530413
182295325
425088489
344119406
976485301
493508744
982255322
65606868
313203786
210866189
19094789
525595152
49371433
815830746
19583000
72070073
373615424
19205758
303198283
21776653
11486062
67422858
256963304
103822311
631225299
104845209
22539870
139203236
418194470
14810037
79801266
439001037
19180703
78648493
19287584
126664172
22159928
222645111
26657227
121141796
769097582
20843685
18668857
247815187
701868098
224845203
11562552
371252047
1058898110
89728648
148437499
138707415
142349194
102076601
227642835
630301227
422212777
82948452
41574937
155230114
339249695
274670222
40010267
139459763
19394186
65409111
312673661
73168686
113351350
14258564
264547626
255683794
240181668
406737805
20143273
1007441179
22166494
24421754
225096208
434044033
255665379
51117086
251248101
602317143
240751445
370198411
209944791
59726440
202133442
21137491
331762734
15580900
69870134
462092348
22650749
104817597
343129704
15473762
305024003
445652353
228445720
40062732
238135007
997143578
35333563
256511126
410811457
982859904
40078375
20233133
420366322
158115089
885520076
562780440
289341386
19563118
20169878
51834209
126095165
65403566
19698191
81149058
86039327
244277545
618242883
93964197
33300246
33653816
110460403
33177639
77188973
288036575
611585332
279513123
311805109
409537904
36045056
65450789
42706811
358204197
895370809
16527648
496949253
6231742
123594649
471924365
23622114
232981710
14943596
79999285
67585754
19637412
561430822
204003237
111411358
488450670
103375095
835539798
24444965
492285158
630316521
20618935
369629233
13913762
103065157
14810076
200836895
221058598
222747023
392686274
114536766
166613942
37921383
380100614
20233092
53110793
533314945
580591810
5839062
6410782
123223273
272101282
16973333
174292801
136615672
298571402
191383270
30898870
333112020
19915362
76291358
337781369
388375389
31221170
15473958
24901827
243330666
717754718
50695896
256564842
21157590
59213250
23005014
101828538
170464214
518706144
471287735
101715738
397164006
494988754
20479813
37397798
709291590
57368925
27029383
203665642
246364153
19562104
255639704
226741217
161243998
225010080
588635818
193764407
29008970
4012161
295637500
389236090
605253355
98343775
44411598
428377485
278238022
285807207
8302532
65153448
95766807
555851927
525873190
24485503
178790993
19145660
90244142
19363402
231759985
57572473
66340814
18563881
95186122
21353094
415461751
84097821
55218051
421004173
597885713
147521442
26514893
89483276
19811190
577040507
23503181
560242160
220450720
454830761
153403071
80258188
21117219
431825075
33514253
242653461
182914650
140091393
211811323
28079313
143779403
18713314
171404842
536924792
81859985
56408315
322819029
20320718
429962883
474124577
24224320
19721040
421274906
64759256
278977561
24417129
44122936
372504749
80944682
61722894
19503443
22021978
431028809
454102204
16619832
172717625
30758612
555186106
145678254
218309123
200146236
379286641
331882905
561929484
20337797
273054057
39151916
74743282
28669088
122994639
34928719
160171743
115075042
441144052
41692369
20707718
246307501
16708655
305180497
12872432
110318285
189586694
499002674
57773076
175786071
85447351
270642247
343301939
111388931
416327227
278027333
342187925
165850267
284117896
84271690
160950525
173195708
300734426
62039223
75887588
200853033
46061524
49291314
318632151
19530624
536669218
217796120
194916091
22009704
72528291
421867502
108938905
353184784
62102401
32739057
92727851
527526077
98496003
193023903
17808531
157306861
19964034
20036949
486685198
17616581
153882417
358351414
84986996
20241784
44588147
78021630
19302184
185592351
217706687
33018114
39584392
252569527
346012309
155320577
19659690
322632450
341963514
372926687
485402244
15487025
27327254
58464447
20228559
7349062
332386172
94523600
15612781
353053186
62907861
90695701
214922756
160979509
63691776
337726224
507883504
15348883
55019158
25490232
19344416
32374425
64654685
91125441
180918836
200051239
464805322
485851677
27014314
300482600
101841759
15051126
47555071
69551985
36177752
36422065
322169103
226087776
388873758
128811660
27955984
52486042
236212432
235117445
220769664
19485986
273753725
292934458
22643713
195270033
86196231
20434358
18332190
294198395
62361365
475662889
268445866
16256611
119534145
194973806
39997810
233148734
20916722
284529416
78602972
14511951
42615494
19762524
19397942
20668369
471151645
123667383
115182311
374185068
73379912
49035545
262819430
23356019
29156538
340926225
249109749
292555145
320124857
5747502
42950930
14175516
137467897
71000728
121891243
189641265
31184038
6364652
49939773
23047010
19421326
16694199
256180339
105588067
122759366
25998415
354062791
15919119
173216533
16841673
136008243
38650550
19931980
48706498
360064340
19853721
266068165
398195822
14157134
21043333
208100626
225189224
166760369
20511614
14700117
18720918
59774220
133269529
380841084
54262978
38393541
366795637
355452893
142681025
136198923
19429176
328634628
25984418
36673147
22812734
168508364
109408364
28407302
30126505
138523860
242519955
288265023
47636400
43487032
256141736
138818556
22800916
273697379
46328741
171609153
118736440
197403075
451586190
24696177
283706081
115503707
452427321
415859364
52422878
219817024
242658524
96397598
104962162
19088015
12465962
21320877
171851608
71629690
182023453
15230159
21778694
46403451
173386934
328508858
20697857
170974117
27490024
32438323
418205347
47583917
30519291
40546642
184168837
276150386
19715507
214842418
20792244
20631422
40985817
19979031
36042554
20543416
14569869
407347022
313488283
32850919
207577202
193047113
18977549
54318663
222923121
122714443
27710519
19530408
89168924
19759746
383993958
95412886
191901320
129197440
53039985
20032243
192464788
413048801
74812771
14382779
204512124
788524
61183568
40245272
18020612
117366399
24579637
23455413
85945957
245556068
65045121
34374472
148361201
194732581
41869213
149625774
137648948
330449542
191857756
274665562
31386162
29203632
20067778
317282812
17020962
394629752
30693879
136300466
175005016
118488277
70803659
79765413
7589572
60886384
19017675
23347267
303295161
51096078
46225997
25838785
295766606
388491506
18874097
15709635
47731191
69607162
352589854
19335378
56969959
241545348
285755894
813286
110148770
276037421
157325582
58926395
136004952
241977946
351493079
289843609
308384206
21093744
14291684
14747297
19999637
92094880
130557513
226195230
18863815
177143073
153810216
19977759
40837929
8161232
47608522
115643685
14123683
59446231
61081853
216299334
32916289
34882196
37178774
229047451
45112524
27660239
194041292
52361967
85293255
213711945
140118545
275575393
44874400
19742143
157703416
160926944
37653495
52064012
97446178
20132540
20155652
85363141
27844464
158414847
111323990
15324060
77020083
55560319
237261779
100651381
19644592
102805414
23942783
61781260
14882900
15750213
18396706
14583400
18676177
156380350
36757800
83855918
108611823
15439395
17062358
89486038
66129243
24447643
35716374
59785937
128216887
17939037
14224719
20699709
18764841
