633980404
822195216
2201777670
1092509048
20640328
2153276208
14886176
119882914
3731639896
1444247940
3028870709
61297437
21622582
1940586044
3233018887
254218142
100333116
2819976351
2481105272
508015210
789967928
423053670
3008844945
24554901
41119755
23369246
29509437
759382596
18310578
107490692
34626287
31163170
16453340
469358944
1909558496
63473129
337902621
34711931
1431115141
2586049050
310355322
2329726609
67700256
896771540
221579534
16329426
125370301
1703249250
404642592
101858228
37517111
1864448622
37938703
12608872
1400767626
16581861
111100622
1064193452
2466298370
154408882
394260941
1467210451
325032706
15998872
2914227892
294203722
2910310413
306177186
543040725
2916819318
2334324426
2461821548
817918164
235304710
1093090866
813286
409486555
39542611
2194696045
1054093159
1588981752
221837761
60763419
2446344007
266338284
51152469
2726685720
565012348
1395871723
19645791
32525034
19360300
56541108
167466292
424277262
538353938
2493706712
292988547
58607988
466979336
239966526
93769859
41967463
36467279
64825228
2678148134
1906322240
97093340
2732175649
54535750
2447696006
1643564726
27768160
55719923
1232719386
1975873308
1578166598
153492935
521477655
17339064
14240655
568482992
16724364
2764844253
791530406
14519349
2480668047
87775194
25378761
44937244
121787015
524738623
2234051663
1673292446
189271022
2709925111
116808592
217076406
407288334
58904792
543205075
82472979
22690143
157768737
153966123
429505816
30324616
2234545218
73125310
180586963
301474643
731624690
99034299
801491268
305793348
21365090
2153276642
731245472
511281068
250829657
782975035
2342270568
1405827127
19372896
596516405
1722890821
34141121
283729946
15769264
8216772
608335854
16361307
16300314
13221302
977623033
11702102
565218468
416608920
20677794
14959518
365480435
15081182
1321310522
427899791
43344979
933067500
1148712024
303477300
264393948
890034283
369834819
80889786
16566160
29730065
180029275
82399286
16713720
25106589
274190638
1854668726
475116457
265595356
29716569
99260585
494473799
56710771
271395827
269116561
22981339
503908132
9069632
15825051
101896529
37425288
16046535
23602600
10104432
204032180
384028016
119235720
13348
185256682
16045268
15209998
211229274
369020620
272417227
18137777
7640782
83611099
30096634
117218161
32786616
1539314226
348783600
2093691
23326769
50046493
1344410569
66158240
989855204
14680984
254692701
7689052
856491032
453452589
482132144
10073022
617781615
198626433
19079492
1248023346
158048404
575784825
17025181
95349302
205407862
88025330
30209077
54776928
263367352
228384713
757943486
60603744
488604602
180327352
1626090798
256546949
189293010
221702605
75015581
18891923
206753504
1146751932
17915536
104190221
388473144
68320920
289403356
11973952
16145433
46482287
19608695
27486005
259036422
455878124
17142944
20119382
37110015
40720843
68172593
42581911
1588873608
1589030899
48044384
23974515
18228921
1583824903
33694548
1580714784
48702196
86963941
1131890647
16871278
308552033
110248298
507438295
218892393
16505095
240046395
17586128
974358594
39520275
9811752
17759148
175114748
22599438
1488490752
16123223
200124773
19834542
396091240
279153931
90671918
1549014782
280619711
28644864
316717525
22642788
295713773
19988587
835352647
52758588
274866128
14677117
14862023
36753271
219117141
87783471
10880202
24914099
30918702
161801527
336218991
342458847
35821820
373071271
252676105
733475450
87305804
44927150
248490471
1004265668
83396109
257189785
285249365
390760561
555393653
20246389
20241928
116909103
439863734
20172451
16218971
15270027
118530377
73986605
25969799
404852264
281589110
503350216
256612619
312254125
16581734
34359162
16130242
292429594
11093162
7992112
27716654
15824318
50447280
232057245
75713796
615355732
22216682
29959668
52409334
17133953
1107474679
13451802
11178672
37027482
14497828
28611937
18414849
30319385
146581702
112803728
3110991
14194989
11471902
29331255
16751701
10156532
526787104
5550062
1436001
10298552
160354526
7057162
95289247
16952065
134161434
16695534
7053202
5634392
23879838
21816707
7806602
1424681
7095342
28264562
16285501
3666421
7893422
20649815
111345390
28708146
494126672
323360125
123705306
37653782
59122922
197567344
56681659
356836874
27636222
462334474
607644861
435147778
5641582
20011163
18107749
22487278
85606078
92128097
14221332
21034324
393615360
15840088
28298700
41362922
623208644
223343435
20866395
22528070
128599139
26546403
54662755
177617094
20249683
163486896
14226882
22964444
944623712
587821545
92106042
119049214
44411261
28128303
21897392
17171111
49686679
735122173
493434317
929840485
261584631
23602643
20684606
52844632
86199249
11112092
48900286
380963387
597502946
34719119
1398650018
30864583
277633753
20408570
58091242
85332821
387743928
37011248
1238626592
19048537
23761793
188060534
22934631
61195390
109320416
48520670
97282451
15234115
172640316
15746247
96779857
52192850
12354252
31198377
330615869
36966195
38311685
159204899
219122488
22791731
88776580
762842677
14245415
20870495
17539739
272064260
32070022
44169939
75069067
38508305
29562655
21575175
91264050
590031784
14859204
65631013
16686722
49766562
20058011
89536187
32522114
38487498
41012588
15436659
64240295
613880544
1400424860
277644527
159239036
970415088
414219585
193345397
9334532
205815791
873980654
68999404
90427009
25888916
157064188
13023422
369505837
103949895
123327472
33998183
30313925
161913667
172779883
630833337
1339976095
14437914
62567239
136441843
429199050
17584784
1390818697
18634381
279183424
540283909
73689391
204866853
18130631
1275881544
757237058
14527106
87279536
1227374280
92590149
234903540
64860140
187394039
119530885
280693341
17975007
53130312
16664871
354846096
480559178
376388445
216738468
64241189
20544118
783693931
76449921
15436789
263363120
111057032
22798591
88357926
12303902
389313566
500313846
264295894
360159910
338464722
18615528
1260220507
1255324790
51050599
107223007
45946939
73238422
36696682
1261993460
1190121127
562152623
236592462
16906088
150769404
913508498
911520972
26654105
64627156
21336360
35106825
83919614
30020321
183420588
387407455
949826406
88816329
111622928
179082030
122265201
466548716
322815705
476985916
99609811
249149007
792277352
572071671
11001942
467686434
1173387036
44797105
369653808
778151510
596546022
458905791
77020386
1059824173
493561328
10924852
1154457967
481271526
1110114804
370239609
14342018
18063973
93516123
21807933
390827278
95699122
214027732
179248364
64460022
19474281
16869351
274793711
4641021
989637102
274052942
29549839
299707206
408104549
43240180
87502961
182652585
18080969
33407673
39369366
64233212
14782889
11063332
93882976
17584393
38548483
18747652
110338857
249850849
23075635
15523374
82213852
16396585
24557472
8967582
283083761
262722915
19906368
22553490
259830668
299724138
43166375
70693925
136215912
54647696
195608005
274112331
164826541
106211314
16914644
25357355
497508135
18195022
21697512
40881970
35481501
427101334
147691384
14604577
331728788
176725653
120534149
18332376
23789287
424455957
331002056
561452090
946972586
52739828
34431418
1095476216
512809726
16636703
169323076
90961345
821585022
261817911
55891260
42934078
47586577
944615424
406013192
16605950
186172048
19299737
191001129
146139473
297342483
249806883
43667109
15083347
38638175
37425420
20255610
61881868
27322825
225822414
13326692
203600225
565542435
208169887
17600789
392309419
33176710
35977809
261135874
493872059
225753142
703470846
114015711
257445273
614593083
167792017
30907078
21785556
456072208
64023473
270091427
84539939
107179377
276767214
237331889
56831445
481817212
191673172
283737569
525422154
395010685
142309190
17044207
564994479
124583107
874069976
169064130
309669698
600934496
18590869
504939384
522825190
17594077
121610805
17883275
91858398
29970142
717112825
17049666
215151631
310878807
20318398
229153780
370407324
373742846
139205914
187620767
60098604
577643690
58057691
624011956
72923852
151106990
40557902
810850218
574068319
131035262
123565032
15019951
370503440
15998281
15460202
5763052
22729725
47968639
140964213
30109799
82963512
15156925
168465584
17883392
21982720
14677919
51241574
15164565
807095
9532402
89465917
76901771
16012783
47448886
14515799
14246001
16017475
17369110
14416109
250884927
59351766
21844854
45564482
15222806
810424
237421538
92135953
182937671
47643660
55338739
14075928
364670234
16000318
1767741
20562637
8841372
5988062
23617498
18622869
158414847
14514804
85921271
16955870
4898091
282745210
167088540
93069110
127861493
168295477
17004139
16581604
48021931
15119529
63240797
45573874
59238436
17341872
21318607
37483793
33235204
20658388
21457205
14529929
85850590
301012485
255719070
89112033
587954258
543878308
2467791
352548417
19608273
20402244
59507002
17004618
33792634
20608910
282545479
244655353
17389023
16244449
47707475
16679681
36750478
52089472
85131054
19358607
45690330
12011422
59145948
14251225
167087610
31053563
16566825
14624523
127956843
15264675
26548315
13524182
30003842
19570075
21248182
16664872
18557427
216109555
18662816
98850206
18119242
19632704
458792721
286319371
350938720
170072117
29861580
44718225
14369901
161580500
406517383
24515472
460708976
16405372
18991192
60995819
16800811
97550047
19824351
171996976
95742510
54212456
61530523
17919269
19683378
112471133
90310043
101214835
182005056
19164725
112727128
22658445
11663272
122999170
827190980
429612623
11694492
269897738
22049097
353167751
884549413
16028750
245424983
100818837
126306005
17762722
35258207
528827243
436925910
35485869
277140228
32175189
29725730
115911638
15740610
63820437
164691705
270098696
32353291
125547081
98698378
80151950
485848777
7145552
9912742
633047587
320753462
522609033
222342849
743752520
17843439
9752232
138862161
15771803
739293
4540731
772097
156681476
678403
59541361
19551063
76413398
28172733
44436371
172298495
318045904
59301412
15891516
19081403
439773485
315494109
225905233
266174850
269956003
23935399
19743758
310630578
458853086
106555714
201882918
15492359
86138712
123310100
20801548
47348884
22388197
202595945
17619722
234320037
335528859
69791632
17815836
9736372
579090833
746323
7108702
39780555
50391450
16790183
15662761
53738144
20551303
85948014
491569622
21764343
6567132
18031980
348211958
37564255
16243405
123935011
275106299
17207024
196216569
101294519
282280747
190060584
21827584
29655018
97724027
12331222
85159015
229206852
41156008
221068485
7032662
217543259
215062854
18566352
51187327
114342409
883981
259403751
32144150
618321762
101910309
585165066
17241403
296854436
60935934
322827728
33670558
601529370
19774865
101879254
514534737
27647473
36629794
234583520
199364524
190843513
226857179
16303106
458210812
37528987
447587625
20513899
141439496
18368680
16147047
449760382
37327217
13493792
16064259
568410826
415145054
32980964
322242634
18336459
268823652
90586650
45556329
191139092
181165775
17206549
191870346
224391753
243406576
232284541
267347816
270387958
241133829
222543093
195844526
44554425
122779035
123921178
305357714
378732443
219936831
19450486
196277767
253851540
186169904
377709679
454212670
24713701
446758208
422730427
473992079
111852498
51910668
17220728
468744811
506791832
513941976
104537645
499171877
361333448
532501245
532867499
21496030
288973430
14135814
392687787
25693242
218212732
107864600
20437704
351995076
121537720
68514270
23674492
56392000
40024301
26350255
272561168
22856987
111644189
121210586
194154850
83637519
35330981
34618925
15184938
333613533
41020872
186176221
468004563
432580022
50393960
256138473
20691360
16129920
19002707
17762060
200573181
4376361
18164850
3807241
765778
23478198
43785507
570833784
246440785
240527238
21404123
6168252
377618457
23535892
59110488
22447339
459600684
76386268
334705090
1100561
107765869
26998452
40546557
42969412
273394823
34765099
262435033
16669817
9462282
101927334
17354811
21369202
328456321
355364684
24628745
17841608
823905
32671476
24078288
341267859
30795357
390334223
190633642
11114982
17947861
100753204
10875712
44725923
265069978
37710546
26622430
36155005
361221556
310050530
16181607
105810697
221898508
5700782
401549029
309471262
4132841
25706135
74455838
9410172
86359331
14095905
460702942
16808421
1665531
14368074
64446986
242573651
90617577
17276863
78679146
389107294
44873497
186248508
64945120
53225056
625753
6572512
37016299
33765236
339721285
15831517
342345319
102742867
97526192
31404953
50653162
128949492
55266121
22681340
23758212
114074980
15894074
23959413
90092169
25117735
218490340
257150435
26299078
330411449
28990873
337555936
300978975
18431059
98294227
187258296
194378740
2902901
284251396
63500345
58599950
23519396
243319037
7458942
27247847
202829020
14607461
15099539
18023868
50630062
20076584
9524712
259754880
254282636
18892187
192870837
37550304
14458280
15134782
11342502
112489380
52541153
123648760
126791708
16059905
14337834
61863287
86431522
16539553
39289334
91420186
22810726
140518316
60907150
72642783
115513211
123978760
185397767
81949529
45955381
336773394
48001630
60876612
332457460
32789702
78098209
9158962
11035782
201359263
16947962
15907720
1315431
197673233
90712573
14240155
15635142
54564754
266223597
56457313
177269613
101066383
41437991
15454261
15467911
18482519
795649
88760553
38722957
17093617
222201752
5002541
20437286
274093446
126360358
47732218
14275261
191871768
14517467
285686175
286295250
274092679
291840996
86593078
1043701
12839042
145763764
14637560
123648969
14109075
66700936
1156271
279129193
252724672
48203749
63261171
116324294
172455357
189239945
193372542
193758776
32164353
57842609
18035345
35256199
80355428
179765881
19242026
217268660
245159045
34714088
19069229
264380821
27114274
81275453
27961877
245933543
20459313
29447358
26928955
14095519
211963553
89856383
198539124
14167444
16493263
21812702
14708747
228801089
124831122
27015055
17232815
31184923
19734585
36804418
14179979
33205305
196782865
215035812
184649645
14511951
19717023
7205002
26638858
46038835
191675244
178464405
40124188
79011908
15472548
16005270
22028582
142822888
15808765
38500966
21786831
59010637
30913636
15309972
972651
43940235
11489
16386378
25374490
44438459
19656253
85361264
132613114
128040105
23278238
48056950
15016599
10297
109138431
38977191
118898513
86148543
80841838
46686860
39439037
76810409
125446407
87873439
67727882
26538387
119835682
95486467
86402704
15147042
6143382
16483016
42161133
18135491
15743206
18777269
17899109
38518844
21431993
12447572
38022506
21118985
19918047
2728651
60784450
19621110
28908282
19616718
49975700
40041256
18778875
15758330
61007067
26544558
22789766
57033388
119261059
17467699
14220964
39269612
17446188
19213160
35415477
55708554
79304877
16572103
14780785
105873618
44491699
20824581
