346742249
3415362573
3794083272
157113334
405162275
2945199400
4312405889
3358080273
60915572
3615836896
19825300
2783378455
3223985821
2783260987
2799905505
226346801
112848553
301020543
2908688103
3654591136
3026344885
113788759
401461838
4019590343
2767210749
2654471798
1976388667
2730014341
1355663888
151501110
2841664812
3313706732
29130296
294784306
1583942641
272222166
2713672021
407085681
878912490
199703869
14289855
1679028565
15940886
520091213
3234109551
35888622
154540832
2966104725
2547244818
3199619751
36755096
65393356
14645160
1249944324
234947209
15944300
570244663
435997012
68470732
19166022
1252183921
506154955
134187269
154412180
3644587582
364556757
2547003223
17919972
817651243
207727036
2802238853
2197271839
631300887
2953435306
123639602
737470676
64814019
19596867
27538577
56906052
358170631
245934628
272561314
1202985570
786022465
2808625500
38780449
474060574
3292126018
2530303428
2715305071
1948522998
940594728
96033406
226705323
904374864
416575821
181630503
60152652
282389552
383806661
14934818
25140894
2444335140
19665893
437001800
457675465
238782335
2842620430
264897818
19945189
102488164
396158759
20415387
347236310
85406121
335696414
2174615306
197448866
2274861944
2536392806
3180318924
2283169261
1040330065
90774609
783546764
35574537
32432308
2872415367
2440243448
2244890403
1578742770
31436742
3054595750
179141836
1619549690
2365746446
41432849
69446895
2914180217
1478290064
27228811
42702999
15162193
22690249
43534936
894956317
42406765
558977583
718336891
578641205
175635038
343811696
2291851844
14170114
1011012036
22588746
204235535
545367248
3011638428
1187810419
2838298693
2313977186
2849134288
28157343
115134714
189348362
2707500283
2344252256
421296926
132993757
197962366
158539966
14717570
162110020
478748661
389718853
222299345
15298836
17487820
72835598
14086803
20326436
2348651288
1944764666
459648828
35569258
21054417
998036252
21881075
14348841
22398943
573586589
711637610
2717170135
29862346
26250338
21627660
28121598
18205819
17550067
19411113
23138301
18084100
97260261
42112994
336740263
43017228
2243110993
3027155415
762411606
104985392
19189422
250358074
283802458
591104823
44361652
22835758
15625807
118066314
1947873380
539148079
87016821
536717228
41305118
223318162
23593931
105119490
158314798
181561712
209708391
84279963
108393008
46715620
1924413470
2170218253
822180463
44612877
15846407
147658731
20089995
58596843
73481989
1511220409
951873199
1049300442
81623060
15304755
196874990
30985585
560010275
447562918
425834246
48198757
196268375
82650200
278778939
171275005
115140098
18201801
419152546
49652070
34097876
20484563
46288632
15485441
46492158
43840601
14454482
17638600
15986714
160817572
18101532
316104263
29556147
15894615
29471777
115512512
17119840
23544596
186338651
201840328
170028171
19632905
206471438
18314308
212793073
19639085
205048251
163187763
82989723
46279456
14500221
30256152
48563805
75164769
20113366
115485051
30759768
31949915
16406207
16436102
42230227
40396504
30714192
16680799
18138245
21507497
20897449
19213024
17564763
16362450
8037042
