4232431215
1255449030
2838824779
243877974
2316118291
210931140
2251577246
2731589470
43606594
1683225625
191938697
125400714
3119167923
93654149
561480497
4302182435
6108862
3395161535
2477967164
34730520
3070552639
3260461698
4212447003
506717275
2203786218
2569521432
3219797046
2252863056
605732507
4319464760
3296395442
4414976967
50533042
2271514356
4152491593
973688886
86081131
3635927352
763400966
3152633397
3875339716
25007589
4254338560
3288776646
4268950694
4411399936
975409254
2257558088
3314193685
4020433930
3228158433
67175124
485112248
554155860
631029361
3537555016
880800066
39577878
36414703
4460507840
93827612
589555821
25780111
205347572
100277835
355866661
34299944
3980685088
3259925642
4354960995
3427521797
622029436
587299727
127560461
78704561
250584114
4345958893
3872590713
2639235259
3322975038
1284105554
608379751
1622450394
460487034
1284063006
17536486
3318368861
1473303199
84220239
2409251409
1941623911
196667820
2683468160
381106127
4187194095
18006752
456178697
3248141375
457973298
14813813
4368083352
4062240435
4232229549
1963995792
3300781131
14134180
3900869914
26526677
3362478886
2729565852
1957282225
104660394
3371250448
4349867533
4220826080
3299724615
83510299
2883864873
4220496993
483017624
3342223449
4260896525
19471962
544251606
3317516562
2758681690
164113799
190700045
611530014
780104972
3692597834
4324884133
1227841561
173074162
1467114457
857619919
116802083
3214384533
3071842104
80424092
64703393
4242063383
4228137135
2848609293
2457979128
2424289652
3040799317
4227951813
4154778712
4154418202
1303970191
18462961
14526680
1947016902
2459478132
705755959
1218779646
3321302879
1058788472
1024006484
263202276
3264642569
4265290812
2496633000
1218740353
216798672
85323004
3026024726
29939467
4195492347
3904852875
2494884030
1584500023
241195469
3778820354
3897365540
1073725394
136603090
3407030593
585558557
1089643765
3129165234
17262137
14468929
143141614
457574630
90379747
213875389
2536061541
3715390094
3528379040
2340752844
3315134870
2569338613
15989022
15157971
1009292581
165087408
3209731627
2559201936
804240842
2577943753
528807413
2433301411
375561498
3227650336
2377870303
1968638208
1347156613
2896052759
1900547941
19015881
3111667803
209769598
3071845201
266420236
85614136
2986338775
3225495826
1870522992
3406918513
3311633402
33721957
3264666058
3004011923
2892148911
19364602
492182315
2977558316
18300658
440129269
467013817
2689824926
2263656044
3562397961
4064364261
3761131633
3413036279
14616778
3928184533
1281844824
81189900
7607892
3306235911
3200112914
1138759182
33768927
4055228963
1631970223
3673517177
53911127
4048667003
4018151847
15517570
98744163
2470489308
2657040931
3397870113
4000338012
126757355
3317746465
296099810
84051650
3012317197
537626021
293089981
3582175161
1250999582
323265196
180754411
409196556
3322362944
2389856329
3792306735
20340293
3979358481
338280716
334698380
2906204871
2498746830
1411432166
2324885606
29961469
15393226
54769979
190906140
243839619
3016756833
1153925137
3888944719
2363887313
3905856578
2188052954
2865695194
3985536321
3195245310
42107910
222433252
96929712
382071338
629970472
1043296272
1128813198
635329903
1169574008
1914099366
308448484
3577535726
357668606
483771071
240531800
2516444018
3657360797
1862439649
3299561033
3042173895
2730439025
206789872
1065687294
3929448796
3934672719
903377622
2287887180
728272015
233933230
3436759977
1344476419
1249571202
29123710
3429505989
36005273
3741806914
2754956801
219607524
3048180045
3899649443
2194286186
3751388172
2516454559
18958102
1933042237
3795334343
3140139389
3304778975
768868039
3799541533
107880534
214093044
283080534
2931154869
3161294661
221828885
3152786511
3264614505
1315550370
3853984155
72195453
3350619321
16249213
3246225917
2909884922
264579898
169183700
47503235
3273878014
3176934194
198046170
128500019
588383592
1615897724
3332864352
21581475
46038999
71062740
37233478
26258803
3098685266
310224953
122011378
1370635459
1525696230
2892996856
581472727
444111850
146477911
481376138
2913024577
578321883
315400343
2830064353
3179113422
39881667
2745868520
2364648582
3767162235
1595213742
2174894480
3242243277
3336959652
3326514716
1197331776
1096769214
350847236
453210489
554665485
370687303
3165771873
365669727
1703449788
75297153
3238042138
320873824
3291096056
2323835413
53379575
882685884
3080532999
278221119
3316129443
3301910843
311130786
2819780813
2520763776
2344369580
272396530
2775634827
1558807548
3059609934
19569136
57455278
2295217322
2232515372
192749697
77525513
15987393
2216709559
3003586137
262594635
2174091655
3341700679
42804564
3176992611
3334677605
3503815037
87346728
3131575073
2852757747
947372622
33014441
2805016275
26094126
3538152265
1669077511
44180327
3394997584
34858521
486983135
1343256666
2469789013
1605891337
151218205
3514819464
1415406679
316593041
1498388114
264099812
3172614983
3208690719
1069610617
1346929950
1622898439
1074705456
16868003
2232536197
2420897131
19412556
3237520762
30901236
438419068
5514192
263425576
478661755
3155820509
2423327696
3374526941
409489453
2492183245
2550527940
468617397
2582965988
40551290
1342947684
13308622
3479772137
3319711316
3315251114
2540573335
1953892484
215581580
325708122
79180710
3490242735
21772531
592848274
16475096
480994264
417990531
500929942
2467689433
27686229
3186997356
330585956
3319910953
601093406
15231287
3416637856
2385329749
133169256
17642965
3323118428
3305227801
459997690
3229671044
106503346
3346005022
3165267700
74460479
1960206434
1726647536
3417016899
3218276213
3222494029
3436782311
616857481
338684876
29650320
16864988
1897560128
3414751571
2811640454
156940417
3192836017
18695035
3332184904
2680729040
18037124
78706788
336264627
2241631370
66153685
2989323842
3300840877
2437010239
223895477
2153406235
902321011
2954491314
15400055
2438024414
2755415223
3320102455
3317964014
105754792
162113619
2810009016
3196539106
97516929
8927762
2194946352
2799738706
1660820108
125233653
3315942290
2845071563
104274677
193109777
2980468654
719216501
2342337230
3356433045
118154050
3304386296
3351831586
382009583
320880676
565103969
3044526195
3074640934
62782534
23049758
3342774688
2925160535
622926198
2562493351
2993311252
624215118
1507459464
374672374
2198817169
170089500
3307874989
3290213967
2875111876
601043072
951809365
3122488406
3235256730
2690271914
267449695
3279276996
636629677
120898723
76966092
592968308
543181566
3297186679
10022752
3241022564
258771956
3245023923
19893079
2218970419
331189249
2782595713
610903955
157161926
3044789879
2932450749
2267789582
203831851
2493998101
721809925
2722323660
412914400
1063226600
1885835754
1879085654
1005580476
145998819
342864030
3101921062
132733227
615231576
8813232
2497336783
215990674
2424372326
3288941717
2999889217
18753369
2387919194
169997085
37249903
42670299
1933908236
3279137522
444061175
2257305228
43867397
1288134631
132336617
3366379479
1282354970
59602071
2356244840
3267070903
501010881
18547360
458678379
1151023178
2729389253
3297080443
3060693427
22209201
3061241245
2673361999
2846580298
3081076452
3264927205
492991594
1047534997
1353564092
3169723569
2778655002
1594449770
3296286279
2241308316
3264945620
2303168790
3267042289
788407981
225764935
2724205764
3388909989
1883037980
1510377752
192523220
19922496
2652385123
3066051160
445340030
142296497
3077334089
27968183
2512045459
3346505561
2891759709
393744400
3039321045
1850484768
46295685
150649182
34620350
106546420
316625988
2975262736
2911254941
459492917
2148937274
339832905
3052210064
3141675102
219074314
3231069715
3003855975
100065631
3686081
1460288238
2493546661
1934049498
440169023
124434022
1635769368
46783856
218482249
2283818680
449299867
2508628116
609841269
299364430
400001814
95937358
2375296338
166501881
2431896534
1493819347
1882950282
2368346192
629106817
1248388159
2157885953
403942389
2285681216
455677699
2260150651
2507293338
2782689057
3171809132
2390853530
239114352
2302814179
2180948030
2929135816
3222322793
77622581
317490042
2203759916
1413627331
42290868
403832700
2922058187
216338747
385729532
3342793391
2764089773
2956109514
3020462314
191914406
3345863459
12178912
1920091782
1058806741
292778552
3069798626
3307911585
14747725
2897970594
194056749
272919500
3269064223
3180917931
414424295
2426261756
41735356
2506112970
2444578699
2720001002
3222710905
3176898230
1131834690
1110898160
2970567617
3186151195
998195396
2918365257
2591467812
127312921
3027261812
15560613
3016002100
542237726
252571346
377429993
26113992
537101136
2651067600
3075062563
3037273274
23255247
3047887129
310327204
3226986625
14754224
24908087
366406586
1732624986
2354432913
23774237
2874145254
62058481
2242374480
20515090
271073176
3014436959
338171034
114881283
1223010289
3244117818
98449692
87852625
2549330076
3288636405
2964964713
74376163
2535776749
2917797668
3236678873
16050296
133984183
1574338915
3248120576
91685435
2732462617
609854466
148800323
91460306
14770715
27760633
3251834515
56141542
837407887
2364682177
1529046840
1337955062
1306504764
2942426747
2980311131
3211640693
609831858
3032214935
3344635611
3131119792
1676972539
5664562
894527666
249073658
2415090389
53210455
317792576
540684136
3151995481
2885524420
1547143062
2894129039
3167641162
3254723061
397703619
2350744483
2375960708
2371121161
317329867
3244875551
2163920725
2169865172
1249603178
2410009524
2984479160
3319326029
728944662
3130850559
1601587044
2471500430
68768388
20528789
44185285
3200298922
70869548
18249252
445732199
184477052
446506935
3332556166
2545617397
346439475
127030142
576490111
337862999
2521019880
31300767
88168692
529319447
3264253966
3014333353
2379498415
3248039102
2800599859
3323963267
42625112
3061149051
1979449668
1494698064
2425836948
1339520305
3156511997
456595549
114139016
132584323
3325016332
47081855
1054834795
17414143
253017467
388708167
187476053
3244173390
50228468
3237493304
511223459
523077287
1960839901
2240590166
316555308
490532138
419710488
1079561251
65052658
3158873962
2881116297
2760011348
2707338241
946033242
2162173490
114085960
315819967
543254812
19199743
2411456959
633754232
492369115
2371305157
520156416
2841238102
2891382887
411110060
259674489
3080435180
338100306
1688693335
3204429382
2131611
3118994671
20045629
2508928718
169782869
24537880
105832910
1853887302
262254309
1908533748
34493542
416370934
3072347031
537390875
3011885955
1109723923
66627841
2869331847
3149735617
3039714603
3300714466
3300751036
1524504108
1249546686
2279534426
81998705
3131319701
474463923
3305527817
3145845426
24411256
390905408
142331814
2491546933
3304860052
287198108
1470939906
28830480
2957596833
2590242073
65130553
52696641
398037810
231497809
316181803
10351462
2858722642
226520553
111537138
2912817584
3254649070
2206105240
820205892
2881827047
2799130887
2824976189
309233694
714094442
3090459898
266852516
280678037
12181
3007403301
1621220348
368998377
3018809793
127967449
1411425830
1445494556
263918540
3288750040
1158273668
60784269
14557442
81093355
2674875506
3191997421
1595861136
3011064933
52753409
39952775
3247051883
218697713
40580641
16617632
2799276557
3065021710
2526145686
384677659
40018037
7668952
3207421403
2851396816
15842588
37877645
2163006427
269938879
338100187
18936284
2212685197
2365120958
275212985
3146996978
807184921
3008788633
315138354
470443558
17070787
2999285183
106186373
2748944294
301925151
296320946
2221063250
3010398018
2744314436
17029560
2887674984
3237528777
14956673
203728247
2388064016
91942071
3027042279
3197518417
601165084
3241731957
2264265081
93659262
3198779538
3040588125
259689332
2891810556
3041967839
141293475
116766949
15645871
2259117865
1423997096
605252019
3054289645
818455052
113416805
3012728060
36832842
3234135208
121084615
29015085
15274836
1652970288
2571219640
3005881174
2781104845
306646653
223604189
1484858125
2915291494
360243807
3236697299
588559501
3083570313
23250259
34413442
30249176
27715547
3183076102
2781088076
2789494555
2722015274
1193291006
2778608971
3041930925
278673907
310324804
2399002355
963182402
578162124
2777412040
2724745646
55720601
2850993015
543339668
40587059
3243674661
2932346092
45105778
2285654006
102804190
611817117
25552593
2584044030
2409735355
28458306
510544881
2919418145
1408008301
222748571
2458254979
81031961
168393498
1690941254
2408031205
1220432918
484372796
2218413296
1101252860
1534330177
1177175629
563221780
240834796
2548687501
2319848474
2380501170
437611175
1078153044
1954275157
359359879
1057211
336603208
2834597675
155201220
3226285846
317220746
2177390274
2904665389
8534362
2731051207
53017530
2387803897
74428834
39393366
560276668
2382432991
226572223
245742809
182672067
734799085
252471547
558070522
2280610710
3178194425
1108632486
2356251444
14479046
327853882
3140748581
1368959768
2839385987
293552152
3177419754
2955939538
2888879372
3178514341
22812961
805154172
23001804
3052060086
443295405
3227026011
20273725
25503051
425886052
307753350
317313544
3185478009
316624716
2542861122
21577728
1216574816
162187674
1885366470
14159257
420362575
3025453296
1108791157
38026874
1419037717
11780982
2902222376
109343711
2878533622
537065336
884344364
601119617
2479516946
3109774574
310336155
3001577560
61891251
1241987934
552005607
737071153
320996986
545254015
2956188707
595344663
2992844749
2983448260
2982815709
933653886
2200254158
2921002720
432759971
2977546227
2986088189
3103336577
275678439
2594856620
570266167
23748071
1884529722
35307545
173669892
3112785691
64022724
1178037067
1186365282
3109603979
916204982
2937617185
90777425
26718094
2918194434
2313099380
2411771767
911799097
116215955
234870299
1425349861
182384817
1356395700
3081409336
581400611
404780488
2187117308
2763680542
1107427856
1155614815
2790966686
2342743910
1734609752
3087565354
300193472
2831913068
422966469
3011476025
426531390
47336979
2494002222
3071222071
284784701
316566047
17881816
316593152
2797486214
2811256749
2726068605
961445378
2888938357
606366184
39759840
16904934
87403396
1951038848
2906152150
2784696021
3074849160
2829184779
322116425
489879335
609677654
2215345016
3011766046
2849307261
1691804346
457155962
72665635
2377947056
2989669784
153966123
2845098681
2561316997
2677753790
3084730970
86306189
214116546
2989731430
2901509361
148268103
436811151
16146142
434943367
2799962795
2982267000
316067602
2684976762
315768346
2898816343
14659520
1899378498
317395158
184872574
706040395
2383193316
35681498
427534147
3021554315
2494872062
1682643312
3070853623
2517901047
2956688290
37599351
20192882
2832071580
3044633938
315818488
2964752831
3064445402
2416307101
943846687
2538807746
3030130227
2627519515
23648764
1617157417
2536419440
11667542
3038630792
2733006012
1279618789
42208855
55929796
472946305
44376393
187796215
54924529
278488189
1433427858
74526911
2218683932
41453909
3017996849
2983185758
92415827
415446494
3007135235
284094874
2260690748
3003233445
451136428
3039038107
1588123002
597771429
2734507852
2734694877
337308938
2255893897
21883798
3027202722
280145396
1326630714
3038447521
461403889
15177871
2478183894
2724323889
559102003
585803980
1645705218
582707332
2595164142
17033708
3047085958
2815449710
872164718
2849996817
2958409967
734215934
2678554854
944777185
316537325
1445381814
127184170
2839897485
68345439
58569413
1950338562
1912522274
2785764141
2298227610
2270434652
2701492788
2906742639
1836866514
2714307057
242822343
3025688643
68342564
530030136
2997192263
450033262
2898656006
2924268426
1014088627
31257471
2735666056
174488537
1887882115
127936182
96469356
130079738
2792688922
1895922452
1349238858
2986257268
2184784576
2839036984
249964403
2615267808
3035775791
551396841
2655713382
411894899
3017907704
512120095
2510565716
14567295
85161524
217533546
2936864347
1717323234
2265486572
3008020725
158186511
1343302134
2390826595
2918603640
145122238
1196407668
965889139
2471092843
476149277
2433086970
336053144
2667253544
1132854728
2168961860
2989160135
2171856321
2576416237
300460813
30646551
2178142526
1740577136
75067369
636191572
3022299922
1313283176
2488123544
2989991909
2171648470
344896093
66064952
2523317676
2300213988
2522775577
346836110
2590095441
221230636
2785493081
8130292
2964497923
546343664
182104983
2413218546
1151291137
518753324
2943187725
3005564994
2685299971
3005804225
18640091
2963830033
575663290
1667744276
1952076517
1957568797
1219596780
55848336
253021980
23116741
37447400
2999647141
47439311
2333954683
19027475
58525147
2519134542
271761269
81609509
1376758506
2916133982
73717095
2938077735
359934196
2959291297
347586885
324503473
1882281708
520206165
222941874
120036324
424757138
2397580704
413279067
25804686
2367679728
109237155
2513811746
1187947322
2587680230
2862590235
851560458
195459251
24826667
73725383
288008892
312659285
532374319
17224164
2902176931
125679814
2710137294
279585613
2899875403
872423437
2431583503
17877864
2916205321
2895163825
1857256338
2781115008
16548435
15199103
52386698
44285642
389318498
101870982
17852780
2904361306
2842950170
898111800
2744419191
14205576
2366962609
2264879042
2664134113
383468784
2965624074
2902150645
741788137
2902162645
1600318213
2829607634
2918312640
169634370
2777403012
30063921
142342983
2976579863
22865546
2978558183
160596928
72679847
2493448956
2950169559
2816662913
1870169652
124829064
259649352
150546196
2682308143
2464933328
115679415
2577451093
150168477
2808912273
1671637064
1139732990
559128269
213462225
1095607314
583383887
48963091
2831605845
150496230
387181116
553775697
2357323036
17486092
100194244
493609953
1467709242
466701843
16392208
1713944696
1690805178
2204042821
26395411
2385845052
118269391
51352022
1596524778
39651447
259590875
40567669
161128380
120538744
994293373
2888734385
17393362
18185124
50194961
1549705375
22216521
2740306555
1149180853
19713521
2273084101
15066876
17757005
443385462
92330822
2354367164
2909397931
2953046509
2616037808
2260996532
54443091
418093603
14415783
2738132155
32257770
2276788117
7381532
316266705
1283596286
1913783881
18787733
855552331
825229850
353925814
399575343
2428850293
285902639
33906521
110891704
2821368147
2867964880
524462848
2251747805
335911859
2397447307
316823636
163659782
1582917654
92297199
2905542734
49413866
28914815
2809824013
2926864924
2479107132
2375449800
1051437492
251732205
13339612
2399135384
292140816
2832450332
54792804
27892854
172026723
101219859
1896433615
89258415
15187370
372452676
1483718396
99561903
2309029716
73128800
2690559486
110608919
97070091
2888832205
2293422218
401724345
5896712
55010010
262749118
2191697336
16037008
29130296
1909075232
2773634354
531235823
305579552
1950487777
2925390453
131569007
2848791612
2936111252
164386441
2477067229
257618318
2935468897
420679498
2396447095
814090
2192758383
2896130042
2868193227
1060621340
191756720
2879541788
2869180070
17310976
2238369799
2888900946
904449985
2802160836
2804557312
1715737951
215683551
1084538815
275982675
2317184569
2741268897
1666128877
2821160578
2912391514
546905974
83254797
21360280
15746084
443169263
1677669170
811610508
479925916
2811458222
2910629132
42741029
2449356254
79218153
25169797
164322849
2184670391
2896163207
287399939
1876323354
2367816828
18953266
2422557902
376740527
2429322678
19053307
2698912710
301744980
2819372759
15164905
25661574
316350545
2847833762
1623111458
1671120019
50094643
52605450
323918881
2542908564
240792516
21392684
868637460
1386715548
1345401338
23028288
991649294
2899639984
41605121
11108762
824799955
14486811
2286974636
2351152392
8071902
752674674
2748860318
1341488562
28484970
2163070039
21535166
43112176
37707571
186363197
945122066
1972907592
2359325568
567442879
2612053718
561655444
30349066
1364016961
444940567
2550833690
2752956338
41417878
1643159077
547537854
15377115
1977666888
2889089052
2876577522
15175819
23008116
97487983
2883076485
728786725
2216770574
20477352
492475546
32187100
1328078114
137144052
48771393
97383592
53434947
2869647090
2401928594
2407232898
1284257707
283188885
17018005
280826651
985186471
38804737
179229483
32896052
15882393
2464039092
1723464517
2538251078
12601142
204597379
357895797
2395268660
14524485
227422589
1641264816
44243203
101756062
2902906334
347633853
594118742
16248319
14505871
159111501
260340277
136312343
84581170
156214500
246433751
14592079
287937466
1960789190
71165327
35767916
352405236
96564060
30627024
2245910776
915473906
172846897
938973650
226949560
851316548
2311628983
57497901
26705006
1638439164
368408170
2173802250
889489159
27874367
2568382842
27805380
2161651062
2870412845
2543866028
2871608320
20653236
205237513
2226515312
93645412
1736906096
2865818806
64150739
524191554
454298931
348312783
1618402586
2724528348
2716417939
1328796884
2832416326
2579164100
52342268
270865096
708668114
2704450356
220283722
2406827466
1717215607
1879355582
20820139
510165991
57313502
157180651
231723415
138509570
2452897132
1549704072
2168331208
133769431
1556786912
74178882
7718322
2872209889
23487853
400283486
2801625449
21233990
119796217
2774511265
2726055762
15357926
351945287
17350542
2266974200
393474679
2568235537
2719307768
1066659398
17309482
18754761
2185041452
34840911
2267351259
2305555002
1146445963
19747720
93387486
2612846874
2742990007
2575610910
200515160
2821613441
1963732560
2693837276
1895001812
35880194
1253266310
2798434379
235906777
2616036566
205727811
2808285876
977112482
82530518
2842188234
353589066
2664667260
2826761288
1466830381
20707048
2708957706
2744296004
2301445387
22970058
341925873
494119147
2543220350
331765022
450678567
81620076
225142340
484685129
2330300743
27064366
552827940
2771004292
15455443
316937333
2337791851
2709811436
2664792266
2819678191
2598929875
2824821109
2253146461
2385708048
41140413
2744536401
2457798989
1901611970
2414995236
180087772
81629030
52721332
2363180058
316403622
2748935479
2812152942
2812217450
1452874872
243852286
151408203
19628949
571953884
33873296
2177533513
1870162820
316361306
934465512
2284066573
78727409
631715976
64293519
316378156
46047640
314598722
394776692
2749217121
2543069060
29308489
2393886378
302026211
2699654564
310296378
316159163
2763809041
2329645693
2757428814
208369777
719611448
1683251052
17836135
316115389
2490179029
2293329019
2678545140
89986405
2761711891
219670826
2527822254
1415558605
2680350607
2715319927
2321463175
2177130499
38465629
39118604
314476479
1461477558
2393357132
2684133252
2211867912
2155332973
1634043920
50860476
2571618025
2305408201
363361284
85284402
134967816
14069199
122815067
2664607675
2713514846
305277457
912550597
363727200
297356985
2497644805
230839393
2432185831
1287843145
2696454104
2264428441
2238411649
108615352
309467051
15708205
505621379
14236146
2715331651
38397621
164580752
240426794
408501650
2255064307
33301758
2714502644
2341968811
2728727303
2709592868
1596567240
2445961529
499886354
2706013974
2664905246
2696233610
72105642
2396896344
2528229661
1331726827
2355374790
315623659
1179843871
132898675
2671156022
2675730150
253025117
367774200
181151477
904957380
264387077
119060937
2235134816
428808521
91243832
24445494
2633908110
14957733
151514204
1328479316
2422806902
2255515068
519051254
2595258074
580248118
115463716
2656918058
17798031
405022806
2657811402
301130922
245977937
2291979780
2533927212
48413163
253021562
1141504130
24457495
828600564
1337508296
105714254
365107694
2554405715
2611894398
23798611
2607752989
2326168699
2595835519
1691278088
2634767801
2359769394
23890804
14375294
2600738168
45262762
45261187
80245107
208557858
87692927
91097448
53402567
102956199
2301772124
186472450
2463370824
2635271559
2149347739
64677310
119293693
58578131
2586171020
479001737
2531721825
2244309624
183750101
502640162
115827236
467742152
2630722834
1497660594
191449523
253006112
847878026
2507133859
2314384532
135184268
2408090048
335957195
2338193426
2475814386
544689839
2543092717
2498306462
2387086952
1440661586
132905383
2275761822
399412477
2351706381
2215124138
2479202004
338292796
302367888
600148628
396383813
52559650
103106691
145354047
38485326
2609012957
356581623
482510980
103339619
242992653
585202850
2350776255
2320846177
1543437272
72284492
2485696842
821785831
33495086
632157129
85008170
2429993953
2494036584
41747858
2382197042
111698159
489222331
17420951
1705885393
74118845
160047813
35099519
612931307
32135630
81619592
243027721
92638580
2430936726
148418872
17540746
71056711
21630064
41331529
142362017
130033813
2515622970
776037270
381603450
2501807923
2470435698
41842768
926302742
2472948528
2532575342
1123141999
18398528
301322216
394336053
2417687492
2472539059
1448173550
2346806455
1046315612
44946592
46081994
603743076
1500726024
2340949507
2529073545
473681800
2437280916
24222885
211577659
216834539
2403989244
2278542824
14445920
1560747804
24852276
432627298
2481994227
833504414
494136598
1498963314
2232734504
16648724
585270407
166203501
10076492
411823425
576671038
2382783385
63229149
1399581476
333672211
726053238
2402505925
443645428
243848070
1089784597
2397984907
2471397198
401703102
1898706644
2435824651
2357776651
348127618
2301415478
2218267860
349979855
2459215261
2352274284
1804829239
1118770795
171110959
2172310008
2441803513
22464475
2286933728
1243526821
988572662
2419465506
135548665
109563588
451523186
2302381453
297493405
142515652
499391335
16592855
851543372
110962519
2351533680
2240327785
2409910848
2463342536
885733974
825635196
77595423
288489092
2199236484
57252061
2487817948
62317202
14212997
17772686
168839340
2395583635
492833134
2294834533
2230024946
329323059
14405167
1081078238
275876356
368913239
379534136
22007324
429201040
2449775644
1885977158
763706952
2386635397
350676231
1568704982
2417979654
147518360
414854490
109134861
384718418
2433298880
542318578
791670
2330349194
1113971342
2394877878
2334070482
374155739
1523650544
1444276819
568032922
21567608
1458862290
267390486
24863591
153531540
312789382
1095480673
252085587
408085188
94590461
35821009
354961568
2396212783
633899914
120181792
33766362
82123052
87494620
23205346
1107803796
21721881
73657657
14870350
244146542
152005487
2328606768
111828672
231477819
965221788
2367320131
62558183
389139384
41280377
743082307
210580181
816339355
16082787
246524628
21779975
261981102
1321055226
26493482
615284440
43925089
198483889
279219656
294144844
1959167424
45914269
228922550
37711082
2285530718
96928310
2384162762
547767513
16988154
2373936979
394149441
19904067
334331683
2398182620
2262677216
212992600
106822606
25536333
2377894584
1513846232
143778798
2171199436
2390890637
536688712
135044205
608563284
52013736
915594294
170357579
263917895
842250709
2419039870
147782199
26602173
51271929
1874855670
37186420
1012724688
29781285
1623719066
1960720724
263234033
541122887
128770893
470284901
2205890982
263191027
2235544340
1948194931
1020028885
1329391124
1358118150
269809161
1020211364
1956625634
52748391
334581770
298841645
367266446
135456764
973754540
2303861622
122122818
56486836
17781604
27875662
907057602
1003484484
2306571648
426650433
16473043
117590354
2274030574
612336887
19204963
801871428
48785299
53484601
1650543565
2296322101
2357110855
1377328752
2162697578
445898547
516369603
380011989
350085014
74668923
1667195641
1896626437
617903791
327682669
602155933
372391743
159065668
789467006
15057109
1443800874
1117938571
325095971
608888497
1644837019
475069416
1723094678
1270440792
44049967
1444997538
1453715065
1405885747
426386640
1176854161
1252959348
202555355
1907451128
251384382
354886075
1689389797
1320877892
1626266498
771589748
552029412
605432917
425277445
858193244
987015644
