1426508203
242879615
254221561
312248392
21062652
2591608166
27969287
3221715698
14471411
34309161
928481
285368746
3122099613
30513693
1934653932
551597877
23016237
2884711667
454239568
16513335
3396463810
3395729897
15359578
16369359
16227442
68572672
3032854186
153168449
48075643
18295206
71048726
110004599
237099368
39279393
64916983
1707686688
21314814
19554219
114881944
216481299
38477209
27136225
116850607
1367911238
128346572
18694861
78361556
152849562
15300520
764476890
11917102
13128022
49049279
218325695
23869967
1337271
363754748
542216638
2336973236
2333578256
118245138
3030986854
47496394
418214556
18010998
44704488
1310692134
19194353
235684777
109328493
2238568044
14335380
331152713
30768622
1129029661
15572155
26637348
2163320689
1873091689
2750358085
612086901
114833521
118836372
403415466
2811838608
24948626
19721208
107115739
940820732
244817600
95143163
41660626
19778726
115911638
57033388
23588499
116324294
172779883
159582860
272028877
260290749
134234059
252634665
226766323
473972064
296288727
510503908
250869123
213733242
224692810
208754569
30272229
330369516
1307544762
757692338
1467410538
2149042490
1979407212
1482580333
631271526
1397932544
18169053
18978314
381554186
15740610
83922884
460364759
1120121720
263791041
16689804
1963262869
24959108
16028241
2437738657
16546457
1068926100
115689109
1444183922
2779524794
49414203
59204932
381073617
204866853
19002707
58904792
280660175
297052610
771903272
705456164
17961886
571072597
1227832782
20011163
1434092394
49622107
1870668602
274052942
23445279
564680097
221135570
3060100659
1431115141
3118590262
2914052861
2298840798
18291500
15537701
372251136
3342852203
2428087608
2733613512
3350781394
3275332596
163194830
19719076
38704343
4012161
20329672
192942213
59460397
260928758
17463923
38146999
16244891
20582958
14050550
13201312
3459051
45577446
15639642
17220934
16958346
515017186
384923143
612713811
754135908
1092976712
46786678
17347283
289118612
89568605
50371921
32304094
19418459
339206441
34671808
12096202
608039993
44688778
48038030
107463885
174099571
31035182
110899711
1004956382
38707559
19417197
24733117
492217633
1284956808
959596692
30231573
558901349
849169945
19088288
17174089
110302086
30815935
374658826
2196201139
16196492
863596621
2927112309
17944671
58859004
712815186
107519074
35789947
17355459
16223542
796261392
1634552636
383207452
87271106
2517988075
1445301248
1411399256
294258287
98912331
165177737
18082945
44136028
146707932
76343911
1905096823
77056184
33999013
255347566
2439177534
15200719
249758564
15803250
282545479
1484961512
80617430
55158039
58945535
300518316
334751665
2561646679
505079765
339790373
138906800
20634551
398757659
245061885
266205636
568672992
1332050371
886765376
1326223153
1324248733
295729806
16367819
1353308418
1357021620
15219913
217623690
824163876
891777632
1126679682
210852616
196262074
464290444
1307707352
15826946
1252125050
39541515
874250100
1379810966
981252194
25738879
194119666
1389494886
27440755
144033026
70562492
484908197
207317211
1394861762
418911153
37987705
14860339
974139763
24372108
218259458
902457558
284554023
268984442
1395816295
105258238
831663698
1349496200
164365457
15778782
204926178
37131103
347279973
65786225
345930377
1418525448
20561326
228859501
23828851
1426615028
152856489
1406051941
16369537
1009524085
34586513
624403425
300440998
211707667
600376778
326158576
18964685
347459979
145378963
69041722
494174944
21021306
488607750
143153688
760070934
85391999
243359229
59826142
185471017
1454918358
272207942
325808658
1141448054
1199085493
184316821
272669126
1462798308
558746522
922022804
601049936
32085366
171987969
22315243
1449729294
115941259
131308230
1477585885
1198353186
1173195480
89463264
59939977
298046768
1498406659
603344288
601715758
305362821
975468942
22200355
1381979858
273500728
1510653582
1528105268
1531983950
281741676
168527457
932957318
871569396
79553318
1544275087
256162171
1180474610
72752137
134204647
25229840
33809655
1553553636
857259607
38010080
376191627
63752300
15675663
1324981021
378172834
483056915
634129935
175131379
38312022
116108024
509283187
1289665698
102087731
1571735131
34301171
267919982
1583707921
199978000
134688091
1342952312
14074683
291741427
28843019
1603846256
90484508
232268199
285608511
293095357
258525677
16606937
1310875718
1616099154
260325846
561391651
1395606440
72665816
208694368
1444926218
412367940
54824489
372708306
21127658
201277156
253660793
2161914102
205965419
1623884107
132236279
89219474
148812309
16258384
233631354
80335962
594698588
1935264666
1668863419
189169148
1473005953
309349603
1582853809
263989337
17429348
227112256
202469820
40054945
524921704
288772766
1101379584
313524758
23034309
36568996
499276817
92821919
356092220
378326709
1688997152
42887245
27030168
2222188166
35625478
23478416
34624812
149180753
27010341
36742537
26905751
55866087
49334899
60900813
15961784
18052560
14745164
18339274
19695702
17092444
15805040
17490536
15735334
48861137
15079924
33086720
59213941
18536215
21966336
14559745
46969537
15918924
69463561
66942374
66597611
33975283
55441424
21819114
14554601
35610654
21323282
60746015
17467699
19312262
32508183
18548184
15973816
14744335
28347876
46727968
14803683
27501121
37545188
15391102
59693167
53126857
35017554
60875648
18788139
59502660
36429302
15527118
18817081
15934324
29500823
57711023
22634164
27234663
6016962
17071011
20086478
13593692
18953700
15988283
10285152
40644450
73044609
16913895
16457829
64455696
24781761
15445527
34377792
25911044
16130058
76956306
14376967
23168642
17174591
21566521
21707875
65692453
27642995
14402269
48437213
17091862
5716162
19666867
56748177
15631113
19665271
72884238
169707757
175455888
20865979
21490151
8404572
160069846
7720142
114102708
189284244
128210898
46764631
32708979
159315734
125984383
36707772
84680571
23999515
26007752
26133429
15584149
16098007
16002085
40553282
20088666
90427009
87518376
49992096
24436665
50328079
20255925
20100914
15729844
61603529
61220670
171203091
237449973
59161306
164759805
34340245
203096957
116873182
23126875
264180341
30973513
15311268
12919082
23794763
235302641
314037743
354475974
54937423
9589252
327023313
104200056
17068373
23036350
19167691
254200291
486997945
76354105
126378660
494583213
50055701
16989052
222896086
426167673
47848003
376234071
90478926
14218429
21309506
720504404
366671627
164186982
28143682
21138172
18480909
475270844
245969534
47156870
475891969
18178120
435022639
97235637
412344253
23137499
402937572
25957858
84693957
37041134
608509377
59110488
266918128
15219854
31109219
212276379
402859398
476203079
513673295
47433601
110259651
1077209198
46292395
403486224
379346995
22684529
216799530
18545823
386074486
26046662
18018355
10751402
863824334
80681990
324145595
251442779
285311810
716846828
19597232
1283671273
612896910
80910617
712796222
14217094
19743130
292929561
42958829
1688969844
1966141
915514734
195959366
632242234
69440018
121196955
267510129
1732148262
179413731
567458901
96878836
115203598
253149799
108839141
20350580
14078468
858142200
139286948
267353473
6730222
1928000370
15725199
214112621
628489181
37008978
84614572
75389546
126360358
41602160
70837868
15723971
28583597
37303117
20892507
27922157
30206252
1342100251
161034257
18916728
23964682
63144098
378867598
369602017
26936326
44513878
25609632
588589051
1134839412
309970951
312243603
20254142
1694635333
61833597
198626728
71053356
784304
113439399
2233283058
596821203
21794904
382216250
1948103023
2302188962
85616770
117876714
836256588
253243402
283082825
249808556
2205695227
7091082
94103877
2303629062
898360512
178115946
1262362578
72730144
2330428165
41169716
208697224
43444196
20714166
565249852
37261304
13451802
701725963
269876036
2169098419
735741204
174093269
1602201199
297752653
19732137
118113357
2194892502
1849172972
2419433090
169785728
289201281
115740215
26423162
34003796
60349138
198959733
276330931
65703845
14245544
15922687
92162698
89017579
63330870
582855884
885535548
265026813
199784325
58816162
14268812
9604192
587188423
197191016
426041590
255467782
707432388
33803033
366620845
363048803
48534088
20409347
42154393
15485844
89383278
351995076
216549433
258157507
17816699
1546868053
16462209
66468564
2372340674
15368404
586734071
24710119
2840712124
207594891
15940523
68840485
73507922
2857833574
14681955
11930482
474998636
162071454
38449898
19912334
21601236
455295913
225226797
370113964
481430084
53801491
1223151914
243856731
2837112558
15065156
21058363
61243585
23951509
512646194
2227191366
574701065
25006995
496376698
191469176
407982776
15879286
2798659231
83200882
398193180
556534758
213368745
262754003
25111161
282280747
19978041
1856245639
3061717903
386628760
216025220
2832311897
2486818668
247122649
262153131
325787159
18142371
239983916
213044911
586368135
978615590
167518667
2194208670
818263747
53485368
958549520
28938202
24030827
46941602
196384044
3233981294
74090453
3293128186
26103768
3313436385
450911441
336015206
32752707
188001904
40957057
2847005165
14606079
288124586
130734118
198381553
93419194
27433794
275162328
552215689
355906128
331757074
256718115
212808638
1658545524
415854742
56107664
19030740
164481340
144402222
495464885
15471824
153898551
12369372
7514802
500704345
19543963
773145516
32671625
17138634
393771226
313560306
8735572
2776878277
268476335
121539516
230893942
867343717
116504222
47702515
1870144128
336532267
63013144
16579346
955906094
24692375
2497874076
341745562
272986795
2411955492
260335091
626137320
15529670
394462624
620564271
67511750
15808485
531467685
19455668
3045306796
21738726
48417537
876616508
17858291
2155385372
102836256
1667680105
76230692
145867978
2910867573
3195865372
2674903626
20793816
37107369
193343257
146859436
92103988
31067868
74672258
236247435
44937728
41425794
31512987
122358914
16312984
17837815
252273678
188870187
81166680
44678408
147972664
140544681
91666825
82620247
78759890
34761706
56483707
75348212
52211574
75201259
20195835
68723480
38244746
75074311
35457209
14285561
130201160
48481805
31182463
44923326
24553410
68828301
252144530
54591884
245908274
78074074
271038908
249797908
281540120
281156785
144936466
27912648
276652589
369671529
382693336
395375724
352541481
381671241
356334104
38727404
50072743
78327109
49638049
33930391
118339764
104397280
31470683
65801075
31937456
44938639
20256214
209408262
62843250
282117519
28611702
19793501
40033633
179133113
56519199
117536055
19341856
20959296
25296911
255567987
137396694
275124701
25529949
399129719
82962266
21310865
103741275
94435887
111338066
39308322
80680998
16107675
320505531
61595873
16927365
156755594
17394082
115943268
44476956
240820897
73929745
44393056
37204122
93026708
19149836
327042289
41193972
70867785
22685716
159957958
97034435
40319371
18543566
199486808
123646216
14654552
252762704
164431348
378640527
108833282
64486012
19717859
141284747
119409319
62684286
24203992
34802699
31900429
465847851
136308835
171947755
14423916
21414064
78923022
20472961
180791366
158803379
278677945
487840079
110364852
769732591
113694823
373578010
96448194
423780109
49977943
46403728
406337592
443071589
1639096531
31154882
330601684
85636126
77107600
33270824
426743294
1901549952
1873128667
68767028
1473136286
989585851
23944109
2149641344
15671529
1655898282
15457918
937731572
1396154552
829302930
1395632528
66460136
986103385
257982377
274597231
722738730
24655292
316142794
468499929
149748304
486749899
461138441
443379854
28583004
360319432
236923414
50326134
23121380
580258227
106780699
129830336
234538337
58878603
376576422
177080460
80615530
93855706
72300966
72172855
32723340
45744109
52748333
42615195
142303978
82721048
236512234
411049948
305853515
47521680
236959075
410208995
204554347
16011028
175451114
30101042
1599005594
35029911
26314818
373089162
2233341246
108503234
47515035
38508305
32211808
28414909
29724302
15925179
16164520
27898683
17662526
1051151402
1344533414
23493429
1055548392
22811188
118819119
231895005
37780719
467463475
28364782
1021197475
57770625
26781266
18479820
15127753
940499281
1905653491
26549459
334747758
523387666
171541684
1486562509
82637512
64919920
334944709
284740661
28144343
185209602
34919380
17912982
16827173
288308178
111932970
978620492
476209692
435316184
1645915663
43134614
26037274
231550548
455878124
1944389695
1377384818
2284119224
2285286380
928634394
2308711334
1972254115
89770815
2258558472
2365928268
510270143
2464173976
33988019
148063434
229582772
746349877
297092103
2432952828
34847034
71277067
1559075706
22330243
11954232
2447919764
41492529
27278025
145435092
1679185794
2369233345
2638642695
2581545348
2717364258
1157861690
56279962
108084518
164842591
164842950
76247667
12472722
71025937
1733069382
95315935
2214272582
174449546
2497787824
2937218885
554688542
2872462600
2612784829
275269431
467049257
2882031821
35274390
46744256
39967462
2450173406
3172932459
148090642
2618186244
2505077599
2284240153
1444497217
296060169
3064038646
2980443779
2934291302
2970377513
2894733795
2470947180
1858225944
1134619140
1191691237
1887568237
1340232817
1093257331
374458646
199792991
22015248
3018674711
2343764688
2861575503
29918512
23522787
2316100982
2436053017
2324639582
2227724701
2220490788
312258134
288455011
414331896
2448468312
147392217
2842696296
332626218
132673664
2951822367
498955157
3364638305
19458757
16490790
7782542
21692297
36146288
18943859
40112750
21925979
15726077
80128769
9673582
7619982
13034922
21669123
16224459
14056708
52074305
222487879
153660009
22676022
3365
24901698
35803565
776519467
1390071944
234623237
323599188
493387905
233531774
17271772
563642632
606377835
170223126
1671038233
277253191
1642784090
80632717
619665066
21936222
57339230
3265559538
1397612622
3225728517
3259212055
98763982
3183269239
2938925014
3271778095
16356190
508270801
254206125
2272300260
287750109
2190790999
2374427828
59526518
3103213542
70783543
18634085
1389085424
17604772
45578567
15233637
113201557
38712438
288332713
16704651
1732040756
2379135360
71061891
22717141
253700615
2411193872
16917408
17136814
54918323
25840746
115183975
135234027
19077091
441198497
868228652
1499005560
316832383
962508228
147980734
14027972
69305685
66270052
52633445
135664475
16366825
455135077
29505973
273579797
209986115
142332083
72842277
227095437
285066838
18635333
16258158
64097055
425941102
31319587
20520427
193816340
293614088
251391053
19085082
34309824
1400542267
14169768
21790466
29331255
16046535
991909225
252692751
159004039
33801008
2459962597
2205187568
550543946
573889331
571169403
2474356008
114207661
2980550068
50767189
545214893
2994834419
2915812174
2962176629
24613245
576649650
205065655
26034081
2458455084
2968341154
2479139960
2962373003
2978992402
721046400
2938445913
2962587370
3004237529
2992567167
2970348629
317806486
33909457
19975757
156368710
516939874
372341514
50937243
128916842
3020592699
82151660
22485748
1387123813
85332821
197183834
871991101
293028988
24243150
729177876
91671740
77031076
75132724
17340781
55326534
281588648
23768237
14235041
75345275
18725061
8005492
134870834
404050652
1268189930
23034673
370941503
119133458
2372563572
18844330
18057311
564943457
272464589
857797147
3106332370
2526510276
31601858
18819079
458795637
155653061
242809988
197181270
91122542
831957252
3087639968
16060167
237796774
70960305
26927750
74543913
24246245
3007763998
273488776
16721621
61320986
90670323
48187857
99775711
2717141005
1038025824
156509963
19021419
289992773
716206796
3214907554
3236264236
2463820162
2918190656
2883606206
273111141
2859772067
22050477
19474951
3226495345
2956893322
116835519
821822454
2451781855
576581952
24804822
3122400944
3192080325
254189414
42351732
3247889729
2649673988
1264590672
126496492
3317741805
3233990023
476390447
28803677
1854859454
3344559941
318531893
331295086
1123998427
3340498360
17480487
1546854350
21684013
3343098167
1591915844
202224832
112519735
92848358
3031564452
2437515522
2988637894
2223850405
2611429998
3257412572
2819825355
1699690292
37015896
2428776326
79853213
239387417
3347725535
2320507177
353831380
2919938316
20752106
362268799
3074616944
562243642
3308373087
18608983
16689426
254186356
532451131
75159193
126629610
3222009323
15569249
15096096
326619024
3027141429
462169232
82976842
490991866
2497185313
21916640
268129169
30690744
1520196774
2300028637
263234033
10861222
15427776
67060591
132721456
19402238
621573
15110431
8963722
17918545
135904937
1288706996
1435461
16245822
1623730970
1135399020
1979039203
1861751828
33998183
1613223313
369245377
249722522
2485930448
2328937074
2207588833
2458567464
1530850933
1342861723
1393155566
61853389
78408666
44615672
14900477
21575554
378229080
2765496390
1699137660
192028387
2161167716
153575664
1551386450
622162441
57105450
302881437
2321934043
104912868
80478149
607558430
115228634
55262628
50804280
73380878
15999028
372238387
106135938
18609221
41188550
14531815
522572155
3331681
10069282
180889671
1694932286
34615909
26777550
19287037
241133253
85606078
234243065
157064188
28657802
416783345
61690141
24134103
318692762
16385268
1517267136
85322445
38712914
75124560
237112418
16197321
28448216
15807367
28473649
12726792
77062281
24928601
69777227
19785310
60435126
120140544
11463452
24769507
15426911
22737278
5692122
30686025
58780949
79915690
14248963
20182089
18344104
14068794
59589510
14465607
6017542
10419
207790188
37759047
130617778
114050808
15505053
15604572
82923073
57405911
51034731
14466538
24750798
161478198
77021598
178089726
13493302
141355729
19400197
69489370
46985065
14367751
18555482
6092972
14266637
237898154
18997592
14775654
71977281
19045427
34761747
15250836
110050237
240376533
92858689
14770470
125184430
168295477
7496742
131497030
19462341
230997420
26388740
256879843
26946495
16332326
775142
14513611
7860782
14129299
16170253
20252085
20479813
16674443
16746493
16954241
13393052
15949696
23601242
7259302
15952856
15084970
15138349
163920178
11969492
41814169
21443773
48847011
66515220
6307572
20708472
21634627
12340562
22799750
33514869
15234546
44177383
249469549
129997410
14773506
243291022
240813318
15935927
7172432
240921277
41687270
41186732
90309830
22187085
19034656
21105276
21344507
8953122
18213483
30050899
14700316
17004618
270154678
86250516
19719579
111416652
16175650
17119688
99966080
14860828
26063171
20708761
774909
6425342
14246055
15750214
82689705
326938003
118173606
330361451
116763916
222554961
9715012
111799309
11148162
174097844
39580052
37281592
478801288
356564509
1110417642
15393123
15464697
1324676088
141288664
49649403
56164159
959388576
537605678
289195894
2272531993
18215973
42980426
410249471
15935383
1472395142
35127952
384915512
1111940934
128246602
120153772
130496027
87359651
309978842
36771809
17086475
18708200
528949429
323392744
129380855
15647676
16033549
1855821877
42809339
546267471
1433584531
22411875
1080602371
20957491
21518962
142849883
18237313
35019906
2249422008
393005076
14335586
1265726480
20707070
207660339
27638312
20852178
83616201
53114618
21765244
1137600571
15492359
78461452
222481411
54300515
49217025
21059255
38460804
2260197309
282636589
1532157697
35013862
36743910
50378967
18094552
28145061
48269483
13952832
225907142
158445020
57917441
39566375
18337545
583377732
40293637
45979577
47455112
39311638
2792540601
165898279
17793878
342806058
26106309
2398066861
24210929
45573874
14266598
59238436
369505837
65551087
19539716
38625677
340588050
48123578
456798680
318518392
17814938
2324672384
2296617739
1688474041
218984871
4099171
50446226
285852662
1491442248
23092890
56081005
1963312058
76967543
15135675
61220477
73416019
47285504
2422724898
127899595
1471542956
29417304
72940275
413327797
73413771
320432933
6577802
7270292
14344823
14275291
14904437
15751083
16256269
17544524
17800215
17907578
18277655
18773159
20053279
20092295
20192403
22053641
22523087
22545491
23970171
31611298
35829796
38285038
39249305
47798449
61206798
74294786
76350004
78369108
109280446
110545675
114756202
116505994
148006729
155642785
211901075
222286905
224391627
231108733
233842454
234057152
234469322
234837632
234906311
236279233
236479311
236960387
237763317
237814920
239964567
242376736
242761889
245408102
248495200
249219716
249288197
254082173
261852987
267938462
277124730
296245061
310310133
344972339
377534571
442824717
515822213
516880804
550401754
584012853
584912320
935368364
968650362
1061292174
1069124515
1074412920
1077446982
1155212191
1249982359
1305596696
1444015610
1499993378
1849261916
1883356866
2433737761
2482022082
2724095695
2730150631
2856787757
2861616083
2863210809
2864384387
2891210047
2951574214
2955485182
2962681881
2962891515
2962923040
2964174789
2964351843
2964877294
2964949642
2966765501
2968007206
2975350155
2976598347
3018670151
3026622545
41225640
158520264
103868633
2560169238
1031908423
23103488
858672044
573149116
85861034
29766367
45604374
7402662
7383992
189129306
88007912
403699671
104299137
1500382724
594863522
108411567
2556062151
399665589
21505486
792435774
14792476
52485598
74177826
267873112
26441991
197192859
614058573
743087011
252888386
225106180
13518652
494158101
18552000
123071208
351764217
185490316
159205133
248768262
45626822
381363707
431948066
1415497340
756334640
17064007
65707960
2788219635
517603815
34936539
36381659
75806321
1452961598
188809568
2463735408
551520612
23721159
16058301
2841876407
15545122
542136263
188236774
17144330
27235734
26614342
18554720
1262736474
2868206009
16795628
2491891687
15830436
257922239
17596622
15473639
15355482
3554721
15309072
29221344
24457744
19940791
35549780
14753225
334382873
750626522
2903882167
2869600636
2891641685
64036746
361543110
2173186189
112803682
84614401
126408323
212034001
65387758
48900687
40750325
36340091
253058831
485805200
229215657
223856361
430834036
120342217
126118634
16051263
2247799814
47327366
509285375
795890814
1548572586
63112528
304909941
169963553
25390350
85286794
501861132
85526005
115097756
2463274765
23511468
2531889245
2939447946
27511061
30354991
16244449
1038728899
2542276958
43954179
26030160
279598938
17001490
17294950
948527498
862430010
84077400
16899221
41366385
325146522
24079889
422113547
356845817
1377517688
36973629
330760725
209197591
17836903
97572418
75038912
15447566
255781062
44456191
279097639
88735607
65456062
42716568
177212603
177759074
177586079
80985011
108997223
177598167
552346621
16397938
40145940
54367390
67711204
2548268827
25557388
1562616068
412978054
1666858470
374052497
131259580
824371736
27793335
61901693
23598003
275552925
816734720
56283903
403667366
17480920
19754093
3058548402
18340518
2858275729
2331209359
21676551
192179675
2206203852
37804334
740058884
344269211
264404758
20618180
47402168
57769516
339690481
61542328
295431169
14368074
254253201
2570940854
76698951
54611965
15471611
135730830
47438401
404525685
2314699448
124234862
3166120541
164544204
1153863685
251639409
47508640
51979500
581468642
829619610
145837792
63227112
2288856122
59989211
757739089
153265593
202194744
15939889
158470209
75281216
1549319774
1120387332
46078438
351221537
37710752
19725644
18457896
467058615
3032215710
3145103599
928376425
820187383
97716449
403095802
17375057
14155907
46213956
1716581
14752085
18742394
46822887
36169202
2458351900
2418995393
124694413
327337127
2994951136
56101363
286229614
394188905
17470134
28722984
18316354
18495137
5412832
33235771
43261344
459269265
19112558
216834759
1058987810
3310062995
329622677
764256720
16660725
833141988
96723147
258871381
342843449
23303643
3337538667
3326165032
395848183
3257289914
803826720
1571239068
244200716
30272877
25300308
25321854
16379018
277165873
607289206
284991184
84194879
23996721
7744592
131877198
18812301
26569855
33640859
267921808
14825511
22650211
21436558
16793368
8114362
19740592
14825442
18478307
198980151
142419647
125445568
5990782
131500972
15900167
336188151
296501987
11857072
8370082
222140591
21308157
54244175
56828100
326929954
333150431
313323231
15101714
319100065
402957663
284664892
60777394
28348670
270013816
15769327
446568165
227036687
38228095
22265452
15151876
177974542
15150841
15954997
162069635
17993906
28652194
14139584
16050807
19396560
115111016
501041307
22685638
48177456
104576097
26657119
322887099
19948202
16021468
7152572
70526457
403494577
20015188
14625398
575766234
535254940
16877032
29598035
133434857
793723628
44238517
23605505
21879831
222487393
110331786
16068717
278582590
15689319
19670455
610320045
185270420
408544866
18646108
103018203
171154131
61226587
18188773
588369879
23231964
11856032
23267203
17025469
86983643
232992031
15174710
17789578
42924141
23995748
1244523836
12788332
17387359
16366715
55286630
829713356
20078382
291903997
564111558
182815759
95941018
67194113
22242298
77032777
15345563
338551685
73181712
540570933
132577546
308584631
17169239
41909306
728540779
11134252
15650573
192955168
30664353
346563703
30538239
65163785
62343633
41342620
97239626
21693175
2330712260
23080711
16116288
376955768
14226882
314149528
97298155
1702841720
89255239
2510906472
35869256
222666657
57712793
271023025
2546759718
2609775320
2801953387
1390186333
40826726
128671938
48483271
210236090
724978854
19670226
122198864
1269100550
154145174
28785486
18810140
28722356
250386727
31183389
33458163
21542518
323039563
28331064
30060039
308573576
110541296
63161583
363041761
2572935673
278776049
2293315159
161044052
16042794
2695663285
19410144
50393960
15738935
14275261
22642788
119049214
17899109
161801527
11695472
14159148
33933259
3290070855
14055301
20646711
69231187
151106990
20596281
27830610
14361155
25098482
27860681
16153562
604949797
357606935
14608930
287413569
21111098
229966028
486694111
20597460
216881337
57065141
135297032
413466731
244243985
20546536
262756641
1074480192
435500714
18216752
18170310
78403308
249787913
171598736
117501995
1151590614
1061029050
292495654
229592356
221162525
13218102
234826866
628709039
104324860
82657929
292972175
233696188
352534407
172470598
275572403
234370900
329761746
90423929
93440753
46709062
1004891731
20113797
538185166
19028248
346637907
47747074
222953824
16160352
15745368
36726020
54635428
234132941
261325652
156772551
750102828
383914254
164555798
540973577
803287508
499262656
404269766
361956693
549308461
222532585
253707431
102159247
1117755500
117864755
43133908
87944490
18637003
564798409
38444843
399644950
605650945
1137501769
26078159
140480873
18730191
19072146
26552910
21311422
19917537
35725810
25371684
21243668
18365574
14525878
3888351
24490706
15312292
28635395
24233711
20410847
167148421
32256522
20796192
22736351
18720099
16365768
18719880
76453806
19774465
15385717
17769274
22034448
19738517
249279773
20925784
21099756
203785835
576199159
29612613
19773583
39274254
14935643
21547139
17975184
49463843
22813666
24430658
34400375
104224672
19598173
807253855
19679561
19774478
25249798
295840537
52824038
1231811341
146597881
1093338182
1249418526
256961952
6519522
250886182
14434424
115467989
30597494
84387008
393752415
102748292
36175409
58875918
71343544
29545077
124207903
273222121
45595707
26502641
165097255
88746920
148078415
94583152
1022863572
20521204
36108406
20463418
180505807
52779839
1428441589
94152004
23487456
6450322
1694355426
46668191
16026940
78648493
21870081
475988505
586671909
150121709
9232292
27708702
95511150
26835770
49764746
633859725
885190436
15680246
42246150
331681951
50310311
491350825
344371389
1237074074
195926361
1472602148
457265628
1646199937
16423442
915941281
98786561
389665013
49519447
404910613
2323994490
1176545538
389757150
22815383
21319189
360690162
347260090
31416459
33662052
41672929
132220776
45126805
16660680
44170925
42871498
16426694
28652197
337742544
728570616
234399791
30035090
409261792
863501052
2330816016
254217041
16967845
40653560
456978048
541931280
20284860
14266331
138906158
272080601
302182986
2359937696
1927844546
31514583
177575989
26597015
2205238867
19357358
40043352
17900063
36104874
48123972
1228029762
104524102
2330442584
2374394749
16364222
34685944
1242115524
16743256
18024812
67134020
49697450
80381745
312882136
310330192
370264640
492417356
348539088
23828400
226444702
221637650
134296355
17323546
14148668
898911319
25087685
461616778
41354474
1347189026
14215934
27863429
250305365
6444092
61292348
20695670
17091637
33575662
14875771
44432556
17007671
19544398
14840030
26778595
1694568223
113410142
72931773
1702571186
14049235
18056520
17388478
17976396
20789737
26299951
8229182
188900216
153530206
893496121
104904945
22646279
17631193
534317553
429339180
138479037
21768766
50073507
85131054
21220931
19410511
336178140
35865630
1389798692
19406163
44783853
16250929
146569971
39155029
15134240
14499829
357648167
61277386
257614760
2468065242
167037793
31153345
716151607
357795920
120190345
28350100
17377427
15529359
475294870
2194529533
587805681
15908429
15901113
153558139
84141253
121305860
270017791
105162100
16031927
28902856
295219983
17011177
243212564
20259954
18324262
21878635
1267940407
16898332
861944574
28623166
140208986
89222289
103022986
551243976
46557945
272087231
19981371
394986254
1665514478
20832374
125212215
2259259550
436999188
167623637
705706292
136550204
150240350
1025521
59159771
807975026
63796828
128733097
16018516
18776942
267915933
108710418
892219807
69004966
93963456
268637163
31464192
16547587
20658469
29372259
14849562
87761810
206721200
16378093
215694545
15126873
22996985
204599219
2504452635
374277869
68801460
77517639
346603302
23482952
1135388684
282735852
1630896181
86141342
12296312
258885469
24112504
24965555
19247844
41272328
7998482
24594836
208736091
15483390
1712989040
19658936
745797770
17766477
25375836
13367172
37291805
18125710
73190286
227037531
20117790
15692086
17060020
1548489476
16893929
36000570
19371141
38496530
13784322
7309052
399507448
1178700896
244265058
1854981890
19889946
164412502
50011708
380648579
1729062162
34713362
17291452
1615463502
18778634
15865042
21200171
743585142
407013776
17243582
18521094
15369355
18852393
224045953
234186830
159655293
18697888
17004139
346197350
19618184
14560097
19914257
24464743
18873711
14207809
16459325
56501671
21657051
45399148
18967418
14062180
52774637
587725632
16441088
33919343
19847765
62823393
114670081
171171584
19506790
44134773
30231097
108617810
7860902
783214
435978700
18812572
273097675
109446583
369246180
20474813
18772897
20800328
843876602
56700964
108985543
115710058
23232204
160561302
87584353
15481070
15689503
242418441
614542142
169586280
16686144
35027698
8839632
14293310
71294756
57768217
17112878
76133715
309937733
126401831
106514937
6332292
610922415
615443591
14940354
217550862
14190948
37932056
21251668
247033019
236026761
271476647
88975905
17074440
18678924
233985354
15441965
9252212
163995093
136300373
14270650
14620003
14688489
21027715
19792457
245220581
14552725
210862000
59676104
15458694
61285110
90077282
80638910
63004503
21307076
18097821
17910554
24439201
49620730
16340501
18276341
14962779
16297707
46662081
426802833
733751245
17503180
331816614
116341480
453319164
20109439
5695632
21234528
522282462
15399512
77852581
132332780
16125224
47694175
409486555
5336752
15826822
91386979
11771512
138895307
21612122
18174520
15906481
369232105
21862217
15159913
173999134
125453969
140286364
44215023
352548417
19734832
20776497
16157855
23967935
9855382
59031230
22138357
14251225
12272322
69181624
46817943
21696279
130997057
244212645
20733972
23621827
106135104
16012783
52070270
26083271
47632905
27901418
14049145
12193342
18227519
15224867
20608910
30043495
21111896
46176168
20109973
15681524
23848444
2747093228
1965401473
113692424
87086673
21406834
317522590
410199318
571202103
78714922
2161080270
19122737
33394651
2774050860
2252467392
48132847
729094964
85442316
2249002010
17025399
2461821548
18874870
2458563254
49733381
154571411
18217961
11379362
98948784
68702991
1693871694
123310100
2426122140
244132525
113387825
735100344
44542178
33633403
2511408984
588305393
22807807
289540610
93925831
29547860
23648179
23797086
482385901
2978184104
737514654
125775026
28337697
49686679
10525102
19407053
153149305
7315022
211921304
159522198
24854688
997285801
332617373
478936163
183279521
24554901
14677998
34996738
463765807
16711026
17881467
135575282
46955476
222622640
311080265
1623541962
473494360
487600344
275207082
2409209179
29309901
2959851816
16462586
1963818144
18164420
180200031
15473958
94262891
423868716
22178780
14091091
123417995
36184220
17842366
74518740
25319414
19397785
11348282
19362299
17471979
2097571
5402612
30973
19923144
10228272
95023423
90420314
19426551
428333
23151437
21447363
2557521
26565946
2382685057
2976606250
2966758114
26636274
1522468057
17919972
14677919
14345759
16396588
26257166
14437161
18938912
93876666
142490217
2975091705
2973870195
15485441
14238142
12859772
14643061
15295015
15309804
317980134
261419133
516879818
26607712
2914163523
2853309155
627710672
28049266
2964287128
2863006655
2852998461
15815876
167995254
461350948
2953974395
2750127259
2970462034
2962994194
55896443
2862577383
19980950
888621
2696643955
2964526557
2613965958
314205957
1017889500
75600769
2963445730
2914515430
2953922782
2847221717
250912539
7591572
2965083477
2964222544
2953713339
2933760046
2869746172
509353134
834069080
2932617195
2387496325
3251853433
1020058453
3144326411
2994168599
55360231
250345214
197567344
2930635215
2914571740
2966205003
2929491549
22837895
2966570782
2962868158
17144765
1030666393
84552932
179732982
3056704318
1347634651
13262862
2916086925
16686061
39594222
2953494478
207331730
472245232
15433452
336297438
321181135
3002118118
15951830
2372368518
2171603850
32522234
19474777
460480367
449883085
176526025
39796295
17443274
34908116
18825339
46837700
24302217
92492153
126107178
86052751
20434390
83609765
93069110
61734492
833645732
15893354
277746398
9444062
14659350
18501487
87934022
62734246
2962813893
59331128
221563863
65466158
17844829
70511174
18813355
21312961
22172316
3000381092
19731577
14526877
408136576
50025887
173913103
16458470
14692385
190360266
104914594
27086783
18956073
22288490
33600887
288017451
34549185
32608975
366218609
15409205
3067106365
60684098
227790723
17807877
133283104
36681590
103950007
474974313
228832530
414873031
282102992
32007916
345158526
227841653
17409240
3105406040
20600214
250492272
15113565
1420444718
391782975
22517178
1245361106
196214809
21213276
2970279814
114887629
106597684
42658483
392866925
27027979
292083207
35853141
10126672
28468549
16129106
31310158
154985728
7768402
66369181
8775672
67215899
54885400
205404196
997684836
3020317518
21240602
25702314
2358500454
2613691501
369697377
1536791610
151444950
377016559
18078155
263456055
245587242
38136633
40952964
272074342
47275328
14115926
21608389
550762459
217083195
15972530
2312829909
16076032
360876605
14630443
325277943
548078410
139909832
1715501
3015101849
38337135
14066024
15570213
256163301
105939814
163589845
87498687
500436115
1933042237
2363238127
24892146
1342587882
2382573770
18468374
3044993235
14348157
14955908
135501248
226177054
390320946
362318851
825687307
27649741
15941955
56681659
2968451607
57751453
392810019
19602869
8162322
53569692
2685324427
18909919
33563161
168502762
38254095
303861808
1089859058
558769636
1128781184
510516465
970207298
166219963
2574103121
41655821
2821368153
2796155975
14763834
86697288
16555985
108189101
494263580
474232856
353402549
1154588840
70590748
939091
148626553
14133964
15463486
86129724
43920155
31037199
2378067173
2764742212
224910936
995193054
453425764
1058917562
94480931
1967145060
2616580429
33653195
17907987
15182798
87855869
16072058
156063783
19195094
20257611
15846407
233693291
15600527
164369297
402147539
242836537
242555999
1058051748
237418907
24735461
282093902
16102244
111379452
50152441
18030431
74508260
34972633
16029780
322658287
34113439
20517132
54391852
211971883
456326093
43199595
450133368
2230533374
759993181
17469492
27055034
14377605
70432831
2253968388
17896154
33655490
10102032
84620376
11651202
193794406
1089334250
1289319271
960696949
1382011333
24183358
52503751
1209417007
76132891
201079432
1074101017
278145569
613725908
234128524
1045853744
19139963
235251868
117777832
234573331
1109670548
35134063
271024433
441938188
45669384
245891006
385702678
14845376
183626997
296361085
264219447
73303753
76649729
83901492
555474658
211588974
202206694
216503958
18061669
18632666
212262370
291756142
1071402577
75364211
19918558
19726613
600463589
1096059529
19318314
1068481578
1099199839
16349037
102744946
1454685823
229977111
21244303
1505355709
163462612
29725730
19918047
79220283
172867574
221068485
16405372
21897392
360285166
46038835
16141789
2182412918
63787812
219496700
125565867
231094495
254190829
17843439
11342502
1665531
112471133
38500966
66533920
246478393
14550855
2699271249
55011204
545306809
5868202
44873497
164691705
90732628
571012449
16857753
2293406636
45982162
27541014
21405623
1122078788
101896529
19616718
15147042
252124716
23602600
12413032
19673984
558093419
142157505
49650401
23254787
102167281
16314645
119235720
16045268
18491863
174539199
70144495
10860212
195766432
16571326
36853554
27864285
254605045
123913517
32525034
55994044
22258367
18251414
254106041
1265795664
24197307
19682187
301474643
253114974
16158234
23971780
75367781
1072008757
231510077
153944899
14470341
761783018
1072453910
254666884
1058717720
53929374
30216513
30929600
63262233
1064206014
161411080
56864092
235373000
1262814457
1072382221
240385577
435080682
1058345042
1060487274
1058256326
960962340
1058807868
1071900114
15265641
37094727
784965392
25704351
14351053
518644221
912608010
976969338
1048784496
295685416
281540744
161743731
198526130
249339682
21269970
19929362
235271965
239871673
26424123
240393970
37007274
47975734
224294785
5558312
240376522
33977070
237299871
299883942
1944370776
226319809
18805303
78431501
23712174
15856366
21157904
17976923
34340464
240363117
22527499
248850174
993153006
1128514404
37920978
16056306
18217624
19658173
240760644
229197216
242926427
252819642
237944147
10615232
364415553
246341769
233761277
32010840
240427862
19926675
18317325
48117116
305620929
244268646
22831059
24773493
76452765
18566912
27676828
137407124
21114659
23976316
74198348
20015903
213634439
868856461
16955991
26792275
15824288
115733549
109071031
285198536
35773039
132278386
21252618
15442036
29293808
17251182
1134292500
109287731
43409523
255128753
369722103
30755419
16121006
105176483
34753498
20707274
19739126
1520452334
549410464
926280474
581467899
189670211
16131229
375662595
373024636
147606660
34681981
17849048
126641602
58520492
19295588
50915521
1397669455
237912905
561225323
994512480
19382181
32439981
118252606
607622157
19622736
739424593
121237537
2291602652
34402366
16457286
222253359
1357652958
17632979
191867394
1594679162
16132087
27742206
18943546
16935292
330700310
185765188
19611483
15022633
54296939
334894942
5743162
219429281
18829123
237312687
312088242
18888306
279164084
14803459
52052011
23951197
3924211
1321400696
402905504
26778110
314335929
18967498
18320874
346711949
114497182
40872183
14327933
111141045
21953423
95281047
33435693
140103178
20467163
15394954
155669457
267854863
26051676
18166778
25086658
15160884
18811140
32506723
51228911
36654245
20209807
29205600
36948268
211420609
234797704
237781383
234812598
237750442
211530910
236916916
92333567
48086014
241207373
234822928
61878975
18691400
217543151
234937222
88784440
237348797
225921757
402719755
265993392
236899846
1092757885
242772524
23124635
235190657
516891397
1079942431
124224165
235312723
15281676
1060370282
237862972
1058460818
935033864
963480595
1092803100
950328072
966442267
297067961
120267021
28160998
390225101
28656692
18915145
382791093
1430868084
44499925
476256944
166252256
232193350
1281405877
393562221
58503762
193732179
245516606
190328374
98691258
64420220
937723303
221793778
105154667
78693274
252819323
17513304
305216911
294212748
44988185
33256849
58928690
1027156464
148453195
1065995022
402029058
233949261
33637700
19719380
115564212
3108351
977598242
224320485
15182074
906782533
26538229
305023595
2305281787
246769138
248699486
235217558
242873057
19407835
1068470480
1058520120
20552026
1071840474
224285242
8128442
250188760
199325935
60828944
29201047
33537967
33576489
193872188
20545793
88040819
16583468
9109712
13491312
158398519
39261830
432676344
20999272
294084341
5357812
548110812
266133081
247486443
7713202
15356407
385429543
19394188
50452197
1880674038
15007149
432771620
245451804
1222257180
1260172386
384913290
28176898
975200486
1243902714
208692908
2382117350
14140373
2317351705
75069067
316389142
2612261960
389840566
19697415
158414847
757303975
239905257
785414496
234869028
372431547
104877124
1330457336
17136310
36366452
45494653
131194996
93941747
21780860
26746958
45006831
28359028
86099890
1342774082
17313899
23832308
227894751
111128816
1410590874
108376246
156045092
95493980
553063436
1092979962
38964555
237010321
16673528
18963809
256490876
55589925
38470841
133927579
292990703
222985500
132201224
8905622
524733591
416749353
31653218
24035547
15212187
234374703
76456274
93761782
17888058
236511574
252249233
15931637
17883494
45731000
17494010
9512982
18172905
25781141
237770636
246357149
242892689
142721190
339852137
73238146
7868832
19716781
14615911
15324851
356885109
325830217
1339931490
15667802
36686040
28599820
866377093
22959044
25207295
71286461
239949176
22076537
244655353
18510860
19674502
942156122
958081542
14757714
88806753
133832049
789244177
131144091
595515713
24431892
15220768
1665298740
1665386791
249348006
17577078
850015028
224510380
251758658
1531521632
180062935
1603419038
21268897
15191919
7381772
248849591
167024520
217530311
18452614
56440142
16006592
13067732
398088661
226956469
626552846
20281013
243337600
16672561
42362189
1465001628
343958195
247404780
10929352
271441733
52660746
58562226
17061263
7334402
17898098
38036372
15987296
126059232
1214410454
468840862
46128729
404132211
950783972
41445718
308743028
84119348
38683121
227088228
21437682
150078976
278124059
122174004
1060984272
221792092
2195006237
37718165
82398088
17006036
30565005
100534628
42984750
25397074
930126308
33980532
1009269193
459602101
140519774
22812754
25139160
164007407
499352451
18781854
119250381
80111587
29300726
92186819
293131808
258900199
12182142
23600262
580385556
39301336
14163934
48144950
15507433
185684821
1908143071
40302336
16228479
2592023390
257592414
309070309
87510313
1603381488
17136568
18225195
19785281
273257132
1155335864
369238541
14081659
14856348
19834403
285159803
22255006
97625980
15808765
278005891
115771326
196290799
918014352
83462293
492588128
17759597
593893034
237477771
115745371
103927659
28181835
123327472
130945778
7848802
300497193
2350490634
23534104
71569841
28113052
21901272
338779219
556004801
26775504
2431125427
26520417
133947893
156016878
16334857
234409558
36047098
16538210
21258078
126085496
19940085
216817854
59425403
247441640
301014412
91180720
19785811
15781389
111622423
18522327
389759292
16000856
108993692
1604366701
59225745
361321755
18191927
57002648
14240875
233783568
153486399
163570705
292935209
104198706
263815367
240812994
1051127714
247334603
7429102
1074129612
1083448909
18695134
18696134
172858784
31801993
47412499
210926192
22812434
78445977
111635527
168673083
161791703
82453460
381152398
249410485
138770045
1090002997
137794015
234014087
612117635
1140648348
937801969
97910289
29450962
1068499286
35859588
17270262
2546633226
137718722
260009967
1324289659
2426589738
394730850
33530012
208120290
292090197
2482720261
1485895513
384392601
278289089
1060997772
1362481302
26596727
21122578
339278127
57974542
373396902
365654377
28725171
1933161
16400481
335537750
443297726
38720373
23578274
183735745
19849635
15936246
61656492
53222666
183351903
82509878
356284935
309267226
2480183299
156339729
19608273
84162101
21902555
26679523
36710767
1134148494
318999759
30809782
16581604
19079396
58550415
17134268
29895343
2347049341
33757747
12811862
310455468
47526275
47348884
251801966
188894065
204401430
322401882
353225544
258618079
1928973356
850999879
42692687
2432968262
707294276
16115811
18424680
249966525
42930296
53176629
228100871
21704949
568444562
593813785
1653714872
26647809
18481429
2293131060
1713542732
75449182
30673492
168755239
19925191
315293969
2376847605
2250579284
15854702
153919023
2325655200
14370819
26417304
2295040861
1543830679
1531265618
76348185
72198806
1262099252
26278266
36719281
103087786
1006761036
1071102246
462143773
581141508
15675351
1055730738
24196684
192041694
80612021
479872233
31128529
62623900
53503202
267358705
1636306171
63169388
82167518
1947265657
21705181
1080509366
35391464
842385386
111635980
2178638689
9300262
847755343
64643056
836301678
564955223
115754870
16460993
112526560
14620190
87818409
121827883
245424983
17290902
51228973
334332822
72552866
44678734
220810799
19918005
15134859
175433711
860397498
342933582
50690628
1055907624
16789970
15257684
16302354
29125558
1135486501
21431618
9532402
326255267
21316253
1634177714
22789766
60919240
80361644
574652492
23095406
163598915
114547989
1548158070
114508168
1965174936
24913074
16424044
19250369
7004382
7356562
95303995
15837659
1286312880
364423298
124813542
754312458
129400937
274150794
1601549102
43919633
21010214
15513604
14870670
21837101
196207196
41205377
183273999
33276161
112606304
72299935
70505190
1283558792
886738322
20508720
1607459768
77233736
300969036
324679842
71123709
14868145
701714810
15727317
18909534
281593711
15724082
16796483
14007532
787373558
20009368
266099038
27908212
1485928500
36946426
17291393
339822881
85396297
312134473
718693752
21619519
435236285
52253024
16326882
164389929
15667291
14426645
450941680
545238236
44405572
16041234
18028893
197483134
16742806
10371822
22162854
29607664
14463848
21312077
74501824
913586352
50411587
32774989
20002401
57113066
36147494
199400127
173907880
110457825
43910797
1061385474
1339835893
44189134
959572705
1353085428
71703906
109025212
491427715
562919774
456806128
1392282998
1045110018
16261445
242944499
31176345
16303106
124359395
19777405
12814702
182503471
97474887
121489431
33972882
41455800
467823431
1106501
54441907
49988522
15988683
22509548
242426145
24745957
156333623
28602948
82649553
40260612
30912937
74829020
29501253
16187637
27882000
19186003
1077121945
269314519
210941132
83932732
249674727
35014834
28391880
92370174
24663179
16096735
16296069
18021496
720904243
336126094
16930125
118228048
32400855
17006157
15210410
16017475
14246001
14676022
19107878
5741722
43703350
38507478
115979444
9624742
16349125
16081831
18492549
14615871
20179628
20437286
4119741
14173315
22891564
483945013
204789953
20818801
15933632
436202925
98909375
40057701
14717197
14434063
133872807
288751432
13850422
11856892
28195764
61873775
254117355
112838571
19041958
218619410
227002783
15922214
295899118
15554922
135931182
1947301
14345062
19824430
10117892
32007346
16566133
305732399
475286355
86776195
25512264
305187258
189390191
1055685948
979174303
317872659
1072467470
120176950
109066651
28158042
15361570
463132556
24195214
24959314
126171100
1080844782
62951113
14984637
10069612
264465214
17161586
1093090866
813286
333692333
36124043
23484039
49304503
17137987
18298190
17136273
75274615
78168550
34978859
39540699
19936565
25357109
49263032
454226041
222591341
30955586
18022008
40294975
23608779
23911915
20092721
33986037
13524182
15928094
119302872
34399950
129210727
15649616
198614401
43337457
43783107
1155261757
742143
524746581
1652541
807095
23593446
5988062
15675138
15164565
15012486
5392522
2467791
51241574
12133382
14437914
12354832
41017380
248735463
165791468
29442313
394741838
14617231
15210284
148529707
127605667
198532943
374692787
40265917
85892107
27649069
14177855
602966295
186480906
1069108285
153181367
20094138
64448571
479159085
435961823
31127446
15300337
36680162
219550905
70771229
1140684337
130251668
14695985
78523434
28796289
14135426
381157893
1917731
15918708
334393738
12244082
607347210
31122582
15446531
92079350
266150023
151963505
14412533
218960092
15463671
48802204
21844854
54208274
49698134
45671898
184136149
238259855
205864193
409456907
18622869
97503010
330592913
158426909
69193833
21228708
89820928
19268706
4207961
18587457
16129920
50325797
14529929
254633034
80944550
18137749
75052666
55355654
113420831
15923226
407843497
466519303
15162954
15137097
30313925
21414576
28635386
59828210
29264087
148064740
210235686
17171111
2836421
7793902
20173458
14511951
1074518754
45900155
17668645
160726477
18124790
366606110
19918986
19608297
26301588
19213019
759251
14555303
163224458
87203875
776664410
1037321378
136337303
46999373
20252482
27078238
246088673
188019606
15764644
22012091
43963249
27048645
264576424
16544024
213795411
233737858
851621377
234022257
234053893
18916432
112740986
22669526
50001603
41879033
49649427
17026643
23828118
16456004
16699451
14184651
186045114
34388463
15763818
18456335
16782140
15845694
15752446
