1631073296
34042627
49459059
1270496592
33584898
18391051
286962723
272083356
89627638
330440518
3035848287
3304710445
17856015
10717952
302771660
9525952
321454386
5664562
14499509
43682767
373980599
43314109
18614595
14709355
24737795
10329052
3317503552
32719517
78191951
223582251
1656579769
1862485712
2358954996
532824281
1119215143
1271850205
379980176
2806065673
2670612996
220516565
2458188217
2795843991
2454408986
1546994354
36691290
1558497846
505136293
480204788
117369738
1853246970
2370585338
2157307247
2922094830
21659374
20115101
1647613771
35468185
32145040
60202491
28254715
18049626
148064587
292150731
2586242707
2859518890
54600741
793451760
65660681
90746809
16377817
978889837
899129995
22183090
821647303
29311979
41862715
25560796
29729155
17471239
28103791
1246778244
339486759
21348853
29524628
1446694916
17513961
921598669
21952872
267325248
702985429
25973266
224493948
24433199
105250341
49670786
262248599
1433692945
30887564
255256478
2282955312
89727744
1969630836
232342189
250416435
24581397
16723838
12946892
411083538
130748033
104229655
258120087
389812363
18770777
28729277
389588105
2546869926
35201390
1565817151
21446951
404542595
22762908
404532969
718731162
18478886
2417500844
1701689731
1114286256
1710649668
331699153
1722338036
396268181
74754480
20282776
30128506
162140032
78946500
27975374
14063016
718551618
9902312
1676635716
16005250
202233610
1634597353
20713080
166211200
21988901
38649019
19928703
17365270
19519252
48442572
103130238
17796018
14353392
104249727
122530604
104288093
56783491
16409683
389565872
1639695696
414068542
21111883
2230685370
1607098904
551548189
34507480
85603854
23375688
79293791
1465135500
15635048
21447363
17919972
95023423
14293654
972837709
815557454
1357466431
337791407
20536157
16341344
7309052
58550415
29361488
2752443294
17134268
14165551
87257462
15492359
26585095
41294141
27071145
2196232098
40320565
223489318
569229676
118112656
2948123564
2496560677
173612597
49746234
31465555
2830805055
1952037984
14211874
103955058
305776278
1176450188
80873679
35446705
161775165
22926891
1326598022
216353656
139817510
63520529
1728955525
2696945625
622066615
400092401
1377908262
1472595026
116882579
35271711
1063642980
1531295551
1240007990
14632998
123395508
121598314
46714170
1618919328
2171750450
934957880
1707559434
2163006860
1011263689
15160529
2377762236
2178750678
224045961
148950570
15295117
203105982
109370786
272553030
767859122
271557102
1944128088
277703581
121252660
302151346
472634869
271795958
479871265
580900923
405208095
367563148
185722916
1075494751
288565878
24010476
633952550
386747437
28844768
1201685376
164030879
16727498
310869566
39338400
1190578488
431700256
34221376
170440754
309458947
1514775324
36916922
2233213530
14580438
163549358
166394670
32377189
143109948
2194391719
27760317
17681513
105249910
745461151
17501074
103550181
55651643
1676078360
291648210
379765354
40316935
576926367
269397334
1550725340
16553900
459736950
241792532
66039551
75932537
39811240
545812541
1323265219
14759071
849280128
20699064
25456478
1679103306
1634132725
336116660
15551946
243761589
23230441
17027495
583990618
26309419
14384112
259124147
28335900
946862017
419279403
823905
47647570
10723382
36691095
14773982
28192950
25838635
114478604
33648701
52770806
1080950564
49485491
364966015
21096570
80100469
259187220
224020465
10437802
529475852
28601983
499908924
16226273
159107483
262257762
415581517
533905122
28596306
22883432
17973265
357543069
276763712
177794223
171225425
16456494
19072900
228940478
23863306
389609128
402794026
389606376
260266028
78390485
287248013
1281435710
14655879
337573354
1260968773
130634249
15811314
28310804
243316463
352734615
20010519
1305760261
390919983
22165342
34405198
475183032
568502441
82711420
335946517
532589062
16409210
140960558
369642122
912615374
369796204
326486527
348672658
31305382
380286939
35353069
28578875
28084732
49578063
15989022
148064886
28309991
350301334
44489279
68687258
48844146
17418906
998217884
55611396
15723732
317243605
179108709
496430316
15869368
36931424
30229766
140085904
260762631
459534627
16530573
38453336
22721166
1467176089
21009948
275561685
15682352
104630046
27583133
205357001
14137119
19772931
372438207
479962219
387242340
84528345
30416458
22650211
177314459
119421760
307545861
199790819
14433949
40028791
42372594
17820022
46130283
17989166
14276734
1239931783
100083859
36397309
23102350
14164235
70963054
104267638
313475386
47436923
60704313
15845753
20543305
19027427
46598192
282605256
108832290
44129619
597659943
41175698
112628982
47974566
150293077
214177586
245479935
43436944
192971881
64120012
17219499
9542972
783214
74960462
114791742
2884771
14517429
108665110
171316333
30127605
128631032
575472845
42779817
912614137
135163506
22059385
43435902
1175623346
31223075
116437813
521575255
43425975
16031536
21357255
14363353
361875262
38190321
16211434
21731168
297258606
62613930
250884927
18924626
256622782
15677150
41343716
8862532
91092923
49734054
486003482
15738599
341098576
234782444
947063773
715856929
198070902
1255128798
69373996
228439014
17076218
115984149
122169548
28785486
87397874
15012486
35738491
75028838
110194424
41633850
7768622
34377866
49640770
318014271
20568511
108357236
167412391
293634750
164801257
110695820
274581613
13185352
21551945
104916370
239521207
178124595
16228873
234444413
164747251
235568733
33870680
30639865
19556528
20419776
9229672
103744228
18510097
147168151
470462929
16256297
348670750
594830033
29225509
296995764
21444093
30535828
221075923
950592782
18356803
99962471
389582305
159141349
197064146
210247319
86057434
72939875
57400495
120230445
325241277
500843180
115941650
18375878
216812400
106837463
12719722
47249268
18462765
16867024
20873818
284534481
15057943
21731244
516884275
76794252
21307012
86875633
32026816
40182400
39601084
308375118
750342270
534158766
19503553
419160711
16874526
43333613
20909996
123318322
63489747
85983396
172244796
94923065
14369180
167040741
389029300
580149985
531536574
28165786
234821216
212370418
273203994
474974454
769726375
110798111
276697976
634739194
532751350
410463472
431260680
567781080
1372946815
29534671
248772788
24084413
90438858
21982720
239482995
212253441
96625884
30973
3108351
5770442
15864446
18907639
27947999
42937387
35114805
27880245
180505807
5141841
399403711
278144816
208133682
21778845
104612963
245519347
244070445
770988007
425276769
12397052
95275544
189280920
62658989
1861051
750522884
281593985
465930049
15770531
41589579
545544989
177105557
20090888
34054733
542986688
82423741
240376401
166182965
134193366
50762782
632244925
46139026
205452813
125202067
217190520
80943051
612163217
264189966
20192426
16422358
76685719
183465706
141058303
17198578
46950374
57048329
20954011
158764744
34318095
16715398
107454052
36181209
115485051
159109447
349343119
9763482
16581604
16630098
160622818
25552639
751735034
89402790
20002401
137706974
20962674
67845619
47194114
279721230
26572055
52832357
16651754
17494010
16195663
177256269
16578626
98175329
33301023
45649435
221846325
265270727
191209432
180883118
94617335
89550207
247949707
149593579
224768577
8464512
16669691
303214805
140837594
180403575
161717417
49943475
14588083
158491217
158913287
45564482
132592696
135139769
95338595
513680005
239874171
159108676
94932147
158571972
374108965
266405542
21669960
264422871
24181273
287834089
158912862
93924482
158912561
158911382
51241574
48149097
151463269
158153553
1270913666
1270893715
329920891
46164502
14511951
25279405
135239561
158910877
29787193
104263696
1348745418
145791092
94179935
15224867
115087523
159108168
150856382
52422934
158911901
20020647
61483986
14055301
246494751
26930717
927746245
288396742
22859855
140888192
92304258
94023007
112886214
158909722
232268199
140984694
14677919
12701412
24223641
15846527
127760441
17772460
71028439
33575373
317254354
533325704
24909624
1017790302
16146190
15846407
9917652
16030899
19035424
17527448
41406594
169648478
89711932
23598475
26329195
138072063
82425433
23565226
152943382
18228075
43801413
139270260
34781488
1322554297
386234635
23552214
88675499
18676177
17444573
18082946
21651332
293850289
16190278
21324258
25939221
16116995
35024652
6740302
15519430
16174575
121236083
18224213
111425284
92051064
17510816
15130854
21769127
69373847
85645397
14777215
214548109
249559179
482389542
618408487
43017370
46109869
8861182
2869531
35664799
15967738
24082066
31829586
16886925
254590305
13837292
154309049
15897147
18129528
39882038
21915666
24626969
18175895
807095
21365185
114589771
22843068
19314329
27091468
17469289
261894547
48602332
22197142
1264093105
17008726
31183437
19195914
148496087
25170188
30278532
19756722
28164096
16145224
38883394
20710809
27083523
18128265
20661539
20778387
28810824
14880616
15380717
17242874
37291805
23518723
256784275
89533559
16631737
728489468
85654690
260973480
1775731
170184880
119980727
16543760
12078212
250667644
72664097
253195781
201863630
8505142
15982953
539530309
19397399
715201669
62574787
131187486
