2564178567
4273637362
2998679277
593370001
310224953
296772858
317723429
2696910775
85602876
3404687093
2429609003
97994396
392852581
4053358360
376997510
51578383
20796069
14084985
265559976
801173
20743268
1152279248
3078398898
258758523
572225652
1844562806
1023096199
428414376
41329705
63796828
634893835
1531658906
2331628458
356777886
403523317
2452441154
41129682
1652541
3121306047
3170122581
1341870529
14474237
11740902
12789272
2903638510
3409185519
420971778
790196598
18375963
221106871
2242828772
3228386853
3401657847
3404011396
835217528
3407522073
3401527678
3406903258
3152711577
850651256
3296610501
38023782
2508078301
3394733734
3298018537
2758003501
71226396
2838017219
3384515129
3198826189
1368953773
2606059933
3238343020
3297501662
63921859
3323392281
3019842459
3317997220
587334482
973428888
163267038
3385798804
3384400889
2790056675
3384266626
350789552
317012226
3224792244
433353670
2974883135
3344787934
261658542
2435953014
3080241028
3288333814
626307710
448516835
1933612350
2483299837
3232985218
2915925771
3027219383
3364606624
292201248
304936204
3233024733
2782620618
482030259
309545756
163536694
90978162
3364751566
2288146513
3366378929
3329475826
55013186
419849350
3358895896
743807641
3232948223
3030377927
381135330
3208162419
3230712117
868637460
3317560115
323204806
2245239359
54414453
516805109
2844252323
488373840
576138865
3235069689
2901573769
423637477
720004332
483017899
2950048179
119300745
3122906784
2421040106
74460479
3123873572
122344843
3313035291
3242046705
3219844033
3171499677
2965736146
3349634193
480391251
2175089487
2680600737
3235551712
621341504
223805599
223470214
404754658
364788268
536686026
139760063
50693343
3340925657
2749043116
334845090
3087168391
2552552588
3293361477
3315983835
1143069218
3322873605
3318674506
3234067412
410325985
2423725518
3335081896
2254643176
3288997942
3301619831
465922932
401912632
3029469119
3131056576
210637542
478526691
552011021
90720719
46614306
142788459
701173646
3312165148
3324773195
3253651792
1489881006
2544232974
3090246507
39608317
3141723603
1260552588
2927380186
2895276849
3057528707
334175720
2929258630
2318926926
109541712
2353450758
82196925
322293293
338513241
3244926785
362913780
3254995937
2983821479
73212441
2717996507
86794552
1159901533
853422644
78842937
273307052
368406333
2474667310
2882660615
3172317899
598457900
707561478
46597305
3306482657
3307067247
418030819
1327444189
1013427474
2375851688
835578416
515421660
399729964
377331517
483604641
2207330157
1028597718
350413725
851101560
2893379093
562268414
2165177650
1892302370
353813529
3185188308
2267919482
3067818603
51180941
2885905575
115035926
2906194911
1088293544
2779544818
1319871631
2948625779
2733675160
899705814
353615813
2808098845
409662461
2939878937
534036685
3153776671
83438035
434359680
3083466621
506465339
3001209742
2418115975
310828575
3044599133
2317847997
327961598
202905186
416129567
2995768947
1952663725
2296177259
150335634
35781457
2312665050
1525447884
561906836
2190463529
3119486662
3111574270
3115402972
486879781
3126475365
2531434325
3126092369
2994038709
2986499469
3123594109
390641663
399081380
1282866524
2900486920
65032601
248154590
3138465760
335405128
3141118205
2761473718
3152982076
3152450512
3153332193
3148718959
2927307364
505165459
2813567263
3007678277
2494266931
1419827148
3010398801
3173355267
3022118794
1333504394
2714979663
537504474
3194526729
3194192711
1021179800
115785291
189315405
3027041123
1960741687
2152865023
2936876961
129203382
2253970756
2348577192
3008462079
3165469455
446650846
383218131
866728460
47897972
567556235
3190603840
48459928
1546227708
2368858556
3144026475
2383724413
2186755171
3090812024
3227817851
27412237
612430911
856923007
3035173175
2918177073
542690619
1145985678
2720661184
267274876
1270868023
90993308
195444027
276180236
3039244893
43570256
239065499
257439368
1857906012
488841740
1546091665
3095712355
2964433481
2449864333
2353265988
2970782847
3096672545
2979539847
46612092
2907813052
619116729
2916278080
289653972
134741822
72010002
1591219525
107218680
1112100864
625351829
27545286
82631871
320460370
232554813
286137466
71817451
54665352
399448300
198980445
226506434
2295923416
2332521404
501844945
235710855
702972888
1514658638
1251918906
1035175040
2868605561
1144403370
2838401878
2561704536
377042633
15163442
2391612488
1355659057
422190704
2540103852
466000609
2280087658
45616607
499860558
326970189
118169333
1239731094
2896054073
1005050718
82536746
2881456372
134720303
2909654943
988768296
2874861269
362091018
47130875
2173140280
2895967917
209698803
61808900
2437253016
301163161
243638103
2963733465
417710987
2279075261
960997248
487051420
39208048
2979205174
1006187954
2716823586
2981144475
2512996496
2994783760
2319198073
1345028448
2815269506
2828245978
290197664
100521319
298082628
85349563
255337268
372939079
3025771588
406495556
580167733
2939932132
1152371244
3004739977
3002030139
76887120
3042893973
2324189503
2363364571
76035914
2906903789
3062732320
2972126391
3079820841
3032785120
3075854759
2502433728
3072479805
2228037643
1089372854
3017180931
403878748
2924796246
305602461
1051497162
47921268
354473054
2160816684
468229779
2214074593
204399354
41479280
413307960
2641275490
705521166
814840387
2149502010
336722289
12717572
2555331283
1555629546
175500549
385080038
107074602
501282696
623117379
2897317023
414870726
2887715411
2542119235
3003711297
2901240160
903017047
343432625
40944483
1019421990
2149142084
47718918
2253512930
323107392
311958310
76684929
1239748932
234046108
700668543
839377441
340152510
637294954
195859096
75991879
1905959899
901797834
749911320
1687598334
78269257
2685101827
2688267692
991209480
515342713
620834042
343921709
47597434
150180431
2188490785
158535349
1469324023
2765354266
115450002
2399828624
2762843187
262183658
299327369
1660488860
2467943277
1111562006
417658757
333008223
625553578
1662938288
1355573270
298480095
502279324
633086972
330807453
133374635
357293371
80655870
835245000
2586621749
376744733
272083912
21100803
15929343
41551181
15582699
91064901
1700465605
57947010
441937900
1667872302
321975051
631998052
2373429254
283639618
2840134445
865444868
14228589
1578736406
54252283
2423495308
1162720128
42698702
315337853
50655578
884621532
367726274
5885472
95443716
159654232
2965826625
290540394
3053425527
2941578940
2915377000
3053693639
602744563
2613353726
347229265
225485709
2703216726
2880032865
2880022959
3058816600
3028698419
550024279
919516567
3041268178
2898883247
2799641135
2966000937
3043245352
2848611869
2971552348
858404467
505848890
225122478
1260663072
2209411897
241302537
190845952
2900464959
438638004
2920118459
1699753986
3044744338
2599387609
2809444016
3041672559
3042534641
2894441087
3020684956
356962375
104448680
498656706
3030733366
3012503697
2987971031
3028946902
3030049762
2994100696
244485406
2297547281
2943644176
1924290259
1878906732
844364905
504373645
1229598492
1660010720
969828769
2821686731
431032183
2173832014
366591845
2340806082
2311850107
3026557079
2580009576
355062305
1678449336
354977219
1002397147
39227085
201242053
109402788
1335434126
273455763
357036273
2508004681
1734914966
150938650
2341739653
2276602657
1935609362
342706928
156124545
398203585
999124327
430720820
2287050942
499631490
2189726890
101480437
299700681
339809426
310526536
1110963300
327955295
585102980
2700217715
289463381
3011113191
107802838
461386746
3014011263
2808368672
186181698
3020495183
413809048
167349069
2577353118
252211970
2791530127
176738126
2725911344
570256956
2811084699
103171642
2877914969
2352069597
1436062740
1352879480
2793829090
216999362
2700215159
569123007
416978853
1022023501
352365961
2931836379
296604314
1573472244
2537996659
1109068130
35522747
844396052
2296679724
111578319
403415810
2730793811
319154101
268633140
123664654
2540380535
50615151
2727503984
1316771370
126722469
157990554
320295752
476833343
2162451683
19788262
262226428
116790464
332835381
2758495964
2767992109
491241128
619102273
1357425054
98907785
2344886209
389524877
2915966027
67680064
376831384
51805224
1091954791
2403236870
140799249
1100964199
613679845
2851261162
1652603065
2980389981
2946461301
2874927476
579073611
99799744
810972079
1295906353
299578347
334680099
613318239
2659719996
2225689135
2876372753
326476956
2853618658
349738318
2915625221
182967557
2873627859
239544507
2946598625
54913562
485061835
1107470040
263643124
2498821736
3012127612
1282609699
1300552135
3014219975
1387799448
1180622598
233494456
316967952
195363617
43366135
2455788597
79711641
343902645
1009680462
39024231
2703622442
553335140
380424283
91227311
457870285
2855744572
887438694
972132096
849059544
2784153140
2912776851
35514463
3010661817
27460089
2460410713
2978167936
2573286602
291682713
2968507317
1561301108
2164999773
2832431415
339718303
351471307
299571145
2348020293
847993927
3012425872
3010540929
358152527
2320882752
2945909121
482279250
2984218131
532164625
3008700634
341713550
1375121528
564393563
2309132892
40225105
73645348
163413398
2502654878
244907521
427897600
514307591
2210673061
2866459983
575573637
182467116
1427953662
1665398162
1270261910
279077923
202714561
621767717
2796517554
14395912
3002073755
2178307196
2984156079
888279181
493164344
368379409
78993216
1456960038
830603719
2873119051
311707898
1017466284
247450241
2183905805
587755891
2299785424
316963838
2487837391
351595951
2417440064
700553347
1048595696
2316622926
315258150
115706025
346532435
65055108
395563396
1573932073
400873161
707745055
1089946969
1911287292
1583701550
2325347264
2614082141
2296150159
342604868
837431131
253116544
2236089980
259457869
1373330041
237460900
49696842
2985705125
2978308589
2499236346
334828313
1857725503
731716256
543300689
2973609095
108663329
243285376
2605999362
2227623250
40930275
1919577823
2707975133
1510497708
576662176
733659824
2394191740
170622604
2175790753
339104680
390094236
200903720
369127294
29775171
403574948
399518779
2412496921
383258527
362077406
2777604923
186558888
82282472
370257769
1090107889
357668606
54197244
1615754268
535729583
1089448855
483785610
2552254711
2816671120
189479807
1419133754
2999919286
485647699
2788857785
34913571
2935578033
198247153
2804000827
2811509225
719762687
2986622661
543806199
1832622696
990949232
2811024060
331574224
521444963
629816952
1887827030
422097899
310809679
35014610
3000310907
2831678639
243742201
980498850
2971173737
293144813
2877973247
2665056519
2996395955
404063668
2751722044
2958423989
1187613518
843980930
2998813654
227000158
2386895687
2967590375
2877134854
2946419782
1273658630
2497447860
2370112949
3001076319
3001304956
356416072
2580932599
192464288
396626857
188918086
398651535
91280967
1377921595
564364450
461481048
13673532
121445246
1246318820
2260546319
18497168
87286441
1260726127
1389418842
16824146
257537116
323604133
2831294026
2734375305
923568420
938978401
101559654
1866123482
249822922
567667398
2914379291
2266275894
1966829856
550766509
2728902907
2955593368
371091435
73070131
1125723337
228400239
502169252
334307091
2792076400
344141110
65888258
412447813
2867551942
800392351
2349910632
891745946
112748281
1066159537
919937606
93176971
14769975
2982829450
2798532511
943378549
2835064029
2982406564
1410810474
1118991138
42602844
2580688500
917277930
2187238460
459438556
1135267688
2478638178
2280600884
308407842
277462471
382650502
1917966224
2911269881
28804307
382162785
114024881
229805440
211259189
732669938
2419329427
105544679
339259803
82754885
2340318547
404267485
2354840922
1576947492
1256493061
401579793
753890690
394201680
2219037937
995852875
1965037495
515705085
315775628
2325663670
360436816
233635961
766503949
2924422922
2951917149
2821242976
432072164
2438138522
2991959211
550540746
487949028
2860854372
68950829
1897629428
65008808
1055950885
486988803
141335544
275247908
2942157963
322649119
2147551475
2778665875
534493935
470071737
100487023
738320034
1203354636
41946350
147909071
375794380
2910733978
1455512700
2182826289
40447813
2192851036
505970317
128944801
2995706300
862727575
2894136784
2995641514
300930488
1593747811
540241332
2951119941
2439744322
412446365
279756555
1588641342
2276774694
331916710
1278681079
2939634257
2968116394
2958964048
2832258551
452836430
746097860
2937113973
2811131498
222437940
229763426
347485346
51841239
396099751
1851675894
216795572
1517438912
484612618
531338151
494318242
59060357
34216968
389929511
329690404
1685419194
87160150
2768002016
2338461644
295935678
2739397573
223076349
2287237136
455308573
256463527
2809611504
1026792841
1145931144
300748706
1241586156
880456753
572132395
2300261110
865898168
632298945
571525123
45214192
536398065
1966177898
456688390
538147774
2388201686
419040963
498301536
40429103
286169866
15451927
2334895921
2862265102
1365046602
320110224
328151882
57504135
2966021177
22553892
1292206430
419711443
589354563
2986139833
2978694622
1464392395
2897447045
480718787
344710354
2904983902
370952950
410819117
609094940
2971686951
2396858095
1683235429
2953324953
217375616
865523198
367897988
520791803
933421813
482344218
446171320
326045315
707780780
2774632889
1456466317
466456739
415816785
105520074
346755542
369764872
586094413
117856199
2976109419
2514837715
235957600
2306242864
584919151
56054390
411037758
613205678
1608384996
77695337
497526038
1591643048
1635220231
1195052256
2401577409
185612664
1966330285
2878059675
1169052120
2382649435
1114851944
2856019636
2938888276
2596501980
2967963136
564151986
1712967961
2323010245
1004383298
144286561
245949033
2423629717
1057312068
1545471224
2696016510
490799579
2613257654
145628283
2893228407
2815453954
510804850
2867827157
579973020
1249993267
1124771694
2368671168
1510084308
706847622
369743228
356786693
886282926
2891842181
2510748433
624654591
2874866937
166513699
610296157
2511409869
476646330
341092448
295170105
2262020769
1471358028
296434667
479302403
2217673152
2588288832
2943571420
2641434154
88920449
437828586
486655087
300907763
199015643
79023697
2760308771
2177978996
231083886
326207658
951921422
619932882
384880562
501123196
851577692
487698279
1262150760
414312892
2807398549
222464442
2253169876
2827200031
237887044
498743164
2953441000
1151568348
303464310
549600261
338539626
1631318101
531122714
1309553976
477768343
2804936279
86493609
596590619
77429192
994156159
87631134
2499788000
1712900654
545310196
2579434760
2841531891
955851822
1270688234
1317134352
280117697
454307591
57125895
780401586
283483026
263107271
2297996020
92950184
586520140
160112041
2899297667
188045073
2473480279
326986236
1420056205
483198321
1688958906
302105720
353300186
61274278
75270791
32831568
774051283
1374721070
246178861
1867173098
524753979
1339157478
603080741
490581965
68943294
292993508
423346824
2173181872
333845820
2898220282
9132
130094045
1180105458
499763872
2933563078
1382564347
2949398315
1857150402
559300541
918767370
2269024878
64381581
1112973637
328619489
471452201
1333550580
614601627
2810956923
1225680979
468433484
984896918
1055894694
1168539720
1160480630
2945840853
2320248364
396883113
166965539
2281334476
593930530
1367253756
2501492790
394234797
2313807120
76470050
2181885922
327968802
1033678040
67900131
149227032
376825874
476098356
2863547998
106790049
155063794
1032760458
2508316753
921834882
2860018010
1967627706
1565642750
1826165160
2487237562
2170147433
2508069936
295644436
961940245
223245695
557197896
1114722408
1858530758
397115621
275410722
933930498
335251816
628728297
1490493582
607324816
2294281660
499794253
2818913197
1418906064
2319845562
311901840
432403218
882280598
390688070
2257780920
144132424
402982249
2851133740
356761133
60675634
1601876834
363582970
1681409760
2509567008
2254684027
2907846058
2855395776
83327328
130628104
605872247
1196169403
2322785234
2568892910
385906083
845762575
407234312
399642441
1191371666
1169101273
554730894
2940828893
98736667
2418579776
1899824598
2914324241
1219995050
230438482
461040317
2775866297
259282687
2903526202
522390461
10550422
1317191659
2308065157
278067172
1625487654
1413449071
2902095135
19180560
357312859
1039200204
94676497
811608493
277209309
526670682
276473468
2893396954
114538595
609922931
2161622012
273377958
484583948
415866848
98746647
1074306836
2860906557
355580560
2784460716
2352171583
2847264695
29788630
480247067
1010723893
509434030
991749504
2195093780
440275299
2836035520
838522003
1198640185
74753115
1675407248
1354264386
91114021
504905696
41125691
1111962668
89490499
127753708
452924268
2938684683
2772928034
68948833
2939234175
2925355317
967609358
337243138
274482237
235174010
363565191
746804911
2547660822
2353207150
174976586
265991030
431131673
2281975885
2888480452
2749708579
82066636
2358622393
2885988036
2347810068
228513949
2466356298
282998322
377370413
377544935
62458570
198107995
621369574
532431044
126773110
2771091876
2795520321
1026222258
2616367490
1908999834
535536898
1432730892
2742818402
509892082
2395079498
787852994
454836433
2713896039
344036996
1134687812
2182412465
1540862754
2725512304
334820970
2214447434
411671422
398315632
2357373067
119098578
2375509896
1535971812
2356314438
2820787857
58620022
26116122
889561254
55382845
849529693
60624226
583695076
173194635
2870980638
1103383902
21307359
120048304
1117282152
36946805
119445538
629387349
494999616
105855893
2755270803
394907663
1204848223
614982874
576009575
1280445806
1661033827
246893254
137616539
2425093195
1142938262
823436390
2715696442
218504595
787915112
1584080430
115317704
546241144
582808812
293046305
1077454668
1454085133
2513659550
2440563617
263192837
1223019878
2527457394
77215989
274414158
2919996976
2824933342
2334520527
449292366
272565597
2456427558
439383404
634767836
276689323
2235236004
631184566
483826771
2185331548
335007530
420635561
2414593333
2636192868
2675424542
512058228
2597049361
257553782
248644145
2301237428
2410738134
1191162720
535838493
394905487
1040098328
215542731
194317585
2528934332
207117600
16630622
167746435
2348778281
1681207964
223844794
2904382510
377685723
2251257367
2502095850
719872722
21477274
35741814
313849849
55305730
1439447550
519853475
212704595
2799733804
74525925
1352620844
50275074
203546426
163847792
2517146270
2837974187
114719984
310516585
32809662
2592105289
615294021
366606850
80722617
2390648978
324795661
2213042056
90789553
1286204857
436800849
948367765
2256542137
94148029
1927360939
269115298
2568666736
6746252
2804878492
2358378499
227590008
600912295
2863355033
2930384775
330564770
322598338
267979017
2859176549
476078452
115103071
539202896
965159318
580332529
2778546193
411009214
308960563
77709695
2769499500
1906934713
2602035637
2708849347
2887123277
2328589214
2854505075
158686641
630141640
1115085006
479550927
1105988366
403327067
1212364328
363737964
484631436
2884904026
482011194
1084124281
527716068
612946215
427523235
277974370
1198782032
466386836
509036922
208713928
366508247
2229288849
403442734
2844018910
2881783109
2559894702
31468393
234700311
405205750
365931478
2355193287
2571369715
1362649231
439998685
869837929
488803262
397412669
41583291
2163576332
41369046
43879086
212724189
387109098
1547916284
288681349
15613831
2304630139
823585591
488858234
1248063618
2891814232
43287922
2855782611
541726723
194546756
2384458118
2199831698
85839688
2801975127
2348760222
222119366
2173656891
226721704
21637828
186522828
2295904780
2887333714
1693551097
99699096
167410839
310831266
858211718
201016566
402090520
360490024
1394045269
570390849
358177398
397390668
2236618333
770927664
63772348
181125374
907903802
255055070
2874777815
2799683225
16525588
381815711
1004050730
175408628
461002885
519652187
1310384203
543666408
448319510
1497897840
2755765249
1333536044
1598379715
1206118262
232904129
2257774153
1020720391
2463375487
91529883
305835367
383223111
604418339
1633216801
1206414234
461981261
2354814720
141213868
1470001146
349842858
711173148
480293722
787492597
2785559159
373495595
2329179757
252186290
2411675233
1473925004
461161931
219349390
1708323480
2495982822
2413857985
956394038
186221593
97437444
63222782
272175633
392626625
97436014
2274519428
2250306491
2918571197
1128446227
395473396
142358868
2888452336
1009003309
180943653
1347654240
1322418403
2387187157
632847352
59073509
1107888584
1053768150
536600209
2208625680
1908211298
468152158
1029157879
65285186
2176336008
321244939
371447156
2646227335
528402505
2325020031
2250304687
2168121631
96199755
2826180095
2888818137
2319673293
903698744
77184521
56176877
856226965
365003588
221376791
2521607377
2218346383
35562845
114389648
1041805362
149806462
2823224375
316440159
739181078
804997680
2291138792
761181618
2363016360
335778387
308658173
532518375
1735366909
96641135
1205135958
472392872
270055547
312396656
460256590
410897540
852779743
402994906
1962687674
122376753
90050520
247378261
207164989
901973760
165896045
1965497364
1719779256
826595892
1337851489
318954961
179531617
782397871
1172690047
2272217958
389651558
106305885
519965218
1869511849
223805902
1680196532
1395709063
272675423
2396124425
493216891
2480388026
1419037717
2851373949
126528164
2873541481
2857943446
61913130
1362981056
2872661316
467500099
2507353590
2227629357
228828684
2236498484
524293378
1295287232
778657693
1603654490
326719340
54890624
1134232939
1060625406
1441746648
53378296
187433956
1228549008
2794840331
2498982373
317968199
200238678
705143255
2251491726
153794474
477135052
178687010
2183259511
2166929094
250304438
30273463
1014985794
2237938419
2799697090
633723729
339014098
478525022
505240561
1472583252
62943781
1258243993
93665922
191980113
1203296834
397440373
87175615
15003605
2794882035
311137824
236305865
487603504
2686621523
278393916
360195844
1315201082
1707393360
1312989174
67516912
2432032685
2247555349
2574046108
377629923
2795133216
2720270185
1518643190
429528020
718018178
493436953
1371785125
1115315162
347701778
955739761
1252330309
417778908
443921697
224213214
2730152283
506933727
1965398622
2612408059
771580255
1628835360
2302167175
596657288
612452979
522046577
2322527334
163582320
2618745741
2391697255
1459290504
2803561718
92133686
379883905
481371258
369451627
1019472433
20975868
1539515707
860033648
978359006
338474723
407014510
108564808
417100344
67538594
1621407506
988901394
105465971
2427086570
1959283477
2383591465
481550600
966333368
360741160
415161524
112100604
509257726
455758071
2572404946
253669942
58036888
389405061
1356991699
2576012469
2532926305
2425392752
563692937
538817098
62730859
2411360491
1463362118
2260224114
2162143453
1545989528
2411398416
2174895974
293050091
2392482152
27605903
1446290874
292280170
2324184470
811875001
321839455
316457311
1009610688
490890423
1970939802
539214273
974538722
960395448
101494063
345718437
97318828
629818940
288290125
345194302
927991999
27042513
102022860
830240521
789971809
298301961
280143917
489528416
246938289
476663343
272878202
564896434
133093395
383964784
388892899
14145974
38010985
56164122
72021936
470092654
251362224
140611220
330019622
75573616
121683862
217746188
459287737
241201618
327377750
339624545
379216299
147950518
89136214
266614950
268260046
283680579
487827121
37543021
427340787
437891184
128876911
404818692
72239976
41577631
468540653
185292965
206865380
356450858
176808162
187314786
49766733
233576199
25073877
35229043
