1658094714
1917297810
3644374281
338524692
1599746312
3025685193
1335315643
354626118
45709328
220475202
981161683
1113012764
396120351
1697907079
1253397445
499238848
184592266
1311660944
58233603
3865220625
876833672
154280902
2182683855
3739373957
330705266
606683637
1679691788
333795717
2770187482
73443014
183884820
321970500
198698939
402919962
315303124
255727234
1591601797
344472457
1646211998
284205163
1383194834
479236923
3250554582
84854565
265705695
222562612
3234577159
192310356
3213436989
3146835201
1898302447
3153409172
1439593572
358296676
3096756514
449773008
259437518
836707484
2294685543
258990425
345663953
1654757797
336121880
2598037394
1705102123
2216118331
1181251878
276524680
337222384
703494105
255736503
739784130
240018248
401681146
223215762
273703558
231618910
156443950
847403005
1250311376
267278875
452125945
114592119
334777194
1908262687
338507752
2908366815
290576532
464111911
2722947352
868948813
216123073
167613715
329744914
274709760
2288381962
1302153163
2509001088
192582513
188690827
2515061423
220347295
2271948938
1852873615
599631080
495074577
30974408
126370504
411667970
618336955
872374136
403245020
269661382
1115587525
606363652
287281971
970547641
751998985
423906225
313051530
1452151952
216201838
576489265
351387441
2258924303
46177695
193818082
264107729
416760138
304120792
749773556
379408088
58842424
423703141
1379587099
58021375
2300842436
1660382485
267399199
15897147
405728790
91473039
2414856013
2288569566
919320830
428612794
508183822
1383397538
853795604
100819377
632871428
185244904
798234950
330127935
2292871463
1122311184
613297929
248892650
163730859
2176992500
609347879
2230878081
67018545
310072711
232376381
1382485350
707274118
328761216
1918412222
467053451
1527768168
335017188
233183631
278328390
265072734
464275591
227133812
727186778
767759582
450394769
748191865
392471755
432989512
367138483
854911250
528135300
1043675862
1636620120
1429444172
228404207
558155683
1169678742
929925349
1564959553
256315841
367956260
398234887
418062614
455485426
1113418130
1064366215
1250500652
380712618
983709194
239045189
43158428
295172816
1198988510
1213811515
236699098
309618426
136129525
23997019
735955934
351931917
842331998
807566412
346316526
233400028
799322012
420011858
204610463
315870450
560627875
276189858
308759071
971277218
228528572
315919021
313525912
891826837
572049730
272454641
291428494
28665877
473469791
615602801
764026862
510907377
104366475
853824336
703673827
94120466
370851445
439734019
922191997
85452649
251358875
19955482
323884588
172175646
312960334
303229278
285969384
23131405
458899264
242898261
233699949
264901473
876457388
308297673
265223547
41033498
768706303
458806490
826375380
102375372
373938265
758364960
703762214
152765364
464139666
228424689
233007052
776965171
170076025
353446698
492399548
375383001
372891057
325867787
40387025
281766200
430290367
520140180
470679185
260525895
35364809
449499508
35348026
139399835
90896009
80373769
89699362
114801712
713441971
320312342
72509949
180505807
59264441
711320100
162947546
299363665
500431543
587116305
626657847
632155097
465814339
364658834
157140968
343544824
541442157
399021705
465006388
603774487
603653456
348807870
386329471
451010971
172966234
55728361
584373018
354660899
360794487
579028967
578051784
333702344
563642449
571720323
119538090
148760908
20342007
26191008
44312605
245801502
470735190
548626486
553223533
517053278
330947696
66699013
370484105
440508808
518124385
383288996
546286948
544732073
335391670
24852465
376457803
539554376
541066518
441374861
260510386
256837860
468839897
259395002
408863302
21818737
511000091
511102742
31599963
506790394
333660639
334498489
334232428
375905645
150094361
438904063
345029579
342950973
459820597
391440199
226690054
492611571
331340950
230938231
337457782
6427882
364668994
181561712
400280620
454327856
334935169
262396992
367948591
308845543
446378878
463224761
336971467
473532954
207823108
299995135
381284812
446535834
470268401
467972507
373487626
35629837
68755010
27989078
158314798
105119490
209708391
84279963
176566242
81383323
240509810
250932293
254705750
108813483
378231520
256727672
99722746
419993602
240091850
121213242
17054757
417470747
17915334
421604338
412597782
405818692
339001438
396727610
54002050
320969120
316164168
417441279
248424988
236549494
340689841
401735046
339946240
32309773
266222104
391526386
331784324
326550764
369729483
227887497
149776277
29812065
123467407
19691643
51322348
269873376
239203904
19743731
246343693
277696021
251622288
251947338
323583091
383793857
308183951
335062264
337529597
97297210
118846641
381803994
360262935
322997244
300602807
146960199
361969266
201993499
59650483
296585580
333746836
339480806
286313488
159115032
343131522
209362496
249351457
354316152
253263889
311036117
289489820
265076948
265620681
271543657
12925072
131638882
251931043
240407248
230591129
329850487
33597201
324711065
324151175
100250817
83186612
272942818
261024497
257721590
23675921
98205130
23065354
117384396
267455678
276263511
202781007
34507480
69598436
257249712
220402321
234994312
119509520
306510217
291390602
257693578
262989347
283557577
302921906
48177728
22214555
209689442
30495613
177824504
289047500
206944625
258851244
289183339
272676742
59632108
285913186
182694161
282372771
95515846
263381455
135693597
221170152
206839981
186951063
205039611
43701508
262794965
223603541
59634340
266204153
196795202
227140226
258165925
254138045
197633186
30817362
183845818
17074254
167263672
167988181
127000095
128341863
21367120
72459514
17087270
21622407
19679461
19679611
156976654
25365536
15846407
79650494
15419652
50037051
144380789
169686021
27195114
18454999
41013967
29842036
156723878
21111883
28638191
88493252
123903376
23375688
27792070
90086871
16679529
100425564
40908929
23648057
17919972
71091859
27260086
20003448
