2307676170
414218790
408673066
3279879157
327830841
2562173552
968841572
2539737328
433619683
225543850
497575529
445804239
3035099904
608578300
375052405
36901791
30723596
308215731
405970969
2960298788
3398790433
345680319
447788069
447434230
438968455
438911461
2263473570
3438017817
60126900
2836936615
49514312
1953527335
3815616209
18450088
44095192
17993437
2568271750
957034104
3625546875
2194177350
2529285750
1167547951
2527577148
2424581754
1265301248
2513386087
293996220
378271980
3241675502
407516247
215581580
4089923415
4395146362
336603208
3907733479
3294418861
922233392
292778552
3018526362
62387515
3188229745
4505007278
3317588149
216423981
84588838
834461414
585301909
407155887
325339911
2996968171
68520374
19684844
2983941899
157920406
3341445909
976484108
2525262385
14539215
17988306
1694437759
39185749
556551795
78336036
2302275612
2683468160
3213991349
493609953
229360142
2844035223
375471615
461948910
2785418178
3329034551
14763734
20621761
2787648515
3681059473
3595464496
1965247885
1629531456
219542251
2982831773
158931227
146292857
2458640893
8820652
1391027346
13463862
27445561
973216166
3123201984
3166399239
570441418
3300675028
1478921382
1033676665
2234757787
304957853
3422278193
3711892034
1619160212
3058167723
451817076
2181530584
2930074427
3980772021
2543902960
772026852
1415422669
108320844
82390302
625442320
1248388159
250548858
944502200
160192827
3686854469
2264491502
3621755719
3226335810
3776216475
3820200377
3798073160
1202420574
3883586121
3822891444
112328242
543288124
3333212182
41761286
3209835982
3892107672
3314669762
3146933385
3905620406
3910332912
181099378
3295057068
3047081834
3415796668
3719271743
1859207384
2467329642
2232536197
3333450705
2883267853
3955787593
3997620975
3946919728
1263619256
3864442535
3437686895
3122943962
3047067092
2640894979
3496754183
3968168294
3733471697
4047953356
3601605203
3140183708
319129261
2983122159
3839220197
1034649127
3641292557
3631389317
4076033073
460685250
301494355
2903513619
3099442008
22233442
4021399943
3516048628
3094795051
4144404732
4133503179
4162888453
3537100036
3159315675
4174340052
3154096164
2162970998
1482755791
3105663641
722268710
1861240147
1072904030
3107982019
21836409
979402656
2724596815
2901804953
3841644017
3343677193
489508853
3141196783
981333998
2732462617
3274664401
4189912000
983098386
3097494021
2580746026
3510105733
1276006400
1218580136
2448306450
4311579913
4253026099
3064964637
3395609073
3130956365
3184535677
2970365459
2230188942
37386067
3426199005
313609660
1040868524
3577952052
57275398
1576755206
741194701
4133138783
4091400436
2733242731
3351725236
270237347
729769556
3855907635
2873552758
627162571
3316413086
3021314001
4105106224
2784515248
3022637231
2757818907
2295168667
4010973641
270729511
2222206525
58400114
132439048
58115248
3270762217
1426606698
4319224454
4052779822
3757525875
1965230780
4166654224
2453620122
3703686856
3147132222
724305408
24159216
47538429
45969891
4251882072
965822737
3255687608
3152652784
28971190
3843361665
3368824703
49876550
387149456
42409276
3800742974
2332997132
1589337710
18042278
45037735
25317409
273220528
2866860112
13225162
248462548
4016844208
104258275
3918497953
3133257435
164408651
98425584
4035978432
2231465784
3387962601
2586473222
119480392
34730520
11667542
4276181353
1351888274
2760735381
627032618
2578768774
17524927
708158930
304626531
1283626080
487003264
2724604746
40587059
2416741281
525788735
517854688
2906409000
3028419134
114255531
3130850943
635654545
2984160987
167176831
82707528
300247293
4160094383
2581747974
2486078245
708929154
3302161826
344302515
1223883794
3077953660
630981777
2550199736
3054873759
3271224998
3364568507
1096210890
3219421288
414359623
66064952
378393655
1214088408
1559684016
3021958339
34789270
202363731
363913997
2917126838
139812868
206110059
935056891
2149402723
443168368
3105451933
2623640399
266706150
1308786522
2893374365
423040359
1120396502
39530248
39306004
448283829
2275064479
439052554
85371775
1047744738
2802815597
77828729
176430561
1406206032
739869180
1298134129
45964559
158554453
39758119
217703204
2537796823
882461168
2166468440
573897803
3434452042
373452167
1001509616
3906514213
3374996668
3315472766
4047031756
107764045
37380021
20924605
3568411
3020047310
3936978795
3910674913
602039655
4098750557
873523224
2376428971
1527826106
1228278002
3680363422
460290734
2959478021
2160355129
3035835885
512690342
2472585180
790792927
23710635
9547222
3251302086
317364747
724210482
3257997067
4042107610
24839478
4119260052
23636912
3859819750
3995347643
163373716
3292374287
3944527393
2712998868
54619102
2951595383
572095559
3176992611
118705886
2177222186
4128787274
2854769883
31257471
61051362
2742970639
1208367830
2215497625
2681610409
3017337736
1666310760
3256151770
31577023
2208223327
298042210
3199722232
2232204548
3339271923
3534348977
66843173
29105418
2883843686
21360280
2720864501
18361102
3948670293
3657875892
117953125
2543875482
3035840577
2244093232
181701500
2865275633
3313062525
1250323009
2958993201
28918533
1097348222
48458403
1495621297
291929629
2401585496
364456514
3356499376
3199079783
460614718
68741593
368702615
2342852286
1388071068
3371755995
1423483688
582677288
2882768341
2834644547
25604253
1576455997
103013046
3305944598
2730048209
235717469
2781419891
2316924108
3402389595
3174426357
2288632549
2189750894
1702217005
3400247314
874081628
233781610
38535159
1614016326
2267796877
1225842175
3300415927
2345404375
832586784
1133610576
51573450
22983163
363776520
2904732797
2316321936
3080117381
265834579
1956474146
3224088263
35009124
73562852
2771611221
23481810
3751588633
141606355
2923241273
19759366
3508178837
196638452
236443484
573316074
3381212489
2829428812
244926384
3682009636
3501472692
36080516
3971816296
2324412138
219279638
3372801909
270437243
1425120278
182383749
432816863
3115841356
3222924786
3577772295
21656741
25148936
19166288
124810337
1218623708
15867597
16046258
1282849747
217956383
3376222400
2482348747
24059078
956362448
64063558
96411712
241623405
1043796630
2466086632
774061021
3138445994
2326584895
6127492
316799393
3074233359
2973859023
54672942
3310000452
383380966
3087773840
119511287
1040497610
1616158050
478246182
27259023
2290140972
3114301770
2264357690
2982643991
23978832
1792599679
211762909
200384703
2728610396
538034806
3885971481
2662339712
2868268969
3354609797
2378157926
63908651
281816996
895633290
1169574008
4000812912
343126541
23344138
1624209679
553629720
23024053
2527920213
3397980196
1672984548
2882291090
395862465
2213421121
3394161797
3902582839
68350279
1106041172
549863185
3157016587
3600395292
2515217304
3813729559
155610666
1213274119
17184065
3278914963
2338724990
16722225
3413101618
477231085
269053724
2380699974
15449188
137202108
330849262
2519946103
3755802440
229623231
2546500626
406401825
474895403
289645599
125813534
245270949
32356800
3254926411
932796912
1965232034
29015085
555331106
129941052
317345688
2249176134
29659328
48464146
3219878490
3295866941
2914145754
84881061
3196209098
3245865590
3301126222
855671106
2934217317
920476291
277520434
203660165
2584335218
3806312894
2999169420
1968931934
104708507
3255527634
3080176860
3098441058
2873638807
169797941
3333558219
2892279431
2217460771
2494892635
3221980171
317447709
3178904131
443648720
468753718
252694478
2412639416
557270225
3376573426
3746979618
3296089026
833498353
1498388114
77548797
3038829241
134655615
3289480033
377626072
2506208402
2852730277
2907897744
120425434
2457778644
776012142
1465065524
2437662536
3425461575
3632871149
2927720605
2724557755
1962083720
2438849011
3302002712
3082932069
100338893
219122896
3576703812
516827869
2857625152
977221903
1388807780
3432597629
3209012093
17673358
3741415096
3045827456
235724849
441314763
245656671
24647222
2286915720
3381090160
3378428669
1961108137
2887586003
1458315043
16941968
3687844278
2522542848
60749464
470866922
2610247381
273474600
3313175232
3269889962
2785368477
2690234864
3588502692
2467637286
3003288338
1276492507
2935558724
1480922671
2151875748
937193143
2385810224
3178234446
1524504108
172071912
2227540266
362300192
1953729697
2756739642
3229538544
2907180657
2330340402
61643847
2228051384
518168983
118269391
2302814179
79309221
35213215
527399695
2883261458
17350542
135251922
3325218805
3130503433
1387265250
398805485
255243526
1032088886
3469067716
3305170737
430848892
3420919415
2727959707
17739062
3082654954
1471369075
2320987212
2901224750
76966092
107670914
3595834398
3603043212
1969630836
1933042237
482312984
460140612
3653158467
2809585747
3222783080
3259532120
110487574
2209434613
2807926545
831945828
3343855457
2328003471
75885864
465630017
3320557752
999631196
398040545
89843106
2884240787
54220769
2237330917
270453961
1578561193
288814804
495357789
3413760718
3505241116
3520152316
359569672
155397119
3402191561
1703587111
3433210491
3395299655
3312797294
780722634
2212029691
3320662279
3406100481
3395872408
468274644
3505008855
3413633423
1290563893
556841035
3416316501
3238518450
3436056389
3399304797
3395990895
59490835
3437137611
147887521
2175963457
1917073543
2572947810
3472474632
3505186816
3537393016
3409320196
3537041367
3403214446
3437230745
1721812080
3334803531
2881761440
2148974662
2875123447
3399367367
3484689389
3119647150
1427150358
121707705
458419000
2906449762
224983464
3039865441
19984119
2765723010
2826837284
3343993066
3399205977
1427073163
3655085661
3320649164
3505353562
3319150381
3437208107
3379499267
3437218205
3396084063
2964257380
2807407659
61320662
3131087529
2155070533
2899588149
2439768288
2899580061
97929951
3131250513
396601079
3189473172
2778357516
1235991498
289881653
23859421
1116596162
408477890
2596539667
2578077626
376635771
2610344748
2188891808
3393910685
3322669803
425989947
2512612789
1965191148
148800323
3399888974
3035455606
2985937394
3303424223
3405020539
2890257359
155950745
2842198478
3161389447
3045026577
2335040792
2973314563
54248345
3402912088
3432485349
3322945618
3491311454
1074429734
286233279
3195925197
3374031987
2787553822
488152532
2563923217
1691803320
572848631
2575198087
3404180003
3437248594
3392887881
2382819794
2870957382
9843782
3463389794
2910644925
118705866
2785316379
343228492
442017997
1452385904
2227779030
1937756396
3308025222
3409360181
3497024965
3403292015
3403304464
484999518
3396167301
3320595464
3526722555
3409187895
3293786756
3402738778
3438301049
460249096
3396056841
3403365191
3399338410
3526955723
3307974534
3403273637
3400663414
3526592475
3224675987
3404226694
3505404076
3395329342
3403019758
2868277215
3399332513
2474180017
478878156
1703608608
3379200143
3494280496
3378052132
186959254
2392559728
3518343622
3409312193
3437222854
2893001709
3000551151
3409332777
3403283429
3403264425
2984430081
239255306
3484546336
3400540103
991733594
28918980
28427441
1669949978
3407090173
3436655218
2169435757
1144068860
2856142558
3139559292
1278191257
68567490
2803724323
3216844814
521017945
3161509231
20442395
3079010008
2725305810
2234924113
34684126
3159010191
563538215
1499588863
344857967
117784652
1241261371
115496132
2201854276
722890003
3249878930
212173466
3281279610
3311931475
3097059848
3428157013
3064128089
437067955
1274580217
250416435
3238058318
529022626
124324005
70604343
191938697
142729686
2266522663
2473634538
1489703012
3231775456
97378390
24973048
19158346
115827236
508165854
2543049116
297271510
606044171
81619592
1261161684
3034626213
2165742506
2596411440
1209646898
2958127882
956395189
3081920318
2835625816
1646854471
14104770
3025463301
3040538657
2270396778
1267668018
1325506862
1669933141
497955665
3124536099
478381421
3104716560
3027005369
2320624262
50763889
3225996295
223604189
718087100
2832914106
2276668141
59005225
155991469
98586663
326380075
2418979002
3089474449
383953014
2330556342
1581487489
1632640861
27515718
3166227568
261402475
435512486
3187555971
341762709
927719113
3053274757
568158118
402944504
1546424143
2361826866
3049734043
29610442
38712999
3428764517
2767082701
2902176931
2785715902
35767916
1518613446
819181700
1537484353
19427242
2187191018
193209739
1626650312
307854069
31595296
868174886
345084577
2822954719
95409721
2584585388
918051180
76791711
344985549
3324191157
20104539
3304107314
462762019
304626992
97383592
2987997016
3000890172
466060293
3299974759
3300027524
1173908863
2365765033
168423969
2717266549
75996133
3288094094
2886840935
634200606
500815376
1728979238
3399024347
89391769
19927676
2210699209
3290071672
371331071
3240281959
2981483339
2915496013
275678439
3145798165
3040274825
1228995817
2855971208
1272477793
3124522312
1093813626
237131376
2910691249
125221874
3005908509
342512565
1755307201
301499325
118043735
1143969703
377394089
2864507933
2592584274
626388668
2488191606
1349676355
2817902282
30616497
3323036766
14600151
12874852
1560396596
14163777
2889029250
26735842
570266167
80087710
3326224969
565103969
3436559529
2778608971
3296177120
3296186474
334331683
3437358527
16475096
2165855290
2333137249
3386493082
3436804455
3229263121
288545427
574064043
1521667008
3153604595
29123710
1598997302
11245502
1427394618
2237598752
182345452
2895326425
821533404
2393149859
3194597551
928735272
2304222091
3326651594
3161201690
95263650
2170942711
1670317824
3298703118
2419017845
3007534040
3024648363
3007574342
3180799430
2845448789
223300063
3109245477
3327133453
321637648
3401644839
37391190
3011539269
3022974200
468764276
3270091280
189984943
217506104
3232687300
1347854892
361701018
308155020
2981474416
130882539
103045051
29160985
214191259
2513517044
2875754921
2677807490
3312878222
320025404
2807062701
2442714530
125440796
3293365491
788278777
2869983586
2953110660
1948700060
2548941360
316072925
3420192063
259613476
1901371944
994293373
296659577
1945423495
2350472425
2329103988
2459187270
92252202
3225389066
392944366
40464134
2369898164
1002477324
38015405
257126057
79776634
592303472
3357747671
3317527425
515103867
578356240
478157338
70259546
2900382167
444240428
2893061231
308333064
2893092952
1711821157
23049758
830475522
2754634707
2981291687
477909024
3007549406
3174232950
1295127601
20182317
16192201
165525972
2976575298
3236474282
8157452
19713521
328229652
2851549937
2851568920
1655723498
3386088593
178721515
409843127
68263244
3308473913
3014716359
2987896588
1527191316
258473453
992215100
14220449
26250653
1408914620
2497830451
47558400
338448758
2761188917
425664108
936028748
1274020394
82485081
68030976
1407827408
2958296033
2396795004
22061133
26468233
2749989529
375333862
3269482346
371651542
412281764
403630233
28725498
3307911585
22942950
212078675
95242040
2669578183
338515598
1616547714
236095380
3172627479
74491717
1912153058
262284707
3280995745
17544066
2914268627
2471623856
52000010
2903521987
198719344
14379514
3179402019
161299018
3281936616
187476053
1207689506
18185124
29650320
155991103
301210123
16976447
1235833945
280884837
158402002
22619789
17737905
2590726476
2599997478
3242705347
211800056
279414166
1121743712
317871841
423398760
16392208
91549253
552005607
3172668701
957935546
538612897
258249558
2196111559
1504293062
3337680719
2444522904
39606379
2956753358
35522684
3136365625
2795911463
3060056606
1328360929
3004533491
339478855
33693285
2854220912
1571946236
2841800874
209374028
2197098960
1346042809
460213154
1965187188
2681791447
1143881166
379884599
200415607
18548136
181713622
1881306246
603492248
29005995
2445605049
47641582
21577728
2248837716
391522155
2390844651
3306433082
3037560590
499169898
2722454130
2902753646
795298050
36491103
54024550
1711797182
3027202722
1404779556
2254927698
2841481948
968305591
751465465
2330200514
3138292467
2973216975
2279291538
3285612132
2758427583
2455392403
114747177
3104501786
2438788224
755922295
16586626
279910263
3096367983
3038096923
30692184
2894106721
67164529
557638454
18020090
3184568012
204863183
2831404113
2161925816
419854048
2952386495
2901977337
221576179
3246502364
3244101544
10800932
145687174
52324589
2915197662
155998830
2324520949
2526144374
209383326
3227965339
1913828922
3034045353
571269621
1368959768
3093168687
622072867
14312952
269429169
24046313
400128084
841939964
989023656
3236207860
15560613
2344402885
323281282
348331965
3298894099
2799660666
3253853880
304934472
899891166
2337765086
3193607825
3028958105
1699330754
40769584
555832721
3389679023
2282703289
299389225
228121372
2845559127
2655442088
2497629020
2493713233
230943261
3015492383
548517368
377007331
2208580462
3184509653
614781954
2252069544
83438331
2181668322
1126164307
118585827
2594960149
1965233744
703666996
172485280
2829499787
33899321
595663631
455051657
2801999659
366406586
16255927
3191689904
3344579007
1866243193
2742787710
304228551
2286740971
1102658178
258136957
2793730230
3219769508
3284313529
343576541
2550332301
2334916872
2881695195
2532282866
3138540397
3390496617
630053846
3227986465
140894504
107153835
2474227428
768205039
392351485
2809843974
15882140
53766753
2685554796
79299463
2715466601
301285775
2460387192
98959351
1284260240
2822135978
3198736002
2623903583
2933362367
2540573335
1413430669
513773127
2908790393
542059607
3018444814
2480095710
2980092534
989100276
702232478
211757382
1301812254
744523867
2371625648
144188352
3235134068
17534112
2722867387
3331774265
1043121668
162832705
38722553
457973298
2730708802
3292029624
478801536
382595444
187543379
1409041836
2387236183
437251603
2572844671
28507777
1510840003
830917752
3241369799
409607145
235601143
2159792311
3319850121
1940962406
3295809728
320789821
163527544
3252825394
2358336584
2608476920
3017787716
178689117
2572449895
2886887683
30831765
1450408387
401264765
230031173
133926036
2858112599
2285853494
2868502478
636827194
69470882
2890054705
2294398683
2251432594
124012978
269312736
2571912079
355955842
2782629710
865594892
2841000856
1540442510
2797291508
2719662764
635329903
1546917326
53234041
122030129
3015939796
2874279075
2388064016
11238462
78004261
145716640
1135828105
726425899
349502431
2996810149
2811400613
230955371
325218047
2869230185
113422725
2316896060
139988522
3003772930
1375654122
3192410304
280678037
2584068671
42306790
537819073
3309300027
1345078314
1656398454
393453224
368831357
242154705
3209213415
1319140070
2851760021
46122264
1140151146
17808154
376302246
1606572625
2881116297
16997715
2416468069
933867146
11188622
621830837
284188758
276825041
14485005
16832800
993405366
33495086
385596063
3361964398
1099504052
495991256
28893013
2464664059
22539217
2412406063
262749118
70301887
207847155
20624198
2710233014
2206056149
861674430
1281162186
351945287
948140532
2501211498
793891590
2951597124
113971865
174632572
2402841253
3074646422
2815112520
16707283
2255554390
3256082986
1278808920
3180905845
455974794
353984376
62293855
2888940287
3093352826
425141123
33918928
30276637
3024585138
2829712266
48820433
2963749037
59292466
1439247836
3325039384
131930966
3015790173
2576287427
3176631139
39818309
2896997228
1917431575
3383461317
276355637
3170107514
85459214
481189411
2543407105
2814251892
2365533041
2999018839
64533191
1018532587
27436721
1362953106
2257443558
208314984
3091544726
3255855378
293859419
1869865382
3013236326
17751193
122648663
547353397
288107920
2581003344
1353696488
2960345447
440547812
2769148650
98937969
17884468
2445973116
27048604
3226176747
98741854
2861066921
1125316080
552337027
239227561
80896838
185357663
57967011
1409178062
2999610230
1169339262
1261047024
2357528401
2748897390
3101784105
613862745
505238909
3077334089
2470026042
18282112
133879298
17796143
197846545
52854256
973061844
92563199
590091959
170039453
30297377
2208251125
419890835
1647613771
38520522
23036402
232342189
2727759229
355607090
297668848
3177290874
3220656354
43171999
44567491
2541034862
111412750
470378011
23274910
2414709972
2985907414
1612837338
3027334661
279339485
280204690
1650006709
394303078
829778054
2740190865
130361477
3233943338
70028131
477445702
1187785908
309902578
2438090851
2710364336
1210037227
3180648926
294586606
1329088200
109634296
3254913320
30868451
3249667074
408118461
576032688
3199996715
155184468
384677659
241397314
90777425
72214566
928039772
3199690925
3038992328
833998747
130258595
1439794368
15484753
50538109
388934581
507808533
277384097
1078387832
3195580422
759375067
346084664
2868391154
336053144
73490305
37274485
190910920
37035794
263918540
2718421239
14666226
532374319
464360959
305579552
34493542
14105540
142342983
30349066
703590686
2329422788
109460638
24145271
68817376
341392535
405846989
296594355
1289705827
29585812
328643242
18087450
847764648
103399094
3167534487
2460216512
229694678
260074996
1957855106
192749697
521234983
14524485
612815769
377481181
1632220008
3047591316
141453506
3157682895
801168775
17926797
308917839
359271025
2276595860
17811170
375577886
282640175
451186963
1361340680
29230762
18208662
174135877
243632488
187098402
1974884773
2907645588
1106481770
1107669596
1024837878
1115695368
42093759
357895797
44126345
16977308
1138759182
2902162645
61608747
23008116
240008168
776601864
3003284593
59545978
3003280477
2553913207
1683012428
2382451849
248145808
1567129640
2881854380
3212949706
2495567768
95501954
2333017830
1895922452
17943171
1929815828
2363971022
38804737
3011328846
1538163942
3017306568
27068589
155971406
2309156653
929015023
2646237931
2706888361
323010251
22965723
1969875608
576539598
35787759
367542122
2545048820
359038972
1413789336
1730732455
211154075
323998361
289279447
1537478390
22251504
2842078200
27715547
2638780609
2790346070
975749220
267449695
429392484
482488913
615927039
2423913889
91931903
306801369
69365437
16248319
487308755
108804469
130748033
137457391
27574912
323918881
954157926
181656340
858549108
39651447
486496027
30249176
48343144
1317255289
2369435677
14884180
440383958
29886563
2587474264
14729674
403179950
2912808484
3149475160
24835826
24736925
532497775
381056054
2582724835
15882393
2529934556
350425853
501891488
400962072
413442063
2440970576
54612322
431194786
91696105
2690461520
1280380328
38699610
2837278692
66240539
1307759328
260038804
2927903593
32704887
100110935
2586200414
478042067
2340945847
2596712095
23558104
358905141
57341314
41607977
3180859393
1319343642
3109083780
533234006
235705142
2803780516
3013762482
238899037
1867365655
1546386272
3041703343
3010398018
3196548578
3229645554
3182712144
240221093
18313551
1004739811
2505035520
974219102
330174082
1107723853
32622381
567543405
103045516
179005572
273000572
292670094
2412695642
87643151
2242547164
213077212
559806689
379823749
2755734758
382962570
2752187097
2393796734
332536138
1323781662
74341054
739622718
779306244
2177235649
3092955254
3183597402
3239646144
3236504995
3135362746
244940704
606112228
1279265556
3081670419
634165079
2896959009
2872274095
1090517484
3100808050
1451549797
67527729
3009838664
2423792494
2969578055
3119551718
3230611172
211430429
377199941
2968655265
394477420
611151649
513985033
2584988622
2658128960
1621606693
2926194976
289108991
1647286825
3234234842
2282570750
3138725265
2714690245
2444654102
1643983814
627252590
2445399942
2645127048
2204570221
209798750
2425943737
40580641
74613440
3310776868
215714188
590178980
274611679
2643483572
3294511389
234622451
182572482
3067805150
3187968571
2258661613
2989857964
2998418192
3144740455
3155380386
65984102
3235399404
1961870288
319372014
59184425
23558244
2650121515
2157622047
22209201
3233532668
3045508942
3237411714
313755690
73231838
243371409
52664978
2289441509
2284112035
3046970954
93455665
222691723
274390805
2898969637
3109347300
22018221
1399487250
26036147
18443503
2529033930
444186790
493106235
24701863
273045690
308245033
26678292
575105305
1519167427
3168182768
1532341093
3074783292
3125407825
49269819
2741675113
45167704
15203144
526086483
97832149
376073243
19311578
39783373
2378762215
349941493
3226837346
101556731
189063883
2852819618
35010752
457887589
3224236152
2532646016
1240791566
2989810938
24850321
6273552
432068423
1701765955
2792630078
378712861
3192883810
2921137268
3294503793
161607119
3016308991
2382618866
278111486
174116552
157288948
528055712
1353284360
73978374
313763457
102128711
89581962
487141896
47803240
2567375568
2191602528
2266526263
1422282042
57591088
774838254
1023433662
63857044
286154203
2240571110
257854431
599110041
2345602219
78332114
2711020020
2473281462
2486870476
305761742
2779474808
156066532
2778915847
216755741
2711030355
2986593075
393605516
2464319023
95167093
2713949966
16909049
287986459
829986438
148117352
2506314552
2667830487
357878384
20641934
523571724
91749566
32712325
18085871
1063777938
41022086
282827622
16702542
3161660078
28171285
407250798
286934562
45454350
30149034
9616062
35014732
385504928
14592079
52890787
30558800
34436190
1475383028
3010598372
35681498
304087150
18522327
498340611
18373162
9951012
136346386
387181116
1682643312
24322323
156688503
51271929
2874383116
226319809
2763680641
2192495738
32896052
9721292
2779038530
3054566722
2220403808
567318760
2591719886
455028703
253197675
2215833866
2577521665
164174879
2896968661
472303799
2516072779
1343302134
73842873
111513055
2902030526
17877864
1369493478
55715295
2486034890
1688179670
390905408
2722212489
2319066870
1358581668
189099869
222676440
2866714180
1960789190
2791994144
1559317040
179440947
1493819347
2983544092
730122486
2937826090
522624558
2935822485
2916153444
3002582168
2433114481
2916201505
2923542967
2578192502
2281148935
212051495
14120481
2494355792
2171104981
1887582926
1874057480
68523142
1119547279
41199873
2835117670
397082484
1153195345
573358635
1651005151
17955787
938833837
1685868908
2777578914
1418133793
2922742016
59081125
460121510
2762458889
537766890
2665286869
1934304114
29382892
337407807
444940567
2816018330
2340702326
342941749
16275044
453305781
202312675
900722089
35176496
2568235537
2216285619
123801340
874834969
324733153
1668570458
2581942531
2895472133
2517672802
228536599
2961570812
486726408
823100185
128992281
90739266
185437031
239264158
37787129
200371702
2991670862
91685435
30135051
1129572277
220979645
152387430
1890992798
1625693514
553417142
59162942
2854937929
371171817
242637589
22224654
1593681709
2262134150
635249308
1288066405
1871726144
312752727
2618193761
1848947282
2924609640
442366887
2843209936
1164777979
339032964
412346470
2970999998
945303450
519387265
1645705218
731378054
19103672
393148065
2184670391
2826395779
2924718562
1402529239
321052523
2922063806
2966160007
919451701
95818002
598763146
318475296
2807701391
2934382062
273716197
2943715543
594593838
1307800129
1213831548
1902950641
79097045
15396298
2690738377
962199192
308332053
1408838665
554773341
336900459
39348744
221467449
2540699294
2373429254
368231469
2532546986
420954531
408760379
211926434
1656656294
526212375
1464786024
2322961784
2765148396
544346711
2518247438
2906087960
1866445530
2303078840
2419610598
2856231811
16864146
353470271
1717323234
1928410526
2602825207
2611150122
1909499900
2646609810
2396266558
1274041188
1483686710
323986629
1723280208
180893928
219705705
102892844
24528253
30983960
290404066
1423732921
1858259335
602291231
169190120
240523799
1006177826
945270696
15293113
346246513
2279210012
2808488764
377146825
15507721
156295103
29986664
170530166
92974591
338597489
36226203
1063712766
126136608
185466757
403099697
31625253
95139797
98920388
138401954
2432877084
2420752669
17937269
22975685
28016463
18058527
238299148
47150435
951414756
2464465094
2593195764
52753409
94957462
2242056760
2355845598
31298973
16585459
119259877
267418325
1136459845
2470488931
1518377539
419192527
49186986
27693371
212655190
26773007
32064319
2829659894
755551362
2389068169
57166277
119722981
393944698
1694659022
508350955
911520552
2596363921
209388383
867940922
2686416750
567580716
607871889
236242103
1661274474
273106520
296276543
2227100462
608188952
2829093600
301910837
58401199
2435213221
734306894
127794957
239327687
2266899638
2811097941
1892457997
2685348134
237253805
445685848
571428998
70413374
366021711
71473926
956836652
17878395
2452944257
2496185502
193180646
46867496
154398868
296681053
340296408
42049366
795142789
568895677
2574056455
729363997
102504844
869678995
2619054806
2608774782
1301199937
2470754417
2474980232
1652970288
947562384
627123140
1368526771
2739131617
426417220
170113007
2712259833
2648582424
139370504
2700794546
984654746
2587366213
2408345899
1323825468
2601544423
2152308385
168362414
2333181012
340516383
2374857199
1079773112
2394410882
2289350570
2621951652
2599527355
2613594901
1215505796
178265254
2601381606
2598095412
2611625737
918363456
895362662
437865316
2308054159
2580085320
2237277066
615149710
2518004569
1426991520
1073319649
2591306203
995112378
1260768109
395773916
84957035
2256362425
2581265833
2532590203
1414831513
2407288789
1217890776
1906902559
2520513374
1610980800
16247730
2478903894
273658511
381966009
1342833602
25476041
267709335
2169612552
72783659
374357948
23330108
2512164158
1974454195
547519926
592392141
17742188
15411803
100574955
8357192
251945762
2540410068
1380632761
1939433612
434907366
2415093505
1254092624
1266026448
1622126862
228860546
184614899
1076194296
1316130643
2200821470
605162152
328935831
2491100504
2213952348
779547062
1548622099
1309512834
428077169
1322005388
1471022053
408346059
249513089
1405667556
1088531234
2446605361
1211148168
1429714578
795545204
800057322
606046353
839020321
1224131509
428996181
1412740934
2167824375
287057735
62279371
18720477
1682230122
1288866157
414627587
2239881384
94633000
