1276206235
317609728
2741747806
586894752
453175900
550041386
1158473077
1887874465
498051521
76622099
3996477081
2577758068
3820065317
2996450345
606721954
2376531030
2899745870
4131266472
49051111
3353091027
3360875297
3989118754
250921910
1254490266
191985864
488908367
4105833317
309741089
2813526722
435225922
4056175468
502147760
2887913889
2358807717
2842800634
3991352726
3064747403
1861355738
3641438957
364497802
3068706292
1860763321
134517120
216589761
1561524211
552366919
2543717636
1470170719
723935990
20015311
292906026
764508991
1288516250
2523179114
1439376715
288074896
1244508066
2396347849
158373250
61003804
2596737199
383154170
127895178
2220281773
1372373340
216430965
1662990086
498258925
371450077
914818800
3404869497
2294297651
2651911729
2313227480
1074170389
1039631064
1469972862
1039791163
1029934819
2731947482
3195392553
257268592
1599379519
1468198818
2275242200
2870393113
555641003
3384978496
2696402179
3331778157
2911488355
1312663430
2943824437
344538810
575352314
438136706
574921254
803776063
521495462
419920053
1323579721
2580122498
922826318
2426025308
16905329
34002876
1110553549
384855296
23166803
503875377
2968038010
475439571
3349329971
2301573020
613734410
2545410459
467658266
409823018
1923462103
742842450
431889730
3300594994
348056057
206027357
2909403579
18274863
2305405063
293877607
2358384846
19976791
3303621221
2225391427
2431173637
210637441
551473324
392513215
964529942
320209911
411836598
1160853900
973938859
2457217700
3198555944
93542092
417429237
881827464
1974332792
71506201
371190031
1582341876
2471549117
96625583
1182464430
2635209424
3243807430
26565946
1574331800
3219500038
225240159
777940610
593462469
565132779
477212920
141021153
331443257
2362659187
345877133
144701884
2433020508
2708205925
1717289676
2907051484
372349075
193566298
46423291
2430875544
62930111
718167032
60565589
3138095164
2251562646
6015992
2921353153
2884184449
5443002
2288758028
19132307
1299470724
2355746030
221501608
538402807
407980106
16501385
526677255
3091879372
93659369
490604021
434545375
7846
2440550322
577401044
76678059
275442883
1462039315
710300755
21697170
954241872
973394456
2864282135
114946677
20315513
398505928
3063966321
211308151
1158468355
70681150
2372335328
616639389
2455036699
1666176043
260654449
2870078111
2231985349
286505380
1592942952
1241813893
2880737926
100977913
395514600
52544275
39344374
617378502
43815496
19202455
1107613844
1722362652
1071822236
1550346566
458626639
420606751
155659213
217566245
251873156
37532342
1212292046
1350453762
1475720280
2942183165
2544598363
66629039
2197099774
436782436
872683897
2915942818
275359872
532544990
36337670
177143073
2911459258
836016698
2876704252
2462081072
592125700
282399145
247227096
1864593026
2288328064
344638742
255620386
2878066341
25073877
2777743090
2872359075
2188018637
2872827543
844098158
1252235444
2836581327
130607856
2375309809
1586892308
2280438144
335532964
2837336380
143006466
2744579597
338480499
852510523
2430545140
701699486
576158404
160926944
336391912
2489096246
1198937227
1029142980
590923888
1717579592
740865648
322832051
614754689
20523846
24057172
313397159
2691263784
540978538
2535776749
2425231
63485337
2530850089
2386087469
2245920949
2571155093
1464784897
2239903976
785680304
18776017
496584998
2718907156
1167598058
27260086
1554230023
1955302416
2476690759
2570211142
2350358261
482124474
2188924850
2246171431
386772363
1269608078
297166458
2185871817
112833037
523549287
2399885522
910500192
2147531378
1063283557
1017884550
2493905629
523625967
2354721828
137108021
1283652602
1849440162
748000554
153918448
1246448389
779282467
980847276
1884396182
2559457721
2596883672
154708725
115549961
392859893
189735576
100649666
2213244301
2256737094
2359786561
2590529661
2225976322
2504188384
1544434045
2223421980
2232385094
34068984
865228975
271697994
158560798
349784231
2533494596
2595362928
174172366
2675474855
95936941
114065128
2566266637
2430763424
2540898365
2291643201
93058125
2447653922
2363089250
921908886
2658619826
2369408260
429012364
1595505840
258022594
2696395517
2389879116
2434083022
2502073602
2577535484
2526557014
1944559284
2584490988
856878704
2601903813
1864255782
22705686
15775181
560445985
371710051
2249989404
2159570735
334337669
928761938
121226571
1166098663
2565975875
2499675009
2186474313
15411797
2487807156
29145184
355950574
367467499
2458899562
233363024
542744664
942074197
156136958
2230141333
2450275022
116952434
97319539
982747388
2310682707
2186410405
2265346537
1636204477
407288980
476351761
354004333
210839744
2282568420
2355551148
249524030
294198566
2279532661
594118816
416412490
894032059
369865304
2329111255
14654965
208589103
459331257
214211185
516455315
1225628126
147558951
204089551
21549924
573176545
267740145
380739622
455485611
278618660
1563990918
345475302
22784458
38070776
58368604
168688901
115038550
61933836
52020735
61819832
172251288
121825928
263335906
15853668
2260505731
304124717
248807431
211743260
114517533
222221274
231992478
14604870
203747496
252791673
92591481
272570677
258677858
90779436
161418822
290097288
323544349
56497372
236919977
233409598
1514215112
1485591242
1326959906
182141321
245065992
155620461
