15487858
12550682
340289048
3113534605
18877607
1307172384
15308303
2936423687
7412032
41725808
3113064387
4316898154
19316312
3226680689
430819885
19735575
388937727
3763373714
1280676775
227115410
32766054
291817510
2609397858
2332326469
2177380370
20797876
15675488
452740111
2824399459
3317452219
7807162
3948409094
18804730
26508325
3110203268
15052005
364874211
2992719656
2347585826
2207143911
390966138
137576767
1432068504
2549487775
3663865694
1947283418
465785226
2693737772
856527548
4447021169
2341344842
4316795955
2873912877
363253821
363258777
612853832
1070513316
3240074814
24141735
3195774301
55293205
328990309
54342349
2726746776
874697442
3320665208
3956226322
17064675
385691954
3047828902
2382215432
3460242315
281257823
77464168
3035875061
60716381
53058714
3317454469
3427313235
369983645
634075230
27365868
3727943112
29490533
133741374
3356978674
97139252
3916694714
252709456
441479184
2469789013
16724211
3242827521
2516411
3657355827
4016326156
41295408
16369818
418211666
464297722
4037404821
554858399
1949496523
287290142
304106025
288657597
543375599
2849080604
2269048873
32489285
3298171152
3528692416
3835945043
1682042948
262756084
729179318
187271339
347209051
609360213
21432043
173234778
3198165904
841359650
4293831089
4354797381
2394810588
3635927352
449184940
2620857307
2919972162
291683996
2303736534
4237167496
3010502138
4316830229
301416870
3018488003
15662566
1701443581
4316910586
2174895866
2802602534
830947530
2981388518
3161724840
46085374
42518221
2815278552
141340844
4286688854
523971759
631592275
51334266
868772564
2591915041
4190849020
2151563106
8243722
16045706
4299714936
1078226767
4216139601
368623391
3575840483
244703684
563927870
17155901
3018005354
580712306
543436191
26526677
3307255301
22315431
3427521797
104056647
134491098
15283747
4088635023
845700733
105216069
3236426458
860648011
188199005
35108423
4367100320
3305272037
1681492597
4313878227
2184318222
34789270
2995283526
21495457
16868536
15807837
412936738
4215723873
151705338
2512754298
974361823
814307653
463723881
41268882
194321816
4088870225
3170907307
4214499083
2439181008
284826535
4332602379
3366119471
587741773
128351322
50110489
4076339351
2814362554
1161133058
4341024803
705684494
4260862126
3007425728
4339422807
21052064
2924332363
4344032123
140178315
583754124
122452732
3877347552
3000967473
2890316568
2875692358
149370263
466786462
14587949
38424370
518317081
109307449
3032145600
335456739
2244931813
15747743
1005513714
3427441323
249196579
3939055300
3937455035
4052708833
1447909802
973913934
246191640
287715816
3947901292
3119905990
52148973
714890233
17489099
2783791411
3306068259
2756174424
3818064136
197913288
3273046633
103471505
24870136
716504610
3271452962
2795408582
103055318
578412819
387014084
106811968
3852519735
201518502
184330863
2387924557
3759090312
3759291913
23102045
399655040
14423530
888524389
1875643700
2814946476
31690153
59634409
2770586404
367747873
1608044102
42651996
19485814
3957612442
1216012770
1557642314
825797173
834946272
1474998937
19645683
131157252
260181833
2461401757
3986617696
2630694395
38083024
115747895
809708761
57606454
554997424
566713857
2860641927
1348866066
4163052497
2838024436
3956550688
4085154281
2709980980
637244080
1451165982
56089939
3684736937
2498006653
471369143
17444073
368887250
412599729
15180606
36679019
759526100
353089478
1903902852
204700365
418233561
19028549
114198024
177142707
273159953
48000933
2512883966
27842906
448917244
4376151574
2813838016
3091086418
2709087943
80651989
23060491
15883300
3240106715
4348680263
19261527
65999505
1580762108
2674893276
2589284468
113043198
124604687
3164707925
15330018
796498477
4055121083
198281370
608677799
845086693
336011689
702654068
25458574
2918054276
25370199
501753878
330545317
4375574842
2527895574
24270168
259636777
4365223582
3235212720
160206871
3618208692
195815858
589016851
4329550274
2895042248
8671632
4017198627
218863133
338925063
1853702078
3782347947
128554772
338014898
19158946
20513899
37265149
320159620
228719728
211949928
3429597730
37755325
2613958200
3110996678
81900778
2470277317
2233963454
1928841116
18365964
2285163312
2906218851
3310954830
3178490905
2184742273
2975384605
161894615
2331347534
2612665826
3289230979
554562134
486937798
379142423
2943393793
2525755588
1957680158
1388373152
2236627730
338919067
2998556672
208232581
3556111816
3314739491
63536008
10039022
546929494
1048068840
602201443
177276149
157231906
3114297041
1561129519
283973902
282154511
2285569891
2801564405
21138619
413050319
722382266
4193377936
966302028
4374034337
931508910
18320127
830731687
2254950901
58782203
94571144
245716005
295242554
2659669340
3027418532
2820738185
40012978
1084198693
275659997
16600305
25510622
24877279
13706042
19116515
195842948
2919151
2438690580
326856971
919491541
22055213
1481812530
726657307
129841185
3003027040
2971981631
53016186
1875826836
566168318
56900921
1947156432
377748123
424241675
2541896449
80663987
412564437
2899340340
2900594494
327425486
29835600
2972782072
114777452
485082745
21148543
29308793
205706173
3024965015
102626389
3030160168
976665260
631943465
420313267
453983374
21644827
283995740
20000081
3005247503
18239494
56216480
2906609442
392259522
760249741
282070036
3061911880
1886655247
391939516
174720410
1061394144
310237979
823160077
474010827
38312652
2819869559
1327969741
2150665366
369008802
159204108
3020705970
3084828154
1537201164
228718566
538497069
3058477803
3032649141
3071699606
3095501100
3011753803
40339541
546421826
2806918524
478725300
3105300777
2900630725
1456696976
1410813794
50680699
330363893
20990339
3180000909
3202169831
1688393359
331547327
20306782
218829220
1854331843
1292553337
348294836
338168025
349337291
851076852
220710072
82347123
1104374953
22171899
85678895
1308455894
239564065
2579931
24438551
1135274557
40254038
16505262
2525196725
2192343511
3221433442
305501243
2591770441
212993867
3078082079
3320816134
270039917
207536981
448257332
2405771171
2346618691
414126368
500675521
28763904
1513853220
38868372
76719089
3187227622
411685182
3318097372
1632279913
197900449
331645216
29993254
919139366
220306653
2319414956
240170452
3376206664
69278417
28570469
3107433004
36407653
293622247
22011136
3415075521
82585647
52511332
350825632
17352458
2558494347
532096483
2245874382
15659778
2161119649
336057116
3762587782
563069167
49581727
3392316733
2422847158
1451369688
625754813
295746549
14933304
3425822879
608669139
2826464708
1139118547
366626582
20517179
3362534943
4067025316
1057228178
213434405
254108862
54208051
2644931604
3306481954
3111900214
19769485
50734902
3395561860
104471162
575444840
1248401306
3985729522
295610749
3698145796
13165742
81364669
308587905
14675834
43934006
14799621
3995672231
59236757
12354252
23188888
843617216
14266859
3599503943
1076162708
411697415
4174784537
3091099357
82032028
2824876176
2612527434
20393348
570044048
4164673415
524748970
21441073
93400695
16449450
45647986
410122587
3889560795
219724952
1909258010
2617248205
16720424
18850817
28262754
558655489
3313949362
76698951
107163055
23664028
8406952
132992098
157016238
46652477
2848165953
960527528
374084785
2697448087
243325679
2180521972
3017929605
58669330
128262973
925502114
15948205
238809720
2883634092
1106272050
16228532
21393085
1544380933
19116133
89371670
312211666
419574941
1921472666
14774443
92668576
2307675307
385125725
13473242
73986605
19710482
1681355490
1961898193
20621761
35823189
6993602
14569589
14674463
17813135
71840307
2364184621
125512325
838879130
2550464466
16310106
47824022
374460783
112224736
3118524615
3245589469
3224792244
3732643518
581998029
162684694
3946841033
54025595
2566884657
3937920988
271881489
380877096
20902116
226733823
562732564
510849950
2574405687
28673460
221688858
562752188
20150914
4209545783
2897222936
4148298125
2987300249
1359561
1715272747
64496398
3001613554
1369476769
27044803
2920583947
19514559
2900753272
77606200
304046627
88920449
798817574
2904223067
2990449307
3357463253
2352497874
2758888387
2549658073
2823039698
3193719630
426823158
4182098845
351963975
151375364
158391699
56133110
121782261
910792290
246057565
208736115
3147798639
50640888
66998204
69009086
24689504
14711491
297392167
1080494257
3773790017
20474878
1879713235
388922280
493605810
1338758766
19718832
562780960
326064023
559781037
209443715
143196988
188088272
431627744
17004618
34079088
390269730
305846704
74613440
144711082
2356808953
932589678
490366658
3260621575
29030168
295484765
19026367
593618835
266754621
223471786
16580052
2924230626
226998471
4145769334
24603507
2992912510
139565254
315662960
20598137
848680531
437814330
19921435
279323768
16573218
404375414
36206471
162044153
226029800
24594278
566649883
14408366
14164344
42162008
221803613
113914074
498386930
17414206
4098226619
323265196
69404063
2855366842
272087610
33274037
3514956014
2161264140
15797425
587841820
25333366
142026734
61404532
2863860856
15937232
95739715
1403172776
3372846201
2746184966
49025413
29914626
3201008649
4131069312
23515077
400524509
27453762
5523832
412600040
3546863059
4135962509
317324433
24410350
286160960
2786775092
16134893
2373542576
800855893
509430566
246068112
59855382
2656738956
217381810
19519258
201827189
27159885
77909615
221133283
3379447999
59103435
152234369
2184943214
3331309949
151115195
21458558
190785976
87405914
132495608
19992977
148418872
2258226686
124826748
19602304
151095934
12874852
259689332
16990026
21009193
838424784
39651447
446506935
101756062
124827833
2258218458
151100527
259649352
486358649
1413181
259674489
1621220348
3386717656
256203095
2361413834
7760612
1401119041
117465252
461403889
38874002
301065181
17639058
349979855
749012797
214632566
399049313
399315493
14388669
33502715
41435946
52852113
255544307
402147022
544224225
844169142
2693614632
71762257
156709548
31519510
403453916
67628441
79292795
6502262
1411309219
19358633
62950089
262725987
108642416
14664059
159269241
289433675
454013244
389491655
16651799
33934258
17866959
47543224
14059963
139750463
934211076
72930510
49985760
157060891
24571568
18632321
104211750
19283726
450105662
17584546
33933259
2293426590
161801527
2600542158
581306475
1934763025
7805232
46237849
7805272
2197397851
388296115
1676413777
1398283105
15416816
82511170
260462570
42009181
36086275
50312858
181645679
313512797
369335268
573956260
815337504
820038854
913658046
2835449245
3092874568
1328077424
315002750
980397270
48572412
2165735419
17250561
3011587321
126406160
227682918
20151189
12922082
35864358
37005838
19252280
2238340086
787884242
747862842
8265732
813741097
444139464
261766988
3387450693
866672395
199258492
239932857
273724116
1263783656
3215165963
1835411
636923
2384071
784912
9534522
10696392
817268
28440908
1501471
15536325
225847395
202777395
9866582
20025220
989016692
21789052
502337090
716636281
2918279163
36640893
70461418
56596218
117048110
95442644
1583243226
15467058
23452572
88906264
161271563
182839876
402930010
1057968128
1484940714
55807373
1220537929
70324100
14930089
726344886
103315228
439735715
1707314642
104405291
81356743
101138119
70106164
35151461
123316319
71728161
586
6487292
657863
1000591
3840
5746452
14878485
13348
989
185102589
5763262
189769313
37570179
652193
292385312
19744978
19563366
15823784
8622162
18327902
183295405
683113
17223098
119157934
132001724
39457309
14269152
57882881
788673
15739809
53440701
74972887
15425183
130759072
296338717
3311998711
41072154
1711747249
217410665
66972644
26491710
51137224
42683831
88846332
1466450143
2695654410
17443097
702154890
2327435180
23779440
231232090
19464669
156575936
80933391
16202359
16722173
14770568
37726956
281605034
97748228
14868453
15311407
19289178
38509343
145441907
15249154
464933284
245138071
18403847
63579806
3476352742
34670311
375199858
3051132120
128676094
20377010
2422429213
875615095
15635138
2188501124
25691008
56628763
3305636152
1436001
2421041107
35203319
18825537
18119242
35330981
48900286
29655018
11112092
48497974
33506243
263254443
2960204013
459695588
14424943
1307440370
21367183
323918881
376193775
3020204265
284066171
130079738
267075155
2958296033
18313551
759553381
304880098
3195580422
149819916
435037349
16909136
33965587
61009305
519599646
29336037
3760001183
41555739
2078271
57705515
372793762
249658841
555144458
312129169
594609683
98404046
1301997679
53112612
48343144
110963941
1635828884
39540686
348429751
73725383
118181699
1855462040
558116108
80176557
2262558811
63180993
1047306672
291129749
473948423
23602600
51562382
581654024
142318717
2252713235
575249200
619283145
54888373
59417574
62100820
76680362
82067669
182876722
217117421
269794944
271349919
276388413
285499386
505940550
792189529
1067496314
1261442497
35415477
18368680
376782305
83425390
739293
98012335
3344607792
2921871751
21085018
285335163
271915137
518916116
30077271
1933042237
33014441
153966123
2882303226
1883367709
1222874156
18213364
77426880
35821754
385076493
620311907
21360280
3120930189
44721868
16475096
2744013770
59526338
63040076
702578564
1442552989
79184119
1277020123
507479699
44312719
33308414
1463511877
834466470
1450338828
573357789
792338988
888471289
316964479
989982902
17194090
178525052
3380140606
2666141563
260997348
19181549
87475277
3244658580
2314114946
564173073
935446994
2260450632
2292531990
32896052
709320762
2555678414
138150238
1266653312
42609957
198483889
994293373
387181116
155296819
3302221739
15177871
28600204
16816972
536743127
30607427
16217319
92459428
21811091
124951476
158042019
27392406
68465499
2233650595
33858376
2479069135
2473180514
156896593
3708674842
350633389
2872261147
39292569
86834539
284043792
18812721
8799132
14866655
802996260
2791317308
24999473
47436443
39741440
283284877
287470420
3171721578
33750238
1013236796
15603986
3165562309
3430144565
16094685
39370084
16909408
568515356
308824786
14993272
342801179
115132643
3306434174
22391662
372317140
629558842
374905024
321742569
44944581
16916799
370444197
48192352
2300351004
65225842
1069806282
1373791718
1360762400
57528446
2769805327
20508229
1364293164
189247858
144793132
150019692
16532114
933899264
522544196
81589973
17522605
337381294
49344832
87824695
2843406262
14678108
42417984
109370698
2860538528
3739456167
1510580364
596543844
106093661
45527210
464860240
66350411
19050000
159918707
39281841
110616336
960510553
3391980658
107644537
340648636
385665317
3728484432
46354435
525549591
196958530
1927043791
374627577
149797759
2194833330
398037810
949630800
19053307
1956710599
1089643765
615243961
140404561
15678150
3071290208
117512175
305946418
219136121
25129525
274798154
126326959
80154277
24468107
29615139
22166341
1029731455
16237391
116881315
17290207
59663146
228132689
535954713
385328194
18008730
47791189
6862832
56212663
73760208
99362794
2294510923
265938709
1774081
232671601
5667502
198968303
1238517631
412217891
85333734
211159761
3230783978
297428180
119822640
317527237
32165272
1098491348
135157929
435646025
19068513
106850261
2485518114
274308358
281188053
33514007
426923705
13762142
10010052
15814436
31118809
46037741
118817542
20980521
412328544
1116082008
15814467
1684291555
911051053
40137718
153063
30110342
415298013
603168503
292800435
3302129845
1154939912
3344975234
20772560
3029913034
499914568
274024383
14414730
2495576666
555392321
14465902
15923445
61973225
53829677
312851497
2188881108
318472460
1364717372
293515851
3395032012
2785464385
21104809
2870131759
556255364
205323579
67143583
44525333
3545961077
3180084440
15270502
3128755933
103072451
618283388
18410511
485950862
16554307
2427775124
3066903816
41429272
170404126
36599995
2963373135
2264216570
44859897
14105540
27686229
192219409
1090712948
37130367
2646893577
2411671578
57471811
120186213
558906192
198559605
23985573
2955057099
18795950
281628104
19333578
140635836
53210455
2616862105
23083583
14659290
64443935
719472337
3624275895
73100291
48762566
2814630924
22438582
19633369
68713736
217212955
92730184
299364430
102606868
1959525595
291788110
3351517583
397800769
218802479
18909076
895199508
703513394
166405823
3066941832
2322936865
23744567
55230288
762096368
2572033740
2186062965
97069764
55551430
309194164
1119561546
300268734
18190793
8269462
15809720
259753156
540286514
30217666
1945898419
16304670
15558216
532483694
344719718
76637096
179646149
494219278
168723445
22587869
25333609
108352527
2358302612
34339576
763323169
1503156805
38698430
169914042
248826365
224406911
552829649
783447643
1018120446
25731516
915839911
177487687
434760258
215818521
182156989
403039018
3352946417
18085541
28113048
2812833204
152322439
18768116
96683337
1912828686
21650429
39177912
15098976
14465139
1069351
15315857
19072114
67476573
1601701830
352466972
2248512368
18213541
26253881
1153191704
333696330
95681503
506605095
2972582186
20026390
3571530500
435270280
57475139
2751959893
1517126281
3604669813
115008056
18620900
48012331
293852054
131229599
322905258
70623798
701205001
3612410081
735120986
571607185
347142260
3301871796
3696658581
347962491
23135945
1138070606
849667867
3255292914
264111671
165690746
1115053842
24162367
1430652572
36912401
166207058
624247876
3008214523
111233093
37603669
14800270
31320681
22768264
3116204715
1903854979
37037429
2381858048
3230125900
135997453
3221362700
390191371
51487883
27090356
50295118
937723272
14562685
50418426
290661053
30169605
159245037
184985946
1944692042
3149973561
3389950947
2667195530
235167254
41869917
70874194
268368996
22777806
2414709972
159213222
18986537
2437165092
206008094
3309173085
3380689450
2168051592
3250046743
2280410605
3386094465
3376087989
3387910713
68668400
3389708489
2815146187
1213113534
3297557257
275052055
270056028
19030810
1160003557
2373995944
3365797733
1944378020
3205184273
405201461
2294906665
14465768
3432121775
15862241
395675991
1530440240
3065922105
61721495
1379850626
44962208
1305530833
3451023201
2860117367
452687776
517102666
316400004
257091954
3437107623
2241052375
2399955414
419917952
231748175
3293641934
292819455
3542695875
84553710
76757961
251357557
260755023
23054193
94279023
310841228
21745787
3439178339
517890224
1616201970
2281901101
1112874158
475038257
3294037181
443575004
301022780
19703028
3030133107
2431538320
2473899548
1923709316
2314979553
193048145
1459993254
3262735497
3650572696
2860718109
1488522871
181435597
142782579
3224053683
2232337661
93655219
761204666
44415348
305249004
891317569
397702430
755461776
61761919
386822179
1012040840
49148112
579171577
993783330
3223332565
12003072
3559972936
395561001
317698183
60918418
113713779
267435087
3034880801
163121004
539286281
2209085900
3101968162
396992553
54268262
26539698
180031764
215411658
778361502
1077537426
2216995892
2447606496
256018845
2879687379
267116661
2994152423
2477394870
64356276
3162950884
230288909
3193475302
20780158
15724389
71749831
2352376268
2543978820
223413730
74995110
3225780444
1228485144
65587192
2528316765
2954738703
1480866006
1435809476
2931767567
14051047
3378543575
1595345966
3242038040
831849361
3309110427
2296574312
240298804
2288775947
133658277
261755347
110203153
2283380682
2450309034
92726853
539246843
16442222
338142466
14463704
209096946
18929497
19563438
3547887196
378162144
1705198760
1462979634
46113908
369610157
40183563
29441185
60620405
29697242
41234062
243510714
111404553
8761812
257463181
139494885
2717816952
3303259235
1931653087
1000886101
634799350
96556053
3226654095
3153728452
3513183736
22203439
588800464
2949569699
104241839
267377761
113695141
3494825778
379791133
125891033
2207972657
2467568641
292273227
482289562
352052000
3129083673
235014162
14521055
196175143
489618910
2896511547
52055276
95695139
29997855
139905465
25197389
1860526920
2413022749
38552089
27415830
34684126
558856151
2825456633
520380141
243324920
5676952
100065631
2580072792
1370885935
2433374941
3392397862
910634071
569498109
16490883
194226754
2489595012
21507298
22514438
1007689958
2993308481
1370626844
7019512
30860685
1648306698
575927490
2208603427
1632891
23506185
1283148062
2791139650
42952944
318941062
360928737
40404150
1415872322
15046635
56235066
164612946
72863207
3492526036
2338832287
17723643
1106655816
178324951
1319702035
46845868
22270702
269287973
3282346458
117808737
426709853
74139459
609524277
52288736
580640483
3006499990
538078599
40728125
2481654866
18208662
3394954264
19427242
339794110
48262345
2433920654
3242047559
3131102986
355743468
423399467
135092111
1700426708
359646581
16382360
2163862780
32187100
2387028456
2208791911
2426252714
2919910279
300474383
3295316082
2884522973
2862966903
1487510586
8658682
922678242
2285619704
2444522904
478878156
2894129039
3191997421
57460933
3065805662
19210640
3004218904
741788137
16478966
81998705
3141182641
759375067
1232647776
2228153677
705131180
263918540
366406586
106817676
2981291687
498965178
260027237
2712186764
366267144
257595099
1855625868
812712043
1480922671
12975572
1203131442
3182695970
1029444230
740271505
3173747501
2262298772
525820598
3346680387
3331911533
2849660153
3374031987
3092692377
20043513
26991140
1965546636
794535182
122081177
14457086
258090459
2867380661
61196358
211273580
181980080
1449617792
2612223834
2921875108
1275704022
299702047
85683978
85668733
2851533609
97317021
2649183805
2893944399
944509262
851110236
2908662030
567065928
2798558340
2929428123
2326447520
216384506
14559136
65396175
2834189117
752029802
1486159278
117664140
1348127796
9636172
225535781
2508333504
2855873851
126419739
179577543
2688418880
1582730456
301681158
560027377
2939479042
14182027
2909541332
56140081
2904217857
39861438
2594304217
40432280
2657544721
2372215412
33361196
21505705
774553476
268437939
195833861
102338480
2951470102
2955283348
49026843
947807191
1573500930
488520211
1474375644
1134919015
2842696157
475635473
19297904
734574883
199650115
95943509
62853
358376713
407230476
83754978
202573225
2968112891
82080668
2967674339
809572219
18850936
606673883
2928898963
309118541
119155683
2690262947
2808140919
520232362
141403214
2701321236
299560757
2842326286
1004362896
2400335269
390195760
27612651
2153203202
326068208
2979503477
937774345
1571495790
136491591
1364958319
29363448
317279838
216064974
992316384
2977524311
2989813040
2423588005
2986395047
195852859
565531570
256353978
5948702
2740139498
2747041080
52004739
41376627
57357695
160921173
3000306911
2326890112
475254682
57824138
1465140799
2354308872
331129527
25791332
97060500
3004805237
464830234
19203694
3007076561
21823032
26530836
43535198
3007254336
2866397681
1732648237
17007194
568622103
2149798089
2489037294
1504477692
284657855
22166120
16529873
17385961
38484574
139243864
293986274
10829792
831693878
9746162
712296055
2907796833
2812588903
1520594545
2964430821
19195780
1387582688
86166414
2296773182
3045108676
238807911
2531007499
22146888
1069658515
1400352174
281668449
1875019603
256035620
2532895400
580074362
1943029387
3011747304
1128545138
499059925
2987959270
46391616
2375365771
162018381
26904013
711754850
585885850
3016986961
219209126
2434114475
2993715499
87514552
19145762
331186669
477932511
304919539
2701163946
2735070609
329588129
498703566
18200695
2803403048
60682505
1044263462
2826647666
48450784
2953739751
2358862908
161903540
390329771
23474467
1965472628
68806842
3254659782
3351399123
54557557
41372034
2931138447
3362579944
3259944306
131838027
1603747614
110805511
3225079108
38703751
3135327832
3119936938
62505819
3013594670
1667540154
263734179
119886310
935450263
3375226000
143106823
870383010
3386642183
376665585
11245502
138745166
18062353
3106511256
1876377656
982768590
3290835960
14315004
16592063
23846504
1307375671
201856908
1231877142
13849772
28484970
307350274
562068637
1120003261
46415654
179891465
1670609064
3512231241
2882163129
2162278452
20621109
1296314768
52628364
36701462
459520912
2873301816
3474152000
3576814035
221763392
103113891
500317946
79556841
276763665
3261225613
3248778012
225546238
110294788
21030413
529140270
3099714498
441499292
3410633879
2492178243
3411679077
212005766
2940767098
1479333368
346705172
20053783
23692529
3279474104
3415013734
1412712505
3415869472
3416170079
3406107707
218550075
2908964955
117517723
148840569
3310829508
1547008560
3314253504
3365778184
22018837
2816992532
2901974837
19841754
248276513
1087890570
108416009
356014549
3333140248
3139555375
254945074
3295163845
2620870720
119407338
577200820
3067607855
3428229849
2881516021
3385512635
73057319
3318588097
2611648578
102469274
2417514276
21723038
2594372604
118766402
3431505615
2709405511
2381882700
7001552
3269876197
3384372123
436407237
2956184383
3027196936
283337753
1673035759
3015840678
2745691913
1529135160
2445541970
270223633
2909767799
1935657224
102697154
3432361024
3045027260
3436021384
57720217
3243329935
2997192263
202880011
2665585928
3247926354
3265814610
551940798
15165450
1938663272
3438389963
14442988
3404767397
542119102
354009116
1231996339
177580692
361426294
3187669498
347738021
91732824
13818882
82397914
1452150416
38340582
3364762079
2338059403
2813455836
2828592222
213493774
3391937595
18706924
2358471036
93472873
361468994
105305259
65589378
17070787
40218214
62554155
103106691
17943171
69681766
35767916
19029306
68768975
470427907
16878165
2981793406
139737783
296177680
120159721
566382938
395567575
2617475245
2972607752
31152570
3012327136
1228647284
378573524
18123330
2714659801
86919501
117223801
2336658733
3115698264
87683767
47417589
2198625983
1942249038
3288450814
2908396924
2541114708
1588539133
2941377939
32990114
392993377
786819426
17901184
2603016164
3304630529
27632461
1591911402
16432951
869824183
2556422976
2801789683
236203002
762544350
22691578
2852518869
203251055
428496297
7454012
37735876
586810908
250569978
3368046034
64848123
2805604380
2786280685
15262477
2288467118
3383760219
3000250803
3004263189
574690859
791897964
2360964518
85812561
3301109844
32263835
1048979196
233435284
3370532105
2187491858
223434653
2324191543
2694044652
279238668
14251373
1262776610
24436600
2970258455
1336819118
2828232002
233914762
317336512
48380102
2370991351
330743859
256610579
1413167803
1964217212
2510527020
141473813
448077114
335675029
3033031967
174033785
245882608
10762452
34870410
16482279
116769969
14772034
82170603
103674346
351150274
18821711
787024225
3291732021
2979710609
314853104
14060968
62604340
3026584577
3135200848
602090062
161400720
26988756
15665815
472230481
116909087
23847549
2578070690
17786308
94850548
54665136
164172179
87792156
18009961
112998934
56940724
17604915
17659976
149018696
215259883
30249532
851144203
194407825
534222686
3361678539
291350434
13819632
2652530370
15866929
7017692
106498932
10117272
3033000473
2577997046
2400363852
19754314
19875477
424110236
2202262561
87272443
2285521207
620753602
947207101
318035416
2951481576
1877588828
2950759102
918998737
600137038
2804250764
41567253
717710654
30461230
27217647
26590822
2163374389
194732581
405551653
97276898
434533456
18372999
3226634876
22378452
24794985
299848657
478610727
29499998
2329327028
274034295
2765337943
3187187492
2986091495
375224154
41291270
2203782554
76733225
178600857
24290265
90395147
851104368
3171740985
3220704639
29499583
2314066543
2872851076
55594587
21444414
3141675102
388055547
155369617
28938888
34709013
290076782
3194961267
421013856
458791331
212680759
1180466672
151304776
115789226
2375825646
634032371
3377580256
399045977
1250958798
1698807182
2401335536
550024001
1611453726
221416389
15586275
1177385858
252985288
354103
1373730312
425003949
1385625439
2343332478
282744508
2463012960
3226895805
2812785708
281944135
514363341
807546816
1686891632
80841947
340839746
874104349
1621066476
3032849535
3234158056
2960680792
2603320279
27554007
104822441
313248627
206294201
3235911719
3242093487
168764957
1591485494
569022995
3175784745
44735867
3190543475
52679995
2860726917
74276071
3250884622
19778464
1149731796
118731283
46122335
57156220
239079113
236035227
873701876
3256627557
20714585
3259757908
40641011
21288750
2754617881
3253273973
244904101
3151735582
213572670
1348775946
193301749
1717931293
57658038
3300668656
113154373
80123213
3301168252
17848448
3241082561
3305496161
74998745
273840160
515820670
1529182008
1310753262
43736003
1536778819
3305546037
3307053659
20594940
3316985673
571716042
2851164142
3301789379
252576425
580180296
2817921164
391614380
3121061392
3334582624
410122045
49955438
618490483
2913937985
192530020
1709847150
3350815413
859650618
592765724
3233635589
3224261369
1079191525
71933131
22773313
2415668228
1004055067
2686176571
420271255
2206952120
3025585038
3331714395
614617007
3375554493
2348427080
103274174
2320651309
2598186110
21761639
3369601005
1419593810
311800496
18904972
2293287272
2292045733
535136222
2402999294
16951940
268039409
1204827302
312697399
24551605
988071074
37321863
14415783
17495376
2848356719
30494847
771136856
249434072
256743333
66269806
23571625
475662618
17453219
210990673
95184947
2464979556
3018640197
3095802889
56083200
290094050
15429687
398857779
247835421
1400053459
1073655696
786669062
199314382
144506121
3067698723
18253092
29711786
18720688
37205183
539220262
322831489
2926174355
28136265
327301450
188613340
756578881
3330321779
606557391
1414064203
268265456
20745625
281639257
20001426
3099539387
380173279
16874598
505463588
561259267
16943328
30345356
42208855
2790518090
95294431
158041613
310911917
274572791
1491563402
1911124195
36036228
81145604
2798520070
2409102174
25655667
397490403
16846753
27605493
134566641
38187092
3249291103
2998286144
331551175
2989401846
2891440556
2926533336
1866202296
3007293163
250558537
3004182502
402474003
2515220112
878848470
59653472
3011645088
2872454840
472796921
88150383
2883473178
149810548
2602796568
2566685755
41902412
2982456777
3018093060
3022082197
128755002
1132047248
1340373848
3044611162
2909643120
2955860960
761068933
136242264
152891035
472526611
64234931
33789986
158461054
2281362882
823982839
218429157
53164862
49870351
961530548
2246535463
3054865838
50852547
2960528543
23583842
1157097678
606812714
213177389
600064559
529067606
1967884675
187070551
2154078792
816069090
881063857
1255824536
2988586163
3049967182
926422921
281811696
304214974
291579630
354582942
23030998
233949261
2378476489
44476539
575298121
3083054114
2295569797
100884304
23313549
2844806515
2316039206
14295486
722938970
20604043
377656159
2945608092
3123148765
3123349172
561083148
2880863111
22429534
287363382
2911496071
3042235428
392095138
2301176418
229701745
3148206284
30184068
3152093250
25810522
278889395
2274126146
3148901744
44612941
762347298
385568441
759072866
3189437453
177063834
2542487934
397588694
593316022
2721613554
636959019
3158635711
2722574821
14328480
16438773
19173045
1669106436
29626730
795239977
222397914
889919250
2305942596
2821004971
2950699907
1876296294
2950758724
120004136
620896267
3164627088
340693750
275247452
473717485
3013864046
9988522
3166288595
706018548
3189322705
2486752514
3242338402
3190285758
288174204
1510050462
168187784
2874446335
2350751785
2929333920
3153533871
2374332265
3192594415
3249075845
21278946
881825486
3168444385
2837521331
806033330
835630212
62786463
1147209848
2463018092
1124183840
437264164
374997705
211356832
3219026209
3194892024
3195905256
94570325
3061002253
28930940
747443250
2996738797
2974435000
907347079
2429842543
224495471
1684954596
131842892
2350559406
410574984
3214680279
2762004608
3009217746
3168076321
192806980
2889186655
3305331454
37644146
3163620438
210661130
417585419
2473680175
21755594
3233129671
3310306901
1925869136
2213480162
90593105
3017260598
271275153
3193542881
2240298991
487221366
61420814
3094664119
3002558502
335105584
3168217608
3234593413
18067150
3243078662
86114410
1223371472
30193873
1108137552
16964473
3241853077
2958858462
51418719
2975447959
3221094936
27845907
1287881348
3166133034
2328335094
1328442175
20713197
1445340428
21051654
3254228906
51739385
249612470
59682569
3252365635
19684844
3142390054
34187530
480805219
221428420
619068847
3193832602
216289850
469324230
3309097553
551949110
225923863
15704958
3014373069
44889402
382602451
62559773
114630365
225033951
66209052
372825780
860983148
312643488
1424667600
15815025
154661114
122117323
43857306
1366885574
3307148176
1408312652
2471181978
111958857
3198140619
232977790
801464533
23980468
305390170
429813739
3318666478
3319567000
3307239244
3086527961
23198070
274565893
538147752
2806432775
3251172767
432943992
2331791226
3154457944
2912773523
29252060
2534303419
920551
2527767998
463658397
3237073448
127495399
3330394246
2742124796
943712773
1527864974
519404663
3325394171
87020087
74822299
25274092
2765016375
494882567
284429386
480798525
45927960
56447971
1543944188
485860997
141957398
46882012
322594439
2801026506
150802267
3241244161
701658349
2831697120
17555441
3341742219
3189096823
259729491
222418500
17000669
294254157
3137488953
19852090
28097161
476757458
22146536
1142816695
3074735756
3329579488
1176824724
1323305010
26861001
283551761
2847064433
1934115986
15936936
2595251701
184100243
287802339
205197802
2584318730
3135795823
152940865
108114153
77250177
1939065583
82762397
173734711
206604812
87227787
51105034
2283870529
14782267
17459113
532814870
74754902
249504458
3107599292
480306282
182749452
26037846
3096898654
231931614
44356236
318454792
1561334221
589271752
1163983952
3087396354
428525065
497679053
50741116
3052792183
435231112
216028572
88221212
2974039269
38040955
17686257
413223446
2163043958
1425598130
2165485290
3018579621
45935039
442087030
14461795
253720358
2206379793
39701623
15113155
74582402
3128288335
1325607295
1575289034
3127761278
70641005
1622301962
1897852117
231450803
112711559
20141528
365935132
822106567
18018735
2396773308
789684944
3132417414
1374911466
3131356343
3129291244
17903102
849141667
19727777
14338173
1589095615
2838484201
9323062
3148693295
222183937
578419872
228961101
360195994
3137980032
19023794
510476343
3146515567
840397664
17914577
367552881
293916600
19206004
458976054
93861351
3121567604
350766681
2209973828
16918156
80327324
961580706
26507359
257022190
15267017
396194845
2324160121
2325209538
3056468106
2871197878
16644604
42845674
24783419
704753048
3146051956
3156910180
14505619
3111706637
74152721
1169709367
3155847926
178923758
2704339361
452492645
3012749502
858799620
33635390
3137713201
3166912791
130247477
143434027
3166503346
232544159
337611251
3169835944
18774027
1722377617
227110040
3170373533
80497417
3169992671
3061916137
227413231
1340415907
613441891
414241052
634191743
2810097522
361395387
565462827
497369061
105648383
14931475
28012198
196747769
1479782869
424352565
3020116427
1647929082
1548306458
514930216
1323015564
3177606124
2716021999
1622210054
98498269
3162911220
298137007
101616253
625044406
607196867
60007783
84087148
630476785
124449666
2904934025
2861875641
2152049734
3128183688
73668466
113126788
330719802
2364167906
434193410
257047712
781069590
150871288
1205450940
3174103054
453739345
185898176
47983610
274331329
177627724
188048322
2415474589
436602278
2447679456
2502369529
141813105
31340126
18460854
587590727
1508717088
3003791624
3034495432
23617997
295818204
7537992
2993828491
15742702
974784378
2841531633
2745219666
3181801866
1905618745
467335307
3185124097
2698365733
87332354
1098669038
495921844
16657802
115548207
3042648923
97267078
3236454795
15937876
12603842
218266713
79898397
209493473
220462606
1125636782
3240507953
3187868810
2611973832
455832565
35240345
524454721
1349101933
16564182
3189783128
275818932
161355230
2362664504
1547996828
133435890
1347268982
88674360
78176829
3051526720
137661788
1395859172
211428925
109155275
38001708
2754696855
2223618284
221849050
3028582527
934910084
15852156
1302942096
3192456648
19984447
28229882
2968495024
2409380216
214219959
3222389848
3253337278
82649603
213061474
354892921
3288936983
18718887
3220472058
208139468
1673572884
774475940
43401599
125550892
226507072
1667543142
3290799605
33737951
216125891
569245716
2355646003
454932485
50809229
297223486
3221826272
170081946
23974059
1019507928
1465019132
28016044
605456792
3195096355
1037868734
90461879
3290061867
531674843
3176780981
3093941672
47944070
124825029
224552947
3223964786
3236954655
3013669817
470695297
1220416620
1649345030
1468464110
3227684768
1347478802
46868963
1380058244
21133762
610114032
482279557
322582724
11177182
1647953556
3044606106
3092518199
371871749
23028107
542398918
297567498
8086742
69202476
146338233
2871934224
2793143363
23400429
50497597
14663053
14399347
2245960580
1349237504
3313046853
857457799
200345466
478139803
18082367
1735672692
87603784
3254001591
58141564
2745156019
1484908616
304652168
3315050513
18107737
2457159541
23855353
3235944946
393542615
1256334739
576707400
3060130055
901082023
3241635798
2982706979
16377713
1267585502
28358856
106815376
3319236911
3224681331
220933515
2891156747
1169450394
453584976
258410244
95139797
474574842
2518898078
216597038
3314945285
2642772539
39529163
21902337
2505274958
541278651
236694292
729447067
164733274
1664979972
268475274
347625417
462921561
2336619674
152377455
461420104
52815258
632513446
15146745
15467333
1339336939
89418215
2492508318
2251039568
36998314
549550480
3333457372
2395130652
19903565
3155716561
3193394142
576321816
47377948
2909407736
473588093
93185098
46476526
15672074
2778317219
2998693657
21569371
1173395773
18866872
19074623
57898598
159821411
1256685926
2891322620
11942772
98425584
17463660
11073902
14115587
17641457
20725800
46434840
33923173
1397183642
980589932
2361754251
190569306
24421583
359684929
1225667958
3169758195
15383093
48123456
3159654181
79738745
319122993
3141323569
807933043
2860838269
220666861
2787013684
191019416
2890039374
65644604
76033506
37031664
66359975
2164883284
373707627
494430327
7413172
110494701
551323175
1959264234
94154680
3003922333
2398115768
3167420149
2975286385
1216985994
15282864
61221864
15935243
2649991423
157010328
1405428931
419636635
2161231398
1257677695
605366437
92784243
26321878
12788032
133225531
217027858
2608638223
26922518
143954769
1411035181
1337248850
26938397
742849262
3037260673
98328459
940431128
34336227
1484614328
55088773
2508253785
17102308
3141253222
3142405810
129296528
51056940
607188140
2180165083
23958235
9158962
2925493305
16297844
1115595264
2213174550
83532845
14111182
17258874
156681815
301536549
27924836
41774911
598734804
519400467
456175270
2948893719
22194389
426044078
243333357
615321256
1933727870
406869728
214417301
1068359732
246568203
347893508
1209534600
26402522
55471106
606415678
3310633925
192327843
105832910
110557285
476153757
1355796739
874711398
2687111994
2993894998
396195658
2849219333
802408573
3040778204
51615806
122481454
410276740
2950474293
2783677948
2926023922
3311766874
3141100656
25343565
1161059628
118665465
3156484462
2527937204
1958822521
887699125
194671720
3239183353
3288334480
3300751036
3057758896
250268047
383200250
1222013372
3192091117
2853024823
603278463
1703534846
3058470819
2240932418
2732462617
51071881
627802534
3239950602
766071379
132818820
3050762957
2188645118
2725014541
3063639554
2420146902
1281603805
1396518548
2859340817
353087489
843281796
2427919704
1215917130
3054511765
391352478
3115816309
2461136300
1092690715
146461679
1703497644
3231352877
2722735394
270547072
976682120
3146707287
2967718703
3147856139
146517435
2252484192
37643019
3192875168
2956505957
2546842875
2301266509
130956544
2976917799
3306978388
35731937
1393990735
1162974686
3034010777
2915160561
1677747793
2347102913
2392436843
3316319589
2584250587
3241144352
1603566942
3304750731
2816767033
424507088
2188383438
34656288
54529748
3241318908
3291639460
45957726
16381764
3300732015
373570614
331180126
3095355021
359654366
3114312064
3237609156
1544210538
2378299837
2696452086
37077144
2395016180
2424138218
131282383
2342763606
1955188266
3242714684
2833667018
21831049
3320581403
207077798
243997987
2647489932
258907302
170366744
3321290585
2237726724
3318841761
2796590370
2915517274
3150730052
27459516
3010593099
234955082
382211719
2706123390
1253266310
3021859760
631757107
3290427285
2969681043
22170425
3228420308
398200139
330673806
3246274700
3239167878
3130159913
2366906004
150331336
2719854516
1885436317
2322137046
182490313
24750550
3164862101
222676440
3246888438
3264253966
100102242
3247346408
562941334
3040374298
2455610286
197759253
2585483293
2693130847
2335281114
3241487718
50324720
621022794
12074392
1137295724
1135160312
50706282
2163718364
585490397
2213223571
2880915516
96354049
3248539262
17363384
3248598829
1960301070
3236377543
371346012
3314923336
3332658250
276619853
21497761
2374240176
2929490333
2286094930
3101921062
3248855803
20425510
917217726
406446779
37224212
3023323371
52040398
2213631204
2332854354
3150599176
1160917645
2856121255
3315459677
3113221145
2823586002
2345924424
1959951786
2163913603
2454418771
37167195
2247065616
3329322905
2613840548
275656890
1329705271
3091626627
2419285566
2777710344
210784282
469617179
5727602
120800367
243290985
2305220994
905066558
295669713
2174444784
31618842
17083575
164916593
46444020
85367551
1357630386
2472965437
18739608
3102419142
3072065220
557096772
3104007102
3065934849
431139201
14436149
2844101010
2904899972
289876970
15212207
2821182718
3108526047
309909519
16978491
61297862
264408063
2565501788
40383522
3111344513
297887003
3111598125
3010770883
930401744
3104531474
16805229
82958531
358138976
3004907642
2665418364
3110886881
3114998519
271586754
18893903
3117105814
283155867
111609406
2837992624
474856675
17812495
2984412613
19490012
3119694106
197084217
1119180079
3091475638
588127846
2425069276
3038440070
394364661
343726682
61212537
261844604
22714173
61738440
3114701018
3125773720
559328144
1267038350
3115106468
3127089543
2792410513
3126983093
428363561
3042528970
3119063690
194537595
3073307449
2644657702
17554772
792401646
2532393475
2282265889
3095697991
18642557
3130746939
30186191
3117327725
3111894690
3124873530
157806110
1036896870
115082140
2231697936
2693145516
2840453763
22787553
2590690221
187020332
1342785408
2411239188
702236317
1429974212
3133016486
102405171
15932997
480081061
3098533863
160680724
590129983
3135766728
222534687
2191181965
245118891
2862530191
2702139990
391378169
3139395332
3126636121
761639498
75765559
786531788
276064176
340049034
3138742143
2694994832
75268939
260765306
2766130167
19593776
200132474
91273004
50244149
3135693727
2415372308
1378778844
60983141
1140071641
704479966
978414708
105491957
37364345
2505615955
3143286441
2588123983
229601393
19013138
354441723
58591216
15428834
3145538527
23674447
3082548755
3145019442
290328695
3146017933
102669574
360669161
48172878
2834608132
3147395538
3114802931
21474466
3064115555
24388373
18203015
2472832860
3080966929
1035263174
766183543
392798369
3163606810
3092717787
204366343
3010416330
28195225
16225558
40681093
1204416662
123777553
3165552640
2282558399
2322061488
89905837
3155923897
2916289088
3145744941
211773940
517902423
312918744
3156851011
17458023
41994674
3029524234
1432399759
922887924
416646011
1014733021
338525036
569199849
3091337151
577415947
3172887503
40007470
1952836748
54579513
783225506
3119512491
258747424
133273894
2723888298
430269544
14764129
20924564
1223883799
1549139402
3163358180
3177209157
571808342
36484818
219449806
2585330359
3186184941
3165150714
305180645
3146446906
139857849
334465608
53243289
250286470
21185420
2925702191
2741278084
453623601
1908701365
863162970
50198447
2848629512
1289243216
17123632
138200575
514981117
465687951
354174085
202590356
50442263
406305374
2207108319
103573195
2276719609
193717969
347714197
117897916
9073872
2988223445
3198585034
2566605375
149815436
54295141
3169397724
1553025740
371997152
478832150
1308000937
3171038202
602937502
64331095
245056929
461974753
2565901123
2592213712
1336307629
23849711
15318293
2149113746
98935591
42549258
3171129668
17205013
805038432
382320138
2495393215
1455571118
208173371
2765089736
2886741251
42888725
20475731
977248993
2491540338
1029227275
2752822155
2924541097
525821924
47909836
437563581
3217782833
858003157
843593173
1335790058
1327440270
456354027
2956291
89552222
197714008
2654939610
261382566
396320889
17964200
3221408494
75554331
3225273569
3225309669
191058801
62836785
3224065299
2431420368
36016820
258626160
3130778307
2950686622
1877816712
2898863737
886838629
353534170
314227709
35729074
560234626
2174078472
3167894400
3185626914
3185796762
52447867
3186148921
178815296
1293274747
111411213
872125404
205343389
12075142
124887271
2817071420
75526144
180224548
2927865305
3186899443
326874727
3522841
3157181450
17093009
2173981706
88381131
2875137668
178163626
3183270728
3191691022
3037718293
20728449
3242452883
1499972556
177721587
15774301
3177542360
3153311877
298831019
2895380466
829993296
376104409
1079859709
2484644718
719397290
2344447885
29086798
2224581667
612552091
887326826
196791671
3010666239
88700335
397069783
313503177
3098644436
972187874
593587309
20709055
2485697455
711945607
3160304731
152784893
57818877
895429220
298090206
2244111246
3254716941
305696728
612846411
560878929
225752638
1344608934
476166474
1711457802
2911039074
2531895032
3255452801
3037147869
315749616
582786339
109670069
163628773
300803547
80050407
549782527
440573575
260775461
1629974262
2213074356
39200738
238645670
123081055
52208589
2213811408
613407452
3222470875
1099952348
614660292
138674484
2446689355
2360782640
1953683828
3240065223
111017499
47891657
2294652216
33920505
2168961860
3291208367
3151897007
3295765775
3220609872
3147928183
3226090476
163468579
379815760
2461761600
1446421208
901709624
3153140460
180891514
256252896
3040646578
57268799
66499930
3227350765
2984325742
2575503303
2360447502
2265354027
19676754
1402541485
162467755
2693855377
2159447994
840331130
216801865
338181188
3133625803
3000958967
16016609
96464026
2900536401
83390795
3088352529
108163207
76289317
84355376
2831128984
833999347
492014879
863436258
3234187735
3306634900
7882902
2163740232
2989177174
3240102693
24220909
3235571359
326590875
1954752648
122321978
3117135209
3232705128
40513115
326313319
3309001871
3308297176
902566849
135640085
89628446
2213483870
218368196
57615580
855370891
3239492130
59626710
133749407
2934340462
3188262614
3221732048
2716394321
3241000020
3305601869
3075902893
3308010111
106769692
25525153
190780644
3319500129
712423310
424715944
50524005
2212732236
2422563636
220687644
1957981045
224989470
247836991
3219677137
1607998736
1594415892
600920914
159770928
255949960
2483802068
1658481979
34730520
1149794341
3226363000
2537006703
57061116
2168255936
3094659288
424943114
1043334018
2466174554
3246199494
2697172464
3235079347
121218651
3119331747
800789347
28095263
77019386
449378470
3300750579
154002144
398277709
3244727905
233853593
2842124457
2889461652
486466050
111176036
3153034512
1954875548
16446164
3091393384
3329046297
3197732199
2313572126
2532347286
118174195
1862439649
21836409
301098676
19170906
18847579
2446920744
3197414672
3246796824
3056302874
2464933328
2164392109
2213749074
2909627659
2905783012
370168414
492878236
1613732965
3220346114
33995862
3290419439
32831919
3250221984
2212654465
2985891205
881870252
70626508
25087685
17393790
580097412
19111767
22151193
89785537
44874400
28646398
18887526
20155652
23314335
1557315432
487736815
241382835
19742143
23674342
353510815
237634998
843112550
131102007
118454894
30313925
847617158
68971853
2467791
9300262
1947301
16955991
15035323
238436945
3230272373
36908937
234521957
29264242
227423290
82689705
1132994426
525821517
568510137
228918333
115409721
29993527
196007485
316536365
3120234389
78029386
16409683
3035256018
2301725839
26554000
16877611
79293791
17818254
27989078
157140968
101928415
85603854
116362700
21126102
169686021
23613479
419260222
236699098
149760844
15815704
31425404
175460214
90420314
27195114
25365536
2557521
31928507
16267101
19412366
14791663
96795310
18023887
16517711
12804422
17919972
26257166
94194183
12480582
102773464
30031547
19089922
7614292
16548119
37683414
19546942
22059385
17057271
34858521
14777215
43435902
46598192
25515914
29367649
806947836
16145875
8936082
2240656957
778676696
16827720
204833926
14676146
2715586658
31406173
615927039
180805777
64777861
29087379
41844292
226284590
23949032
21278570
63933540
130575807
146223067
14262772
34590476
42954206
17424617
2220416131
289792706
17898759
415785585
387082640
212987271
19357262
11388132
1219523748
2485811094
28207516
40953367
8523822
95939750
2651465136
82303188
19602678
118886107
17999080
18102284
317696587
2321256986
26936698
17071048
360831528
478466850
1175221
13837292
2195241
34892394
23476681
17063029
14706139
1305940272
2323187132
57085530
918735553
175102903
6026352
154106333
31339738
64844802
27994823
185808487
41003633
1495885004
31925790
20339060
791891106
15307727
33846451
94682674
60642052
24775410
1419089665
113384545
1621271
13027572
469960224
201392818
27814665
25133623
2729061
168857946
184674238
15651700
20680211
2735828232
14426771
174989084
626681652
290861534
2670122929
443844393
1051171
156870821
59486068
1634544032
105188414
11107172
1705885393
465671449
872423437
555307309
71165327
405674870
12601142
57497901
2977850923
15882393
184477052
38804737
670693
19637934
2427652401
23043699
328243230
91942071
32135630
83215347
216697973
209811713
18466967
17462723
66699013
2423931254
14303536
1145681294
97474389
40212366
16589206
89490157
16548435
207323988
16273972
4816
339936927
109028183
1549705375
970457886
308142446
189474615
2205314772
444940567
108055368
3111652349
2559211
29130296
37391190
20462208
584422075
98806713
198034541
14048901
16422305
41158798
1952076517
15441074
42835224
145305040
527526077
1360597813
312456720
979084837
18699279
1398644071
18185124
211800056
162611402
2804304182
2437662536
49569360
997772880
19457038
150546196
2285728958
385005734
18845325
2289922932
80286223
67519197
97079905
21323268
581504613
40822732
2496937712
115097946
166267126
49104782
2872031157
2920198261
392836991
21659631
16795018
20819652
2985970760
454064867
106230702
415628558
2228185261
3164506214
2872343897
588359134
305545584
267721016
264440560
3129685535
93100491
28082102
2875749735
275615004
1024244078
411156397
1394399438
3198916643
3131011565
55745460
17400431
19343643
4243561
165823043
20189354
240911998
22050109
58866657
146122308
17542441
17964389
89267783
1356870164
504980563
855229128
18203844
118806375
597716551
868437872
250869502
3095791521
1116802976
3065990974
2816403979
620142261
14248201
17709126
21511980
14869010
165961860
2709038700
19294977
41227280
946065337
15949239
41607282
1415530910
514329328
20570977
137401329
104849810
3338531
107382060
111212570
86007932
2808237018
327723089
119163094
111023411
14129817
259791931
89289102
185728638
200235235
480365025
2475760399
417793312
207991959
6639572
17828762
48829513
548024659
332886424
288421812
2609965039
2354353521
104634598
52774812
34927185
16407746
163966566
138059472
2188593098
31609417
66168463
896114322
53302037
1416188154
139150228
192877468
42853597
22006151
118353088
532384642
26801564
392891843
469565253
485841314
9535352
222479693
430926882
23970551
170782124
444788320
1850133744
21503352
97020002
25349131
1864230853
796504652
2384326501
476709001
310391202
130363314
613308325
2369997349
2281315706
19355909
923754901
2470941097
280302877
2510735228
20151462
137388540
270406836
2772451782
364275014
21164266
120182092
1882462897
374306990
906984542
21157727
294157662
1637453665
190349538
2411924516
112655876
707468636
2303529078
2248744878
768998743
973529760
2826555972
856441178
2214894776
17392315
16629256
1639957987
2785723521
626948024
2185424786
2458389901
340272403
285041343
631348945
22739313
356897445
1566594506
1548404041
1634358385
81445705
2358791684
76014392
15660796
2264162115
561486597
547333259
348031110
102918719
1051137925
565920614
90032526
2726883296
514598182
29302183
1209892279
857742253
1289911308
20139069
1267161044
23791074
219818939
531048389
896217518
28242952
504621387
441018528
143867014
2189418866
116385077
52998511
314200821
255267306
93969062
2830240110
607591896
381148093
35619476
66114517
498569895
870317570
2328714937
1296811897
117615186
571204042
15474627
274585815
1586748498
20891030
631860580
97530747
14352967
1678637528
273094518
2247355933
21126929
2801226571
31391928
23055566
14252256
14342623
1563104484
208122961
44340772
527676643
1469805944
275794208
309877431
1121243906
15548362
2778128166
253663760
2589693582
334777595
260266784
197366640
532389419
25731832
90759665
1090018987
283582522
17500366
19579297
26277879
164266344
179228852
76338495
224356198
1559144996
16419476
368528956
16505652
76807715
21322629
891115776
499839063
2202231127
21379918
829587956
2795226112
150754957
84801205
816450762
35375341
2612798905
139882948
2379700903
54482842
2584926270
353867127
1585933980
19089591
1149304321
21303356
262749118
14628818
40551290
17776066
23192850
181266054
1280863628
476281491
973566625
13339612
156384522
115463630
72981427
138821432
19715959
18275825
294474586
773574270
17214926
10140072
14193857
2370970742
18314339
1180293698
121118493
481376138
758469260
912027361
852646116
17669882
76952363
194168574
26175769
16259304
17388335
16259927
2352159914
20613450
19764579
15354128
43904362
120870837
1332220207
26978045
618474858
21059342
717894367
18953266
22088824
319772111
2210601007
61963734
31406096
264079406
164448888
243156517
21589262
21591143
92443531
1139077532
299264437
21379853
28529164
53085172
921095474
859441488
21933297
131530329
303249407
25047190
527864398
401147215
7832702
1037513028
27010107
11740902
15186155
17765506
25062513
2546427096
15230696
490883063
17603606
124295542
38454900
332466628
429339178
146812606
60349138
9405142
1686650294
1299808092
14789141
83634355
575674557
89414418
447508721
66961249
235124903
107174480
15467700
1449304604
19264997
14908780
163568515
2679381079
316379716
2187952952
23216193
169875872
253217218
2469289382
218583499
519439629
2777242950
251722936
33234674
257309592
2413625184
15409245
274221607
506762535
377371240
801828278
1428723324
152065057
87371149
300351842
581244529
1958218104
54905355
2247134451
378007067
522183349
19708277
34294382
39097670
18722739
374268208
73144836
223242976
159081281
30915849
393624823
832884104
2721823261
2644105176
41895203
276987268
76085649
2694134245
2472594169
2437359420
2648967667
178849322
199325502
1906369376
23664829
814391750
48412046
511216243
1035737641
178088717
2791998722
1388094409
2754719208
15032940
1735384471
1157578424
133806972
249491792
555387932
85792789
1544269003
28576220
56742037
20831152
369721247
19023804
298300934
61946035
112272245
24953011
175744038
293997080
974447696
18135862
78853695
572558941
15177984
21263349
64489771
5695632
14777649
2350567654
72258963
17066077
20414217
390748141
330509973
209219793
13752682
293338829
16618171
5727722
246082244
22900819
2436657234
2477341458
13258212
316163832
2698343718
288308592
462290781
1894037930
282573628
46670901
102957958
24798988
624282852
521017945
968997404
387957803
45988300
1669007538
60681558
18867844
34000178
206358757
605025484
1372026204
177623235
2800772882
25165065
2776201164
242474373
825438836
23208165
960832465
498262378
82575540
1105569402
2284727665
22863819
2339555240
38024451
324122310
908851668
151218648
1193220456
128605036
463069409
9264672
324978565
295622775
149970164
29093157
25878169
456930921
253685928
1666038950
15143478
83744134
50452646
81855670
292525546
1396587961
1957282147
701044872
1073627024
103040072
1095706261
16177296
735026773
608960707
285685932
200513666
361787901
41950500
603254367
536773738
209397605
27726303
487521480
2417988865
882162362
17726563
183290417
142001719
145600904
151155107
57231785
37651692
248410134
19966557
287822422
1658447048
34230397
15394753
116761577
468405521
1173440227
305640400
173794561
233703743
404216060
44269435
121728825
22824243
132495563
147676601
9207632
14321959
195897346
59790468
240214348
240527238
218797772
24564640
108250710
13345452
67952766
105096473
28765398
401882621
1346516700
904504123
14164437
76019920
7808372
41003298
15135805
222085588
49269819
1229435719
2378769883
1635719947
2400683696
124264233
2343091206
546229138
64790992
17619641
52401341
330351936
64482376
86283370
331936406
361047240
18755197
1698474878
86941113
20065578
61654984
100346356
18895616
558025850
104954164
14935192
15082919
46691793
228298928
15348286
278877848
330509397
9543092
16688904
288961793
15039436
2362502461
15678167
14761299
355394841
132337419
1349377410
61288107
94139973
28130246
27596259
622150684
25833501
304278158
18218858
371379500
25091154
309419557
19973100
14434820
301474643
23388429
25281063
201531255
42837353
41354967
69327888
291859435
8820652
211591593
44171091
965842656
49044100
17423877
322921302
1168860114
91836238
296115033
17674757
97666240
241277864
19478383
342688623
39368597
56334765
20699407
1609863660
610970475
399382094
18768802
213405100
14255057
18282929
267651823
137107582
14645807
35671590
5774202
17294887
37332714
16397511
239495914
241893323
352947624
487772099
52911590
204721301
35308418
14639235
18218474
148706357
72584356
419901287
127349748
20129472
95023423
40464134
26727740
332445473
409420453
1229526422
119448397
84138488
93671188
266671592
62926741
19827848
14713530
11762712
16910759
264962685
14221435
18164805
26688109
14700258
136841649
126430870
224074946
5820022
26048168
143903442
15624628
17006157
5988062
108385103
561558519
235573486
231706630
69277202
198991938
372348082
1882281708
19496567
63157272
481468399
52814770
1618123446
78890225
36440780
2707207874
5402612
14159148
91474307
140118545
204832963
14211474
23818581
1542533869
173467215
1594021
41814169
30557283
1692660121
274193447
112037009
27087489
8622212
161686727
90460579
774273151
14740612
35773039
1059273780
30331417
20374262
437807543
33638476
20562637
14870804
60669103
242887980
123272913
19921169
