259403751
20697134
3340764432
79993544
194357577
933206185
25019638
40041432
2608592112
3196837122
200471333
292092102
114258634
1612004690
247876416
394474111
219791189
98561160
3308045760
44960116
2839688676
6433472
3351548299
14086158
71317444
18922477
2647139192
4165780223
158116176
4212546641
74030991
302286097
189956269
91409378
598583
846889189
324973703
2357539088
72406810
250313842
123789941
1452690025
897509594
14100619
210269467
3315237823
42197258
360258647
22832029
738538436
28852952
2505749342
3386033458
4355751796
605556917
24181339
3872281281
49812665
259371291
1532327574
2216773818
3437129620
3846083901
4070124436
472536701
168778996
79923701
954590804
22079982
343624077
2233277348
15553222
3253989290
476259516
1579342032
16686144
887197669
29922995
42540459
1883424882
284880923
3217824856
30660788
95600133
3418323425
4309041376
26138266
128073415
2453973852
2801180134
3109410329
119577923
959322902
378234734
486877115
2196201139
2693480258
234405241
65666257
419886941
18075410
2909890264
31029115
846001770
3105933696
29403387
3418972445
4280789117
221573745
955885435
90570778
2963220857
433442459
439474028
967976959
2216775702
540287244
71256932
1799075604
72733789
284318072
247114704
14079738
229746466
420694593
87614862
606776750
20221325
56131946
452282849
14502744
1198988510
15087288
108820903
19670226
17332480
126406217
178851214
292896808
197131222
177201478
435317904
49868073
2340500672
397651933
921858092
383728071
621503334
18000189
140188163
21413192
521453852
554800351
204199167
2830837346
14720466
35829078
4218892721
1216880197
183282144
1848956928
507632699
153998882
328916657
2264785178
383925273
39062200
14231419
31220561
16906308
325974749
3033098871
476654184
17325090
3492526036
14691203
8399972
1945868016
372487587
32652567
35007060
3527763081
153438157
111741593
2665714735
357126037
14297868
4174006881
902808547
1967848664
58369579
2244340904
25312751
713704721
102325442
25917171
21167020
3835356388
235409684
584198802
4135342708
66339576
912988142
114088860
19636959
18454869
73191581
239112167
445906934
25238739
2333425472
385680718
486273618
582317702
27568902
156123647
154864739
1572193687
229665860
330396458
1597467217
14260960
714594469
18094552
103761819
14276135
298015007
1617910038
226838632
3404809317
979073125
28017500
120689778
65172808
132624583
3253953780
37836253
486788091
16044192
599928096
299800613
200591027
122860515
15194242
2725606828
3289955209
279623852
57056537
47735021
3657110593
329418923
441250650
383628853
89017636
3094486328
249327957
363797691
73292940
20691338
17934812
276555350
1955319079
1606182450
19028194
29125761
3003374135
3885930687
606144179
1544575741
2213147168
47209624
456718511
193506902
787075928
330678995
287507644
27947203
67918705
586199121
250743185
743585142
1551549505
3487839674
388743146
3076649353
3347753289
3302789282
22184329
1645794463
431638810
3583291037
259503677
3894332350
170001296
285439517
3504557176
102770728
916886713
242368265
74677491
3038532750
232433249
2357001103
2252616702
137178062
3241876331
14177909
46693500
2916305152
29030168
41761325
748597554
3309489981
396296243
2635340887
77134875
217081289
1649509092
710911880
18545823
3146884207
16504375
92854933
587204559
568639260
475143155
25467044
1264629979
362790820
2323353659
608432912
2202041324
588492837
134513525
26651616
3431641157
25786620
3236847011
326588935
892037664
3213790633
2799263619
160434777
62683017
2802194439
2968635633
15146558
923781055
1632220008
1887868446
189302944
39843225
18931598
18766459
344714257
121237931
2411373284
2412128390
3362454183
222535211
132617915
198317044
1265835584
987080287
9535262
256099282
103060145
2270811931
366225624
335977636
906819984
1955728166
2745659780
3165413027
2545353444
106811968
1872998461
20727831
465639589
2603746950
76866580
3427271453
486925698
8622212
2176210789
45709328
2297691708
75711499
565620750
305266391
24156429
2802407892
26059158
2458283886
13786802
3443768054
1228115246
75050644
797118362
2893742932
18220686
45573257
498196566
18283434
25196075
367566714
18064237
2354451
335415001
1239409950
1581913861
525210799
2815823672
20030116
50773530
1302135037
3400812539
26852124
52034714
30776279
3234149492
204355453
219442846
27930261
2894303351
27658503
29465930
117169249
3325839791
2341139364
19638752
92384506
2619162262
2594784522
309943521
134153349
2381350352
1604931252
3307707262
3254840580
493237811
118256403
1530543890
3065177512
3089315440
3344167900
2574643145
1216961953
77115378
231185543
45414872
440450586
19297007
74322237
270726710
28565368
3393641237
148573819
454116800
1912521805
198133605
15888142
359997379
623888913
607592185
28206360
2961098091
45882011
268376800
3062731787
831846590
2900904128
536640123
2888888366
1603622821
86566054
3345092487
175940138
2150280847
1087039771
2966774301
3161970031
3224100399
57223559
561228467
87359651
310463188
482658470
1183313611
627571568
2915131540
98809456
2278183554
288283194
356752859
19000033
14986598
2961101728
1060660861
1077857546
121676136
73267550
25394997
3229407265
1170151051
45564482
25008422
249194731
137401262
200135280
24639484
33618667
555915197
26453492
18192250
16934987
26783498
434517373
73232927
382970952
43628404
236550946
3335564032
267862673
25629477
36823
570561735
67961159
96175230
327171013
3099613624
136134426
118601210
231209943
574721971
195065759
90460579
48469619
28002645
19092024
16580249
17257327
2607163646
327034215
274652363
29544236
412008580
41646662
23685907
487736815
32423136
54905985
37353309
2157670758
40366279
15673997
25543248
245519649
111561014
93736441
18374624
26589987
225967442
1967169758
329746058
273532957
368881889
35399535
318585202
293088356
13536672
991198885
22388675
3187360205
16606280
2352141222
465581898
20068679
297747775
248553802
207677544
284720639
1054164709
36603105
294842000
593370001
126336445
254420289
14498782
1046923627
3003264430
262375385
25344328
15415604
22496235
1426645165
25699319
566582518
2893511188
23029735
812141839
3324413175
1359695365
2911520575
226424620
185013725
59826995
26960489
78229994
814389318
327008952
37768726
51307567
57097104
43238802
2279779670
741074724
7144422
275686563
308245860
39883197
332627423
44776425
281670339
74580436
168374159
443529647
3053338062
391214052
128026862
113038982
23331239
314901898
862583191
25191235
144900750
22254039
18698059
243896198
3116400190
542162717
100077136
110326494
294938349
281259979
354279444
43249347
2470162982
382326225
22853601
794481732
1280659406
1215716599
488674900
130314799
47338701
188751631
242611867
243163874
2370867205
30129936
331836413
719413454
23380714
3025533844
21441186
214145204
1056305412
3110386240
915589970
760037432
172226844
171682730
23741531
69034469
1400840731
1112588304
2260253972
1286842279
3300915747
973704901
95975081
87836882
582828964
105848837
73094756
75587044
147357337
2477017982
1526052913
433566338
348003
46786678
1694574930
1583700020
18535471
177343316
2355082310
23004495
14190948
16591329
25067823
3233684114
2910430765
122684649
129252801
594844518
863571271
19743440
20547294
1547254692
164493426
21631781
80361090
1289551178
390957110
66471972
146317151
37208886
598427681
14982804
2347049341
58524428
19026815
119799145
406527233
614429457
3033463413
2769530146
15924757
462312754
2693362302
378371385
620275175
2361072492
259303621
26257166
2901990478
3153084524
25928973
3309668470
3234811191
2962587664
49013625
468475583
2893195423
297676832
3245528540
1081562149
16624281
40340946
37639093
33194282
231642741
230952167
3324011349
557818971
219466932
59287889
25375962
369648215
389068268
1344951
299364430
7861312
559979499
2531764583
55594930
67076445
3035866761
2835561917
259046398
3020251636
380777667
886869746
128274540
16124415
237918222
14825102
163518620
2464530756
584392592
2872976829
1636111171
30752163
199570603
103948050
44988185
1117836660
20728540
32965970
225941523
15822295
382376904
22562961
17494918
67158807
965476376
23465125
3289900871
3193852032
3233437719
626523333
3315883997
70266297
425486011
3299628261
3291990724
2770055724
14417563
2521788120
97603162
35488567
14980903
596893898
3240202129
390552880
14519349
24046313
283625578
1702148870
28583197
26531880
15645093
308551011
293611387
2218274526
19621110
94173095
14873555
19367319
36395646
83876527
1292418902
552007845
27922960
23544596
609320918
21761071
236891946
109669677
20081159
2205683767
2966228297
3162680708
22705234
1594177002
1016657755
20599776
139198002
396931935
3087508827
19608892
381588096
253340075
3065429605
113439399
3293214785
463430827
2375554599
37012966
106605334
2562400052
182422417
127715132
113092647
100727865
27212264
136766830
416765734
1538850878
1473174745
2224947382
568735137
423989286
1034261
1426732646
538147752
569257758
614741136
115115479
79438625
246612992
35749009
3303293865
31583882
43897438
621513936
355741960
138166008
165921364
2402464436
2236267398
1661857788
3019266457
17733320
285917978
77331971
253059865
44141752
102278356
108984186
577311872
340501364
156845691
1000542133
20921474
24036897
16655930
28741420
42562446
259879740
337694536
28677090
104901157
194200636
3299714206
80887688
16872119
20463418
2840712124
238558079
270920024
294751681
1732554330
265556045
383736497
1444761774
117599515
21692297
3223549418
1123487694
2563738292
95356555
198950287
22155344
1920532658
263220708
29498970
524924802
132399155
843365148
2823084633
87747900
158079127
17874544
2585929172
51873224
1038497886
2724450036
37850790
352405236
37000399
180798968
108791534
263136639
921284598
83390520
82972556
3094781865
51859102
21129105
262777661
344707874
363997684
16795094
33998378
2674180814
24541174
3067114623
20748897
940686007
3239713175
204688509
225420225
516801160
490809839
480079441
104182220
584788448
2198225849
583068667
3107831784
64955574
168831662
525570467
502101919
1908492817
335955190
712460408
271625425
1908603950
333622438
337308938
189976904
55117855
3192360013
605520945
77345267
25878169
2283620132
32928591
22548211
383376844
182683047
2693989585
62094398
3032110465
50349391
2849171220
80909861
48525320
2911019009
149282848
422155068
101856100
405746930
361335082
76355393
1170054619
3188177624
18633453
175832677
2925945967
25868776
35122019
24450608
361195351
197117628
3166013815
16748041
2500096620
3236702789
65527384
576581399
2894336702
22411875
29211561
332170563
545145379
21677648
19773404
15239226
1254688327
26712600
169384515
3178626040
3060490849
1125931682
152122899
364974044
177023723
408760379
704219604
2587598556
2441100450
28381984
2652633258
90085529
41509142
36985923
3035346670
836477671
3057083073
112962217
291728117
1633984034
281012952
30949256
2910012928
163342880
2380725246
3191360350
82939286
626882404
498328279
2864446563
2830111585
548097962
749952350
30602016
262835882
25598396
21825193
26548315
15381952
478823758
578095024
300551747
148720789
357683633
10876852
54152830
321197521
252643801
193398195
284308565
414233117
3132197925
55137824
2741309286
258931706
234089451
1037531
161388876
2342260788
1546013634
3142042234
211620426
262351848
24623145
2573158085
163125858
269638553
1492914697
132193623
23711472
362100997
293474988
345943555
161697620
3074259883
304029886
10935492
348283644
14085572
3183569021
269790834
9302812
111902095
213508018
32925763
192644374
14219043
3181456251
13109512
1519073424
2238576858
111354793
69723562
24334418
61170418
206528872
44278765
209690396
316501201
45385986
281612732
1141022539
57210037
2511023508
324336689
904092542
56510427
25519320
58990464
632253731
37836873
329170642
67378195
23427407
336155822
3156195055
122805750
250831586
23096661
1419539298
31209213
192684315
2437169540
3103190367
2916622773
2994497733
164018345
50349255
378181207
3122118865
251853408
1959776952
37935496
15991184
15012261
331051303
17343896
386270039
36580668
31276374
16076032
3137627296
408272342
917137956
2233566420
1561448815
415605847
1341016508
110732052
2326085455
2872497084
1641817340
3036404074
19826509
2477631554
2575084117
440516399
240498575
2557507070
300461415
91170157
240990050
2379700903
3016190977
1090026433
256625610
2607677036
129819868
260065113
1011923156
559642568
1859275664
1618066502
26840596
251433567
2216041938
1882115496
291428614
1490927714
433577348
2961072263
2327729960
1075171201
2990899978
1123106460
30028506
1418816828
347522011
16288455
1147598906
7846
1566209258
408942975
2183098597
370834925
344192912
216859581
14176576
597772534
32882868
1491965726
55571452
1241550787
460626642
2808945136
87991487
15985417
239537390
1126994353
50141947
540384393
599678221
246214157
45681723
139908900
577170668
607743778
2370439266
775105494
34723919
25916697
3026603044
1070050117
529140270
50059679
528055712
84624486
1250643049
314615270
28117823
2909739224
1020257364
241981638
16019108
436417689
3072715750
2997555109
590075965
316584207
2827391138
448199223
2445809510
350426381
187721634
125531193
24699277
2374497030
613712440
2632716033
19090892
7439332
288627918
3071503073
352617678
20891157
42744294
87454985
3035606140
2587026164
33887146
1327653433
3002430479
39410338
332862098
600679694
201361811
2185347326
22372121
1951980307
1129685918
19977752
1653575144
2166839262
863635406
30677343
537433078
2887499499
108419001
92097654
23301743
313346425
2893926610
462060357
214044097
101346548
2272669290
390387771
106757359
15499867
2207205462
2988258574
27055447
2586997621
415773647
2671574070
78998799
19797755
63134071
131260011
1862005656
3069891077
28378747
958081723
1148939454
2869962853
1550717413
78071991
1264991852
192392799
23721448
2694271404
4423111
21232953
305976309
248478905
123994891
1930862724
1581306636
242495114
61524495
3049776845
16633589
89782106
2983053760
620584020
335359500
2199159644
2790356042
168534531
32611954
2986367559
3057532701
1936314601
2645367751
2280921378
1389446222
2910014901
198026786
53184267
2890590135
1388343343
112476445
1909929091
46520272
484411387
328241996
2400163188
604239496
1963397408
3045319875
2986337247
17632117
18234018
3002363252
80434446
91189251
77851978
1921710955
1305995330
35415477
14678563
1024844346
2352193765
1547513437
251770779
29235824
83501965
21170497
3032819670
18494981
61779487
176522431
256416117
805509396
493487022
1155848940
28448639
312962657
259497878
111021171
3044621199
126346375
2870023644
26519054
1852421952
210844741
636356194
2892290399
221918103
407415660
14222518
69263586
26288396
14089195
1400466500
137859917
92148954
25177918
26598593
29348049
2971042294
1729077721
163562125
18366049
55933489
30232630
2153222934
29644499
604380673
36659229
56501671
16027225
618420086
329027996
3028925207
1902670830
2649046051
72877044
194779936
16894839
34488806
30097908
2562198156
190231473
2857384612
43187274
404101318
22812431
357920585
2399355008
177661775
1876322665
2296477680
342560704
39247124
38792346
271222249
728788794
547114168
36118366
292540859
2525009036
11382802
1933042237
33014441
14354399
3001900153
218256811
56597230
98963477
2364852565
79783264
139462304
177459366
5729662
17892162
112921157
2359816994
2444057034
2542207489
2959049102
972727506
24891241
188952324
71944541
1284208267
2294490332
2281541334
2854650907
313379636
464182751
85694630
2865074080
14202246
16051287
3006683117
291471206
20726460
2496814202
2597498814
17654766
40660467
115963859
2868019193
14655868
81145484
239844765
55027543
168891324
19411110
16017475
2303751216
463224661
438009317
20479363
2158655604
170381439
2456775804
397600376
221762912
305745594
2525948046
534276301
441031767
105306151
2352525739
2462345929
14349482
36207564
112573938
153402434
970486176
1486653007
2970598547
2915035157
380327126
921170426
425441304
169634370
4047781
1092028038
426188506
918071814
2997058077
821193
352418419
2611895773
2492811448
374190328
249842778
326204733
22251504
14486811
273628119
29578522
635024437
619386833
624038050
2680047678
1155353462
391745228
1383966032
20817523
365499363
14843057
540965454
570264661
209388134
21039946
299135903
72357545
351828186
512467220
427505253
356362797
16426809
1585589059
11741632
42917724
1465233830
2455862011
66191110
401161798
1002247310
191465038
15138059
16691162
16287322
498177610
48771393
1270377750
2978892657
280826651
2320410584
213169226
282241594
56130213
1259765539
29696428
2873602893
1726983306
149038850
2885764637
24914074
156314187
2835117670
2347337983
93989409
2564010186
271725689
45534335
2582892528
2708052181
166724387
34055243
713081478
883619466
2874009555
2837595615
258569841
383411974
254873869
2218212962
557996892
208964245
1300575865
193725962
179555829
214967305
17722174
331316608
1592360828
394394873
208900419
211655777
67461284
36801473
17514354
60683654
137434895
29309901
42035272
105205432
459538431
28066028
182863183
15039436
309764903
409723545
42954933
408115464
1004650284
606761711
160109767
207954932
419854605
187971898
25934445
200657358
252488513
18005231
190423824
475402565
21025624
27249542
281956417
174836563
298297105
1204567627
116512229
189592411
526621470
2938616001
2363127870
774540236
214033005
160167754
104334167
857507960
2187077202
1255151
2527505665
15076390
66767555
24791723
427475002
2615577577
17802353
2249234689
116625196
1291770157
2584653721
92184418
2803967209
81669140
2615619398
174715760
2923294911
513406896
2811917352
2920382273
480723210
2805160182
44528121
2842696641
562365920
2182346850
53750553
319746584
23398730
52726884
284771283
2276290781
1424857152
22583604
755113
29417304
225634552
843112550
1297100576
15421871
2319108198
145499533
21522338
2735591
57949239
452507479
15214135
433044897
259863959
1028003384
2412610214
25927032
21287838
809107087
556116068
492492626
24998433
123400139
1014532460
462119058
17890201
23009949
1915336519
44300388
2650929553
25303203
2814439108
23978727
30395601
594220452
13213122
17043637
318319748
82221067
1634133588
382772492
2153876882
91035609
83178848
932308794
187355458
373373391
17079497
594047437
2907112299
21626814
2835244996
51118526
876672397
1628776303
17379985
414922509
14133760
245454029
434304903
222549105
15211585
80850991
29767978
375186516
825907650
1540204129
2763949273
229924530
312715425
13132422
234245306
78938637
4209511
41837057
48083698
37501003
18340314
1539852224
2798834523
40509565
2438765688
7562042
23165263
245548093
18278257
2375544786
28435936
346222084
27711685
17565514
24630719
2497203480
460609342
1911019286
15950681
2755864128
2892536621
2657310360
937637203
61567598
33426981
17452271
2844237228
393436304
36139166
54468256
329372355
15857343
2229533247
964975519
2874341698
25363119
405968078
115986421
1357547431
554841960
368421214
1192
17734297
20747162
260081884
175940143
33870064
2886182893
87726183
2890862572
367226291
252673956
31761133
2902984438
1014059942
59949396
461092374
123326795
6742522
115853128
140199754
61833254
144285482
22726691
50213896
17574251
769868312
277719743
13170172
480623325
89760824
18633998
32776666
27970457
2424428364
2904953395
545538783
43252170
24998164
193994322
2781394417
229112092
2358031063
26938397
2342869188
22473434
427991564
189654054
28735607
812034523
199524916
219110213
2355004184
406679312
210337162
2895502252
78642438
494393168
762268112
1870188672
39635217
428422145
204946827
2893884802
12848262
2901303826
2396643006
2826459672
2162994920
30106099
23501022
937523058
559075007
327036639
193315480
64829103
16669446
108933815
97791514
1017185989
2857030747
288881548
564835766
2266037970
22872643
573565184
366963374
2338711034
2603966462
28822045
330075926
31058404
35184346
19786194
1909758854
2213026892
180515076
16356658
855791893
543078348
2851905999
275521434
21097062
2282635578
1226602638
21588092
22584340
2895997634
1432202251
2796308627
26979988
2391661242
398971823
393570329
324700926
21498165
2902310198
1329645444
821649937
790212115
2801172970
24750662
14453317
262293615
358944729
785946187
166311901
52389684
1255326181
1142816695
2765165411
45443361
20508035
216899601
38757258
250674902
2298777223
397018174
85640352
46841291
2315755388
61243585
22204289
2502916506
563281155
384507734
25319770
2256966829
25924293
398806980
541022437
410972510
101426812
2803144577
2709428264
389917697
2242941116
823396141
807318463
116912975
432581911
20106711
397416864
172940206
296403773
27346951
2309156653
384650167
85817260
46424454
944570300
16034244
19296588
287204107
38552069
48733616
1172871984
250648296
18368936
1322723460
16099856
2872878747
81156214
14641347
97186002
2238324110
193900255
310837946
1454729862
10085872
1554657654
154283536
2163837660
288308592
87217052
412617317
471197888
511669988
15420484
500222567
339791868
2577105751
309353165
87604746
16210710
2268093749
1576011662
2808404550
106790430
2853489416
1678958755
180472558
2274822434
19503190
1335152792
14364721
1558437812
375772899
499529280
88121522
18092877
114057910
563325998
133694919
2867796299
97931967
416418985
2534833256
45538561
341730282
844541370
2828529191
23937894
1335768762
177284604
471736712
2848700135
2566177391
365985324
38479588
17283008
22190567
44413353
2763175685
270657179
18170955
73492281
33318735
495449092
1086485478
406579529
2882438761
36453054
2832750876
300788757
31506058
403578185
14341503
34363086
274440930
838481324
374545627
745591518
453708049
487033354
160427597
190717185
153842261
26135122
17768442
232037714
2818340237
41700025
8791492
342176065
1028667224
59835069
50386536
93490536
582219705
217775835
825444888
133835209
1859545447
1854818425
811613611
155647710
2502606342
339795386
101856553
2413421311
2252916470
67497550
67805368
611631761
25287173
116643049
374193180
375881139
374334519
27956714
221951038
842806405
16534576
1604806658
598969142
514630247
1648587738
2847589235
36118667
987849932
372340640
206019764
2719886634
1716581
321178338
774361555
21518427
156838899
724920414
56436152
386310568
21882128
558294248
762663312
143927379
222870233
107530570
16972170
2581454826
131551718
48353398
184031451
2582411937
335692695
247089343
364407162
16887357
276016139
21252703
17935988
586808345
414024348
19040141
18276720
112716603
1346029904
39161620
18291460
141767676
2267947951
2764919252
107077855
93964759
2530151389
64496398
16215933
835590427
246011587
208290696
130257682
377455720
246459932
14175796
18773985
20867867
25089600
58842911
519080112
27657967
23966894
193745675
557743215
260808782
1198527589
16489919
126486040
18220292
22969735
119818938
61513840
23407427
124386779
17198325
371262535
43415858
19407033
16265742
487745019
2358540482
2395210315
1449023288
46691793
1107874904
1531834574
262275490
2777047212
499445925
262728613
15619499
1950980395
22283767
14933639
6293442
10430922
7491582
47952310
1709167478
2656881246
226228655
293888978
737980262
17264476
249807844
26698208
507690638
267098336
828297626
1520782933
1623567060
604200494
29583205
126216981
62400795
42255982
33034017
33971020
2291437513
32896052
169153543
2205362755
294420379
24123011
919750801
2149371073
270669412
259116532
205336320
242822343
619255061
709835222
185879113
2340924085
485347411
466714193
1596095838
182078446
14261329
21123853
58902751
24663514
2564440116
2648824789
54725235
2761896136
48880548
1006374367
241318160
2734043227
110918293
107536234
310687112
2363165672
193461691
532802909
322060697
219447645
193381196
133594272
30898519
81868526
23831053
94172507
483064958
208369777
93963456
20007097
97327765
2661321175
18819493
123409839
273677982
108736759
239929857
105003835
312635492
323986629
50239585
17088900
20751625
136387803
208839513
2773522459
16060969
396126769
112520272
88138457
48090348
1135659194
270541672
2506511533
2217101520
224264946
263704372
361240371
140552724
89792753
398484799
413828541
15751851
389619272
18771345
133008561
2509406071
459050968
2313422724
22198741
2741063270
1511897744
2291239518
64427792
574794351
163930981
48087463
125122481
208197358
771898538
29804165
1861714274
140011683
242928273
1208273809
73244642
1886924594
25375836
22058884
17634365
26259480
791399089
227771301
11920822
433186758
2787197127
1151706246
24925792
60667856
29203579
398259554
64420220
359620546
1094099594
386056280
21293089
284687233
506430812
48931114
1247952576
323270128
19976155
329709236
557379987
221222392
208657967
77311692
2361598482
243371409
1730118852
221965324
2375919848
190359497
21943222
2808189907
136031812
257637579
212572718
516031684
945699822
78482616
21628523
887348677
24863795
97331977
95571923
150717545
26186692
18957640
110174512
16232572
1152682314
319398146
247133229
165926244
19202700
19245023
2742983329
1042714818
540454331
121598976
19246118
282532090
324160766
342706217
42288697
23964725
7321742
21676832
872330684
2186641
16310843
16317671
45635995
39540301
291792912
137488881
78122373
20408393
19754094
74872238
714563
2816332705
94751777
468461158
74338355
2739212149
2258797612
2792857651
460287723
1132994426
2611040468
350151385
335783721
577304120
2378853397
316444960
1908540673
497549061
83712358
1713544837
22388635
42216307
2278714770
23976801
401265927
78431818
39607816
75065396
380704120
2421378175
2349241212
22697556
63523103
309414541
187835686
259753891
461654834
92806742
330157584
1546013420
184832200
16545730
2815342670
250418819
227121527
454620744
25729123
476757458
2294483990
69231187
14700316
22603577
257242329
23090772
35094637
18661687
26251434
53756516
23353863
75604826
2308891381
1798133478
2814283717
36376758
270062678
130276891
2612629100
89503894
45624971
88709230
272712129
2371526682
18278082
2297244138
2610737071
24775538
60633131
107478141
6596872
89057804
49677891
1511684546
45080785
2501972790
113562228
262312320
21619606
193365375
22532834
169706895
39993876
227081601
427159672
148952309
191477282
96192821
1460494622
15765433
217100313
370530499
210684204
355307031
52059389
1276488199
64263295
26029357
20614022
401062254
18307554
166367537
374537461
204844864
124508180
504897306
2171556871
335536844
1355821736
49765298
19636614
2281469210
20183468
2684042366
23718361
2230666932
861420499
561239081
19626006
966824498
24127752
19368862
365890638
1956441
2433526788
2690947244
90510217
369284883
597510301
144563794
70133674
84944606
278882357
15211063
202518236
94411354
132264502
126499832
1057149254
255550057
2753300042
1426194331
53148753
20269254
2752254306
35069260
2800734756
17654134
1323260832
1311218586
54966993
252265794
1646632464
407918930
257989542
208834996
33509429
19328621
2195241
33984230
34214687
43934795
47347660
59454488
382788200
1643232451
293338829
22875021
347891613
219763216
536853804
310501703
192688743
1979641712
1661009756
31320681
37846146
279210688
8228172
2210633143
122822249
435196112
21602734
493608705
334911840
278185465
57172253
122448174
289825900
319387069
16473449
15964580
2779614636
719288724
23593233
16378093
24859536
2608067466
17105246
60031833
11556952
25451123
15275677
281102299
509784213
83779608
722313374
255307657
28507081
179732982
162219704
410249471
65510093
2719404120
314185609
87009335
15407602
92580704
19628369
25826536
973698278
206110054
238302446
94031113
18505218
24968461
6974622
22945550
19116438
19568034
364214133
129835871
315847041
225096034
22557670
24294363
53809549
1728228840
26037739
853975154
16114450
1888211420
1606819585
2313227480
2563552524
300361722
2709152000
2252689230
341843658
370158369
310363306
226662318
305277457
90896768
2161534741
2255215434
1154219102
370871493
2439108320
19086859
237793959
51594032
50139265
626799631
198706683
391702198
2415233712
2535854424
199043150
534675241
902200087
402845152
1090861549
17573212
23561980
474437971
624742365
212297100
581848228
15997098
2214225277
25429659
1710041851
200659757
2727215155
216230774
604940737
23487853
2507431670
92578856
12
72988808
7768402
2153483144
1329057932
15601508
318620152
266972051
27174184
162436508
22859473
15909507
25187181
254172439
486650009
2395531219
29055958
441970965
581213799
2563709464
24165761
353889124
2614455408
15054584
120106749
43907991
2332369178
2407934034
1454728435
1630896181
16976126
18924406
25168967
41044925
222556815
29979814
17789578
309978842
232851192
17313386
767396
132015712
301514632
2654250033
343392937
978908012
1019188722
352719769
33366095
430995737
6844292
774311630
5695632
14550673
9420322
2712457958
82085836
278215884
17866266
272018503
1291681118
851661560
323312522
30168222
15258823
18992997
132713392
23807759
411194625
191692374
14691200
263704778
2302222490
416520283
18101713
609301023
69684217
755517235
2448082848
237548529
205436144
18130749
499505039
404910613
105588068
2691690727
743342168
230155455
26281395
2726299191
2696930438
2730141640
8877332
2696665460
16817799
16753653
166739404
58572088
2571724058
2514701365
14111650
14834546
205457825
60333247
16529006
223570174
2204113129
2294814755
119886310
1075233852
233630864
28454038
29132407
915879847
283083093
101894425
57429088
16028034
28145061
2685918781
209381529
23995748
14677919
46822887
103075451
25197389
340418291
38495710
243099406
230930518
74083456
21350873
16261638
1015951808
1080256766
3016911
2448477739
2297408330
41797059
11291
2678612959
26040618
13162152
16737406
52529345
2345577685
42708572
392418595
1947301
373474887
24835334
223579065
491141632
13493302
71285235
417224567
26863892
2299489135
591920938
437257333
24946486
1911471896
54717883
2239499054
66599985
23979715
23203307
177662595
297274674
404090784
363303425
88763317
4970411
335373953
63535854
108124263
124521621
2289974844
23436430
823250318
27737538
612043406
252730303
41976254
38055392
237536271
20962219
1610260405
391621559
46736346
184206379
226593770
1163493128
1338316182
2659612429
257171614
28406302
40906602
2655811806
2327988998
15837654
1281158490
340620274
111360724
25125555
2466532747
20721510
109348104
260903066
23875419
774683335
252587691
976482277
29508833
1566554562
965254819
131311077
166249016
1316271104
248803573
17300006
65698096
1408663489
582371537
990434658
25125938
299264437
335729083
2572952461
1078396730
19881665
27331576
1601194742
15230781
158741678
459838640
92551736
79026287
79013989
2371125067
27661734
27935879
17004120
1679974201
217786466
1376245308
219817597
1290387092
15922687
1161773144
399160753
59811175
62677369
2575301642
21763476
727170157
957909620
358516842
38274026
2643931203
16826057
14904476
590208266
829554127
13982132
169209204
2260288040
2614457292
178708572
2185587936
81947660
37046688
58945187
40684090
618225452
16547562
205996569
972496296
21704733
1904095146
2306538985
1101306559
138095919
150461658
14931637
16305370
24535241
1107476509
2523431359
277279244
1139928534
2314576846
45124236
1359834350
395512454
27100650
555779452
2218362901
33597536
37597963
1575775812
2212802161
51376979
69771400
1471021
22426666
239576675
12958582
172499428
719272531
395292285
15184365
2548957963
518744362
1217389394
15442435
605695589
2312253522
2335670426
2641017987
232769505
339101728
14400622
19539314
22038998
16326882
22278197
2573317712
416788828
190331210
2170861867
26710373
231209225
50323173
282123511
2232353202
2584983878
233569771
499229863
142818316
2624625208
627506318
21978694
12225652
1602047413
77354708
317305357
48827616
67377081
17692952
18729830
2353720320
307929473
473956605
19748884
1643303280
211931569
2618798205
30964802
116972568
657443
1165238244
1342112048
21404101
18724754
22565375
17609942
828007932
2371238056
150108094
74939151
37774152
32238490
122726367
30863895
1259977562
1009166437
381763011
53769839
210963263
1164253440
262600520
395022359
2280019405
20405042
75388377
115883210
20164296
172869874
316389142
2317351705
384033623
41368058
2557230300
1944987026
2241862712
1942819082
42150511
1081872115
34235398
590683044
2170572632
616767336
235828609
33227146
17243913
241303927
568617623
874913006
110547002
15028394
12284942
998659356
1401411
395421586
248527695
146712559
513493043
1194806612
1343127590
19292807
101501019
28191911
1638780162
26009065
2322776089
16636703
253021980
287333780
113777435
1616214074
2414542176
55862309
16745704
313053727
26664327
2239631
19468168
1108935618
2232381176
68379173
85636461
1921414501
15787325
1415848314
14394248
1392844285
1520501
393300867
227359245
17131639
145884789
480750806
55269037
1541366612
17826208
16085441
18185783
131925901
263310916
1732211347
2360007841
270132895
17545825
573857778
32629554
15236305
224893168
508844508
22502043
16715240
5418232
1851668641
1925249642
1163899633
195834122
2416350055
1870055064
1320669025
197513068
93002504
972510956
156732071
40875146
30073402
1689055057
330764050
22837043
10226192
18985389
195829506
14545283
1640619084
1924568622
266663992
327698940
163113501
868191751
513975221
57717791
23235117
146099195
28405485
76332033
2334012734
15297775
16441463
19835998
24002175
135580263
17911579
1143080358
31455711
45940731
22182247
69452430
1656587930
49662939
774139460
24207690
30578873
1385335813
2526141326
218740194
743392436
35206553
161801527
16569638
523588327
34475630
271469777
36887727
2515471422
24217751
14404725
33693118
23653178
548493684
220421513
522403192
2227740896
883333826
157540139
99191795
255746461
191221920
23996909
779471611
91119726
466929790
1666134386
166005460
1650698976
60349138
2517988075
760847472
40269601
423541886
81770467
32405267
35773039
113057704
338651607
14687772
1658684538
2160947761
1503877364
256964232
39859913
596564898
22070580
282367239
18910673
41277262
119925381
2300585546
235314284
15421452
349094496
733153778
543077893
370739218
265608481
56484338
2499110846
31627350
72193685
2163076560
183915239
2318014543
614614177
26301483
2483948119
2327359038
132625785
395293528
29307276
19119809
249798002
2198194615
1891806212
344408759
69343363
1078538047
23102795
2491445605
1362286033
84014340
39603590
271430300
212106700
339684825
163949602
26962011
92207619
262148802
111641067
150290471
232869363
2177194338
137819362
28756400
2361998995
292101801
554014497
2483784800
18107584
8728192
570308743
82662721
2394352160
556245362
185912234
243459726
26378009
2445879301
91532198
54268526
18027237
1568765551
1609405682
2292985128
52414487
45342418
18780087
1566047395
187373643
78192935
1459549027
1145814049
21661825
23546948
1651098120
38114037
16490823
17787621
29780904
516448186
258539217
118559375
215749421
587520336
356473481
111197745
122261841
254770911
2472751970
177345928
74506358
2152289215
125466639
389207582
393378141
433975346
303806325
612045140
2166981612
1369795430
75315301
19736092
14299629
763993141
1004976080
35127952
2482733861
19578119
18510860
1486536278
23324674
567554890
38810028
53065750
16195022
518741265
372393409
400524509
50462250
703990741
29995782
266866166
668563
184903026
302426702
107498032
45584066
184770427
353701419
2366379475
414757469
40535534
849293342
266780602
20468205
949649696
465791127
47630267
326255267
21470397
24701407
152894582
47475039
704403523
222569614
43398776
43658360
296871956
28066436
19287992
38466235
132235418
121123304
27906939
7944462
1482551310
803613978
722574296
831852397
961029193
430793534
2445638941
19127774
38981543
22650632
14136523
229262494
44021545
357040819
15277129
1390870478
154908592
50237398
76235877
14954728
29906148
741770449
1319129509
1950285428
29609512
1072003760
1004340007
2285618754
27318985
388366907
607788623
1089508418
2435572322
2358434485
299879177
23276039
6480682
12803352
431695806
360111233
43723786
374560910
270210927
25198091
422313826
21523540
17400442
848409558
88800786
17233573
861306565
274339616
130244473
186481960
379870581
335044851
409886625
1086887868
2382602263
1436339503
399547543
2383728956
2377286863
174416040
891722222
276175409
17658459
14837785
23410776
2411482826
55007027
308306695
2201715204
619397261
19970438
1895911764
21842014
76840636
37513699
19099297
476299724
2344084195
1898103361
241591923
168157999
189191713
28381030
418025325
18337283
17877122
9207632
522205169
13
596102203
1151581747
20710292
19909588
232403947
292000570
282381651
72644391
529498771
17200865
18691328
18711882
949819140
238319766
144748652
1579422614
629701728
705370724
1582853809
14547447
44125248
341244216
20100349
26557459
109432152
365530633
773029
385162635
314125097
467217745
26764626
22689619
151581651
480577832
1164635432
1973653812
9606552
19328595
117850965
78395676
142338997
540890519
160984847
150757321
409644637
89705536
101857200
285365759
1572993396
713109344
286248577
189774012
1297250167
880289516
253633694
1170530546
785327840
61341976
1413953114
85896499
117483867
1122650486
218921615
231640954
605673328
372650110
107542548
1849928491
65419850
27198776
391745994
1216825032
26037469
1265612510
1119728647
40407823
169335840
465143650
308299518
2399798660
82625261
467754705
1121587117
22295962
23333737
59087476
2396161842
769890486
2305654694
94005100
574997453
1249464937
363536119
1222095956
201985205
606469326
20475542
626937080
23245572
873237380
2331634844
270405367
820189297
1934797879
482594423
259359603
196582900
2276042404
776598648
25740436
344059654
217983518
309678796
437006379
302044030
86701848
104275439
228542209
28883552
42807569
422983421
24105706
1264481310
14959912
252766481
69546348
158357978
2381504131
227771873
18806020
94101010
316952601
410700288
280616544
273928529
140669654
27947088
178326430
15879629
167383717
1726513476
306486315
16692822
198853565
776187236
57869059
396023106
307962809
455491344
873012055
415693161
719470520
30047168
35238553
203651872
2216891619
233778544
743856512
38095865
1969903152
1896880447
613881421
17604331
2366209826
426782943
1563606410
86805580
17119958
587607766
28875693
512064463
26913962
479163960
803645030
331668175
98639402
386715991
97522047
120482978
287230905
2239531820
1972156712
82648553
183478850
422353054
2335839410
370352916
18616417
912958472
1328407441
457028608
2316083982
361372932
788225600
390399881
20924016
369896855
71437827
1466233544
19454938
52184187
83456838
1568310157
26408250
274259234
255747911
191491028
20683840
298847599
32965836
790010708
524570675
297473359
450245741
1528675393
2271636261
25458268
849859112
23473326
171810401
270678991
277758513
840936684
14661313
142359578
976748456
265761293
836464842
274721321
274778644
334525264
2199986487
72470465
197802095
239660121
608535224
87513610
1665095208
186196976
38022318
19382366
2312138498
328810158
1203566383
76723350
283280287
27457788
8236062
21889069
30231735
18916565
2340514694
48405258
136417827
1281519512
432078232
17811334
571202103
576457087
459949779
339208832
2339415745
376575795
2327860633
103889082
23089953
1383332167
248817681
128906958
432668820
17525171
1516844652
114795861
115884342
367299147
1546352292
16547419
411958406
28422142
74537442
17942553
90629341
110786735
826331035
195244289
595701961
374175668
21311305
1183887576
399234982
2218371672
111138577
209091212
2278654092
1897992578
575479430
375363212
410810987
605644347
1075499665
18924291
128189166
359138243
1933408459
95069605
286397616
196745496
41385836
293691778
373059725
1861325587
1952102335
1263301886
485014199
479664952
576861101
604769327
2321425668
1588217036
2191810183
10170982
264786377
169237647
1057678213
1425387512
94218421
876513914
14049526
159199109
425061414
1926911660
21671103
40115140
44765397
67763905
123878703
20913964
539551583
96172463
21515705
15444168
28007712
26415176
51325104
111968961
2288623914
26355733
19732312
195825557
714249878
1734975474
204179354
418943124
305362686
1872133476
807964370
361472722
26327982
858233576
346324623
122245244
15568342
803342934
385142771
38544069
805718916
24086053
24121848
321773300
48596075
30925378
17982361
69862326
1914828212
23902062
610375989
476989344
611152163
233386754
62838806
29261781
1151380722
204932339
1453964714
20097796
208198003
17854134
628788757
870174998
295475446
2253742556
35288305
32523974
30706364
192677834
2298997764
2173053505
19143783
2243878104
201973983
180074801
71977131
568491797
219478959
828897433
2253628998
151232686
444319535
275322923
21452804
206735576
49897286
889567304
306958026
60644821
20407644
364315301
1399922846
429556440
175064492
248368228
236958880
85624138
400103334
26131899
528465901
86533185
16977911
24449221
2182829863
26644261
248037857
148970814
1196792850
584797578
14645160
2214204056
15644999
229636388
858924511
1875765392
15924274
773923476
733296248
8537652
20727015
260258819
165842033
20375332
50997830
632046657
520936149
76093
108154728
36246502
2207502997
438569341
1450443680
437008283
45957511
501293202
125330888
918124790
1475207178
38466777
608395920
265636267
1514234936
34676583
409401081
794381394
753747054
42948094
322375052
211245451
77257884
21634634
1340294154
214754715
29103523
92091739
1359267174
1601188734
17622766
541047478
1857437988
1112361943
274703138
39563912
116007876
609530093
47585775
548170585
418642004
1882550390
339281249
1670491982
850179373
956646163
20480624
823832965
275385740
22419345
49486175
170093485
982729771
1225778059
414995310
150283318
155440348
466689887
124049881
18998471
921329682
16689714
902913517
80868793
231158445
280606255
1918221775
278545111
19202833
1543675602
394540547
477245514
1105187371
27375554
89718420
228885899
751706750
789814988
329804276
1114945303
70688072
1172528881
239532235
98930750
2202576200
227763857
48436817
1632743245
2203127406
94728246
591563448
19554118
268127854
350343974
24750385
42439116
138776259
88549681
2194635223
20537310
23467207
191701613
18563222
157176754
252943297
16360663
253363389
2151527270
278737049
1489084716
18847619
151909171
28618058
584541729
18654401
8973442
27365879
515637244
747957361
776984
29271298
98037994
417150122
108390264
228820213
47274799
71804455
1849052738
76364175
1954422108
243616649
2179354238
52092489
14799775
719172450
193350361
74412296
47645083
108891241
14262216
54236760
526556861
18773128
33535027
281099451
74551221
191179556
440272274
21338827
75155016
24074169
30614676
16132605
1852520172
32138750
373131589
631407139
82109717
364485266
564686965
207284622
967487203
145707045
510745895
22254935
1949309568
16297096
102187724
498434186
21821391
12599562
270117499
87101768
2164236540
1380321044
1884349178
218643895
25544125
109728248
1733150833
37209606
87403396
330509397
5036571
22655810
323446876
1346647680
24698136
195454270
374046345
423213935
293831693
382933195
39596365
20370943
419123438
410355590
361987893
161456486
576351493
37346009
50885824
1604012946
347625417
332844984
2147562972
1566607927
22256645
158154729
9940162
251635353
458175277
1963712480
105885816
19633388
178191584
484824511
115552893
21351293
294915396
310450152
398248815
375838099
176669122
17823761
906555446
58133431
75051887
3141841
15949042
85476250
128053623
222475367
288305912
322933840
254212528
19670661
8026942
20800328
16178358
131408346
304670178
14554959
79399304
165958743
15445514
150312554
64556799
259555948
18374819
255114810
111095571
40556214
19053559
19876840
163080050
250178859
5391882
21968778
21056071
6841332
123619544
208405737
87358629
852637550
387014084
198897956
24387411
42097169
346282281
152083607
16116170
1571540088
1927530036
366353448
1952364625
1272859116
280251879
18705624
324067266
47760929
499442399
186039626
1615884943
927773960
21882336
268416076
41137112
122024794
243482380
405323682
1400036797
555198791
15642209
33284761
250745855
284215357
51820990
138046280
49421512
20153725
228120405
846104329
51679981
62860939
17164974
899960546
975893461
28700831
1206279740
123554358
459798048
264382869
14528387
298116603
311568175
117293570
20406027
807935640
437804182
26349709
700460986
22336992
380610813
47533676
14594825
149339613
73471141
17022772
389792681
257339638
18420448
61093431
219459305
285869913
27657293
803162611
170047561
601452690
195009029
118952409
108441652
32806912
253312008
830316386
96344549
47349555
50389728
344756552
203994905
180890759
1848908444
364248428
25490504
243768580
1226688943
136512142
1118627136
818594432
1081982948
465814295
319400776
1012368673
34666816
536894033
286714274
1692161030
50157430
56408209
1517925787
96137716
408026086
1117147562
190301455
218388413
468728177
97649873
318597388
38345355
344754757
378343991
15844405
60935231
506473017
237158145
99145960
78699697
357626487
17713089
470496106
80933545
776247679
89279858
297188020
189376144
264017818
15081182
16378267
175472319
891377682
37393703
479939504
20182928
501260446
18854505
75855473
257556428
229176660
1265286660
130071728
106253021
1582918513
137159973
296878541
31551793
17349900
20402033
14504995
1603686024
32608975
17507250
1511305046
24253408
14155907
1258367311
149727344
460532913
1320722894
485242725
209487286
65589378
6753582
12601142
555307309
22418800
35767916
66495970
46476526
102773919
39401251
18334664
18803344
126004542
18981444
23638820
486814719
465955272
17480397
19409213
895248138
107755630
486297238
876332984
1632155940
219143268
164717013
135280890
347528101
208540102
252339226
1656518101
192390432
264898581
246103
274605541
142688194
26303602
391150364
1511681052
287219187
1585714627
628839043
366594363
25126829
38665791
57917441
46120208
177330377
462834438
275337714
439653170
474267836
202022216
1475367342
351099511
6668882
1403904938
18567018
169992481
117848769
29335969
23351123
1408341565
89585718
385569772
41614472
24121620
214143326
92158465
23856782
277506668
22403142
27195114
807140852
216116552
291414445
112479899
225962422
94792948
17424053
43602435
219637114
59003
325076723
87588982
599313676
832026738
225634187
1305835008
1275445057
390448662
571083342
213838308
209358747
27323831
432134884
1546869091
191990370
588337937
30956317
254859086
151672870
26192161
34849650
315358714
409856559
15205708
255924493
206657948
1067714802
486804361
418005038
21328706
144010545
154271777
1631464477
377524142
1470710731
593807716
63172203
185319351
115914027
571088406
113514650
14621935
28899933
31572114
158650763
1169752112
117812610
569237610
240045352
61368771
197533190
87367079
45860846
1618007394
441335988
215471331
1471346066
925720980
62840820
1451802464
19133520
91203381
123361409
174942375
226082483
14369901
18362140
141350469
522375838
49872538
410333805
20890964
19564839
480051186
1428476798
121582084
213489491
23124765
842741137
23858692
25374592
22727550
140997619
22733696
23155189
1572887816
61059437
19365025
197557719
1159017098
23239708
289420613
23326429
457761785
23769866
41138333
94528856
117563026
279174998
313853976
17136637
1247770230
1149095714
238316468
254607426
486140571
479786939
22986148
627582789
97709361
234158846
749547224
69369092
34635522
98487931
322362885
113533826
242956857
482124617
102282810
125465007
73903418
24333092
28897926
42665626
1423254818
629857113
885016537
23226236
52808763
302087562
47403048
205394769
1110287659
327684727
842809159
74067461
124040008
413514482
17041106
557402009
82769150
176516949
244756001
20377110
28785839
573845836
1163215974
291332154
36770712
38922952
334848923
776307133
129509071
276271616
432236798
19728716
66718545
1046882954
15203912
811297310
246682858
24793165
353766066
46653555
997867050
133623952
15048198
18323059
436982254
277803855
452514980
570472822
81125279
76998425
46412837
40098153
16929085
25153540
51080280
271966632
21914291
562049551
583067490
364604287
707714036
192783982
873653653
1240034964
111436748
872753834
1541668332
224176481
37811971
95023423
438503644
14850840
286569477
396112052
25842979
169443767
34027852
297091358
26465656
347922151
38719537
425331003
299917788
4099171
277734941
34267855
145600904
17445876
29745726
93912815
15937643
36293918
297972069
237846813
298599883
23233155
151994161
17724725
1517608075
25408811
1394501616
166062283
15302849
136986466
94457929
293078154
372014442
17525673
1347713256
324481591
19541777
352586653
861480404
124942059
96278971
250325447
379282677
311826280
192477353
390466571
22328434
1327656752
488182363
27819656
512885648
46284762
76766524
85914443
1317967837
18481740
11140282
243827873
86957131
18219017
288320780
335742537
227020778
368703181
1485721766
94409053
107482295
55334133
28276650
186125901
555015105
38309609
625962577
12337352
249658225
324125744
751229545
17706784
28090945
47255351
868820767
410377623
44183142
18101319
317368887
132882372
1444661436
169951931
32772743
384675245
21206189
887563736
625022363
65739253
936173076
1096306597
205845020
1175895253
85245187
382151611
34921567
1109471892
474314181
15984676
979103881
28082366
36848279
21369113
43522180
99508672
26946348
263478063
168798900
39496381
69036184
1372739857
520760335
40363310
289150992
176926915
193317687
19755719
1323756644
1184220842
1395416618
549587666
747744253
24822695
514528188
931882614
1391061427
62513246
86002394
240046395
20059948
50684256
18393773
29211085
19806322
290091158
35326720
1300379137
1377041108
16588313
123867780
352533151
77247925
113108098
383398574
198557532
135253242
15459650
767963906
19884215
1000436546
1058823794
117899924
1147056378
249424386
368565886
39184406
891794228
87833776
437208814
393502206
465260755
609226979
28249472
267525482
49105073
17299739
157601911
1321721376
818238024
91942071
1149939632
190116217
27816957
25386777
23670204
308200826
24772262
211527659
618458687
1149616176
518737741
19671129
299323282
374677122
197516589
705148490
721206522
158485425
937211768
21276631
590389388
479633072
189584092
605043543
365036656
383841591
428762205
120540112
18886228
56855983
526865789
189408051
46306646
493657049
31343866
174344393
84337459
35559137
330213264
856345170
582119617
22522476
863290531
517423433
200187930
14245872
733628414
707421985
516727964
15240750
24740460
242359437
198706982
176233506
16545081
30488144
107320878
162812839
243766098
26907152
1165937736
35124235
268310022
50057005
229288627
173195708
524396430
371596038
401839766
423144777
976825340
39804281
456977951
989703078
1131715898
173343374
300371286
79581485
503855448
16253142
284633151
954532981
347910507
24363945
14619600
1071550357
1069545752
46213956
44555211
224369830
540812894
235764167
66501568
90563982
15272110
9455112
24713327
20252085
348174495
17345146
14195066
44387632
142907007
25021769
47350327
309689603
111457805
44487762
36840692
131003811
92464299
138617096
23117444
14803917
241964676
24269284
17366357
469015488
388258064
398712500
17226114
154965173
366260851
527581343
32470536
345442962
400979530
29555964
116060210
284664892
16642807
589329900
8329682
609357599
358552968
169986395
10414222
75683228
308478399
477244114
593691020
134725130
20688447
90037370
459576438
345337489
284790574
731817181
24502211
39797893
125892216
111389523
152635297
425473361
23648676
602317143
75934261
17472814
34400971
614519144
20053188
196829100
17244876
416739218
898116571
359577248
194439261
463453263
75854202
53994281
240553580
302152152
399717510
115247299
20465839
246058269
110504584
305645331
192991161
44504000
22626195
237506100
420380825
458865563
93481383
56768257
85642744
36843988
263881174
43532023
451219653
25721720
70436289
21741551
135045493
475950555
37578610
38720738
89820676
24300583
139124294
227219517
280658984
253801639
8982172
701267743
18197224
197545828
254244176
117792769
112551546
361223909
16875385
335341723
267915933
19995471
820333304
14303216
21332348
426088114
35831704
11957472
16598509
85921754
259538131
82790133
809166204
190408698
107190444
395381456
119778960
57059333
382773613
193331685
258916078
194166404
200653405
794185015
245521460
270073650
22321602
429179209
16230696
118439271
92985958
94932505
613740305
40346974
122386375
377522137
111977425
46233559
445847182
297568021
769622064
770609478
563953932
100247399
106321753
213683271
19530289
167387209
321587678
18967261
133817175
409743535
240756459
16294546
227694758
430836317
28736680
66879033
16953741
17975769
243933848
61577438
202473217
212406130
185716606
65547246
372910983
74653843
114578652
42560650
18165556
231663232
202779284
580177921
25520661
251292782
34621388
53415861
14765569
15081340
577811069
143148413
381522983
320154349
39649326
15655511
133026477
14985559
180603779
46789306
219338313
618572697
195989000
23787593
565030282
63856918
817113
186923728
90743813
57571392
279174279
143658382
421487515
494668818
560632194
17225418
115521098
19794694
17761383
335916599
15493820
58932524
377459895
329526624
94384788
308208221
112496886
94136626
19714882
34457955
260594945
48269483
18258178
247092883
220412052
38543731
29230762
16069152
216423266
28246817
17399269
326849852
226588755
386766285
15597583
571519594
112370193
22404270
577387470
130513024
285727126
225265639
115503042
280584610
27244617
445113075
372452422
22189887
205984412
29748393
27135238
330973282
15613875
294660973
166763531
312102273
449446771
134859480
505089074
316026739
245909613
246530668
60108809
203073354
19665984
222177794
46801149
67429769
21713610
145904196
138127213
475902383
291719742
490008014
371093556
72174206
287271776
366201499
442020523
80492635
23904935
27518945
390738207
85136793
409975929
452346195
52173849
212828428
170932456
307619625
59090976
24785108
268884202
380732457
273188472
213484515
237573767
222565407
276736651
46117342
18911295
19065008
54930650
25955134
39094846
14857705
16915539
121478681
34333728
205559596
20557703
19821221
18705078
223981352
400479746
35234500
42625776
19659503
28364916
269867731
112806694
122258041
208280946
95972932
16699600
210674429
15730939
322357947
26647852
190998736
16989629
177969600
27031487
277168848
90484488
28859643
219522464
379381849
131243809
87288065
110754237
17077529
25850072
52437205
88054448
22223377
34900302
29616980
80839351
268784710
175384895
399624192
17667625
23859156
22586019
281676497
18831946
220166037
427809313
42272434
44104355
113977379
313528238
374563365
16296572
226191133
417460178
299940041
177204710
191089123
30884044
25637771
51542757
24701802
16894531
18194043
195612615
43168608
140658416
223108655
16347268
6606742
68776002
232217983
122127786
26570905
312292010
370228636
140599913
37100720
129938936
217172211
317128768
402973081
49652810
75114585
18080969
14869941
16787066
23664829
153026058
26696742
16299301
51426896
360204558
34070686
362866164
163475268
38463714
22146313
379448995
253890884
229521349
23485546
122208388
88616844
20416910
366873602
27473819
160173151
392398442
132037828
96081569
20466807
132055790
170019947
131554517
135913074
17935932
348006323
252074353
142324651
361594685
218336025
386395681
116992368
20718445
23089228
17428471
245103030
385444299
30698987
62427573
177325384
40468931
100861475
375745132
135035264
35955190
174536725
103601451
67910774
25229210
158777509
14717311
18145306
24942147
370446446
370458963
371827852
258211477
16303106
59472451
301009058
26347878
28388308
210591959
368535820
293164193
143526837
25175706
25846526
21832884
18126987
18067963
337196687
136796838
263195972
101971837
213833463
360166124
246404451
34343204
22697171
18486928
20186829
64434700
180593005
16299275
96041699
83455841
217384633
37669028
47850698
332447550
5636712
35035830
20059181
48389604
213170240
15209862
18725804
15166459
87029364
64203170
191938356
166688242
39842568
77603955
15256225
23818581
60955184
14252911
286649628
77343134
36429537
26256690
18366220
96911771
44375245
234919438
68003308
347664355
14744074
102593127
18719308
124459427
43384404
58071925
7931022
14254409
23188316
30050648
246639380
43993080
220046334
26053928
72854535
20214495
14950073
14758966
180651667
248747209
87724904
52418311
28931146
15222038
31149504
161746968
80117675
14043002
307672747
15000340
161359398
278462113
191042260
34086767
18476633
69397269
148780470
78377571
286316092
310367758
9810192
320135844
103365457
54730258
89556802
172887151
279302009
110525935
319265715
316723391
253086457
109299182
17030933
159543253
20110855
174038150
84114313
31052667
79332579
246120229
23883319
94181707
204931507
19211694
158152885
273714584
104330126
27681431
24919308
87747530
17266725
135722805
47342449
19202060
5845242
193164537
90440994
21731008
34046582
211270565
110525942
46652264
16455755
73406718
807095
29071993
29327546
308057445
17354377
310616806
23544268
280866739
33982011
49284974
25435514
33540234
205439861
188421312
308719850
217668990
127018576
127739806
69739510
257181222
303866158
18664300
236627047
280833931
237845487
19331859
180252461
17775958
96230695
25065495
20452161
7280572
88801854
65017386
168150714
130684475
20014300
36743910
105305259
23030411
22018221
227793700
27078601
49097886
15976169
61855579
15485441
122028557
206499393
16311530
24643716
15927816
19562228
46162435
82939583
15012478
119420913
24628102
191092468
73981379
26870931
68412310
278098811
25625830
30364057
21238524
16870853
35944242
24297905
130882033
142429596
17141780
82210282
58719653
31187643
16351521
280790397
280867037
21522437
23023236
16105942
14824849
43272717
14641392
46630950
196718401
14084627
141247937
104615591
90316475
172352150
12611642
16895602
40269213
248491756
24024570
99663731
254408588
21589262
108382988
174761858
166235554
36259654
185588713
14761795
22409525
223181636
24197218
277012501
264885170
37975198
175174889
270653152
165525192
68637874
48551107
8291382
41411164
118954836
64452592
19842098
16463984
210568127
20020465
114343095
17137628
17179870
167011168
20443852
169956958
30000912
42915601
18776647
17629328
19090034
17726339
129827399
20215947
90959399
33207962
34663865
41468683
19314650
125181345
185752781
21681783
29588859
24243022
23559586
8320242
20299862
29663668
96829836
39204454
18278629
202722747
23441279
16157577
13683952
239702498
20609518
14361155
19397785
1223101
15526563
18177126
18980055
14075928
196925561
15901190
15155074
115485051
15492359
169686021
202726316
86335294
14939981
15684570
164101548
28225242
81980887
112856441
95938864
81130648
39564949
54060601
20007562
22935053
42090423
31520632
27681656
139793394
37656357
23408167
164022938
184866881
164319085
18399997
106895721
22042200
78156363
177513147
57983429
194172085
166193662
36822250
113692270
202454212
162905504
43162741
213938863
49075317
44674447
15526523
79845152
108497294
19875325
116802270
146052318
114811228
174805070
227452147
110525510
146619814
236544098
24835020
43200529
23782705
34917878
185890238
22582707
53965671
34029659
17857522
190735764
31040773
153900729
25147283
65784407
19465038
