71294756
17808151
115717698
304461562
1226013889
38769799
594885845
26763420
103072904
12834552
1632035322
258877940
250323817
298374126
171133533
41480222
158773441
97093110
88843630
134622419
15587790
109590380
14717197
17906632
48050869
213688463
15309804
1685890718
250556430
14980820
14345759
14897840
27677544
9866582
19366646
1122192223
318531174
16437606
18250583
493482998
364378392
14517538
2292454922
14983095
1470616435
1374833575
209352780
36664331
2204034272
2699092074
234186830
7541162
634635574
582282558
14570738
1536791610
3075166607
29555251
1917731
28496589
2813473639
36686415
130894721
42052422
56405314
1636590253
25099042
275361193
17068146
541250444
16369150
70706313
193330599
19608273
76218877
24790575
17052685
265939903
466466267
16196649
197388699
41646662
379353774
49370599
25216470
1933042237
39636135
362510239
16643011
242418441
2706857144
18204725
322770027
15731368
25314580
39587984
26667661
185379059
1373185076
179274574
77372071
19009994
20642776
24021042
167416237
483341991
460470940
22528699
2530674660
50670522
15492359
138185168
82162784
489587591
6141132
27261369
2163247346
16643023
14454645
6489102
58396113
22668262
217221083
29735775
277304259
23274140
15429020
1852282556
138538590
46668984
50374439
636933563
159159588
389047979
80691694
803667060
16018805
28585356
16723802
16246310
24640100
15061241
2183058710
284239282
305640653
2601692317
1178011
18358567
2377600104
15764415
217612422
12127162
47672676
33731454
276938734
12609882
14425965
16954951
8616252
2473331786
2139211
478042568
193941475
144748652
27046785
188071384
15513604
22703645
41634520
531648876
19259239
1630896181
111363177
16354517
20150502
21918310
18164289
17060020
16929600
1337074254
158414847
120832731
306025835
610493032
17503180
15155074
19026400
441288386
343451401
33458163
34036028
26053643
16246426
542756846
30364057
372575989
16223917
774187063
38090709
283456218
301192748
704382152
110345556
264025526
239754469
301144253
585021263
624413
317256470
57411021
33980532
519769200
69103442
29300726
21927944
20015311
572195942
31540671
103060329
13045342
505410633
1009350559
461449690
898822819
25844225
31448660
220884717
508940328
16825289
575593546
3943871
14485018
14856665
22872643
20860169
112886485
7518342
14246001
1344951
30013010
57741304
20414967
1092979962
15960613
14075928
104259627
11640472
1178700896
118730543
25924156
57709749
201685324
16810496
237412668
67719573
52142236
15391102
119714092
16310859
164368564
576408469
7231332
52121568
12340562
34063315
99039032
10140
20640328
28205728
8452442
108047888
102159200
59249179
14537497
7512602
15764283
5695632
72333026
13783772
115710058
14856348
16228479
62888286
97459853
98228006
15563201
259350007
15868133
196336073
1537773350
193902705
15346615
126012801
12655722
243470492
1367531
742143
2836421
15012486
28785486
14173315
15088104
14980903
16664681
89887215
16030076
316645569
37532099
1429448216
26752410
15416454
2333011
15764001
18682941
8695052
16191760
432766911
7998482
21405623
30964231
161030327
8511772
15537242
280559948
267866954
133081159
21307076
18198403
17022537
17630125
14836971
20106234
13436572
15308015
24751297
19609379
21021385
16164289
17498747
36708793
20624061
42921216
13877002
14864435
15650827
13001192
15076670
26529088
8795772
15661507
15917758
519682873
16538186
16538284
17870317
34374919
15161625
29523826
19712671
7972552
21877818
13657922
14934038
48050142
11775782
16550142
15997135
18527874
14268564
15822299
14834379
14089276
17001533
16743886
18736950
14307764
15691595
19032473
61045464
62872266
36105594
15823826
14327663
13115682
20477029
185340210
148845723
27114180
148878245
19983050
32081228
26071156
19545982
52461655
360174986
822208873
14362404
20759034
615443591
90282879
17027394
19185333
14985228
113420831
66768858
11022372
95431448
599585136
283120133
14052016
119199350
1202438796
27023556
1228810854
51405063
721034754
831328404
45270894
1080398172
49061402
16581734
25349722
131260048
106775577
17227214
211436720
15137060
35929059
236026761
142862156
402719755
18420140
22649354
62932779
14940354
16031927
30063861
16334412
1158788040
1138153226
124554896
1072149782
29502213
18117168
494396178
50739257
43127232
304536500
15678120
570100512
45889655
553975221
500167605
278286351
16616757
14397571
126056840
979070010
389840566
14116807
5920532
2444931
219029005
30100884
24542092
2735591
17799880
119643883
1003131668
1004669983
208040079
441389311
79346406
448084361
509142666
15519740
18215734
72955376
9897482
24902391
8797092
15855041
1882831
259155256
281220611
21220931
20156595
329166788
450279074
378667319
14062180
19781646
28645961
14871080
10433782
556295132
129879105
15281391
20266065
14981310
15639774
13957392
5391342
166632958
24776576
449087519
15698286
110905920
206497051
104622623
2467791
70445747
46644822
17977219
17605914
119521469
254036748
282296663
269661382
458590241
478910055
8936082
15473958
158860540
28224505
108443964
18703023
14759279
584231631
5644962
15693493
749863
17810254
72717049
15696785
90944863
503470693
293992697
23840585
53606937
20546557
382231018
161476550
19782452
153953927
4077891
18164662
15754281
42905190
14254352
99641998
20378544
17868715
27090222
27085401
65152730
279139100
32700510
211934537
299173780
111166490
114124988
338184633
38527241
60799246
18834081
30281467
568796747
394313782
47017607
558308518
14677919
226334380
526104679
16680078
32920510
4641021
101815751
42440708
30029701
15670202
23783409
23130962
7212562
16521102
14324572
44296491
21777465
18633858
17369078
18650093
15852252
21918047
365761203
370442710
14920785
106941663
59612439
135265131
15680749
312217697
12133672
104659872
30673587
17149120
71209709
223957031
156981152
213775925
275214597
101091884
36862950
14479959
266133081
149269179
50055701
85689484
32534388
5120691
66666549
16579934
52171525
111675623
30981773
27259435
11388972
1414901
16000441
63011152
17844641
15458596
21520775
17410403
69695511
24569387
34662162
322156977
34463481
15134782
28765856
82961525
51241574
8287602
34682128
224360504
15091022
211172269
71597660
44039298
16520909
28161405
17636894
69671781
184997446
14278978
28644579
82680149
10876852
28874419
19073628
17218406
116826015
245407446
14824849
18050815
759251
8383592
17369951
10135802
25140154
34099535
15514266
14589511
21333725
61866851
14610918
82007271
63518291
48287430
273682839
415307376
409420001
15112692
2803511
78939274
41003348
9898412
226957252
163914103
18157854
11240372
381103653
118148408
380455286
377636255
362011974
401846971
47734428
14694078
14300229
15728919
1501471
122984888
13136112
352740820
193513839
196493619
90959872
224180296
37917164
15532062
22642788
5741722
373258817
23979328
10007212
14803701
32518381
18496438
7480182
7614592
322344514
98497813
14754196
14631660
44705662
14074852
28245852
161023696
217617168
80149492
2234881
214680621
19382982
27189722
18948541
102750167
21445951
343830715
21579898
12733762
282617325
783214
297560567
146733
336116660
132828185
306854189
318708459
22580929
250861910
151180047
82042891
7573792
76461244
299768610
112912336
15108955
19119937
251950200
14299458
12120112
22051974
208931294
154826243
16005131
28383742
246478393
261970845
281345399
175934466
262415871
37196700
18358095
16894667
15112249
13
15753396
239543885
14515734
247946139
17929529
249814921
245630545
142818910
22657153
115516642
64062571
199394935
14744390
20260047
19623550
12853032
20299687
20322274
19011374
17142742
19724638
74659416
242414778
46262480
16339312
44207128
20072666
46984243
24454212
19193016
23151352
15122420
813286
143906884
92311866
12055942
17637692
14345062
3108351
807095
16165771
20560436
9300262
70526457
15593696
15387329
70482478
43626012
75116881
123350717
15727817
39832880
72397191
17907578
130314166
65210010
6116542
109643179
19636572
66891808
16639736
18481585
82155684
18490024
16381383
19476859
63870858
12528
3475
42521341
27041821
15358759
60132200
24773177
18337093
18453262
23605868
98230980
177845951
11700462
808932
26539853
16192333
90675355
16622773
19921069
11058482
18082737
22321539
15265756
15164565
22695548
21982720
16293433
15922214
118625628
107828973
43767425
206320896
46737822
56802059
202672994
12480582
11688592
17640326
18790561
15224867
21194766
87283637
16827458
15485441
11538632
17496290
181638266
34027817
10367
18810895
22089567
16607945
16235373
21318355
19937644
117609787
35006336
166787929
972651
16303106
9700952
150695314
8453452
15294801
84010218
16147499
51293575
17350450
5511492
3935601
49573859
130561608
116847273
115485051
22552271
778057
9640912
11616772
15525528
56504775
130649891
14511951
15722730
17933897
2893971
65073193
19260024
11212992
17351977
19093415
28296712
110410217
14413466
8962882
29100243
92296982
6421992
6273552
27029537
18364195
3243001
18267597
19303419
30109507
7517882
27531378
57221191
23680913
21678658
14850819
42589137
19638751
15046272
428333
17074440
20
18454831
18451688
14591033
77282186
83883736
16546180
18713
19109625
15865878
8008442
14834340
46498477
55862608
9500242
2157101
884301
5511932
13745872
14354054
15005664
14370514
6096642
772471
11810572
30377025
45661875
23152035
14216352
64827363
18655359
17602680
15392053
16685127
25580902
41363507
49109733
16099922
16789970
59499900
14629759
7420052
14605319
17489914
51242330
60133820
43898849
26273343
27457788
16568530
15004552
9428942
14095883
51293908
18483634
15245975
45512384
43429350
5502372
15515235
40287046
14305168
15087011
17854936
23855565
18223138
20607105
618593
15727325
33791285
15459767
31537026
15843117
19911382
27028029
18745624
61143
22790412
29788212
20026297
27488566
28134663
9894222
28501490
20059284
28129573
16453242
17071046
2182641
13838022
18813647
14412614
12445652
16637856
15008094
16669895
16898725
16943510
14982798
16687035
15136695
12385512
18037430
18040431
15708482
9802692
18345200
18642310
19305795
17133556
14370934
14335798
19164027
18834544
21201337
20812457
17769570
23634770
16783932
15905103
20798470
18945821
3611041
973781
12844642
16012783
17474531
16046733
16673102
15864904
17635036
11243802
12299592
8039772
17550959
17547003
10202
5392522
7357082
13804112
10198182
16298797
2520351
15393725
822523
14311672
16346844
16877590
15008036
11844182
14107079
9026292
14940349
14764478
11608952
236073
15444208
4524811
15401367
9690012
6092662
13578382
10451212
14377103
