2806431797
2747122290
11492222
197347189
3004445758
15330301
115494880
865622395
1411699722
18654916
272495290
14277276
116021670
9753702
14881510
15460816
36473442
20271926
149111689
15153540
21896718
19040864
16839614
14426771
24208073
2557027249
69748123
2167059661
2385131
1237502864
2329921
26000689
23728821
2511247075
28153797
214272214
24228154
919860212
176540776
783440136
20963651
1733405616
2955127694
448885968
57976127
2535455623
418093320
402342251
11772632
1450244604
184824226
167125777
184543773
494144725
2926957649
161088962
64990595
19188221
170769426
622519917
3763194513
390284285
1227698863
1081568149
20964111
2343198944
1240131469
23635857
179275414
62583757
15292109
2441687850
2343925506
270162605
3227164536
3340114907
92018097
79747155
2241428113
176597595
520778935
465929514
8564482
367089411
1006945298
95266520
349963
119704541
14196638
43593
404895983
483273973
961306386
111407412
2472191965
6069262
28536132
44831977
8638362
14938469
16958615
48483730
16100480
21772531
51115854
2825705712
2990736697
1121591
522827657
3337926219
152328363
3086804368
398200139
2450693766
2312532886
174208174
109037388
3445195637
95504547
40694924
26097327
158759519
16132791
17925320
194562818
17126255
19900688
2276760961
2821613441
2361547466
614624536
2436810054
240013122
2176243680
231869776
46128147
3369595335
3402678627
2306132738
2929481
76811007
816825631
1409927420
22075098
217565503
580741035
43951442
18629482
3380589436
92116297
233491567
550652594
3070299892
1951274720
92489904
237413764
793362
102161699
526463709
806617238
568818502
429135945
14387914
2441926356
3336741669
253207647
7807162
1091225274
299685250
129315638
14703225
43291421
2827451902
1247051047
486455415
140797389
3238998299
2341820922
1416500532
7271232
17723643
40351345
2953437898
2963913622
457155962
313882367
39919076
113683943
39268667
115608381
1606135614
100793265
2480928458
135138822
146146348
1536552278
9695792
2395511617
3091506176
245388976
294862170
26582238
17518751
2730750902
2842117505
2209340185
939956574
47956161
2951144265
8020002
26493482
303940308
198483889
115989664
1121028973
14839109
9632312
2167369261
201130645
20102217
16812119
36202010
2475820124
568860471
17354555
14066472
2876667460
3350625009
3247116547
16557373
3302636194
31163497
1531734655
3374556964
51172067
15394413
286047113
45364918
1317763788
62858595
2502019975
289610659
2339814349
224778333
1256706426
24537879
3131102986
35023933
884196913
1953648950
2797199022
1090315298
141333525
27113337
1662082855
838164644
3237673034
3245752650
3235339552
3101864175
3102003778
3089433952
213339721
2676706083
3400807594
233530413
2887889868
19981603
1279357490
3319041606
3315764160
3303546409
22467617
14181317
91985735
38971803
44932521
18080585
2272738633
247049916
1846825063
281956985
2499343681
20182642
2741097139
14454605
1127625014
705525051
3313850959
600786827
607188140
39364106
112717095
112334623
14962871
17180775
1062617552
1141258524
351930287
2317661245
2335819230
49311606
396837978
19316312
25222559
462067007
403166210
14306502
23648764
637168917
2425210567
2799626938
60844051
3240737620
3313099978
2712644646
3226481706
2364182923
605602813
3220201621
237401623
3254815362
14297050
2325734423
3241729577
3287999704
3360552077
3311887118
29072106
2899666071
406402073
2952367406
21360280
120158573
61750572
169326420
2233022917
41727763
14101959
491766495
10780832
320520680
78834227
76732293
152978947
59516593
538831262
3228543147
208693559
3316009302
20914367
2372479135
126073286
879099408
537122882
12962312
17980720
217199982
630135190
64417169
21772736
1288134631
47735407
3311556285
80681427
117323783
2165203542
156043377
735153817
16888592
1378137307
335205013
16156804
19727777
16385117
2354046290
1040491140
836939047
627069482
195852859
498950283
45660717
178600857
1169665609
299699810
613420002
1577176886
2817241
2348140829
20882827
174279917
2401887103
540767034
260672276
396320889
298704683
342845547
10370302
2508427550
2207892020
384491235
278606054
2429621779
3145472437
297634125
38410715
2411353212
887748962
33515778
862634508
336521048
3295152131
911559841
48733185
15391280
1965215252
2291573586
2607026406
419951447
525604815
3230388598
601093406
16246065
3244990554
2615658121
761488994
77937642
14764337
137428628
19286420
3165775465
188504688
3018841323
14620491
2984479160
291859435
2909500946
430205412
172559333
14746910
274141957
161369373
2893403860
989845394
2800441922
22762047
3084914985
2349749900
3334850818
32260547
267939430
72482960
34367600
33836629
29469671
48008938
231822418
29272754
2466179257
1600400100
2953385511
1952833770
1129245722
34496020
189939138
3323393716
3018884312
2849095411
18976192
142580900
14952112
2509354549
47789220
2274282930
1134660656
115332571
2266327284
113036231
1562518867
224379103
1551361069
2228759396
33619883
199329750
963182402
3074865280
3172946056
28322593
3309098020
130745589
1600484040
41854952
2532797024
124949401
805323
19289985
2965403741
3323657289
34255829
17242168
2827069807
1442906958
2482549621
14624309
16112517
137712607
2872293229
1571469397
3036627681
14968475
216939636
118263124
2917251633
1885945464
1931136894
2865643208
2943366301
20748873
10219982
1186532348
2790795553
246866759
987391748
2197397851
253402630
109674918
25316681
508922594
1582703370
37098500
491551423
85323004
43489217
100394466
2789733414
19431056
2227331928
456474619
2565280705
2210171
3384345635
50106200
265189496
35618616
3293116990
369646186
2598162997
195760172
502620289
2964584867
285515081
121813258
3129949563
2188697791
1194696751
20621579
6146692
90155533
536841861
485661489
2876428636
707119819
2876448779
15110357
16184358
1953684823
584132016
1855276878
1094933568
1735376088
186200576
3245339241
3037422224
2876541730
25053299
18949452
34713362
230712656
2154635907
3298764625
562995471
67358777
28140646
77515943
2961734642
2916117506
1323115201
347586885
2336770008
3192402548
19125090
2412912962
1499201215
978479708
3041345423
3249014210
480216435
2943402326
24750550
376443063
1931954112
2861124214
525884112
380786715
304523605
366094013
17466375
1754641
19029306
12566322
35767916
45985944
15150700
48572412
1270025862
1270312236
1858957014
3289989917
1522698907
27354702
1355650081
78895525
1601313511
3199966653
576648540
2801428140
2532942559
2914580629
2758681690
42417984
9402872
37689047
193064844
3065695222
951416358
17468166
167346791
491316960
3161803394
215581580
23412857
1877899188
626681652
217687326
45727108
3099404849
532325475
469405173
2485229282
2573466488
8373852
2521001863
2585917969
270962976
2334129246
2895770934
2182471800
2342244918
897488305
2233440937
2648504022
2958445527
191029020
231069488
15166546
14284157
15379361
14344469
18463930
11595422
501968170
1544327005
91683097
3214647434
203541340
14110293
17135350
599187903
2184943214
2207972657
2155485342
2168159684
3308565569
2988710754
3193722205
3290527912
2479516946
3353150289
2671028978
34655965
111723493
628366481
1588115198
2413022749
458647237
2897988570
3000189154
16450602
110989773
51360810
167960058
2818072130
2879792851
91300887
1862439649
2764033122
554378917
807924134
1602503814
2867141428
3161843418
3241820466
2870676279
63407360
1196353357
3247107014
3222850370
2474820182
52029847
414138521
101524268
3319153379
471550563
16067035
488417933
9308212
405033226
476700973
59481779
14846672
2859404877
2826178343
3050762957
14457688
317005231
1447574600
2979075040
488605055
1292856452
37018034
378941823
106786514
195559634
34772270
122306819
16447570
80045921
277584506
21138809
42079656
18745483
287275135
25136114
391046755
21922529
23917893
402106810
20411803
327280276
465469892
69574976
2889519548
2548270880
889099657
402146673
399255492
36768807
614993122
43499515
359669588
263412257
17835945
363247666
1549325347
3237683845
3313409338
3356052532
2856977545
3238429909
22995184
14189258
150546196
2258218458
62503829
2782823640
14724142
17625857
38685317
422966469
208665126
108394177
60392412
2230188942
753149816
64677310
73095959
191802914
3070935206
1866243193
2325351036
2515510693
147470258
15160529
1077633912
3222105847
1957458986
1862896188
27223334
1299771734
17064675
61196220
39081706
72251056
500578617
328990309
399358955
137247768
18185124
2448333967
2813979193
235675250
735611048
3140737374
1156731858
2374416325
21991908
2318606822
752240846
310827413
2607404960
735770071
388296115
18105377
617419034
3342226090
3256598419
27104443
487724779
15587326
25571574
884344364
76953461
2706606008
365436644
92526801
17827236
2843854152
3173864514
41363620
162201905
3119786447
17807216
7277852
2937589707
2709831133
459586511
21028966
53925101
22131769
10506192
2911629361
17604467
39208040
21591454
9759932
15441074
18240655
50733677
112236047
3107895599
17497382
14458280
8195862
3120886937
816154
30261089
3138431682
3309740343
270958410
284404896
19780958
21645908
26688109
2976713984
400962072
15377115
2356244840
331659804
3243551873
407284655
280826651
283735621
400383768
145305040
96117173
1099628502
2260690748
199049790
2860289139
2303193944
1264058454
115031990
230423507
1976317832
2423931254
170011830
20111985
712639200
3082932069
2182812798
174123166
9823832
1259694398
719472337
1418166697
733230811
2664828494
3289911370
2445863423
411845007
3105075390
3053730838
2991904109
135209062
1402716259
313584248
249153295
16097766
3242827521
12876
14949582
37258377
88863299
14327108
15612991
2326027771
494299228
251816878
133490927
250257799
89440968
54349030
78697036
176211652
6811832
15978672
70851094
17872613
1345076726
1262844692
213579515
2337489757
2517117878
16931939
1923709316
2566314427
3094540755
235120460
488349425
2153053644
15498159
1952074310
15532089
252785226
2481811994
409282672
300286188
16179744
317005063
1713417312
2235560467
1702148870
45931083
2980364223
3110997720
3042597678
2489595012
511740616
14152705
63094297
270081209
2852306080
3230790374
22833469
219262409
762973099
244248091
1447417104
15574757
2613859267
144592995
295344317
130570965
21218658
85001062
69133574
14919895
44724582
235261861
219213506
1392826357
1728963602
2470933963
2888583159
61001779
260472941
2284746242
896759827
2413220330
1508701
140040613
296332478
35731120
14636086
1525145046
192894727
105379927
106186373
212795728
28476323
2889174685
861765444
2390873120
2170015918
108286674
2181212285
41021197
125698443
130863181
2734466983
2548467132
312468366
49413866
382584903
552299133
2871864134
603138831
103113094
31137589
544585961
2907874284
26968702
529622870
3027396243
545337880
1600995199
16165383
259862037
112817864
687803
633287684
111381574
185188683
1311288720
1960977912
172215201
252761153
21773691
14554287
294405972
77449588
214122455
15336283
56070628
3008998371
119560241
361625792
1037776201
348115541
3063456810
2362717849
1227880862
3130962657
1530674035
14192589
2975528087
2639266880
2509578343
190777222
2786152781
2901400436
391384187
17776810
873592850
2328335094
1639083613
2472074466
3161325188
425021073
2872297709
348127618
15100242
2151139585
197250405
142890112
122319646
74077333
29914626
253663760
2767159070
145062108
825857930
38238064
792338988
94111955
274582462
139942645
61662534
2470476626
15209501
14184671
9202882
15066958
47030292
252013741
150719140
1969286802
37776670
868637460
28552516
502710748
97242126
318817987
499014749
2484331177
15316564
14627400
19599604
34167963
240458422
3116523416
22634164
14707959
466327245
2888882327
1024244078
2837967381
2874107368
101288499
988716751
2881636310
68971853
14334725
1411432166
791670
2460667914
254052091
14134037
2334530239
111422244
2998346596
16816972
2980602814
708048008
154537404
2863165046
2739945460
3070233150
105590714
2867297741
17348620
204297410
193462243
701527364
1508595090
2179240802
507415544
291496821
2438173117
36405978
2255433241
1704858908
2891296747
2867264997
1047027174
11581462
29649822
29277052
343483210
177319012
18484769
16483343
1449022302
2905342600
78696482
14060372
14562685
16555291
3016996586
18406335
1925121408
2319300032
1668100142
62866941
34000178
33523237
175145606
2269298755
2571153901
360386143
1584500023
757146289
55137824
580240697
221460294
2835537186
1269383796
853569163
2945940359
29735775
267908574
2520999920
1260312326
2585578386
158422421
790763084
1429955264
975310874
28418663
2867098509
8813232
2318979729
18850305
15585285
494092378
400189636
1565283848
42682432
2430917342
281292130
18084072
1270063232
171783994
1269440827
63747224
17285507
546023508
26625750
14152685
6324412
63094465
209219793
27028991
1979213636
280896015
2461992764
1670707770
2521030569
14847675
2469610328
125758783
1140482138
2613776058
91852037
2575486273
19685572
43489995
42609957
19200147
19603444
2704548373
2882535736
23517111
29208414
16468500
2826163592
21191009
2797602696
402596222
2898672014
257188439
2882557621
2777103822
115164149
14115249
2891423524
1702155980
7717612
17813899
19606528
64498695
189554835
2615152994
2774949720
2214285223
2183177574
376258341
2416319586
18613539
705174631
1134349284
49383389
1008658832
259597806
373236704
388733279
2247355933
2935844415
2180870413
198869640
1362753013
705287821
326601442
622437626
2881211892
2303358152
188352302
25165065
219472950
35867792
256646389
23632592
217066431
724891783
126708720
17122815
30959533
2738073599
1201186872
163864880
197962366
997741376
80477014
19770181
181771708
1259043697
995886612
1335646238
339280234
24280451
190564700
225239913
177306615
555031989
52309870
113507714
230844322
818103008
17425484
2456658744
459929912
17836116
240254617
13334762
243465644
1577675042
1972624668
14870804
55034136
94111457
36732319
291885543
15944909
29647488
17594317
16687357
280713630
2463677318
2732070180
2351875243
822338022
259674489
1689890749
2285123972
1002477324
17248121
91478624
52998511
16897452
488496524
17463660
2277632947
521125811
14821451
360859425
2295812502
767936412
1526061026
104211492
15748351
2572705207
2289161779
107938429
43158999
575555115
236594388
18503214
167169119
17163609
18622869
29030168
8596022
17046369
227699740
139819194
18231072
15126388
104532838
22783590
9802712
162039396
93798737
39413322
44099854
113022733
10565902
534563976
38790830
17911125
11326952
18244332
165589211
46149375
17471010
24899591
13520532
1380909151
160162994
24923980
64482503
1315071697
330549971
17266860
19661363
13982132
15808647
2411366210
18388065
2893971
15671125
46768880
199266210
33025954
2361413834
1525492952
838852608
624345624
411789277
364616619
618275345
1176873936
1618634653
188456063
220503717
22441815
1267843033
7068302
2342604330
24001480
306045015
115186995
205399126
364945587
113422750
14243732
298717440
1949343247
18665100
17157043
21279340
1578881617
256628776
42411151
13058772
573472674
858613057
181885145
15012486
299920313
108442209
971990834
16248319
14485018
60959947
15060659
51034175
491447964
26476926
2173614571
18171994
41910536
240737436
14717050
30018058
18294737
14380324
14923504
2167199280
17952486
2160930520
38670441
14502537
97455116
32512000
515833127
238297075
16334085
12838532
475337329
362255887
59038874
291799976
158522193
2154171
14482447
2525131
1279046820
1498658864
92116069
24049219
961053828
14964767
49465463
23385427
1618620746
135945569
16120265
15921173
14118444
1652731
18353561
2800521
774096
16830572
32359921
13298072
16614126
427424201
45550693
15960134
44196397
403608815
584061564
14205314
17322958
18363361
1242511
152862026
64508047
14749486
224331314
17973402
276761561
66391709
1443836252
501801749
15061423
15692703
1092077150
408520849
763551505
86987686
894057794
14712864
39285411
57265653
6385432
18028509
90726045
301069189
16187054
60395717
626502748
1268267792
1128372432
90892746
946917787
16017475
26133587
224292251
432072585
131144285
29845898
39541743
543598566
57117406
13311832
890076278
38046613
16264803
158618738
708110809
45039400
203095125
2670321
809273
25288541
552851327
76706817
305730903
265073782
4174231
355541062
8724862
39568996
380494222
478622470
36959871
30820213
112733256
22451636
27879989
262756084
92126364
250734520
53281785
312712113
419639256
20476532
26525599
365495044
609003323
628662670
628107995
39284620
33042238
17992147
15474133
17041277
14319981
172007802
380713318
5547992
769456262
100603066
15197419
80271442
19356110
302145479
178027702
814253
50010864
288500051
330330813
116628885
119802433
169386565
408440808
16526202
15612251
14837691
51987505
116694465
180358517
15298751
290555237
34666237
54635717
309425789
17516648
17449590
50001997
529671412
84867968
14174897
239083333
24712293
293635779
21781279
40168855
149336325
321467738
15378276
22223512
558181100
15249230
10029732
739970316
64425372
34677653
240486433
44916484
80422885
20235453
28090437
53067229
52689556
78373037
44442335
108471290
49712788
97348240
81155551
24736901
51263711
738754932
59918812
25590067
15692087
57652640
15305070
19825996
260909325
227829587
765548
13299972
70673897
128883195
64781301
489575134
309007739
703440907
14856326
18367054
16143817
61456538
819800
20518767
190801837
87818457
22816548
7453012
41134951
67739974
16528607
267283568
15473958
38388838
12935692
499107187
15061236
19283558
14066062
12166822
15582396
12615582
14335957
30963075
18758995
14109167
33793383
221619273
317632729
559745389
297764361
30901236
47791280
101887590
84014341
560868407
16816193
14955144
47487925
14199378
17632977
18681946
8963722
23242773
323257832
116628034
17352799
18994878
33771112
17901555
17512884
14976542
7335622
193030139
20167623
20884891
88821769
45879154
429800217
9894682
15598613
393033324
15221598
529631860
106752032
473646915
483607754
128958501
437459161
406800773
402140734
201936888
39995364
71311821
366404464
281029825
111120860
14960959
22864983
92318904
11892772
2230871
19509237
63109065
367246669
18229630
16521091
24036140
16688845
7648872
16024466
32034710
14135845
16948477
16223632
35317269
9526012
16134540
41385305
19203816
235182044
14434070
65381936
103667704
15209571
16435881
16134137
14805318
20833738
415746853
62571128
370356158
197593109
155943437
112818407
240059243
76208928
15160685
15393226
19915112
16534327
18049605
26093930
20641938
14792516
66754768
38371266
346737781
356872253
816214
67030067
28233875
59790468
17630419
15674265
717313
16319797
11272022
30261067
2735591
119788592
930061
18068926
12096842
16689471
154648135
17595439
39325537
36082429
18318677
1057151
10364702
27081406
28172926
205757006
29710089
5402612
148577275
29710508
14514804
14293310
817386
14072398
16742099
60308942
282410272
7144422
19598469
5763262
26676041
7663702
105305259
24051557
17093617
122445177
20399386
34391654
14372486
15234407
14647570
23962323
19802879
17842366
16895274
16104602
17193794
14862723
22642788
20868834
17813614
783214
93957809
8841372
19042769
18316059
267333600
14005662
7712452
2384071
33562822
19789294
15231287
20536157
86128942
259127503
30293001
102465740
57150982
42706725
14800270
2013331
14326090
21801018
16450071
22810284
15299357
18998428
14761795
11518842
15032862
7313362
17997789
23876930
111188612
89321577
14203895
237562100
816653
14885549
33998183
1344951
50393960
22984627
29744899
17674302
16103741
25521558
17503180
21750481
14590971
145742837
3108351
11461972
5988062
15308469
21400154
75274608
34074950
20188226
38815722
17602348
10287332
19638556
237578625
50089737
14238616
20415983
839321
14883246
17350542
1090221
14117196
21455853
111636817
60444196
29747425
112464786
14149815
22873424
29744986
35945437
11799072
37200990
28167546
47748181
25213966
114742007
88789814
207673131
12983292
14993519
40272790
34145343
19658936
41288375
147980734
14559658
17838251
98715369
39999484
125736867
7746932
13736002
22022138
65052058
11348282
18682414
29750108
1945921
4250571
27704633
31520185
36666469
56844196
84363238
15795274
15571407
19539565
13837292
14617231
47354311
15076390
1183041
30313925
9534522
989
37835470
7093352
18148466
13566292
12830
14135993
14326840
27484792
20650697
26927071
22894978
25573449
22183262
22031700
18396070
6449392
610533
6476742
14413715
3829151
6972082
10350
