2929186710
216558300
1969207886
14087732
18462961
3657763277
53210455
2953703825
14205258
15987393
3773885086
2956858187
17514354
15566901
3044770708
2518356348
560821816
284866312
2527289695
19823262
33014441
28741140
3152524414
169997085
3829151
10350
1961395452
282938973
16562255
15081753
16402507
8658682
182130371
24836041
266448708
556285697
950056734
557740038
48514926
2241631370
2342499536
238738242
2235082016
65671583
28889028
2914779016
2614870705
311302768
538078508
2938949736
288825406
1014359022
1421340528
855465590
404344885
2392486556
1075170948
29939911
54306674
1542539281
347586885
1869438061
2147673465
2239373863
2880067178
83626388
21235708
2166640810
17447750
108410099
459161511
2213792574
568481765
16954427
14300025
214531717
2600112482
302032542
2784654302
2850687079
2773172166
2602349384
2814793710
7510652
44948619
17928244
305747247
36439939
9409552
34687493
16675107
17327904
15025135
92044946
18523795
2727918986
16437867
24757310
18049996
243951685
25566793
917548740
1426826424
110548604
18517937
2816731306
122137221
15399350
2581663284
2523729246
605002490
19956739
182104983
97098793
356579046
326668876
566280787
17889378
14120481
160076849
238275111
468337932
30163946
15791043
37705315
304744530
65239428
99340528
107276091
37364014
16899568
161351492
247781594
185778882
14870679
17781673
381919729
16255927
1441737372
487015366
2203568192
10433782
121597316
26387475
80861756
1344951
263290939
2735591
216793521
2775399439
1316951
2371099542
247502356
54615092
54609962
15800140
20770131
71374131
1226146134
613477680
17977954
487233915
16471835
16583846
2317549518
150546196
303967163
328990309
53925101
17136315
1967796223
2326165729
333835589
2218079912
27500670
121291606
59268383
17442976
493497729
5876612
50101803
42732068
329454079
203459710
17810254
18931823
132299659
119444685
706146529
5453022
147688657
400458950
1645708418
1131711632
607330322
18491147
185484775
2367249367
20188452
300257140
561593017
875134903
1004618815
14130784
1898351017
5392522
1584031346
1684227757
325055399
1469053981
39576881
19303934
9590262
18691248
79256676
128454800
82174540
160988110
41685391
278760302
15846407
70545615
95522109
47553221
300402915
16458383
37724197
39589819
