357239253
519517477
2723447436
24314868
67620962
22731148
140310622
28426074
1005514622
103747417
3103876746
55435531
36958179
50360725
454388445
240421228
105305259
89347280
57524114
470227050
3187297879
86392183
17400430
15332099
15374537
886303566
472647584
2347888286
152222421
3444894204
2148834679
1600076030
2215976798
252993934
224495471
38610154
1061970469
21157304
2547277770
379700347
485613466
23107424
3314849262
78944015
245191224
3390096531
37757824
3387764205
25372760
214262131
25623912
972651
2735591
19089907
3182908117
182066912
32584728
341263567
60666850
2408234179
2745636768
169205802
125723797
571202103
3403010595
3395708392
3392386234
35523686
14115343
3390172571
48619554
26091730
2993488008
3282848772
2813922643
436388390
8532602
47030292
229280062
196697233
3248344915
2356244840
102512943
251634768
188934258
15636629
70566872
18435545
1734065161
1024870314
14492341
515615648
18943879
34232445
17124366
3226709372
226796507
1495753530
3484641
2850061925
1961059922
510128245
390758480
23237150
228323534
16887406
3127983308
735642554
67848681
1882815590
138877860
2176012472
131295206
2507806003
127333658
36692856
407439814
1855554559
396382810
235109167
277115268
2579000154
1577565092
15116399
302823
3008630906
119997243
396046922
552166372
173231785
96699263
21710572
1337085834
2402148228
48423202
609465289
5660312
47554007
34345935
179758419
1561261537
325328148
2563613462
18149074
95225484
2427571069
607362094
71165241
82677928
258514047
14883821
196287587
23274387
515888500
18597641
266397505
366216104
365838369
19452594
200296265
6504652
14473778
299081229
1707306740
590428782
2931716131
3087448821
743421342
2170406906
2516177384
43210410
2305779002
17265187
745751808
317061389
15937643
81923406
92114601
2293349232
1601609846
2706143936
393971871
18619642
1688226314
2826210931
305187042
1853551927
19475858
43258701
42664672
130685534
385738597
2797948107
3042320967
18002662
31313664
2913874814
17631613
2691297915
166854167
725619542
386793965
43979448
2315741094
44207235
59847548
1324519698
62247939
41866963
176896232
525507811
18195004
32359921
20562637
19407053
67358777
16896485
72682687
24016336
267764333
20089995
1347812784
18246611
632206946
78985821
130812995
208636198
24895928
263220708
299804338
2832586115
75359150
18028509
223906506
42431883
48460103
380537753
1923694519
874820306
718655190
13389422
460383995
65686866
342847975
29914463
47945065
56758716
1098671503
26792402
426767348
834692474
249774831
19347818
15970050
60954073
269937551
63787812
23599646
280604607
222249603
772249842
1061328990
74286565
28126953
91319486
829078567
52147094
256225105
277660829
63170721
333401384
15151711
47459700
76117579
415859364
1636590253
24918379
8867702
2678431032
1245937392
14355057
2327961549
209575740
17359722
565184180
137258800
946855278
319068539
62470925
762608148
304214974
15631238
14677117
219496262
20056683
158779929
703410944
192904740
380223953
915621390
58994449
590031373
420980604
420987174
32619805
522623917
22402372
150138634
24784910
20730278
14787749
17632102
524010849
14717311
226899574
18721950
109570285
26905500
72525865
110332800
20551303
17825445
110606382
88636502
168564486
40627862
50554138
91092644
161689510
59178724
43673663
39869345
149079358
169276402
59085346
89460085
24129843
23385881
93676363
