50952830
2928994323
205114550
706238960
2833175480
225222974
17047986
2178362716
3462745579
14123555
3407025561
3247953415
338339324
1175363407
1596019525
1647170617
1157683158
2666056576
2548713793
924205381
3268345976
85510341
147411352
3159885572
61079836
276402784
24689129
103526437
3232117986
152403914
478930404
3233850850
572930130
35294702
4077525603
3419424771
561089586
186561744
485360467
3160121634
2932713086
2998331925
1068283015
2809678679
258459132
378936634
3449751074
912419365
144736195
94047958
628990302
29607366
3319314402
3235542312
1362751075
3010632993
2213158862
320572028
108108824
66064952
2362633808
2851874032
20477352
1455624427
807651110
3246964172
1491827431
975367362
35363189
1456114124
3851526614
2612241007
40737752
3302720589
33572549
443215941
88749392
238319766
3647192964
17942832
2415956611
545369826
44198879
3553557086
715021183
2310499789
15210670
3241169946
981783787
4052039894
300987028
768160183
2748528365
2902018741
3546050237
3317381784
3280712652
629297364
249258148
144902437
2552774610
999342720
477845950
95699863
412529340
275456232
21360280
2916953939
20951040
63587012
265682680
3150119137
310355163
77772970
202234371
3782503641
2997290738
2521772215
356385993
407951843
575773254
4083903502
3976280833
3805944134
620944330
2878410500
65638857
20308396
2815985324
105056014
1069992187
3951812781
3303129963
2494691029
764601547
327149049
3396066838
3774061036
1110229945
59511565
23411203
255517349
2522135638
186966745
3134774158
355554751
2870034086
18678173
24715612
2571748643
421602456
257485468
535728582
82950066
154175356
1619791075
801753007
19783075
213750472
2206937017
1522574568
2147783629
41950178
1046071422
493915391
1325256806
1930743372
42619908
2456330163
2297689221
3427391355
2334356114
136443768
623250794
1260822548
25393987
997143536
235306714
53377399
2892775480
1090326607
3326808915
776682486
387121927
3097021487
1469760690
33229021
324232658
484356229
1102774915
621322040
1442745212
1123347068
340057379
2872277595
2968288943
193349434
273826238
3345734596
56034707
2330714383
3202872754
2594905988
987184572
889134145
3167714047
530023839
3883703661
3555938175
489520559
3146434328
2733401878
2936796098
3754887852
2944327735
64281970
2834347951
3303028623
202914105
3557582901
2274809809
3074085045
1460010127
2221193913
3237195504
3430551255
632625207
2937715337
1187814913
45336838
3265560662
3057332931
1066874940
214093044
552689362
444135579
392845395
3426519745
1608432204
2154415330
21896677
422806315
776878206
2476484528
1535481444
222846092
893748452
224637706
16066655
212381721
25488843
2284745552
2450467627
361102797
449440301
30209021
302001751
312641499
2369761879
363242958
102833474
3041991711
360354633
2954086349
889458350
2865274688
3432278045
336788919
2195221172
101478583
47997801
1604257447
49783954
3295540740
1198278313
1338760274
883992384
115662201
853974301
45530858
418333942
66412599
107158642
40714718
24359650
885651258
5548212
2750649162
626888356
34101007
3066719023
331313724
218819546
2155970040
2263027506
2437029890
2930270066
464279082
263425576
348675847
381893156
859163714
710956752
850113000
75856974
420012971
182078510
2595681560
1726352779
1485828464
341157563
217337617
1087136676
230872366
83426982
8071902
1126187748
245187810
743437368
2755777033
2490675820
3219956537
1466217481
313331300
32595825
2840959088
19175464
5514192
83016258
2853442857
3183329426
173056363
127662515
2862494769
1696012740
303689665
51971224
998016822
238869054
472572864
242976333
3027312993
2738415668
237599105
298707309
19364602
2281834668
481376138
28123595
854550258
3068631510
1606953858
871668656
392443835
3160059470
2277007998
3277926007
93566641
293001019
27991531
1099805438
2209147705
51910988
2284552310
747991682
3225591635
417230650
24665576
3195067258
2406059855
1648141771
424757797
531607316
3178578732
273672451
2197757484
2979589414
27949461
2618843767
3179417870
856037461
3374059504
6246252
274917501
18907301
166765714
1775147684
189403640
164075909
152359650
48813965
2196040053
2899687737
219822687
2516075647
3209376922
46665814
112309098
29695221
317358989
3253986318
2157687902
589466019
147769300
99941227
3019055175
293877915
282177769
1713527208
107643526
73256131
65097381
2266603723
2273688780
2182515617
732264840
2551673131
2341149709
2766069543
25927763
2236358089
3306891736
2841910924
2230239156
3144564808
486166462
355277428
2468090948
3129028153
79641704
2984774982
63000927
2357043872
193201793
513714411
860589265
250185534
3299530215
2934046889
2194938090
93435351
17933431
3313850915
223595135
1345813309
2742226570
611775698
579780764
27913513
3102203498
436793952
283989520
1384720470
465636231
3271140547
2148638730
2355362347
2400941111
165412310
134859400
353634442
886057782
858692936
22069657
317577600
1561423087
16807304
1471265683
454814535
590787034
1836152443
1115030996
2459209934
53442069
979696386
107987513
60879054
1934412049
3254127922
1621404193
1679251123
316135644
3057656343
2906954995
589049010
184990619
1726641972
2434986168
44779046
2332325965
1629039547
317350464
2655290712
2927033714
3244672177
3252529657
3022099694
3036708204
2223829943
1094370728
1112159978
28894423
40641597
30664870
23667876
593248801
27898506
319938963
3089274709
1399005720
271549472
87999571
2768957449
258557358
2766304241
268959145
3329235244
3195877568
315797670
316276820
255245279
44732512
3153293449
480131825
2747475893
408789494
857191994
1344590545
19691332
1679318604
2450186083
2797338901
315811787
2724624983
955939104
2236929642
15369684
754258460
490520333
751281974
94650447
299684425
551051779
1125575106
2677095155
2363522802
365876313
2989656444
749323640
53829919
1033877034
435258279
3316192545
253021786
344456530
570108706
2350982514
31401972
372787472
1407686677
15679128
3330157949
3195543518
2830360407
38927894
537690866
2825424306
200260339
84102421
73179323
3134825499
708264410
316618881
3113238587
2454278353
223639813
191259517
76995844
50875111
1530756828
2455367196
2763667393
428546633
267816679
280699373
1220384942
632999889
2227725946
148136632
277152731
3018737579
3062147930
168613384
3184231550
53757167
2791653672
215712924
202160288
28167399
612717556
3231933877
3165971772
342857817
1927235594
3100372551
398855013
1223376350
121950984
45758119
1578353256
46288579
3121937633
298860293
444745165
1507391718
2196565459
1251923658
39756550
3130439448
2929582421
1239156379
3094669513
993706782
2476488918
2521691928
704001016
2566020946
16462669
151318492
271150222
23379938
318259589
279660676
2187506371
366025509
3108812707
317316763
2980650713
1090585657
2797506703
2786603082
1227950198
37921360
1305838602
2317519962
18312897
460708213
251951992
3084421875
1868385913
28107869
21237328
587730018
370207040
540216101
309911870
3226813754
3289371749
2292255688
1465668727
2240241795
317226172
2831860789
635695460
2303122681
3244505337
1222744951
582478341
39731567
2441843586
2407893002
135624812
2391661242
2783512839
1697823294
228205308
2989090338
1271253163
482199831
16600626
42925981
473096183
318029857
1074826705
44797660
2793018356
39817100
249265262
169642321
2444602713
2896696889
1682916679
2223152119
8522892
207231524
63703511
636157216
443252402
45198549
53210455
364071029
2962017185
133482732
1033623548
902605254
25838635
22110229
3232922583
3041981354
315864271
165113653
2699762658
250809424
2915746710
262959910
353672532
422119893
2429309640
29559285
24349706
3069233662
2218194287
103106691
2419457304
214774346
317337710
2614546466
2463698886
30286145
965104566
2241418621
1276606645
149972561
261275841
185745463
2505934261
34353254
3126469856
2153949774
2930130856
2284437358
3038188018
1673827734
144072482
246458133
19300530
1545471224
121525821
1228205280
53347446
823917252
335905548
2886785522
797356987
33175391
2411456959
2756927758
2956505421
78992594
1352482201
244156676
69163810
120346051
526250475
3237607791
1310203159
143120698
2410542342
606684686
2300588442
1716433585
845773964
147265198
153966123
29627241
39238184
566995495
90244142
81457610
2467692313
3152203078
91707913
2826845736
2998772472
3077479927
1529176057
2539034672
342704159
976559744
33272572
928960748
181532763
43689017
2588073662
31383788
361006386
503282532
1454726066
3181759406
47517547
1029444230
2632748183
2586176400
1284433860
2581761931
288057725
264436054
71557092
425109762
386231619
1935671258
602404118
2541596221
2406997171
14645160
801648721
980659489
31115829
870426937
2509254458
477086094
2563560569
1906349144
1653509532
1395917790
273097363
432058906
2946096392
2895505863
1086611119
283598973
2619967191
2230948855
2344969881
2759912960
3050206113
104674131
2563815600
117560256
947414568
17978951
2730537644
39291808
23502560
244195172
738824688
15831360
315678712
3029141554
2528591648
37670916
44422200
221334844
2717699281
1077076183
25297026
357560412
2770271134
273608347
3119887641
317125111
231706281
1297210092
110767249
226687768
2258165976
2160081434
433681455
120538744
1104755540
1329201576
7133312
317787633
1092202778
2283071298
3011331792
2485299354
167053063
1627273398
76775883
1496385084
375874398
627069984
186576460
229385617
1621522861
242188931
618413031
21434137
3079839994
1453934556
3034787482
50418426
3041149675
1090250101
1267009747
87403396
26032277
37002481
983670732
286166830
1639732741
2843948685
3102796545
1005486662
3136827614
3016201064
14941706
1668616542
93884649
359569672
628223910
76459846
636588854
3008343907
2999906353
314613453
703880815
2657268584
2241314066
251809752
2398161498
403601549
2767643483
100411208
2427648739
235998409
35148332
3161454772
194297775
1122331734
1519852572
369323962
2230801122
2783576422
504018069
337267979
308880629
372103368
401743764
2460704990
2436228929
2190239638
16047998
771336367
584798224
2394636175
2959327919
1612067526
97000038
23255247
33493753
130734184
244206578
2415177301
509185272
3035368962
17871828
1445128314
497947909
15564663
2350883076
607860649
2916299149
270960794
2719729454
414432798
316431899
263445469
278770142
3043244668
409679865
3071294759
271461627
3111898410
489507602
195393320
36590380
23001804
17881816
154546567
2355446011
39324761
304388945
203054475
1336452738
22894742
2445682323
1410783780
114495956
44297479
2728424702
556229125
327106962
27435659
18857913
252935038
3002506703
15126328
317414403
1367322451
565899647
3030954855
316313456
580325551
333025432
568836325
631965370
537048516
2420651108
2279877742
270531044
2770621301
43704380
3108096308
30770937
316497873
132521439
3069621830
236907773
744515226
104553468
3550621
380084152
1593421021
2444809245
2899706791
3023305960
1305516524
2988058046
152409298
394597467
3117811355
2330129731
597553326
833961559
459481850
2949072881
2527860367
149356130
322847324
1087935230
1299279140
2709334834
1433361816
32899443
1332335688
103913301
3068893207
2450659316
207698585
3026548582
1276393525
2861215265
39538857
961841490
2548382148
780981139
155202983
316252611
2416352166
2939956993
914663448
930156066
2785358968
281465089
21376458
18901072
1450080632
2877269332
381819089
15536124
1611229556
14938192
549664473
2884801251
317424827
184648256
1202397120
1218867007
631132470
930568580
66593845
2786940144
1452103650
1602072859
187798202
1471293812
1857533978
1537888267
965580240
245632052
14532553
25831792
1393131312
2875909938
445684312
437453824
3007908628
27855433
2162698526
2945005199
2350518403
20944649
3093030257
2919114516
941033006
3048291581
2893275472
1267813776
1227129242
1368478189
53049376
2697028227
2183259996
96391071
2352147217
1711017602
111772970
135227931
750470490
2615508838
1895294292
16060050
36310660
391555496
102740051
632585268
2294927906
452617958
2225528445
2450298101
45635314
492330430
1687158691
161266336
1469225520
556329728
2581106022
1535686650
171337448
85150689
2971054667
109559562
1666755643
485741862
2430056239
2257959944
714723870
850331275
394379377
1032773754
23869143
2543557041
193365851
245192750
335395639
88062336
980863878
3042587197
317667782
36928280
178839418
3060309654
483093916
316580574
868637460
403942389
2851482614
2972881892
3061736791
21370758
2492014513
438971304
2576082638
991547437
24222640
2434556016
2414853086
1018261812
3070527723
11059232
1519722187
720814531
3039507554
168068631
464431420
17941752
298808175
2252800009
2400494312
1452015373
3032068956
252210925
130493819
75511123
2865912215
1123669453
9636172
1584597396
2968594919
2255494252
1628903851
242421817
95115004
1368193088
2659185226
3017008789
206892833
94721866
402386558
1920700807
2502397874
55211077
359014098
512455775
2731831017
238953269
171024893
1870146702
558934328
2346405254
75937597
15808113
523815650
2353318247
1729696171
187619550
1262049078
2927166368
374667569
2645479907
64769067
2329220196
1287339554
935176344
395006078
419746723
1542698222
96784892
524727014
29280466
728041627
54360209
31487479
2429215999
138250753
2754561431
2742960801
2393618868
2563786445
258004232
2740563252
23583258
247951041
1635069618
316449380
125771585
85605805
2898151868
386206970
2874731058
149938650
1385339486
2571365812
2562127254
441519711
2182295198
454153816
1459369501
377581359
72029710
2780996522
311253408
378215053
2495036050
82482044
316038825
845588208
2736043167
404926080
981928105
2901425744
29737992
2416403534
2478785696
1574896609
779403380
920146776
2985806925
468274118
234776074
1850551472
81512179
77874432
741495810
443054692
2988623411
1366942950
290964685
241187076
1708562239
18905752
2694879750
1016761369
629328283
2475287247
495013027
2377909957
2904494435
471602432
2150199724
135523422
1268210334
2188964940
159893726
276463187
3002548030
489442501
281874654
13594462
257033404
53319973
341568249
2993286701
127149546
1525210464
741637770
1016783204
22602943
1071934880
2997943266
382830421
1328366335
22353885
2242908182
418334284
2763666276
2987315681
2535100456
254617218
197264912
954148879
762834786
1728279895
868646893
512931640
31201280
312057778
21434145
27901178
19137935
483247267
1352523306
2678019121
32348951
738576612
185136715
385711643
1463797422
118204032
775135358
192122968
62878264
338613298
20791692
2444252450
1673457223
2635811752
317371659
2842814759
2936164621
535932595
2853622203
1604935250
1433878021
576657017
962103943
605518225
1150978795
286214607
1723398499
1205168761
1708244882
636364195
847891980
1656185628
2963661826
2180533488
261509454
349596395
2887790891
467161416
813864516
1013263908
44935453
938475440
2530670244
2823784304
38570287
2590001344
937413782
2578178185
1625723485
84138405
2686634228
2771490555
2219800785
15627012
860465665
2233281166
2193574255
2429547608
39905433
2921551451
221912336
1318356824
83935467
492403461
50118140
2430665016
76304465
2197094338
2565569848
348083461
2893872330
360033835
1534476438
2504994379
126313309
579707777
23170060
2857566550
538787397
1482389809
22223338
2562047761
1515397452
482368059
459546653
2568261868
2188771182
34496491
100899824
2417495017
165214204
16898856
2955045064
2698862349
309844238
91943914
2356775701
268056750
32740613
253875399
973994208
2387724413
2880636498
1037787895
81852305
935172980
23713683
400905400
530808613
125157134
1717226563
2581188976
2395428258
311139288
1148319392
2419598922
66007215
1021951981
2731919712
104240501
442260252
42020162
2963210314
133762669
2429643778
183367621
803136108
2277991140
637274621
268367115
6224302
734071358
2325844885
2491733929
714822626
553161997
2705505173
2211523339
2546383794
2408999832
2382400279
2970132749
718660705
39906995
1609386830
2486399323
121116447
385460980
1727465684
2457203430
19481438
370405241
1132280996
457635895
2574238345
1857693542
362636426
317327642
2855750426
184178336
1308987079
713165129
2561145403
1433427858
309527675
2323982664
17844783
1385633706
37553950
28072485
1723622341
2400289286
2578900358
32446959
772697288
398237512
1120701727
282262902
25051550
43886440
1301397690
394568451
520924684
2414748350
1090120572
35193096
1530869016
2417213628
2903964280
2880762561
2580340726
2965392622
96298689
436933654
450226954
179797115
1915996501
1318760431
2399745871
2652300870
27932290
1701717151
23568860
215395609
2322919345
2404787222
2847188278
31197262
389518178
1010898415
312110324
2258645828
1246838239
870189866
406008510
2760057754
2786478689
217428733
55035634
1385185447
210423504
248100395
311051573
28668643
167467927
1022580450
2218385728
30027999
2471092843
2891114122
412914068
388252685
1323521496
221793702
274012812
1154434213
208541011
50875175
1657869342
43976159
818018474
40826298
2827470364
69081622
1402310126
89436518
2565581054
2289938047
368039785
22770373
2773450731
104725941
2893035537
2791738195
625847918
65698564
2720568325
16469040
1315292744
353096060
517603927
2559080513
2564681032
420732108
53890605
433641156
19950847
1679216990
1633044060
1418589001
40376775
23342722
2811627066
2916752684
630498418
1150780525
1953234900
439664866
2853859394
2811727405
913844090
2477621281
1851574129
269077665
2790138796
21404938
451576449
304184069
332280704
2889266726
360307373
53054196
2222308168
319873715
586231237
2400891055
242312067
233934882
47361042
315875027
1580488021
50116481
188066062
17588185
2259605688
370477634
2285530363
1345328250
247084658
70948112
1511292650
2679856752
2780267596
83554234
1546353330
24636191
71555146
495128586
1719764310
235601143
2259421033
121373815
262749118
37808254
50564904
863723996
343157640
1712359351
2818586300
615980687
21990782
2830914303
368813227
961109977
1183488078
756097136
40127505
35687568
2556720661
2819974785
35762783
177910469
1551047232
41676480
313245412
139199207
1209263856
2201981130
496174501
2766139456
2809857812
15708823
862010503
627990562
2786486332
2203507104
2508525576
126903716
466438839
1173127302
521133568
328902453
616620541
1229814680
2250442611
91716911
1663845372
467501553
2149209577
2919790047
202192724
1148226284
2266729615
1373429930
205498306
350148073
29097307
47689394
89733241
2653790918
373650597
599195987
212067712
307266317
1471306639
189962107
425304915
249783184
2565363818
1398659612
161304681
243320013
113214135
2886912327
2332877060
2437687381
555069599
364601248
1312293458
1370016014
1563720036
15384060
516352226
396996293
51358466
1039957861
58795639
1547304439
345125792
2400486445
1581410808
1170869528
11286312
562974652
557171834
1075236486
293199054
2598600596
354109156
2524809684
2662435338
23045730
1241677998
1368329732
43761880
896620610
2485705651
2337288936
234642014
2363346623
115074004
1970544330
289323100
892078980
87114140
590042228
1191204008
33103766
42170658
2450752628
2586997774
2524290693
241273903
2707816250
80271296
1619483120
2429164902
564873087
601001021
1253107657
2266375015
2315032726
497573844
729754022
587948981
974873779
386942783
233952515
870607010
298319642
183070059
94711758
19768990
258575451
2171127228
34321015
357668606
2199228730
241770786
64671449
2294754254
41854761
37028826
2317551317
2368405697
31172887
2719514119
2496746828
2387762412
2787398643
1038442872
2834597675
519158864
1320624312
2732439535
308164954
28990895
2271721831
373562248
1349866494
389656928
1390591170
815679582
14724235
403450025
2610118092
42158083
2800626048
572836192
777802549
300416913
752323639
103140278
1113516805
2616166573
58801917
2253297418
19380743
2429806784
1522148606
96912359
94654931
2596755080
1203416774
316246357
316033041
5023551
794198653
56341551
1327424340
81506848
2541713806
1646540298
383202455
26556899
2595280141
69362672
99590305
254589867
2580530060
2398232989
1069012430
331987460
194839442
2726375347
61860287
37394334
349929292
189748505
951972434
874526905
16151935
253014801
611530014
263234033
1584988032
387528421
522045173
1203365418
57440214
595126101
32673296
138187963
185406577
16826425
264180626
40275505
388004071
995134142
15785068
24718364
95943762
872423437
916952911
14228488
30736991
277120302
347562467
97486299
195675033
22981545
401351237
1575731102
213320007
1560294324
837132552
2412692046
183808663
233933230
115827236
92347840
520223678
16383523
2420500813
182421263
70502327
307398695
19684844
393980056
40262562
1300376708
2256834259
1248651823
19284042
1148571223
18164244
225553867
570867466
330444546
2254482542
987744721
1673052511
1679429268
422216482
2287255218
15302447
28029495
222189121
218039235
2308819141
24416316
578321883
106835731
757701252
76878567
488809368
2217368370
72426413
349743136
22238385
40218214
323649359
1168407812
217496609
17018005
233712783
31260643
52084211
613125521
966537270
119792842
401158839
262394915
12601142
29886563
1922053808
37391190
165886741
104696426
195635417
301963145
381817219
78577336
19053307
16126957
240789817
15882393
19478383
132950396
17943171
494826059
33495086
276241514
15896379
366326857
263555871
15858135
906718357
39427853
14334487
30661155
343283519
2174398042
21670055
43345252
104966264
484999518
120083514
90804267
331695063
142620357
95303482
125646907
22516489
524568056
349631347
37478635
265668224
2172
85244146
102257360
233055772
110581062
14679080
27687228
55650181
33355779
35934245
123943277
159567636
142977623
114685387
128472974
108523595
65638380
19298634
25548436
40574617
43096527
151199339
46606702
