105694024
2350437241
455252727
25742569
34617778
20992217
2761011084
39271363
76697639
41923765
53185909
29723393
105531612
853826144
2233413546
2162019423
3621876205
621523
38439578
17207243
19080178
17045115
330053817
390955720
16161679
52415267
265526877
84091503
2370950917
82389729
17708828
30835585
296901707
324760398
225334453
6041162
2817200377
516930114
104289752
199822685
119003138
78714922
2916305152
546332225
3319804777
1695477810
1137072878
2251396188
469953422
204839689
752357592
1475207178
1601290776
552025874
1411410114
2204854647
2740043592
772315362
1521771972
2270090205
2288924912
147491390
1877329830
374134417
170406445
14075928
503417011
36206250
986779166
204817471
2500948809
18863815
741165853
301395940
89027071
388926026
21702666
1890107336
586189030
40148479
2614684368
906143616
74466455
479911564
30366928
827721
451256188
84786801
599065130
487118986
23617498
47652227
15264675
132496568
17632297
86740435
18329181
139399835
207426991
586897390
234092838
115959592
143920853
14912751
9366272
74110421
18766296
41572208
39811348
20604674
43194755
40079154
45505715
275034166
137721541
26072532
321583787
339436096
266104566
189030656
15275492
275003579
81048147
92328377
399094971
103099796
270175677
478900266
305859646
1152907274
2483080632
2549186095
1661284284
584891939
487736815
398821009
2786753203
57735579
1132634282
2718164052
158159529
154648637
20100396
44049814
1020334238
2248660566
2492838084
1453325270
2259459103
16274410
1074112782
42392769
2884263133
2578192502
1401884082
168423969
2487343566
463821788
2385973304
1635580934
16955991
518715968
119593082
18091004
82831947
25324954
30017071
14571755
17158140
19980499
17329538
14836197
297380894
42220353
1337785291
344634424
14857290
259925559
14123683
93131556
94166168
250884927
55338739
17393196
394797701
231609680
9117152
19918112
16243405
217076406
12413032
16045268
19616718
101896529
36806880
34641517
121243808
46529199
819800
30261067
14885549
816653
19771833
2219897472
209253668
108568373
46403451
349592956
2598528463
595653152
444828382
27860681
1093218146
2443768622
16012783
7587032
1708227452
129845242
69956111
2477750718
35122114
968308464
1398327973
15932715
143409569
1407277784
1187647735
1372975219
2599092414
31408654
90140327
2361288673
17134268
56413858
130742021
208070547
11740902
222725454
204546095
84378848
42458490
338442452
31450819
494380494
204409392
562019788
764130774
224750592
1090347722
314140496
65376193
174285977
63045431
36999090
509211093
117839302
18602702
90636188
28297965
108247668
26235265
628629945
16435865
2840378924
91180720
59159771
75052666
182503471
205864193
2836421
91334232
176582754
2174144641
23492142
19020201
150780158
14697575
301309392
1448489431
176829585
216553193
24169565
15164565
63628657
479936190
384315552
794117106
89549335
101937397
46394470
70955714
93295207
63296975
110345002
15764094
169577453
16302242
165701539
195264385
1532471173
412659847
211295107
476169342
61866354
158267946
116843836
203708181
264264597
1969630836
258232010
831808856
2541888422
43654274
18847632
42988213
54132383
124516811
626390985
20648782
1123488680
1611724818
2406303550
15647676
525570440
123093705
68498034
169820231
39344374
27327065
2545036838
273288519
106832630
182886164
414299987
312840253
54641489
52282776
161053682
900468859
33938532
246983867
39301128
36704144
70033864
2261493656
1686953130
785908544
218007407
124826748
2164757758
68994795
49851833
267399199
248795646
18175018
15460048
5695032
33474655
48289662
39585367
5694822
17369110
19362868
21226678
191750596
25699219
68482130
113452567
334635978
476256944
17997789
15646174
991745802
71298686
219083567
16784555
1516298550
25252077
2372876401
15695513
1280871883
444378105
180035605
68791096
57992535
198458235
50779888
15811542
479600525
28160118
371603226
108617810
104446737
54320038
36232215
282695074
100304707
16612183
15954803
711742838
1696730622
581879468
1537289797
390758480
388457572
21639416
39922594
82689705
19338715
80473367
26792275
1414988058
1220300102
1938604200
130849382
35827832
280489624
289430793
368891417
41423967
19071752
17071249
21444226
17896885
33697419
872403283
16977590
269322417
48764621
71006458
237895166
1916465418
53301062
91156289
5988592
15293860
27115481
18635843
130954875
84726839
1083657691
217582691
119160251
363421446
459846433
15418056
22445157
28107777
48752324
18981482
18921643
300835864
145493876
270392592
36504561
90651007
133170714
15096735
624579080
46772402
30691579
125854580
116757352
28251790
281475886
10126672
551149727
65410009
379138056
163584818
23140132
341946343
780263304
376359363
277780912
166990746
372352366
364080683
216444984
557369941
139592527
391782858
42670217
21991026
579435445
1901805050
146710366
212613075
1673541367
134256572
1668874434
317925190
583814483
124875851
14325264
6329632
239313282
179485181
106811968
56805172
20086450
23606731
65203117
22365410
210672666
150841026
16119842
599243962
637117075
1724671657
522484607
38111423
37877645
105560074
77123865
24145722
28409178
64391692
93155353
236453099
19717082
220852221
138037459
66967746
19066345
454095118
382134561
283480685
163900673
41683247
23992315
33860739
1483256990
189989114
714334891
180124279
149746748
564403413
219758763
13670232
22988110
25116303
38660842
17409240
111899109
169418546
167386622
54911186
19689682
34988300
17396167
80298043
260034259
164263382
363952514
15227791
106754264
18894286
167435289
141729715
36180621
20807381
23480698
23021607
197300411
14550649
419238696
300504585
15585350
39583267
61222317
319646846
94186688
29726871
39940842
627854087
552278845
2488541
1220369071
365149939
1529952092
735171258
27091468
456163222
17198424
78601960
223514173
54937697
24951816
6577642
11856892
17112878
205510709
69403958
38860877
1729773608
197890771
340932398
506807830
159237213
59471027
347111527
309066576
360235934
155984845
910988598
244621357
314245629
349520166
636674646
473394748
42958829
22760252
18548746
27189350
237019051
108537669
54998387
600277246
473646970
254377293
53513909
141033988
363734662
1322319715
92717138
625289397
250779712
93945973
494439743
101886294
187487516
1345577827
287022399
75651526
1472279442
252700530
22577731
211385618
191182011
580272881
188624678
43255817
356825060
22316692
232219879
55382865
171281222
2467791
22650211
73465014
77275982
17783366
245841182
714249878
1081982948
291981590
18515701
317471490
465752494
518049354
202426973
1108068133
212696123
107201298
924442068
149993196
20522531
29234804
277769129
72969255
23626980
31126587
30302173
121600219
389057579
9467742
16446860
75053671
193371072
31191508
14199378
404339422
260969472
319212589
108056535
97497690
948544638
1379116855
1048195616
137702548
97544723
1220299423
950218196
542154137
739708848
825868363
180503626
227431954
459167710
14120151
28162128
27073265
75462339
296471407
14573900
22910295
121406363
39554504
100042124
18926864
134915208
17497775
599474938
1089360776
28136194
121066167
69037048
37932775
90714493
19503553
30278532
280871604
98698378
39371935
398277712
29462108
80118636
26419989
93210720
27753742
153492664
155593286
34369690
42024345
65243381
74580436
23655688
16529656
17897698
76553687
253286363
89787662
105293539
106834295
582916398
850170547
266191100
139974630
336069083
15969142
283825389
518055975
25146415
590450944
196418291
19942406
17219499
14119916
34951861
17514354
63272993
9648652
23674342
67412891
21756118
37504933
41411289
21755418
149293618
59283767
428269960
841625282
419641670
221078128
25246209
14154188
200183034
66790848
23582332
27165390
186931935
735038804
13141482
1688535864
12848262
565248659
268665024
10252962
28617385
408086931
27947650
14420689
556616944
22536055
9549352
36184220
452678207
361007600
1459397593
43077446
825934369
141324975
1358214570
9245812
125104964
88521061
447435461
38091566
23887181
1105719673
51253637
41779778
223767158
16320265
722698830
127651626
1672007498
1148810490
24063915
496405018
236649179
43971935
210896591
192693307
213282389
395797972
811623146
41947564
110823617
1309638936
364855336
77763316
176680243
31713008
54890813
36877441
36657413
15769858
1877831
5392522
48003020
21104633
36144455
165075712
454432323
140245397
54674030
473170829
16016427
1447394395
16109501
37034483
364020584
34656040
5402612
14295156
26877343
74010278
339712314
109495036
61305123
111066338
451586190
9609632
289948449
1516521758
86572328
26566469
14511951
14831475
87775422
28137737
15861355
16994529
447410369
16164985
411930183
743148974
110758650
281880594
125536809
388927784
311574973
311168849
571217265
256132797
960723492
398458864
14477169
28165910
863413464
253902749
35635405
439614222
36688071
28117130
247487656
575096514
41931919
167894820
57727353
180462679
233758873
395561411
447329457
43997722
251102715
484305200
14116915
560554214
171767194
451291305
344692751
288395892
143014330
22047760
14800270
185056419
275683552
178164261
382671909
711156794
419811176
21442298
97739866
231596273
278313079
21135496
248502612
43383705
26540417
15998435
323526394
128970816
25589776
205302299
22986272
29546945
424540318
373617611
20348107
407474647
34097527
34722352
1092378031
2768501
22329227
1609163780
626129807
360638864
1036370826
218942112
57873319
54933924
16051471
189258194
44398597
1654982341
146657007
131991803
550004158
55549270
55704510
282024081
234625963
473780212
606237005
627491854
24086519
374214429
201531255
16248319
10156602
1030036866
130682467
734139229
20156726
46289827
309846511
208693532
159109281
41866944
191210375
22459342
403760539
365659990
36670025
25387183
56891751
1436081136
160044603
323092158
550924305
791248440
336221721
70902048
1654424142
872185597
278147944
259701844
14357334
7235292
375478760
409488295
16504629
49239873
21517137
20545055
519196613
38398157
258560702
1613531214
606628227
297174372
786796010
90484508
86141342
1367531
498961017
86364947
18036441
23970102
112047805
29216764
16031927
15745368
223970563
15513604
18646108
31127446
16367980
612473
16160352
348379865
15492359
14850840
14592008
26303602
413487212
40744725
113420831
878991493
531912415
28196619
53741797
19426729
8824902
19853312
17076218
31504542
180884045
1305995330
53569692
349740516
284157868
28873040
174153071
1148361181
261725466
767878320
209708391
181561712
632155885
234447761
148714212
16887175
34655603
31432492
705091592
89900875
89207310
29558838
32335189
16432584
35094823
27443744
16434826
23756432
119771348
22369057
34312259
25333609
24797315
18559380
119048111
44935627
2097571
612931307
41209663
1375289149
60651165
236488883
18159985
17325090
249919658
104686298
9252212
10933632
1598644159
309406747
433969627
1428166999
37175098
58577079
117671365
38358194
33900164
26793734
20455625
19338615
178377718
1262229906
36178069
26952812
39785053
14472978
87391426
224446081
20237824
74296039
14675685
357422253
132448153
252879028
135383031
18987651
27673684
124273032
481725187
55577810
353807705
1094233866
518651600
785497556
121468015
299726463
599554988
202235189
16515099
447935911
415859364
198975780
17351972
93766096
183063452
85436197
585457445
5943942
121760946
275686563
213745334
19583545
38469453
989660707
30043495
352548417
80638910
243291022
1633723646
13850422
22678731
266152016
85967922
75974281
23043294
248900032
209924228
908410884
1273147771
59736898
32357365
32359921
32353291
292652234
45401607
40233626
38849230
70988996
221515972
119138196
195754395
25309159
146661837
343627165
1622396066
18215973
30313925
817618680
117912083
15723971
22674875
64044676
22449367
16496377
16911739
26637884
18783973
23036952
9313612
221452291
14697685
217588582
206052014
102707504
19653831
15438913
212753086
140070953
23313715
759251
213444489
19732699
1624984470
1134660007
22774681
35012321
52888515
201675969
135162675
328406897
53332706
23642374
41488578
1427459186
766408669
23294872
61183568
21866939
108352527
255141945
320971248
71594919
227626917
267939430
22992724
18479513
23068149
622090535
417565340
310522483
62708857
476559627
92173487
901162760
77565001
36260728
48574376
188443744
97697986
27713200
115711911
211504901
21849314
24293408
21608005
35022700
7744592
60054156
54786833
510826220
21384610
63850370
23756134
353623440
132598528
7885972
184898516
190458522
21796346
265902729
26548315
136036734
953758452
130231575
111083702
1608586682
1250243334
145699407
396184346
125789338
133476838
733824866
59621965
599246668
130917032
416282676
248735463
807095
24138795
261364267
555545910
20459056
58619426
801397531
80996879
742143
210848826
112514799
879032779
1076205240
1445200213
131102007
174016637
41711413
792126900
62555254
90939188
17094323
913596870
158754237
457133159
1091449093
1442687640
156002449
14420767
774393817
66462611
772516970
106554519
14352556
466671215
1432138212
594041483
865298551
2883841
321409283
425475117
41480791
36834864
16343974
376529041
1592258624
248407202
14444970
537099235
17036898
21765060
70001932
4898091
25390350
141235731
577988695
62982229
28716884
388639092
16261564
18949452
202719358
338928113
242193248
284441324
346875894
21094888
35555327
1132090693
16313405
20442930
48247759
978908012
600652508
66384078
71445150
27665778
41071566
227388262
51955084
96013710
1517283342
242541180
1468330632
231985201
183016357
505804858
81001513
19418103
127664378
195174641
52419540
1424618875
1582853809
370341320
339975317
825806533
396957509
61045757
299798272
81608086
321507436
1409646206
843112550
285440735
23018333
43192807
362051343
16273831
48024915
14085040
629097517
290215992
824305226
749952350
30249306
287903794
38465512
291852466
43042353
126990459
87365992
132207818
601340340
21114659
18424289
564538351
621342392
9924642
48417131
86392183
558204541
18682378
234071623
40297195
21024997
22127274
11855772
14584903
48335027
310220033
335455570
342954844
377631599
15931637
878348790
275489540
14138785
19701628
109536545
391162896
330592913
557379987
22938914
338084918
34934111
32950021
139951730
874916178
12794362
75544059
162874766
488751763
290570868
1483530998
18970044
524444249
45452226
24766607
382723061
122128718
56914108
355739787
803752142
1434029304
28700203
894866904
14464767
27883652
1511149530
23638666
522687136
101286519
983709194
490133339
555928038
450941680
312661155
873482954
110917090
449588356
18220175
197594920
389665777
92771309
126735220
25197265
22719497
17943499
18342450
1317707886
321646613
132195390
205257492
174174847
1339835893
1130172685
793050596
274714511
14515734
247978950
77155050
94523600
92181782
484925546
65113583
388490536
5439702
539674365
16042794
146634071
43738235
161801527
110906193
227837742
757303975
31213362
1330457336
212320989
633284136
786764
1099999591
63732509
835328618
15150280
906186444
74330775
219243547
860197802
245333011
16045956
35666173
539295544
703421142
110545108
258518887
111700071
35369250
156998240
225468711
213969309
364612474
469593131
83352390
1148951203
1086485478
35773039
1365414193
114494803
19456021
16998020
24509396
69026638
68726905
35116041
57893062
19918841
23912590
62667816
180803325
593073866
152928710
1012038674
68641175
48226929
175176750
257799442
508714569
22445018
371536222
165725207
185995695
22208192
182473045
87284779
42869268
65477401
24138933
35787166
119509520
38244658
102548437
51811846
87290593
204112533
38544530
17885058
14402059
16277639
17560096
25760828
36139712
16727535
49405113
60632473
16098642
42596283
277458370
214592028
50052432
465280730
174432041
184994270
165911975
89593573
192445882
18965790
7401202
214924806
16331010
280716675
131632349
18001872
2735591
133093395
250911289
22568011
41814169
74130577
93923878
437336236
74071004
31089338
922345130
389236090
738840348
264452654
724627502
259383047
40781725
417633377
183395806
68162613
33917429
22965175
125656811
402662719
20569371
130910166
17486629
189660705
14099695
35057647
250139897
36053485
127684413
24511871
381376617
60087764
61437534
260314989
27191125
168521754
178383380
253258923
1248648428
45399148
59247894
97739950
149815318
385741915
373183353
39904809
389664819
28148876
82898226
39832198
155927976
188039706
37435137
74791999
26257166
885478746
75069067
481707757
1131417042
20206170
231916779
232268199
278222169
17061263
110800305
7447312
1141034970
72484016
147360850
61781260
122994639
103065157
1225696320
108668795
6134882
788524
21219827
14224719
14700117
21814628
167532275
223715081
1405653691
579306997
15588104
106753671
42212356
91390383
44620271
166739404
92367751
110827653
185314895
33990291
386244525
73992972
24886570
31239408
17919972
21447363
268439864
23690344
25098482
304909941
18938646
33359155
90045373
47781060
27195114
23006794
26516984
85168897
22999710
526796422
25101996
15809249
19154824
5577902
1191466099
854512956
198382997
138182116
33057154
40195467
192076251
1004198190
50526230
144281931
377797875
49479452
245809687
296495406
148593774
360868916
162004758
30697738
140678261
236350529
21605142
156380350
19506790
36082429
116763916
34719119
386007220
34374006
15088104
2240821
60919240
262672654
74265849
465403720
330524106
28351506
206728573
25073877
19412366
14353392
152503493
148496087
33575373
65733755
21324258
23492901
19674502
17825445
381612546
62513246
425276769
193500676
61796954
262211513
53940789
19516405
139876985
374209360
108407296
524140262
52544275
256881576
282762552
122478121
25110374
292929561
16681542
18244358
17471979
17842366
203306729
14575014
274723588
245871948
49636798
60748841
138860140
143522067
38750108
24079030
198807954
213390056
182161200
146099195
58598187
386268556
27368199
28863274
119146170
479809444
298658909
457757966
27996477
51494220
24124842
68399194
82826066
22587869
106348473
90668879
27988654
491321180
31972633
37722768
23535809
126179909
123668927
106828724
27147170
70304141
22034258
58628774
175157198
946894932
20856854
349961420
1190340110
1206501288
16570790
1292011512
19448690
180867720
26607583
558014853
265715780
199437160
132302234
57530637
338079797
38340729
224208309
26889941
24109979
116798290
56332781
38596749
355983507
21701757
35604497
34849877
29381786
16382229
41589942
32828599
18086434
22499186
36748875
459612808
784680583
2884771
16378486
20091104
1307224922
72950235
117154079
34407360
56315504
83769903
30241425
38532748
156331839
51115807
73790153
74064593
24141542
143812589
18812572
20733972
66369181
15112070
817845968
373416209
155659213
23083404
26589987
16228398
32453930
22678140
37738151
17074440
813286
19697415
244655353
71294756
72277004
73107660
42519612
143930222
147309985
27687347
22099956
463170015
27124862
79293791
34134062
84094372
42501345
15588657
50393960
18776942
216299334
15689503
16789970
15485441
8161232
87818409
41379524
21111896
22685200
15224867
38531995
191835666
175089905
27270821
325951628
26520968
48802204
16017475
21982720
14173315
27901418
17004618
16581604
91478624
33792634
26551204
15012486
14606079
89820928
28160998
14669951
147147140
50325797
45112524
18170896
19397785
531627880
28364281
12671892
14470793
22641532
151801489
40954616
20109973
20608910
18812301
33514869
16129920
69181624
18665800
17918891
17629860
51241574
34713362
6017542
28785486
14293310
3108351
5988062
1652541
4970411
428333
40632185
