219617448
1288175774
2183816041
26279954
1251083774
130104041
373280952
58243368
287156977
68966923
60170598
1710755622
12514822
381949397
347035710
1072993274
77732185
350128848
373410448
42931333
1097128988
56667680
42917001
1642669674
19334571
1148030178
125152299
20719025
60532948
850708849
159534035
19641996
34892616
34660688
386515817
286318755
30847616
311996820
296612629
3839
368786676
275193369
392625056
50723869
338941640
14701458
116677732
70322818
52537678
219807531
191493857
818524789
27752126
321850936
60937837
144480494
132339027
60170369
305904629
403336320
571202103
107531387
542057601
494319104
424950928
213319133
134939132
415369278
226556673
368201919
33514007
425188154
358273471
352905045
22502725
68977380
24902941
724473
373975130
44667113
310239584
14462907
137426897
339590367
46348636
90680573
20428286
19329136
253485577
36412963
81018515
75896448
153783978
80330381
129321003
220228167
26956474
58732477
41298605
22208731
282768766
127483019
102296197
146832501
16981329
46340895
5795372
125904869
107
69541557
271982801
250495841
76858507
143409075
2510331
171517296
56939244
47571031
40916412
271902645
26730490
264886857
38272447
179027463
111212799
103367962
166134857
55950025
228322869
19582585
94383885
182421306
145232901
20505752
201936724
47163583
71740153
17093617
7246372
76591925
93957809
100429894
13058232
12925072
15669672
128812508
96283286
121440641
86254626
128155589
94816809
97611573
97865628
137616033
101695592
74419946
17862286
72856301
87170183
42908132
145125358
148248527
158309624
128336494
139830511
16417971
31352298
25791898
19654935
2834141
57079745
14933304
113588142
35854619
28952524
56304605
107388081
81474979
27042513
58044082
16042128
56650317
91474470
44666052
80334520
68724449
62304925
41215763
19343116
18030773
50971558
38745184
15240444
77608191
20814065
15218168
71730844
80624266
31497080
53690209
47260762
20177347
23726295
15874797
51401041
18488909
3954581
26280979
61749572
24794662
54525773
48534339
21044245
71437350
59948304
6134712
26014636
22520260
41954383
20673388
50390465
45875819
62223407
16387856
53722979
45730230
14194521
51129759
34277138
51261246
31031780
14979599
58834031
16060248
36175166
58303746
61674246
47056376
35709791
56000337
17027302
55925195
21753852
50028716
62564937
15078437
29280664
60562629
62951029
32258552
41414598
15646995
22363505
22525691
19681291
12015392
40431119
18179024
53
20663206
48190222
21418842
15433693
16881342
38741186
61432177
22388169
30971131
52279033
22029092
16672785
46836724
36106842
47935240
19175443
46222031
62083677
31043468
15596941
19479843
60388057
17048425
7816982
18975725
9323092
22184333
18673283
34700726
17443572
32372330
2009991
53924273
17808442
57136987
62564316
54588066
53481136
45400646
46541011
37479132
16190028
24144277
27887964
62499167
53481194
55136961
63920086
40202575
34911069
31128126
47582729
62308335
63817558
29163529
25494574
58413879
32818407
62496740
63329284
16406180
44980411
52968415
19774114
28807624
42590600
16958526
19001741
31301827
26673464
27825240
20947290
35010189
111743
12940112
14197065
5738952
49150333
45271196
46924811
7742562
39614047
17613495
17970407
16530660
16857617
25753419
17950254
39228118
16312974
45088086
27569940
15766794
60932602
44728577
17946811
53681538
39327439
61123229
23040609
30095168
22121029
18915657
46685550
50893130
57104037
61609561
17581008
47760765
19625738
61632408
53637311
43569712
40621798
28315268
30070462
48664783
48359856
55646271
59101536
42012703
56163125
24861212
53256397
18567331
56173420
35010464
15543227
16527588
51981822
26308586
57446941
37817476
63427087
28336830
52724620
18538052
51991902
19524281
61207146
21470111
49940928
22203028
14575469
14131123
49718612
14233388
18009931
19335692
51285074
19940158
8164672
54205815
39830884
22540586
40943743
18035802
51255983
23485952
40188448
34064702
32329355
55917977
61586811
18144705
35496226
54694529
38471174
26886397
30826626
23529204
3874171
46468473
59228617
34988890
56078143
58613143
25468180
56672181
58617437
39547235
18770571
35926058
17198288
43867106
42617443
15877062
61193709
55431680
18450304
19103042
42395430
56730640
7879982
14968179
14741270
56888681
26303993
39837817
17685617
16662478
14575222
30661645
42595734
48638297
44597996
41418865
23507749
39698880
18210497
40829853
17924732
14618485
39454309
16050032
35584363
33916701
38539535
22029840
21109696
43026885
36697600
44560242
26686524
59836884
18972176
14452610
20582822
16298636
14612296
45498313
14443235
18362513
62164920
51220700
17565087
62633175
16010406
44705960
54812509
37889349
14236327
48350411
43898546
40144213
34517292
58450380
14243094
45917823
12139072
31344061
54141987
60096757
50721276
15832120
14402657
17022506
26562546
44615448
55716348
48913856
19282816
14676584
25807895
52024013
51655393
52022148
53153534
51652767
51656273
52019816
21319429
19055611
26113151
16830658
58389472
19086155
55671061
16620296
37981189
56774962
30069376
29963271
44285854
61380195
22193669
40891706
40415356
25994433
17353635
62450397
18913509
17505425
18689094
19178613
19124072
20100396
14505871
27937932
7957772
7963772
23774237
43930667
40939777
19170929
20640396
24204307
39740492
61118264
60906176
30157682
20607792
16117054
47029438
55216761
45203257
38767356
40558986
17270668
17652742
31419800
16252566
54094228
58184782
62360160
4854761
57976185
42981417
44459021
53743452
24965950
17901206
28586585
58118920
28993739
34981647
33903358
17578845
30294787
55032046
62269912
56212843
14973669
44117981
19796834
53685796
21545001
38931262
25040738
51768052
17645772
28147374
54268069
17291599
20654335
55664785
56324546
13293972
18809599
39596847
26535008
21835812
19888859
59808060
16710015
43899858
16448118
24379484
52514827
27021464
15768401
27369283
30453703
53602885
28604833
24905307
14482971
15486321
18198390
43470510
40943480
18382625
29232884
16696435
27893837
54906941
21577637
61514705
27804793
29769321
29961620
18045425
61467284
52060522
46477903
17011134
55318766
28541738
23550632
15273001
31480129
47318099
30138210
41918538
32291932
22039276
30817269
15592209
54134443
52822114
50724770
26684287
40966904
56663924
29525354
59288023
20261078
54703416
17216608
31980294
15958380
21351786
46734259
21949666
18609072
26249434
55952166
15026464
53405596
17424667
32904684
56049654
28244590
58272497
57551210
22789509
44563431
52826729
43216709
28598639
18508467
25323637
13204812
55262673
16898660
814090
55235593
25393563
18564722
14213399
31461941
18930356
29843143
26661807
32920950
15000796
21090999
43214455
14381520
31092811
29029282
50329439
17830177
11335322
44644160
44436066
46152223
17947703
25628754
42937988
15803225
35927341
1075
13
12
12427172
27436138
21408451
25058454
56960460
19829645
21279869
17943698
24591243
15451434
29210016
15673807
34904475
28583014
34905154
15033564
52054329
19426066
43049234
51350145
11833282
18186243
56290175
28671426
21111436
17198042
55806065
54149564
56069733
27729969
34838827
27655444
43083578
13710912
16532428
13696892
14540371
58794157
52334991
28800388
56677999
49879135
17231618
14172048
25950101
36711348
59070334
17236142
45798739
48349964
15919395
40824740
28854649
32650250
27935188
6739812
43644764
14753853
18431949
33455365
34586779
27827570
52633335
47596044
18146386
51408904
23035602
37157134
24337658
22592083
18639310
26506202
30644349
59023939
57235430
16383628
52719691
14836122
22887609
28051924
37366527
57172756
19626948
15227714
16970462
57807688
14693766
20190936
26216170
21196196
22596368
17389990
48317337
29519414
24161930
43161106
25972041
16335314
46097832
35182741
44618807
52120445
58186912
53034674
41764475
56627904
56026849
58909179
50562459
52054154
61793174
62066403
44858979
39007440
56077252
38813180
38399220
49556073
58765739
40705384
43033152
55656086
34212256
59468958
50049068
44156203
53076604
57782265
39141439
46886287
55572443
45356548
59755924
20137674
45005770
20375623
44508193
51373484
58020854
62044902
58450272
57257494
9419862
16528035
53862163
18113066
19994303
20568413
19080894
48419908
32833585
22846564
45015221
58202535
16822468
34343054
47352663
12390892
53472143
31012330
27571687
19726051
45118082
59792163
38657330
56489583
19302988
38098390
44917029
14119067
17813344
55536292
27016214
15981382
14239222
56726466
21699582
25360285
23610007
43206211
42213693
35521974
49316833
58047580
53555244
51129077
56593155
55123081
41112122
7355862
18890523
50077043
40639023
56475891
13629442
3452911
783214
15433946
18007614
58097890
47021839
37515149
54148630
28278817
18308230
35489275
30914837
58209763
17623679
46993577
35378584
40157380
24363728
18118167
57249956
56039005
25089174
49298268
42308291
22576840
52538404
16409415
31632564
57971217
23179011
14271227
40072603
46532528
39051892
58642385
59096753
36196714
38705848
56892777
29782564
20790090
37794329
24200053
36859452
58364679
58203412
53871532
17913750
60579303
56426196
16356833
60786873
17960903
36608420
25654535
22072828
25284431
44085364
34245869
37674122
28258413
14682421
18500764
17529133
44084632
14340505
25283406
23369681
19801959
58064165
22950604
14457311
23239209
35614674
53077283
35277132
24853915
54170762
16380502
18901562
57246686
55573820
42748563
18089822
58497615
17632219
22257513
57235360
50401641
44741364
55029218
17646118
56097685
48393525
52026158
54623403
54240253
57390047
15952760
34998617
50159153
32484592
56541302
57927602
28514199
31210768
61225286
58567305
15356389
18810707
15802805
18426947
47905029
50426826
53721787
41165126
14618493
43652277
633293
50091509
56610325
51024554
43246343
55364741
15572352
17204519
21099239
12016742
15708746
29691877
53186017
19144771
36888949
26631537
44434408
52644609
51801586
58498048
18498684
17348568
44211882
21474833
40236603
25489960
16830229
43853644
38832741
40050646
38688238
46615187
16270742
25489659
27702153
61831873
61830439
60703970
47695705
38072086
61796270
53125401
36952639
33859960
52759924
22920448
11626822
48954215
22042111
17649692
19443575
38639846
26721309
13364222
47343966
59578670
36633590
61793504
14993092
11977002
21421057
36905299
58445594
17899654
22268010
53329542
28425340
58900408
47924698
5120691
7040932
20717826
14514411
13584132
21014078
25966181
50944856
18415240
16225627
21995091
38655634
47596714
17184753
44582818
25485344
9701632
43760243
2363571
26179092
29538140
42899290
33838382
49737336
33963688
17501612
14552982
45343970
18533138
43056746
42843269
47629864
44580310
39464594
47089285
17916984
14818658
17918248
15130939
21838148
25990496
46354711
18602702
18288362
24705126
38497593
17588449
34483146
25971804
14922070
42589187
34628130
42589840
43278004
39981176
29386439
18305253
19203885
35821543
15256847
36314033
42874334
43045754
26360531
42540484
28454859
40193836
16334457
41672041
30032328
28447324
19794121
30521330
41248475
39570649
39932905
39460939
18362376
30596986
19022242
27491952
21273982
14501192
39791318
39229593
32491793
37809579
33950666
17752368
29285507
28923735
18126415
16690123
38085194
37710525
12044602
14051442
20751185
15185341
18659533
26135315
39472618
19735022
24027953
21293380
34955940
10778382
40435586
17448926
11348282
28123862
16831981
18569603
37562022
18426725
18349074
29848947
39743116
23306941
25384242
15677081
14166788
19983306
14842523
20737266
19624128
17150247
20271513
20244171
37627846
21983007
16444946
39269580
22746443
31078500
38156313
17900320
17771429
18417575
22645515
21873895
14167997
31695276
19286480
25222914
37789616
36351874
18390790
37741641
37968319
17510824
37204074
21908338
17978626
38797771
31010695
18386677
37956022
16955612
31709458
14255925
32721297
16922825
30981856
14396525
25384619
29988445
23685361
29261255
18839785
15900213
14694369
21057726
19458475
6398252
30459066
36713752
26287662
19211048
16163761
37314536
37416068
28896423
19405407
16438074
37181274
19602876
36673270
17966449
24204657
34841623
27408907
24972149
15580301
23083183
13341972
19560364
1702731
8975832
15158355
16531964
2252491
17239082
18104730
18989710
13298072
20214432
18517141
22085080
16668437
20543482
21818699
18993705
24727257
33052926
22043677
14998161
21422513
15278124
15404557
15464264
16018015
14339732
21203343
15306556
21117789
15841802
19059809
16153052
19700741
21674108
21660071
21547192
17594279
21095558
14886375
22161762
22160785
22160140
22158345
22157291
21778898
22193585
22185618
22182903
22177580
21306501
22225249
22228702
22229496
22232384
22238019
22239274
16634348
17371936
16040278
16249831
12123422
22271529
21903700
22340449
20816345
22370644
21472543
21870475
22752019
19847654
23356853
15199661
23400233
23929740
19307422
23054550
12087832
20611836
20400026
20154050
12329252
15120609
20519776
15934033
19774513
21294498
19637303
20984628
18976626
23214972
19398213
27189404
28763330
20444730
33767293
25584618
15834052
15278334
18012114
18965567
2961431
16230464
15945270
20066438
22093479
14944588
22164556
18637420
27352669
14609388
25525516
21464868
26745372
19393013
24548403
23446158
18528260
17810105
27705257
5438892
23957362
14140286
24143455
21472130
24153758
24181105
21468744
12290962
24500137
18014170
17136083
18709712
24609926
16479202
16953422
15871045
14367725
19822368
16895814
28339352
22812806
25771564
25137324
31918915
31630054
31455894
23430964
19410526
14418460
26548064
22585928
26570777
19337174
27603220
15935591
21089285
20706300
19110860
28987178
28212860
28982286
28715620
29157243
29386802
23419280
16693455
21172539
2032411
29654916
29874879
27342913
18408045
29820010
17652955
25376790
20658610
31634795
30913548
17718434
20711495
30221649
18237086
30849259
33111775
33448434
9301042
33213564
18619866
26228877
18519814
26502455
20696744
32433821
34469320
28599378
24657560
13302842
33643911
34228153
16057783
1467621
24664998
26999941
34993010
16143812
32627138
20776982
27060914
35756197
4906211
17270424
17360160
36006744
17222882
27701083
15783111
27881452
14278550
32293143
9909452
16636456
34129746
15646547
34604621
16048000
19572471
19332967
816653
24286278
19840992
17072739
17805662
27706080
18826280
14994724
33586394
14673491
29770061
28159059
34291927
22738587
27088056
17656357
17672749
18364863
18373682
18491918
19712045
19643944
20052664
19161603
21268265
21273808
18175057
14502632
16178342
9871782
19010654
21759314
22636455
14819993
23059749
23202095
23685676
23965564
17109859
5865722
18341221
25116372
24630796
25569443
23749123
26842236
14908631
21611257
22331373
27062067
17682509
24780069
21083704
27431235
13039512
19389082
27872464
16219519
28207590
28340255
28373104
24253361
20351892
9994342
24610682
15500844
30870371
23352913
14776754
28750412
32507642
16569530
30297599
25196299
23634778
25739139
34544778
34613616
34630174
26230636
15905575
34646118
35493502
17069525
30976671
15378358
23342205
12930392
23775001
17263236
14137978
22808048
19574015
22043864
23258792
17335947
24347779
34022587
19286530
23580558
28966757
30832592
31507382
23402628
35990980
28286083
36023284
20797961
15656642
14213195
5544032
16251110
19288981
11347122
19276943
30975678
28152910
21677867
24151408
19016187
19853160
20140649
19819557
15997770
18747037
21002407
20415906
19652995
16582599
19028393
20623975
18229555
16686971
19673224
17404922
23367293
18042933
23113290
19603236
21191938
10020492
26437538
20592985
16401442
19188267
21191494
8954892
34892931
23061619
23062061
19177966
30907560
15956894
11835502
26772957
17936569
15978859
17412566
1744621
19007210
16529358
16351190
23949032
19846182
17675457
18213541
17574968
15523018
8265312
16098317
677923
15825852
16798572
17867077
15242546
17686337
21384468
29116115
18567377
22052795
25154851
22201582
23128353
15858892
27974983
22763149
15519715
25607729
17300262
21111975
18210688
20643728
14778590
17165264
19082076
15209036
19446034
17236696
17024113
15220574
18243243
19288581
14229452
14748697
17457211
24257214
14699921
20012320
21499040
18764154
16260783
28082048
17440819
14778788
21278744
17494997
13260112
12520692
15342606
15916505
17884610
14718834
17487756
20266576
28225322
14718729
18803882
14717703
17171915
27228399
29580814
19017645
23448762
30052980
20726470
27183959
16206036
19398741
20169129
25665845
15200655
24433422
19623327
2797681
21599656
18146972
23810780
25492590
20676702
21789772
23890015
20659722
28052994
31114574
19493441
9384492
6139422
10169872
11994732
24539549
26271308
25938523
21508309
14063540
31748931
18693565
28913861
16065760
25772098
34798703
17096717
30228616
34883019
22272296
24899717
30970025
18188658
1159221
17935564
14141381
16493522
15291615
22160887
3288371
29878219
25043294
24842120
28368784
28712214
26447549
23302784
16562441
29732519
19793647
6208252
20042392
26515498
25354478
21744295
8239112
28438902
19582847
18891692
15195555
30158432
17767579
762212
30823468
16604409
12075762
23441725
17837756
18950534
18562122
15230967
5872802
15076737
13182282
16317824
21089099
11194552
20002401
2970621
8069572
25528214
5267981
10081372
30420991
23271506
15373606
22888546
17834653
9000182
31728340
19336620
28250695
25027690
26708312
9173542
18413034
15567259
23234236
25461465
13866752
12354252
17762775
15076390
11127832
17006776
17951965
17016837
18323740
15268217
32136173
31371934
18058491
20509557
14381707
14892558
27033882
22857119
15572263
17703972
16177528
3495531
18925389
24598875
16282066
9401112
14155332
17491498
15255526
20658724
16848141
15326907
29526832
23583167
14070421
25463701
20217667
7116142
16438494
16913085
22587869
19074780
20266207
2701201
15941602
21669785
18844430
19695593
31054057
23185592
6799172
23358521
30336797
17891528
31350817
16565422
24830645
27923596
24496834
19145688
27612545
26205385
16409683
11622712
11879272
21610700
21183204
14814065
32850074
19203741
28370705
26003547
19397785
28082599
19058681
428333
22891683
20608702
16936246
11187272
21209244
25179205
15433502
14574051
5738372
22758155
15906857
13506102
14416600
14546842
12829772
6254882
20800938
25811663
22496109
18497664
17963630
17702413
16930860
15466696
15465435
15433458
14219809
