570157683
371107956
627653263
53473779
2462628582
3389758977
35369214
3289032426
296386777
2832563292
1392277274
178503255
1468654537
32078497
2429595774
222788565
346569284
31667272
3009637010
14836524
1856980754
87725458
94682674
24775410
59910220
45896915
22162666
168775611
59166197
92580704
2931029238
3253728642
251231970
567239293
18534981
2493510554
1350087181
43037025
15260732
3430306245
229725261
1099584134
44679444
2829627993
14781188
405682471
242437232
20088161
28162128
213760044
2816585515
11014272
19546277
3343025069
40533912
16184358
444986508
29009925
733498692
2799076098
43570256
322983114
153492935
1674935580
3036971310
38237581
41331822
994568990
443706217
26046819
84281104
426159377
2602990393
730321506
1871051413
2912550954
2493546661
54983317
168857946
27814665
19720395
37959591
213311982
460584564
546688076
2910952938
1905203088
468646961
494702199
122174004
336264627
32002507
36728196
52544275
16228398
93712683
25073877
2804588240
3147423772
16136199
1861439480
157073389
2157148850
453185551
3151266564
47411431
139988522
18566912
2855015331
51041816
44144796
3164283433
3250871712
4898091
34713362
204688509
45374708
3125528261
2461214455
860237030
19612605
2902593790
23690344
16190898
3194907274
15212129
15488871
19145653
20641995
26961480
29216764
52264741
50769180
18247062
16031927
23970102
22047070
110445334
17454769
41634520
38495835
15976697
65493023
342887079
196168350
16789970
3301144132
2402300700
946581511
53035614
2957596833
2251116285
49740960
247024752
318549413
52996424
459091687
511223459
17050812
2485653619
70164772
222220771
3225702809
110435537
3099294855
1097348222
1621127264
5571602
3191536202
2727623973
14594594
601701816
2836969399
76967106
317303558
477875139
2227344396
416675415
2988105419
2345669064
226301490
2881819317
12874542
33993367
2693794650
3065083689
17468701
1849324789
2307567462
2303459167
16017996
15840909
42871498
103550181
189481774
2207505829
47786101
2776643876
69511180
3018920500
26620054
2447439734
2316292856
1244863123
2333389334
21323268
134382751
33602708
2334701479
2978659285
81168211
276645490
1722157326
19803365
2575896296
41564971
2166854888
53265727
321200787
2931595952
2778611606
17398030
52314106
200455388
21332986
15069237
2574477008
18036353
234037111
149723957
38565329
1592074519
2837934039
326406329
28096105
48572412
270503593
2804304182
182435528
1940827838
2194032932
108856270
230623367
772737386
315822463
1973017934
19669954
17525171
81947660
51241574
16664681
2473493863
3108351
38482163
264303880
128306193
1700583565
68203315
133436012
1437037159
115304519
130542216
383541230
92367751
43900364
48410093
21391703
17371730
1388872344
151198065
301017658
1014275791
384587314
1729523856
31485154
14445920
14458280
14307228
28166205
906470473
16836939
124032054
1301217506
602139719
308805426
17250640
97805170
43481893
68877602
15779337
14539425
86336807
1665669216
442002114
16043894
294731025
95096545
208408191
10870512
17124716
75339427
246478393
16262373
35247213
27860681
35825231
17218406
343420501
218374652
716602321
33601080
1325325187
872439752
128222457
3754891
3002821
293540298
714473756
89719213
1517041896
16242081
66517904
21106350
147107242
38456605
18359909
820828
1318681566
31625868
222087626
7040932
22762072
27245636
57093160
360685668
823905
293458690
167115351
87335951
14946614
53355218
376377892
139459170
17800215
817583310
476268146
1193907824
940150670
612574609
14319981
46038104
271223889
1182619322
329980621
65577676
416705667
297615890
224224633
421217699
341251022
840779762
166045227
19674485
17093617
41715854
25673628
355813268
18025640
387333878
598854052
536740775
14051115
165058987
14459683
134912572
531284542
12017302
117437301
20170146
8161232
16596132
65732012
21019241
211989050
21447363
24523660
174062493
16409683
18420140
25110374
375959976
44050044
380662706
65304372
25771032
30271564
492725570
14116807
43136510
109065990
83935163
14519973
212271431
432043672
62130128
396121960
21736388
62571063
14550264
24994518
27032401
7849482
223530695
358413625
244059798
21817805
32266796
16246929
112579751
18649944
18650090
18507231
237418268
124791200
109485808
20929096
64211753
212052903
216299334
249262503
244148382
23446766
215628739
163384265
58863298
19058681
17602896
65174274
230337517
15894150
112242274
817907
83281108
6488962
92872434
170923476
44619448
11149842
92890171
80149492
145356781
83018369
3544391
16247045
18858395
247314722
133023568
18891349
51897167
102765076
23094812
85202271
59910042
15769774
109151650
132340401
19641830
164672061
20527920
143874022
15503880
26642006
14391540
21668277
12566132
2510331
62566252
57106261
17483381
16131988
51185471
106864324
67245284
19348352
19924866
18586358
28625627
15074777
68123936
18169768
126388904
6801772
56752880
119657144
19948202
8771022
17567616
35854619
14074285
632223
61357851
14660541
16127764
23305137
64213810
16367286
20255162
14056131
62876072
82601671
68371783
18643437
85939577
16832275
2057421
18698334
29370838
20167623
31323673
16810118
21496427
16359850
26745261
58762500
67350721
82453792
22072828
34517292
41850948
64860813
14567295
25069953
18471265
13522362
76278374
1152231
17100814
47865477
24910424
17083170
59612634
23685059
31969059
16015196
75938208
21968242
27792360
16202666
54290548
70736446
51401041
28807624
14343596
66463674
19062839
20177347
29652845
17011366
59948304
15273001
23726295
26014636
20748754
71583698
14787410
47260762
14984090
20791157
55123081
61118264
61845952
15832120
22363505
18564722
57981235
17609360
14336454
58090265
58613143
22907693
15572352
36893769
16399263
15996051
20622528
60786873
52060522
14140713
52433353
47760765
58184782
61957159
15256847
17913750
54400006
60219244
54155904
56212843
56214240
37817476
30971131
28473685
14080255
58834031
54812509
30294787
14973669
20933612
57416136
18901562
12835932
50744011
57052706
43667304
22506695
52968415
52968753
55289011
50077043
54703416
55032046
25754083
19919519
53624168
59228617
44560242
57446941
17443572
59808060
38471174
25565867
56163125
28315268
28604833
7650662
5036561
21329770
41337381
30490439
41257742
17826358
41749347
49632550
17799195
43216431
20584057
16242386
15901971
48086915
15002565
9555052
18198390
17188654
50711771
19460195
26059285
24220344
31409609
50078481
15592209
51920045
36974414
44206817
24619340
16694234
16566526
52174320
48358694
18034365
22615362
19430805
52741845
12499232
32285566
46692470
49847501
15039436
32606955
47547786
24554809
17780142
46374324
27657634
10461052
52176026
18216051
42119249
14594522
41585958
39976767
43759166
31574669
51758379
30506355
51374546
28730911
22183837
48275822
44238155
41915718
48773227
27369283
32370600
26686524
18689094
50785353
14540228
42154774
48643614
30762244
34851523
27841261
40549032
15782704
44971031
42590600
21824837
45419545
18493915
35584363
43215322
24178266
27839311
14505871
35614682
41857893
28258413
17962047
42917237
43215926
17819597
33277832
19544141
20114947
47082077
31743632
16726509
51371553
23622750
41585938
15084905
48071635
36511832
22540586
50996979
28472412
51255983
25612050
52331564
51543319
50183582
31419800
31695697
51220700
15671156
42407958
50532588
40767436
19804300
13076522
41389331
14058570
17223376
17196439
48399229
32329355
42536321
39228118
20247181
44020050
31428281
37054837
23609421
44966365
3872281
17941618
19714429
43824233
19195751
18215158
29211129
23369681
18913509
46854421
51471260
25521807
24379484
42207207
40502664
32308282
18234710
40412729
50426826
18745702
38928394
46978614
35684886
16679215
42633100
14332800
13470392
49361952
15655550
45259371
16406180
19082464
20607792
31435790
50234637
15630699
21352123
18913119
40939777
15596941
25393808
17237753
41438415
22275638
39135531
33859439
27975883
16224820
25646307
31457384
43330814
16966918
34329584
34935805
35421814
19022371
24269883
43019309
31502582
16611363
41575862
18397587
15440528
39517438
46878252
31510440
41833041
14105138
31512006
31517739
25460932
41360661
15386175
22285687
26895780
19511017
22420304
35722276
49999352
42307675
43568274
36697600
20849540
23711425
27193923
45271196
51185019
16296243
9603052
28673081
51392221
19241259
50696351
49894421
8252602
25994433
47989331
20487054
25156861
20213883
39698880
14505615
42621480
40558986
20947290
18889315
40464476
16662478
22958335
49553938
38150395
38095080
18500764
15664170
49974716
43188394
28635798
44424844
43759625
48285522
29030196
38644624
18738351
39602636
18439204
27708249
39614047
31454104
16673035
18837627
20578510
32972719
19781990
34539863
14200285
38942406
25283406
43279941
20840721
40307972
14494455
23881752
16570094
31684392
27082452
49220253
42167874
18251209
36936348
22397729
14842024
44138834
9473532
19342258
32204797
48257572
49690522
43216709
30847993
17039267
17776487
43652277
44169219
47205004
44847503
33456186
19713565
45026286
20964163
39531206
51285074
22837144
18615555
40829853
24087984
33564619
14743691
16246394
50982241
44876755
43215568
20059060
34571933
18030773
76373
17203802
48815481
47747174
22932613
33450706
17249715
50699526
22696834
23102322
26393135
47665185
46703627
40917976
14093774
17271525
15938942
43889119
29422689
18274405
24119076
14696919
24953062
16689792
14727589
16452129
49150333
10537982
44594237
39847052
50749401
43246343
19061082
17652742
49740382
50493888
20678540
5699742
15998931
46477429
16961576
44788369
25124777
22039276
14119067
17057598
31389422
18915751
28538239
48507706
43668895
32301280
8754662
12940112
48199642
37218474
37986116
46754217
46844839
38539535
24707805
29103335
40763104
42217629
16804225
6789452
30826626
43742977
23677337
22004540
26042002
15434035
36666289
23216177
19938348
19077281
15814164
40188448
49665921
25518192
16840038
17424667
36106842
17588582
14213064
19274456
19001741
27888695
16372920
39957637
17804108
50499713
17025819
40821434
18503901
16088519
39884940
16853498
43737788
30390483
22075281
15182385
25738258
19529100
31164905
31136361
42876618
47603935
38084755
39546945
14183442
30812377
45570855
14813442
15853918
15779804
26669395
17041657
16841105
35845680
29317384
16982035
16739804
24001053
27782210
16685217
26701210
18697671
38967654
41992207
23349990
17406147
10634942
14768661
22799056
35542428
18468004
43631634
1539471
14116962
10207042
32826911
15188970
18917148
819999
34007097
39026241
15746647
21592216
13337292
16344813
46808050
44086749
16340618
43524501
15619923
32283612
46174271
44466887
43432981
23869525
30442079
28575819
18809599
40921912
14871475
29772693
25240265
43672561
26134913
41143040
22089310
44188540
34146631
23194380
47493759
14867082
15985348
26860420
41022936
17249013
19479012
19940158
18972176
47792741
22910900
20109421
35419270
17071512
36198442
17334203
16487696
23849711
31146440
43189352
44428365
19319284
49512553
43850199
16356833
30917517
41899000
28466014
14438932
3874171
16421089
41200857
9955362
45428463
43524256
15530661
18124692
33309590
15518620
18229384
42007766
816653
28598639
24602454
21151592
28958021
43313277
19232868
19083070
44942062
18035802
15163560
33049998
43756456
43563876
49239873
42121684
42278222
44074076
14859559
19178613
25071888
11240072
16946314
43620366
45007030
44281308
46078004
48751022
42173814
37538872
9697952
19170929
34689352
20651794
49406646
35160900
41119159
15198266
16501863
15980846
18132174
23099037
48128525
31471748
27239434
20791448
40988378
38741186
21310935
24794662
15627955
5566092
14267640
45489622
19409895
46551987
28104111
40579112
49344826
17352782
46775192
16511853
43836707
17590715
32390828
16537989
30051195
21676955
18210497
47729875
48261239
17559175
23302030
28102881
16189658
35441350
40056301
21116178
12759152
38815216
22638111
43750969
47749063
25099766
44877347
14318751
43134723
29133821
39105624
29649685
27016214
42132726
14420313
22001741
47623331
15219196
21911234
43150045
38817494
14588457
45139626
16857617
25163231
17238460
29257203
18025603
22872352
20362089
23353393
27962976
25654535
18673924
15996020
34478214
44907742
15563277
16264699
44941166
40532280
23699904
40787263
17529133
16078601
16735168
44824004
33667189
27687721
43898397
45635444
41047837
41068109
22594175
14832136
43920741
15962521
40635525
22190193
18132080
2770311
20299108
16067153
41224024
20167606
47037064
14324464
14706119
15170056
12691382
45077469
39559444
42956673
42669139
41158381
21558435
40673040
17802735
44009504
19737442
27884629
43629182
37479681
21827950
13722272
47975239
25886641
18115054
33231475
17505425
30335221
19377132
45340059
44502942
43350080
39571331
17842245
14618485
14255115
42978831
44275510
38147802
30718126
36934344
12629032
43502886
5808382
41140199
18636920
41539260
14395095
43332442
16440933
16947140
42884666
23529204
25338068
47736006
48638297
21136670
22003270
37716485
30326287
14462726
43026885
19123787
21099239
40803382
19568484
16252566
46940882
18422115
25342082
30817269
16183814
46105688
38441425
27021464
30453703
40029522
16981212
19509107
17314699
43217085
19811134
13215452
48396978
40028311
44597996
15817742
27014448
17924732
38871505
27159659
29777851
21856902
41483922
19055611
34245869
24246319
44500421
27825240
46468473
43652229
17913275
23869185
18009931
23371508
36272834
45268197
32904684
18358516
28584939
21798247
19757859
36839196
19641776
31422111
44084632
16224827
31524735
14500480
39341386
48156786
29070541
21089332
29274025
43632251
38235619
28746746
30401043
39987092
17891263
20074169
44127412
38767356
19802420
16709645
14682421
36856781
16504988
16001999
16413086
34080819
33168187
34908608
46103681
14615251
15788986
24178759
41918538
16369831
15890851
16710015
42637031
23040317
31493104
34185414
27846995
21541215
43435905
37026700
45405192
36998932
14229658
46222031
22124274
28244590
17806571
44492522
6108862
14311679
17730627
47668195
18959785
26023304
46992919
17592771
15446729
27006946
37052377
25331802
14068771
23774237
47951623
23800073
20640396
19888859
33834911
35746423
48886985
5311232
33391728
26577377
26010595
29385081
18506736
41115211
33912139
23793712
47133379
17819472
46117877
44563431
16551796
19335692
14281179
19284888
39434392
25764850
14634648
45490258
44934059
18111820
32829792
17072944
14222024
18241658
19410460
22548996
17560544
17208098
15673237
17266725
14150164
17559814
44956064
44834175
25284431
29280239
40783865
45971238
43899858
12857862
26318983
41165126
19287486
34205933
18320109
35631009
26428390
27994602
25768076
16044577
36341778
41264458
37762815
28900841
41418865
46014170
42184605
41141620
41350818
43052898
14445788
19273500
47637738
30562112
15492609
23485952
44467871
27246312
45968438
25577587
15282814
18018138
22160872
18192155
14384763
36317171
14652240
21945876
36734319
7963772
30270641
37734139
14613071
37274041
41313594
34988890
42589840
17236582
25106609
28447324
38451345
18162695
14166425
41175643
24698920
17954978
20016070
44493914
28648462
47035504
43108794
18790337
48369884
29231788
15768401
39260354
39192943
23557183
18812734
17043320
9324372
44494188
32768401
37732702
39447006
48371456
44459021
45918327
18634136
25027045
34805229
18600489
44222204
36608420
14216681
43935517
23429652
15846407
47739100
26303993
46942981
47971293
26690949
38423206
44840742
19742059
29707654
2516551
34311659
44913766
42463829
26808835
20751740
18431059
41369705
23246523
19226507
25474311
22682896
22080466
33832182
33832235
42765362
25862664
21136822
16961391
14932391
20533981
15442301
7721592
19182094
17361857
19595909
44375201
47175806
41758820
17048425
22402264
14194618
37890057
45118802
18321013
25580589
22764631
23165301
45972124
22591876
7644442
14377939
34237589
36030120
44293885
35570907
42728423
38067856
24534156
25597937
18188472
16083481
23426093
18335791
19774418
39273981
43369157
17698874
40529915
19854450
19503553
16050032
16266663
35710020
18460864
20470819
22700530
4513781
27299144
14924965
15775307
16564066
40173703
14400049
15218435
15276802
14239524
1138031
9812912
18537709
17508669
22679330
15081182
14749383
651583
17507985
16381114
30130605
17960438
38094004
44887107
30891345
18035070
19355919
37821533
41355441
16678613
23612552
45033364
39790335
16425496
46631807
17787372
19478277
33005549
19148833
23706614
38762811
18114977
47070024
7787112
20510339
43886373
16905394
15470305
18022517
14193140
32291932
23770471
14762973
45425768
36726221
44884433
15096470
24235294
40896975
40943743
47491910
44898237
9350412
35932644
21066926
44341202
17011721
41447474
38425188
41838196
45213297
24180209
10682082
22982328
19913927
18956212
46396184
44330728
35551278
25417573
12651292
40096181
43914888
34744184
45848581
21704989
14104153
30194545
32518562
19320233
22838286
41576550
18016704
32529557
17374576
31439511
15907720
17656608
6486602
46385600
46707759
46154271
27221660
28165046
9085532
14819993
37965864
29501977
24958488
41216679
16832266
13796572
16467567
13058772
34646112
19046110
38504749
28931444
18482553
44569879
17094385
9234352
46191974
34958431
45847838
23391280
20267271
28769033
31262510
40452583
18410926
35721743
17031304
21270961
45824207
24805644
39192727
45667990
43957047
30462362
19552558
28803695
23954327
23172966
15695630
5371032
20763387
15302201
14205318
14800270
12014232
16264718
14677012
17471892
44945057
19759856
27440313
11782842
19771956
33954484
16230555
31604106
20287587
44737169
38907918
18735040
36771253
15232240
14975817
41675978
42631992
20961052
8545562
14511820
15327119
14693661
25281619
11174402
25351644
21085321
6134882
19315423
18302960
21585707
42408004
28922130
42400583
14278066
20072523
19597549
16051900
17842096
15140891
43450957
43508978
17144154
18913580
28620014
31649855
38053720
33220182
19275047
25504309
28581021
20836170
18125678
18937279
20952678
31695372
9646252
15394579
29566551
39933217
40447793
29071849
23840688
23960276
29825057
42242009
40808452
40810965
41727017
42584688
22064700
14654777
11272742
4649511
21676881
28202838
22683417
16602263
17389990
21095563
18426852
19144771
42010493
24689055
28452164
14511951
759251
20955174
29260507
37022288
24964981
9135012
23793616
29385085
35489151
38987478
23856422
16042788
22710482
41127281
40436229
36515195
28112414
33138643
14172048
14502950
17424319
13838022
14333656
6872702
15952110
35319611
38741741
12816102
21000494
14303567
34742359
13315172
19754409
14288167
29345698
29625989
29656707
25440628
9643722
20979176
16190606
19723189
23079863
9202992
30335662
10369892
18616317
30404507
14362150
29581749
26553829
29805706
18076957
28826602
30031956
25125831
22127955
23845177
17216260
21131144
18707097
30017923
14480603
17202118
21631654
20550552
15781416
19833105
19491084
15670761
19060908
14337131
10929352
26279632
20097628
31696711
15346984
22343071
15676110
16981368
34301228
25394407
27703869
18092889
28493606
27387956
972651
8453452
20261969
21806553
18498684
18539631
15839517
15089632
2569261
20999523
21804431
12638102
17018699
24859531
24898780
22609222
20694579
22132961
21328656
19500622
21491121
18979291
22082054
14113946
24933475
25230031
9426652
20266431
21231160
24207350
15518629
11640962
18769271
20299298
22118765
14339498
15661369
21714763
12841122
18611313
15447859
15796465
14826060
20795234
1117471
14842523
17932844
19983306
18513491
8036742
16263976
19870823
12933522
15717762
17152262
18833659
14959120
5490392
16753196
17371353
16092398
17622474
652193
845131
17506049
15066828
17809404
15433037
17257605
17111935
16264088
7283562
1000591
16513389
14452133
15921229
15756049
15794195
16404050
16369377
14186503
16227364
14407874
12807962
14271542
4764991
15103348
14208114
14982888
15757586
14150593
8592972
14532838
15374410
14563938
13743532
15260942
15528283
8538542
15218707
10493972
14164943
15213128
14453273
14244494
15743192
15488390
15528468
15352774
14983414
14924759
15062871
15293849
13033932
15687515
15476779
15336468
14474402
14372559
14341276
15146368
14793404
14114210
14391785
15328130
14313020
15561681
14454750
14772022
14255364
14240372
15231205
15125499
15606945
15139700
15078103
7968072
14725225
14435829
14388166
14336645
14352870
14215290
10717012
15736517
3471161
15191264
14716697
828991
8980192
15770064
15443121
15779334
15612588
14642078
14726557
7750492
6252212
15778733
15066685
8162352
15156373
15038994
14873762
11210452
15230654
14214335
15767902
14176637
15786643
7702192
5558962
14556477
15305946
14987762
5357432
15153328
12293152
14877483
14213563
15775886
8242322
14095928
1495
14646006
14046042
14079909
14914477
14494528
3636501
12189
13786842
76553
14311368
6658762
14100299
12689252
14455408
12598022
15244082
5213131
15694291
15574467
4051261
14360682
15531451
14633757
15466919
586
15108727
14161092
1717291
14093100
746323
14925933
14919730
14186171
11609972
14911557
2860101
14673840
14610736
14253343
12143142
14122876
620863
6119362
794259
15381174
15180367
1105331
14100719
15652818
14903811
14177758
14346075
9279382
7822742
9844192
15480075
14414462
14408366
14923738
15308227
12428672
6538702
14644108
4583971
7085772
9585502
14425039
14799234
6267862
8384742
14369497
14505105
14097405
10251172
14130728
3128101
7026862
5534082
15267286
874731
14434697
9783942
15051829
15484799
15312397
14190278
15699984
15194634
6786672
15259326
15332336
14208732
15759220
15026484
11975452
14318119
