49921218
169415623
41093151
140003488
333438168
278017454
20355636
221783425
3395972669
1186506396
3190931975
35293347
45452406
37601149
3147222887
398337022
208912793
307822985
325123441
573387781
44897554
58988003
195748468
195562678
2465146394
520033038
76966092
1153504609
322508230
25053299
41814169
56810507
110121475
30528467
704858544
106437148
18017198
270253381
19923638
38181347
2575302870
285690437
14786217
121068186
172726892
17208213
262195622
22754762
1724831144
304909941
976639476
609755473
15308469
2480168240
1408341811
127625168
474359398
454166844
1554189314
44609652
1421379786
19104067
414359892
353871082
2855314348
19506790
1093090866
1900338114
47594554
36020978
35810531
116763916
1963312058
15173291
248795646
80048596
2248372732
62513246
2669683940
30022594
17997940
2266254357
3212737139
2479907900
263040680
14511951
50393960
15588657
19397785
20609518
5520952
807095
813286
202568875
545371004
67596220
2243515897
15394543
896407291
702654099
72844642
348965002
24167590
823605079
209467519
2739796515
223773726
1926806821
285547859
1338796483
16573218
252028583
2166409221
46335511
60190930
164871575
24594278
3038410020
1903488264
284066524
19649135
33920667
2542132494
16735210
743585142
14800270
25581439
835655221
1356075978
126240387
19333738
84370522
153474021
325260565
360700120
79833518
28526965
71520185
2155649270
372755940
383376844
19526809
135381307
237548529
5120691
1339835893
606872678
320678338
79275730
254235974
17990173
260928758
109224937
37890617
19854887
236486613
16244517
65044131
372966585
15808765
27860681
85075549
63143452
106639813
139714843
5988062
164267081
121999629
17897866
19551148
81389355
75624446
16573206
12925072
15286317
92456970
21083070
31487751
123342585
