4438947793
4379185882
4460571373
457709099
4377101805
4438593378
4438215134
4447845373
4436859433
4432478185
4367175196
132355751
4366465515
4355331317
4309444636
4358204895
4359765616
417371448
4448169918
4437555738
4107634654
4328124140
4321058973
4448872034
4436370072
4436275693
4427324534
544669362
258425474
4045672943
4457686573
4354356915
4355196567
4353819215
4358190435
497430943
4266490373
4330269255
4357379355
4352804657
3990604032
4187426174
4315560981
4119599653
4061852054
3643695612
471616524
4449101954
4434028934
3821402654
477297178
4447782440
4357515255
4331736256
4356544101
4352816661
4353852495
3986123774
3873264852
3973593779
4437182233
516495078
4448166733
4437992113
4379413937
4448909894
4447656133
860594905
3932198892
4130546243
4378613775
441367311
412801849
4458898393
328079227
320535795
395696691
3425330602
1158261344
860269945
4368199282
2585959410
3763619416
4433756654
4394650232
4366659023
4368390023
4416816734
4427510054
574044140
442488761
540369559
4427693359
4455072374
4433354191
4444146193
4379886497
4372094601
4295360117
4369330815
4454760672
2889178728
4308930797
4373524402
4368898215
4372263322
4368260777
3048560530
4346367741
4343077709
4006220219
4354440682
4128010473
1099640262
1201190832
4333864174
3244572230
3303667458
3420795153
3068726869
2662046653
3434903014
4346925155
2317749032
524796278
4134106336
504801328
4459941974
4454519654
438888173
398272783
422741535
401878346
290781680
393310407
343702236
330151498
349964375
351253474
198380777
389874644
227913841
281339952
4438641314
4378488389
556629975
545299294
269370481
744133778
335572286
351991332
4396583838
792507576
705604741
720902906
4375530495
967335553
4455048612
4433805014
2926616707
4373905415
4374104014
2457564908
4368035663
4460282412
2402662123
2259360266
2164110270
2464863097
4217988258
4331196741
2707317224
1262459934
2545113598
124033561
413179711
82511333
3392242733
2703303020
303558347
317855585
169243507
380893491
4461970092
4448844613
997650733
2886950503
4368879195
4455779352
725277504
4358017515
4261243642
3644272883
4313907928
4369171222
4456913353
3356519359
4330059502
3797600116
3249284673
3259214065
3013131758
3151889100
3254912565
1478689628
714513804
2450469115
4454520494
612192381
4450747452
2796852809
710003317
3195639078
3041862994
4369212437
537477115
2981693437
2419417610
2262229152
2415350467
740812256
590343168
608851324
434547577
45782112
171122047
201971033
98524909
1165127490
356237222
4442135173
4425584954
841549680
534871246
444404842
339789227
1554224730
1486738350
2730785987
3145903222
4363670362
1190068316
2994967951
4359794174
2178949772
1140446828
827538961
637296758
726805722
618814410
614643737
2172941226
1674765469
1025561250
2249564828
1691486515
4447472712
4203744389
4427171052
4449600013
4381638977
563371501
4376035823
365063671
3237193902
4372254195
2305856226
4450647134
4438126753
4376372236
3651846132
3367904195
3499658832
3224565176
503097777
52096492
623225571
389684343
238431208
361355638
556157643
435408709
398432974
3249486977
2167175985
2595849487
1656679982
1295444047
969292398
495245602
388493731
889714214
2282843564
2462738876
4376712449
2790460810
1701051644
2224193791
1567067976
338675554
605740180
604959076
416033336
371041876
433929574
382430724
1535156461
3223759034
519063274
4416807794
4451296512
4378787777
836033113
718179415
863187252
612106426
4375387042
602512338
4368507737
1408862654
4371165857
4373003249
4448889139
4375189768
4459454840
4456679114
4460517613
4449320173
4449697693
4379727012
4380934947
4374823881
4413925334
4448385620
4452576792
4371928335
4451349192
4365420795
4369085475
4448480353
4457523074
4428205100
4268746578
4375062333
4377759675
4374442066
446661818
513234436
402959339
4369825463
4357208057
297701561
4097300472
4110692115
3529846942
4169603000
4155116954
3964395133
3438605453
3335138303
3582136216
3321371892
1508472818
2159342256
3272530238
3333230831
3274629750
1371146880
1273334623
1265838061
1135682610
1195816304
1177147740
2178862388
1597267597
996428593
971216298
1085538985
1095943100
864687090
942068954
286291981
279640137
190483175
278586202
265577263
253091106
166489415
184646807
162169591
63105740
52512157
17296891
3233246628
1115801282
561506938
706371979
3284113634
508929356
478060705
536656372
412638454
294633753
364625728
314875429
344849051
354658828
591265973
392456225
387977751
1197073892
1135842702
1059205512
849538508
3282703122
3077886109
16796062
1345892136
2386839098
101541137
495166428
263971835
177225993
700847255
1308556938
625668395
1710505501
156797451
23862118
195043520
2842026258
190133786
172596426
416534042
466115898
553359180
489702420
614659790
412677035
342849837
382307784
985150201
1107728828
454600376
469793695
542992942
322209235
476421228
164325501
245003470
145895963
66097063
69987720
270149121
147612193
1369697305
2346070566
463477558
514119879
770620627
1584489433
1053527024
728798094
2334410006
2161332127
2436168365
1180859166
315519067
938309354
462467824
433698060
704248482
1525714512
83248810
138412007
238619895
248437059
245605057
271739229
33658369
114642242
118910021
75842850
636651830
231994455
575032372
451034676
807383503
720522469
834379033
758049799
410416132
347994293
433870232
329401497
322788540
26828526
1463574756
290040380
606075924
1455741937
291468259
30157049
566447083
597005730
572392491
581110754
577583568
622938805
2364937118
867333020
1353255943
1338010986
1368132739
891798014
1054051370
1322036334
484556458
502492405
1000079294
1414665654
1436879755
1431323160
413605404
413598079
507873644
313662681
325321712
290261623
331133400
273193836
264587500
168327353
165142831
206530042
201388815
240132740
94446878
162826353
867265417
855607124
848557274
881015408
797575316
824434488
774608737
459201415
440412750
417506899
414500662
427563950
404495227
464114200
457931243
472457657
403019937
422918805
417567729
448189678
471522825
405300591
425250525
433069917
386243792
399690121
389790106
371375319
392955781
402435588
386601496
499490742
465244401
377717393
349472618
359202724
380591404
353843767
412775300
411975965
402424760
396858710
382354694
367913446
328263200
347552216
347063262
345012989
75455990
90774699
67911796
80453815
117142924
69313331
34832713
37817925
54954962
61947229
22686121
24087796
25435808
3353149634
343019745
336294452
284811797
1340640284
560018662
496027393
4340497399
69809610
1646339984
1287533652
2205227006
237085829
606860016
606564079
704989876
389199261
173666566
63445811
46225176
1038751682
4305257659
3816065055
1692932718
4236548734
4275633863
4260268035
4272667887
4161055277
4265043195
3054880745
46245097
3259801947
418398894
554541392
1272269454
4197888374
958143692
511428975
3256068583
741318673
4227790961
4228483042
1305437486
345196936
230851795
42270268
838685094
411094221
458874463
83939181
289409091
277209503
40757687
182638361
187371199
2262229495
1859150322
21631487
4216469061
4223588894
4277411479
451136428
4217696565
3098119691
4218703709
1653280074
334748245
1317722275
329313797
2689691854
331988589
3505130486
170299089
568245432
2573110614
251744588
286047026
126406947
747365984
54699351
924471708
362339933
226253484
4159004129
2349258860
3150561535
2818976606
2960003453
112865613
318051536
3482832321
3273213650
2785641789
3398191066
4164438734
4181673678
4164337100
819986124
1219656014
452723945
608033428
382562689
571448107
309391012
2216180679
100032336
135985488
169598373
1287186709
1309042988
336333536
258421888
540395471
487045180
299959949
172459628
122565726
49716120
2786796863
520057894
422992156
3976705829
4118155697
4102690649
4119411251
4112486991
4119250222
396252770
39609592
388383643
594163962
4108552516
4117939339
3865048275
3630855078
818196816
4101317051
2440255559
3440157321
500490911
3412658987
2699806681
3948718378
601369654
4127406014
102678954
443430244
1646326525
51379977
104325141
3070407880
2416661388
1409252148
30822016
2454419568
807861006
1104111013
2163466770
2193673950
369740520
139871723
496356061
343837717
411800352
155998974
1205688025
2363452344
196701452
45856722
856988582
2361845150
562483246
2593669878
30788000
1463699906
791767992
468443315
339096776
417566134
1851848365
1007365626
2289048998
2279453047
328250113
577151487
1403292942
180117741
60814716
219752263
218716339
979495230
329918376
813284358
286416880
1446646106
270565977
243337942
1326149028
249301792
430866648
77807065
268003677
550568663
376455525
1128658334
382274193
56911387
469535361
554688745
113791336
258113140
768320923
1377755286
1638661928
274089552
270959205
290643376
23976360
278628922
362819792
71564477
373123462
633943406
436371918
529449369
792197126
930660096
369189370
1707559944
474110632
1090904126
1431047756
1350414222
885508411
447377311
782967612
736031629
138154252
291301011
808341872
1711507746
600395423
778523551
802832258
838679582
903217220
1236790742
515043438
88031158
964915944
713172842
1195287649
1112858288
431110986
20421481
1908975205
2147845746
912511736
428584091
364354593
591351501
382839410
137562895
1166833332
1220303300
483530695
766531386
1129238497
546425530
1090247845
1099999620
67832605
19001806
29280652
45808492
25306334
76684802
27475128
28057764
62550137
88676393
63281577
119055738
90774993
74053630
114144895
114586385
116642402
120478698
115727257
55594333
121618414
113472895
21347152
79763771
122388284
70177894
110906668
131337020
118531053
41822416
30291682
49625381
23822470
147657329
83525469
64326784
41002849
164529652
169103535
26526995
14834250
19976756
179266702
23770502
36742781
216220252
14716342
221237195
233351026
256126840
377069878
422953023
336639039
547317381
357696650
75341009
1858938882
61210881
191971218
261940759
337901725
282355485
273743701
34595491
410477452
277560892
363953801
292061996
480975248
293046621
1354708891
229103879
598990971
516671087
319306932
1259732286
1262411510
568398981
1287047989
1305363258
563888687
1372253347
1373608184
1408592742
36980169
1516712197
1566066968
1561359644
1246696946
581980779
1586360484
380563973
222026830
1617843716
1254904982
1362055926
19614067
1727565792
932761597
974314219
1346874840
1910216202
1901987702
1942330134
1696458272
479226676
163633312
446434653
1663031502
231501766
226669478
116334741
1687311542
1494660336
1104273607
1663692457
1641140737
1129001071
1720080780
79777845
1442658271
1363148214
44528500
345607723
148117352
25514799
546178549
462667629
64603724
195216192
188018555
281104933
836470033
36290942
24328323
274676272
1400047549
55093356
256823860
15009986
37073148
272750245
264463528
309462370
377060778
39342818
20173386
360621285
277172290
331446750
259514747
452740798
68781355
552872870
301788040
201117094
403151386
88538420
41677048
280682528
165222329
49236049
635713850
70233063
308851727
88547582
724478300
51257996
748440043
256109583
756656377
213178625
501285214
31585866
729140556
406300939
373208401
238359367
281777388
311604431
490902239
369119848
101871278
1062122869
41003547
298564336
280671426
975097009
1146494706
1173272035
370863859
471553761
1270462825
623337653
575835206
1220343811
348222591
363750421
261091378
1287400795
392506739
1035481256
281354306
351448627
46277562
399170958
341548353
477205418
293266482
1201478016
40318424
250678290
491842306
558100207
339924762
202258149
318487460
100534861
567207037
87599123
103678590
101366903
954789350
215721293
1579092625
455145992
830329321
1581778608
384048120
384116501
413049874
573037085
813865790
473230795
1170323389
747269550
785500332
406489223
57345124
208302569
130694657
535403632
320544257
273263386
963171816
1091206916
399903482
702080665
486223105
605761692
385708923
332472192
94125292
173732998
776682331
428609599
75895691
49549651
1546487030
370867172
575923860
312882406
1126460690
731768076
1194894451
36124428
479873225
368108019
520879225
1308178112
29924101
336877588
435894389
738248888
252711329
1115303767
803643464
748093296
768087895
993340652
417387476
404893448
31220886
22699777
31198801
165249171
51572606
137580951
130686234
232380577
22089103
63266353
340615288
136894972
473543148
284142437
251239729
150473481
54420203
49331803
513982448
275855756
85994238
506556285
34671354
93968689
19479061
319583173
1013139619
478266226
17419587
337963859
103656689
243270010
177417560
869340074
96382075
37215114
32269810
51502297
84952959
435895781
92813849
241575856
81496226
88540321
227025878
278726873
237508935
185811039
601047981
291980839
17429927
171125422
317324782
224324080
717282343
301152831
324107634
155998454
339115769
170776997
190326123
367277422
59914355
148166420
333822405
365671179
178415019
95979230
23013859
424394215
66160421
332391307
196420134
96683828
196862977
193975419
735088482
484883678
191310447
378916700
169606906
70277506
66177818
76085457
242634872
72097582
385086330
205732297
109821529
212475347
1421574906
413533544
242218413
29516765
624232486
193001408
42485620
359432810
76334974
22977151
498356632
25598996
61252890
1462874953
213916001
19936524
111406778
357117741
399079262
220467244
245205378
51636353
111507071
204825190
1167663829
586776385
634833718
363412919
166588814
705284342
186229359
732949338
46196827
859396202
237920296
435384331
480143233
410118769
281303064
186687671
1096817816
216431089
430219768
199177065
416579728
281712446
367036621
185866381
335715412
44230862
133987520
239148610
76477293
32093063
93795032
1133079631
474670983
15623774
60967371
34022116
63845286
184904510
121018543
117485485
339461713
23521141
137453115
340264556
365659238
70163409
192700016
459619958
193023545
67012191
287489863
468743847
385649934
398172822
44285919
98934902
1531200103
24165047
352677489
90963432
179991970
191960759
1002661460
425234971
118836927
515179221
462662359
62202484
462442630
464019193
251876127
36400166
478278354
73703616
316260828
89304642
308280527
86269227
213415021
266459812
828322254
30790376
62883838
282146114
69616251
23380269
243109512
221451364
117575869
16336385
52764351
838486326
255830717
162861978
28619517
31573143
545491714
322965670
55369728
806428616
372107796
347942327
429462504
87534416
593870066
464122075
48077625
299904917
142040889
772330238
550500126
78576732
522871910
55434397
52837818
355296930
40593586
236499183
308867465
87396131
105619738
290166988
109145401
381001699
467624579
210971939
256829803
21037502
67235358
1097040457
269523604
373687518
37423234
325229869
239852240
354100500
72635518
459971384
63618376
28286559
116849043
29088219
158267264
14179319
277338536
176001747
87255853
36881099
15027252
83631919
198037477
292569964
380205786
470790217
281287030
54382990
84776002
213427204
485076225
113241037
60428673
331353102
877957831
348914569
299378058
985740212
724472491
75600923
95158628
41379159
831951032
69334064
430030322
109070433
482474027
246495865
223278069
45061176
127637434
90921307
91218831
480080156
867195781
178541517
23410016
63664856
58906975
453968022
63690244
246519822
1268754426
23730842
114973805
194658376
91627320
80744523
309937382
304642169
515580499
107810704
27398087
167503804
321585056
392510849
54223015
212259180
569701149
744010892
172824295
97552894
491310605
355774129
27390322
47427860
1093309315
425156100
1286467093
153475135
217953491
213778861
162809288
28421018
437053942
25529235
79858064
183263166
233761651
365619302
101385385
46097093
58942794
372130864
108097960
19667275
515649371
40407560
243507563
362638963
377761758
253799415
1138994868
245051691
191131434
1093779493
239894104
625806805
278156545
378167748
290624984
630462881
14862213
230287777
1564298820
242090120
330496178
15995788
163953520
15782633
1606264344
1589235847
1602176827
885322230
502107333
1578234650
1184510329
354047818
68897692
331643692
104281037
1611126846
239983044
215853929
357861866
32511133
420662191
435360280
537376805
453527203
274668554
138114662
262761570
47986352
60836790
42891940
395534958
278793895
89505255
551921504
58289753
42651469
28261171
226363001
100943024
377390795
187784084
193417891
255914539
70202657
33697395
108083125
383034611
91931325
289441577
18902575
16035690
122394921
20863787
39558396
52131131
732458100
42105608
18945153
70999696
90452330
14706073
62446172
82664565
491883247
35278018
418133403
57653418
832480242
111045143
119560406
31083038
341905788
375886908
308604998
282226918
67943035
182068731
49180660
164037948
185442921
178195131
345392932
133043636
365784900
274302284
406751882
55675393
432073346
313165809
488794198
292482700
338806164
413407628
137814676
40957874
220468054
240806716
136356665
287498834
253698613
1319406613
273100087
245621570
18010087
187540692
189421518
27583003
344845446
133043012
44669865
198984241
311032856
90474943
251934288
388606885
1371477199
214592315
1220123593
133044117
402423484
27730633
14457613
219459017
351366418
1385756630
234147129
64078637
102301391
107547885
76779339
64991205
75473220
82382931
72086053
233659134
303839757
189917618
21441706
26825852
35822663
1258145084
37437937
253097172
706510016
23248294
88770895
