3009926619
28354758
73848396
3430207343
3320010078
418981483
174988998
7285922
222113299
3105626518
1712178912
2256202097
106419866
427036400
2195241
22387220
47469109
144850785
281196299
3034251
13146722
2132641
19312115
15827690
8479062
573918122
19744978
16261707
225847395
14269152
15987690
14587670
18350619
814253
15823646
140872924
16026783
17027590
16222904
22278197
24421464
16131833
19040598
770729
202003
22843337
21584893
2223589355
147300443
14492722
139193277
16189750
42226885
53197407
247273635
107521538
1465707464
97430501
67846470
304077388
5414532
32377773
132872083
250821575
81835722
1290890174
2998118872
23647466
30626658
2836859779
714261086
96817209
256093789
10069172
3124658903
40529679
3034305089
348954649
19897900
2853461537
425900458
265971840
46677508
365389938
60858840
2385003082
389413585
18626425
262702115
416531998
1467074696
41549162
53922415
312911301
481903251
3182023337
113130846
14761795
93957809
12901712
49736166
39099783
34593595
873060384
75684570
173044070
185808487
1289659068
1465035422
14832366
14482087
8531792
1445764381
863049589
52397924
98591927
17462475
570010066
756663230
148086529
5376902
353789193
1619967589
518644956
923188585
36160672
50660291
575363762
179707847
28526621
1462726674
16729453
14954808
344898698
32368497
190021480
25365184
35228407
3107373729
394560069
423518182
822954541
154810641
15426849
506329924
17548224
48113708
132444513
397491424
60316831
18100773
619456083
264932913
15585596
399621704
843334129
291586556
16690774
26321831
610196471
272926719
161239624
233770033
1327938469
111625735
25564520
9405862
313885798
225594963
224250291
357181536
398873811
1144406702
324259811
1537620432
21288556
971064643
547902144
1376977280
805904215
24203304
24889319
151419340
58880670
396445047
14556184
996487189
47905394
19056979
34647317
22529901
19030910
508715556
941686879
252794331
2814719353
44470710
385738597
77118134
82124760
173755140
1228915560
28314117
85112093
138354055
410174968
1059048373
20801027
27177144
57580220
60076847
75982652
107717799
28648780
375466239
279461327
20141528
67129529
102428783
17069267
32464910
55612502
26056104
17379054
54159481
23324253
362634077
608369053
40025354
369113999
156398443
73292390
138890465
201156321
328658556
1218666432
14277602
16892555
20143523
72880210
81458641
402889757
19262726
122303040
22139344
480513480
50471279
257262998
280140190
15149632
18197800
29981114
57355313
1890901268
343626522
1362959900
188573199
14506257
18950994
565102414
5533262
57152121
63841411
833983921
152580773
243932802
558217528
800797688
73216742
14063628
32584631
23465996
293897185
1947919622
217456846
240386881
19274923
88208721
14982600
128218482
1597267676
53345746
277802064
1532664780
16990034
17820833
158514079
765073160
1970038374
25924482
39969137
762366474
168873399
259229942
69292696
18543018
42490423
1594015298
14095622
252574544
23876378
20975404
27643050
51462606
58619597
360784384
31596965
368878572
233892655
99160341
398767889
87833443
595057453
26421875
19784544
70011931
1272481352
18808338
82953607
526640946
1949420456
242023647
612842649
28171699
197732939
30498730
190280019
1314250963
112676001
158729054
14231597
1606182450
40814003
179857429
16502488
562951871
90186369
79274717
1003440223
270330747
171325395
28652274
63166549
197582865
1054076084
27927942
726943982
1372210598
12319192
34925524
1370107891
21045692
110217692
199373630
70502013
409381435
285513710
21703561
34352487
68553586
194644592
124992777
382971801
1522534784
20121301
31236444
14614027
16127390
21314799
36025637
57339403
67399374
109078571
145164405
1126380150
19618756
219673722
471918311
14724710
410267894
1894994076
23210701
73940383
574703655
847827240
14119715
34439664
89251360
328422844
589408945
5559432
9941072
14698736
15119346
21216960
14239085
19150639
25298256
124792520
17231110
28195467
271873721
631136018
26843273
38479849
861273260
1040133480
22497819
18878415
22167789
90771610
1343468034
751996812
434965917
1571102605
18402622
54909573
342957470
711538602
34689419
24292277
18500914
45795865
22913147
305076272
926196912
210825624
14139682
532779124
533641335
1227989845
1335893905
49629565
112677911
160146943
961999681
329063455
47376709
14209196
112990280
128487460
18939777
162739055
561728347
14947474
19188997
30656470
1579994467
59609908
821947350
137464801
224399922
178282011
200336992
438443721
153753339
52868382
541804071
958890146
35381456
15691838
248251442
14225267
24775410
27814665
64844802
1236101
90142548
14354539
862997702
10781352
708573713
9299332
23876003
224729427
165498315
107069240
35089909
388578967
25810281
20860888
9409452
16309873
21983158
1459250438
1851940964
856450920
17647563
418403252
54655541
20611924
109810008
14827226
25273882
32173951
15590571
17178655
54356637
28194552
37276070
29716285
111725385
933517111
22209987
1219991
810782137
25816258
19125596
22019914
38949981
19551928
52684575
226019699
5503972
125536787
111213610
603884155
1221965786
199155913
15824817
13220032
25484983
41801537
105223006
237800273
115096213
32335880
31464643
148373821
34265933
15782620
20689671
1845520358
157002339
1022176598
1496260987
1603271329
1861505137
70898852
296276412
267691427
46792844
776304811
1588901154
15661218
259218448
15644104
160643546
1152482106
1866243193
11456642
1120299122
18027839
30042734
859648872
313376557
45346428
364883834
36231371
44180577
61559750
703977842
1513768800
54637990
391273542
1581262692
28355566
809317728
246707627
487438201
6581522
435951628
18405027
16206878
8117652
41776598
395279518
62865525
10334
30344426
177804013
1182143202
23993
31167898
36067864
93765491
98462173
186837236
1201818626
19309610
51883798
320644946
496212686
13913902
22646768
28050309
44374064
327825240
148194284
7271232
48449302
56013284
102092457
425021073
1961577421
17920162
467308477
994974607
174652355
25767175
17710457
199325502
556579039
65307650
1338733698
18443874
24417114
16012310
43065412
75916830
93174979
1922743422
887512177
1343043541
9741862
14454025
45810412
1005229346
173143507
219377249
314365677
537307773
619468980
141278024
26810047
1304831905
1583475396
66990284
913229378
1967166660
138150238
525732802
1658355282
336417708
108738295
17941850
15301879
569209566
262364734
50393960
406610284
17263462
28988787
1284250644
16806087
234529503
84220239
722476998
2274921
18893160
268348280
480564709
349053733
6840702
10753742
61846151
65001149
75008735
101184426
119794572
180548126
434126843
1388691776
1943201168
521486112
633879523
19788536
260743937
31823382
14083515
219082629
105869281
141102263
1080527738
13993962
17540126
731344897
706330250
7953122
372779410
602858452
14222008
19785734
239881043
543426059
18702992
40629535
1537361982
19742429
17657031
334241684
409353413
62549896
513801883
16280436
16094970
39730284
10841862
432823127
586020510
18031214
109500910
147423636
147696114
284598234
1024469982
290814799
15844153
68419396
325838718
400220876
61998780
265279004
421104548
1321706425
507442761
355677187
631206204
1355782214
56307572
24665602
332883851
1912641427
24391244
1668307418
377063442
1120064580
3530491
121740357
155339182
16153612
21371768
19538786
14798336
34217851
25176159
18260171
16886523
14645807
42079656
393440751
468074008
467834328
615182800
497349782
17549947
1644801858
419671703
1514958176
68455730
299314664
263187637
23836519
30412979
20677195
364248428
79527202
136855203
548562625
334382544
121600436
169089681
1410194802
68112465
17902885
88276309
20488290
31299086
1975356590
94283635
292521498
624865844
910694557
17569563
41627538
1954391101
390286386
844295491
1655367061
55514772
35748435
306627370
907754089
1969625509
33001408
26484622
71224614
14436613
621816548
445417338
64652123
373942252
23238057
267925827
14253238
50104523
890323814
384407795
1206779100
482483379
17291373
1573873243
879161563
372784800
531102473
717904784
7456262
226319420
8856332
414924642
63231603
200591698
22877000
594516179
728936576
870156138
950943978
210381257
27483943
29793182
30280532
138761014
155873188
511329796
133351159
156919949
197483178
460135071
85413569
18550462
12001132
294731025
23833424
52889631
96804525
373567445
140896788
62364923
113036231
283593574
37488322
1101442370
319858566
109466417
15248019
245072236
13160652
140342841
17221943
394480640
14822401
234805857
253798113
377657750
1059118874
789041060
833423052
76400757
25409000
65061988
78550177
18343117
1070283834
48262345
16058520
22118853
154421889
86019731
297122566
1619856230
27682844
148501892
1888930898
170757344
1076886757
90675493
19026933
61924958
1550401393
18270981
21885111
365209809
99426916
19435072
395249282
51218077
211647387
9723932
293715023
177501286
116391774
168424772
536880162
831806785
1146385782
18801436
34985147
46577938
242641087
402234082
594755496
821107842
17437583
22156967
141193180
171212714
289458801
311541634
401961056
1427913121
1693447446
1955319079
40257233
590145171
733231933
1347854892
948945578
1289241469
75186957
188524700
44706235
399286293
794815
15635504
1444227289
21768817
1609060712
31148048
17157284
23455791
1725712878
499716546
1012715149
339167841
15981060
102025211
98484648
16687264
564922098
13719512
19654443
16338168
5378272
15302201
74678179
107780568
373903626
25283593
96160764
224757472
348753009
631395702
1932094314
12306912
17481745
100455294
370209175
19023922
25488066
32961818
218547812
265866387
134190356
15756120
23013151
189149357
497284694
215124203
433732413
1289407832
16179783
137059556
64715664
1097004529
76832673
1355158608
589118341
152748479
17771767
22539217
12221542
19437113
25343598
809600
17798223
41268882
1635716455
2894261
217731936
370314644
1636757636
42631367
244067557
7661422
22891917
198659852
1491151656
14196189
30963
1599965497
470402184
585100333
110655017
403991089
8789302
406288363
1553409943
1349310324
56072206
17625857
15600742
13678192
590193556
9867982
14884037
950480636
97292253
654403
172444533
21875520
75988816
95618310
23693806
23768591
24639283
44598724
166405823
313357266
1262159640
1422522774
16508074
29857944
73617781
73624511
20322655
47443255
224031165
17726901
117366722
348429141
25829215
1660602644
839586950
35232828
15809724
18171244
273010042
288030043
493248676
1620534235
74843982
511281425
327404886
148597843
22625320
329360967
16054093
56458700
68206034
15224565
481792293
796363836
1079655949
21373123
51231899
327231914
395839336
19355538
146698391
1375627256
1690819333
243520803
985892846
150319337
15233586
26820772
426449377
440978471
72555182
14498878
160134542
21347098
18434717
80854249
294960341
159770710
15929073
489926033
1852053517
21996790
232918353
2445481
19943410
14347747
175353642
145669736
1226909130
27303581
432357250
892050422
18866609
55497533
34679267
52213167
558991308
1638314162
156691612
161687476
22937984
23125152
992924731
15882567
17978183
28866666
88392657
135790319
21247828
146901447
564336016
14854407
82871980
17657334
79990503
219901798
240962434
130760193
15436011
103847453
8171642
36696293
375616030
16100587
1611000422
56986209
1244148330
192161903
10238072
409923001
16658723
111221301
17353658
19983573
14724142
573686372
1332797402
24600719
760893253
18890229
41687270
1873608866
1536879366
1615149145
14108665
592743735
31877091
6879682
15830515
923131357
23015938
1368137498
173149396
1201876490
86489251
137713875
81814233
23430414
31167477
19332944
1059951
88535193
14317603
779050
16242081
5943622
1497
510010138
210294450
738369480
21770050
370156398
552106550
16259586
912997854
16246335
47695773
23338227
45422815
540322428
94521381
171491393
217346703
50349451
18213163
56341262
160230813
95417799
43921953
233391929
162441131
19515748
413568227
1170341029
14603958
15735230
1719498912
16133843
422236944
46740603
6159812
575578082
1267351603
18462961
27708278
581121406
18458170
381504847
18559803
19914997
815888
1252191
16426698
14295486
18300375
64205587
488314788
1229187984
1044922556
17024529
12238842
1691965686
542026567
10790372
13059082
295676754
1322052049
205352872
557695076
239296343
390073646
37409422
139538406
244838680
78041631
325049012
1692141816
49640078
193666382
423645639
1355267521
256252168
282552417
241350209
15120917
472151650
871611518
48089768
15803530
15378919
38170434
219606605
113500151
103974173
17249772
462952911
35690788
574732560
1471276669
147914621
222871118
23595720
39263951
19665360
21875793
23976247
23954230
1132125410
544296187
37150064
399943494
297424389
259370247
269754756
553389027
27122720
144459560
218831867
215166469
899982440
12425472
26386354
81041467
141163997
121542608
126696025
184104962
46406124
361774196
72692279
387758289
20905264
396710474
548625203
1452467790
1577019044
1633607916
29991203
401097893
1375371366
199582555
3686081
15927260
42417984
319939740
1187966880
19995471
194786273
22860615
467452823
1007063857
1467878437
16084437
16274257
16671176
318318418
411088326
603094930
1590037975
1834576148
63149583
73373405
76471168
866179514
248389120
47418183
169927614
17827236
400093951
522559604
21244156
278361827
15888117
609507916
164640844
181997079
370563413
14877530
70426175
189244565
87204346
372220790
415971814
597054504
64149875
14422995
6731642
46673695
23876361
75983963
31425596
39547213
65727468
251634768
62647841
16797684
42103712
318060176
479797386
47924834
1227978902
409219815
545769844
81904384
490995408
24178266
902428952
13546032
1043586799
146836220
234818450
14451307
573159714
20866214
29552638
55735887
408063209
193931137
231292534
115603451
25127760
8829712
67403735
14136669
19731621
14071045
1908675830
37697873
46509768
170672110
1656778566
51021847
718756777
313666429
633763978
68398507
57525587
1854373824
252277890
1624770746
75581784
1118102820
110183557
769862798
435148406
385330150
27153231
29959495
1427327562
1606176973
584024413
38444997
993437552
1191958986
349794952
908349398
53244592
16753662
371174322
1914216420
219597364
63074473
1920091782
18802273
196400177
1409178062
29114809
608483780
17228689
1183468556
246310223
20649501
37260864
22649754
233671629
741431503
884245274
12438422
14879580
15048622
19833582
23279207
297384751
1286102160
1056074534
26867618
47866630
192937458
21795208
1670236159
3003090659
75789090
20880633
54525511
106059182
15186166
171741601
21383096
36349084
374477303
28687359
44127783
827699005
92750618
241523948
138008076
762795049
29809283
6670812
11936592
219837592
321594453
32130358
43229188
409624188
15854423
5526792
145827800
26688109
8820652
372685164
725374226
216028572
37859965
233507101
894938347
16100969
87109754
366805162
1196651546
15726399
1855182570
67499940
86545085
50517962
15329257
16252218
317020609
89759989
353457568
380843532
613478541
33504213
592989372
14787883
267372082
270613198
22182206
112488478
15208698
146556989
12113292
16010637
789751
130119385
32844068
15052303
286265668
40042413
19148819
191731297
319590522
464111773
516523940
809406170
1452751082
16967962
25398670
43712495
140656697
468358746
17500632
277380514
448166145
626290250
10463542
15716207
1857636306
14880425
14770499
106539726
704818274
1683225625
242173339
831347360
17939865
34459101
63578926
466307267
75638085
1684440804
7159732
1214112386
56779537
103556981
30628220
14083297
216207041
1674686574
24453370
623848831
823020558
24764259
138008019
107778444
156585894
206315093
252738518
1043629212
14937325
131438419
150809480
25031633
27812571
1548485514
18244310
20167397
29972407
356131099
104771513
16036532
73321614
155227985
192588383
243107550
360751666
606598227
34236761
591154883
876447756
1424081479
127212235
1576931762
19756033
968935716
126265741
30538581
514152540
141762709
18293218
21781793
1292856452
120024306
901948632
306983444
63507324
378570848
386019108
131226566
148327609
353580775
341391518
1376526007
149571916
20744078
471867796
550756462
17481418
1588992396
14456310
48481824
29204656
373397618
317948223
44669222
18634479
634732545
14767983
19769775
18999759
202464486
935943079
354868873
947359254
68396108
20246575
15245661
19449236
790792927
110478017
24805644
14211463
74698123
38267567
54519080
96343813
156030078
263676847
344663866
398437134
14535894
15005731
48061958
56469651
118929461
141578177
153799870
306958971
547202585
1093168932
1353885320
80533470
163557128
392292120
714719300
157434563
1096769214
552166372
288958984
1112536400
1151244667
15450776
19576157
161943342
31129627
85590279
211425961
237120931
314519091
395971237
557440595
988592071
145640515
129717655
352680451
58585210
18923783
518938910
21922575
34390936
17753041
15124941
19311403
417824487
14519015
21005207
252166079
235081257
1468808664
282190023
437134226
1407381
14945488
570519178
1244045996
589176089
539148924
128573979
37034657
23814183
548923976
1099558375
19664938
21180539
21870046
25216751
144723896
336790952
365459069
285458712
1018846544
18579283
19065008
18537417
184777102
535932595
115123902
14164503
780075
82825318
820088580
47934276
80895456
19819863
346871720
1433892955
1911615685
17701912
14410543
35684503
315941208
424399071
622091758
14843428
505711283
41758363
110219010
124201464
465402370
616436937
868548102
35754014
80801275
306358697
18981745
367261726
513660968
1022650339
852036882
74103735
932938872
109026566
100732079
567563466
248637894
361513269
577572681
85347530
24818053
102550846
48595581
630269694
41935315
248782716
332511619
510812211
18048671
103088994
617302507
719472337
1611858558
1648265072
1863312992
35134946
49850156
164579364
903370711
1906594148
32320985
196158543
794496330
860670786
1642871348
38158192
981866658
546169950
166766482
228273442
28770386
50237892
85965941
75654135
17384380
173453610
153932155
219007465
24375595
14318960
142816337
283998451
115600174
18036497
103013717
15728275
17287286
342926747
18625049
220446802
108855409
291941316
8819182
16191643
579959183
290249034
1526061026
24973710
39328599
209414380
289718508
17165914
30722496
19268295
144844525
162102030
159327544
19593572
14651834
16695057
93972605
197222147
14136886
63385204
231015329
18333954
457809470
26203709
40909365
24153098
21664894
16945575
401022871
31716155
265921496
14878701
17555441
450687572
37453678
24374097
33206206
48115484
38658522
284501533
393397989
8485152
46844484
16914303
17392177
305889040
963564206
21040723
99695339
212911979
282087400
7867662
138196324
965777022
1512536762
1144885416
1430634415
320928562
599414960
1336125932
286766394
14881378
137196736
707816401
16258659
398830344
27080009
240871590
18617604
1220181
33260959
951972434
344183415
19414905
103904730
18854635
39358333
114767953
438092079
728968195
15446917
66842669
207512568
283037640
315966660
357653715
2270406347
14134929
14529381
16804379
20204629
94542376
1947288798
20921346
92410312
636754927
1961416795
35707893
151170425
86170938
170560860
14218923
176056854
138668921
74474475
2192010095
22594435
36565338
563894228
211122484
15773762
258840610
164398059
16874590
17498059
968856324
126306005
2340821
16828265
216323
14885695
50632035
17129454
183607318
369611319
9061222
106356132
281647007
369029151
115079643
18796862
406434434
67284930
243560509
156666863
35805542
17604473
1584473832
34161702
378116920
410426987
524524821
15515978
98913886
605554542
14622638
14626874
46729702
19046928
296518283
612554024
17507373
18673034
15719232
61359492
779253
29807370
16617061
264268489
7480172
15014405
80590147
14824064
21124888
70533620
341294999
1056886194
14656634
538623058
29005995
87714254
18567754
19327996
60102298
15987732
43194535
75193123
25736163
211362675
1357819080
20514541
23076651
173851488
376384988
55661261
19567344
14333460
22543404
413456941
24672931
25492496
17718867
1317763788
394113377
7905802
1824111
987401
14369688
17267738
16799074
16670949
1577241
8973422
1428831
119480392
35066240
1564293620
128799024
889697736
308099364
34413442
541596246
19563585
284131185
14561636
1946166498
1273161
47554389
15143658
281218334
18321606
19270896
19493620
32933628
50492420
281917200
1397137968
14362206
18843840
24540827
28987969
34852008
14453711
28955000
365238821
430956193
14469946
15650270
17997483
32911780
1110061632
16440423
431104898
21863988
70725931
424929677
733661322
227900811
36310864
15791098
14957485
594169857
1332165480
38727017
28505786
418311346
107041803
81220255
48754837
17369410
92238466
206317539
15871090
23473616
6643802
42060725
221419469
805718
29397093
133775521
2526461
334670568
1219751468
27483645
94143259
34879802
24723663
339695200
13662232
50378088
19983872
21881677
492370557
560967760
585939547
59705943
979177106
1336984615
1492456590
22339941
1491095232
1719781873
48618546
91965423
351848007
274034692
1648192310
18326343
15588825
255236525
451855076
736247384
160705605
28816576
46587980
204970836
30157023
186751861
293575168
1675659582
928310628
21842105
171048293
15785247
159428811
1007938482
7233992
160567887
116069697
45749897
37073222
1547803513
5712532
190381585
98242930
20674990
21936373
18106050
14717094
23116060
1864663706
18378289
10675862
15109792
21989456
44131917
304592475
430522303
26769080
67340434
19680695
268723658
466514153
280110533
213914370
14371351
80314815
123100631
32382727
1957568797
180473389
398881513
14193170
21108715
5848282
24672668
19761654
40336874
34022297
19236015
406570787
9143932
16377749
18188365
26203024
117128823
234762432
15832120
604007770
100346356
283080534
1547247097
9146252
15693950
232786745
276157063
76145373
234885856
1708341091
637196590
182961400
30460522
49421336
2183211069
25335635
80940650
70388173
164062572
678663
13340732
1476116586
153962533
233488302
908764998
295919134
1258148269
19385471
13285722
15287440
14562671
360781272
19569030
359515879
54528622
18197867
20770215
453548744
346246528
2205309107
1369611265
130844717
11349102
104337086
18478480
14357626
17410689
20476532
43607866
116903742
14875084
57334102
13693042
25165065
180004078
19179268
29725366
51043757
19300315
77331971
96703996
222160849
1605176011
57560922
240388365
373475259
9419912
232649695
46686796
1084538815
1184734238
26953029
152076536
285775094
328255884
410125730
18116886
25845720
35513423
15634220
160253953
16563246
63247237
14410679
142629947
9285182
18765646
348675944
1262085350
31721134
6883572
798890670
34714051
18359616
38787201
33091582
117517532
19299292
959060456
16340593
14492357
107644537
19380198
15167351
190749021
141714000
17810288
53729206
50414621
254582518
14236683
1589060250
15834012
19290654
34269402
39784205
21821291
16617688
17201158
19200879
60547447
55336335
296162319
130815325
2924725121
777707592
32663509
25091128
19224327
21982526
151688952
19929828
67378195
309468702
130317831
24168583
14703185
15357143
14255057
74127814
202256857
47461501
14517553
227107234
521385623
276979064
18439831
152002540
346615771
101517570
1597515800
25854406
999016076
49234563
59444397
125579170
8079392
257094996
20679366
28106888
252842039
1164430124
55373712
41322422
192190443
8206602
46491245
189232930
11171362
57178964
14927707
611613
15254679
1027426651
108615352
40492559
130793724
43129328
79082352
14632470
27878891
211154175
17047248
200071076
260494836
29722587
24931841
385284251
221153238
540692258
1628651196
202554341
28386339
35865354
338261277
1084359577
6743302
504820241
1139767664
14341853
21079398
18754371
227691474
16366144
50375776
611076925
195270602
169518934
15715242
7978322
22264794
282827622
25960136
2243161
177134811
801029558
24961070
978091922
24457403
16594579
918918535
15491093
104450201
224468364
500377245
1635733381
286934687
41865509
111023365
492417575
170194197
20859174
33697008
8729822
113124013
383322064
772417801
316875220
30192109
18249882
56690354
133796542
26633226
16436305
39044905
68963603
70769712
6609822
15174158
193066470
272674112
24529292
447774896
53115510
18964783
38623630
15137512
15456079
115306438
108595173
17967185
54570415
205037770
16224453
61503542
130913742
520551039
46381467
8915162
97251156
4513401
167146046
14680484
25490504
36677276
43969788
7984722
184517281
189474615
14094882
14411053
141924203
705143651
6466282
17466542
19578913
2715311
11384592
226085885
775694216
308921323
107661234
17484046
749902309
14516991
48446760
1469245129
121331250
147747555
191029020
19368241
24915870
281611673
310061420
1480967030
133232715
16391531
108649244
251851565
17736751
18297543
17222476
15579389
18350887
94250485
82303188
10742962
29326321
15197493
34798476
32934781
176184142
16449692
171119403
16879661
7167892
8695392
76169937
405046828
38084614
21387913
873201
7595282
17563215
23032725
19090219
171607002
166203501
1166656939
134700704
68592846
59872846
47202256
16117481
15452118
15438213
17028393
34717352
16920563
80041952
23765109
319246523
44361863
15113529
3532201
14086866
11922532
126430870
768579
6323932
393888342
390628756
250797014
161128380
633287684
19047089
1428253686
570647051
312875662
187347452
153792929
742976628
1560200911
180723657
89450951
154407735
15687977
1557950334
200892586
295321475
479155183
269951402
1731314083
6323052
1098831739
126899523
610733429
126231967
48337271
212981315
388255476
124197661
17392609
86456396
65617648
3224441
135596536
1142711
11609972
179631919
82345091
131926084
10737
15666850
14710655
15546710
87475277
1343734783
14274372
25622848
7655582
10201262
14756912
30054059
22882552
15948159
343283519
15120121
15040988
28918980
32836548
17420951
1221471
12727902
5683952
28703779
409374001
500985182
576859951
1281334453
1849536583
15486235
47989063
96729714
126179993
129121276
150196749
166874999
486765522
42399249
125939221
269858015
613085368
713495360
15585628
32141285
86499998
762292740
1736702210
254715382
14340841
2213091
95155090
204980320
26642057
51785547
28349536
19514309
474174240
532606500
71412096
202150622
280540986
318003505
1534925713
29074159
76002282
84085329
473496781
6840352
12205112
37392670
355057338
19006415
17654066
947743034
884476928
13742272
189950338
615071768
15760338
518531740
149285149
48897732
32393957
14051474
1159624836
19594893
99343580
105745791
115933617
189770048
218871421
336828930
362199332
372398054
593727628
1388664121
9612132
21995479
22332967
26779463
40031058
78387284
361492523
848506699
21108465
43034964
154845637
1118291215
1128777847
249723029
27248592
26167510
25449740
435583634
510585716
29266562
23169196
130623804
116744257
12394702
1493995375
14471687
208479836
280670805
955931005
34648506
67432820
245609002
325469843
73412943
461897882
495032753
281131275
27451525
32719517
399746934
69234257
555564058
1547670654
4232181
10767712
410795094
22710254
38145281
48444141
24628838
53701428
485888215
12220262
21607903
415467895
872179266
30462517
224333370
25158712
2914051
24790290
46672361
242443320
17898759
19660808
42100093
49101500
144112977
145694262
1227850628
26922238
42523056
79174017
30180885
106664957
98133810
271339475
343297261
22868434
50519183
1858703407
23739529
79550011
14176250
14765058
31498937
20149614
21830946
46281099
7886132
20842557
769255826
16689753
17644108
35706938
1898264479
637285962
14819029
16225442
162527357
395827436
1366782168
95369847
1581103974
17102971
449957516
238406734
610425081
15771865
113699615
1363918297
234385123
314405387
506743177
124181539
828892196
1369946047
34513122
35907888
1300234730
377189985
1035317239
771818611
65599915
82503684
1037413873
52369758
22730940
165287068
400274294
23721253
173308380
948478518
283209993
1442277776
716809255
64114933
188698438
15593815
22344813
336699210
35781063
161075365
78737691
195743045
2551781
421719018
13546712
76149444
1100194788
35010138
61797250
66720241
339554804
441462419
1730556139
14324459
15597583
45723264
117168156
277473234
708975690
919267458
1490509230
70720575
252667299
275700053
463040390
534338932
38248219
457454243
1411000868
15727884
26547609
310248412
739012496
14415898
393082374
329198601
229498941
21158197
25807291
743922708
1558118652
1263045259
160568367
300580006
82480167
216777754
15108897
29196264
7232442
12520702
13566952
357235763
12506632
1855581756
1901345870
919381
10640492
11844632
13115722
14241416
15790415
18419308
135240940
310305610
475015931
558874591
1448128436
34547758
84422875
124020149
182431858
220776867
259097887
280125301
384204501
1470138920
22111831
25219509
313525664
369319801
954533034
10122192
343984184
88628868
118530643
209522252
298251655
1339935542
1006756602
17103608
23207032
359573377
14263820
397556496
25828582
17156525
14888632
95943762
22817319
25465043
147545877
173571258
272215513
322586808
481095251
1482824365
27685171
93862757
458961607
605345862
14277525
14828172
290782316
301540676
1357784556
659333
77876116
503687869
1585349616
587157880
1663045992
22674213
68677619
216782758
766172953
561263290
180318671
221865800
232111617
24860039
76265232
4021801
288981470
43957882
20426723
125416228
1901371944
169413510
17087476
292367611
16593287
177728250
278477194
293508471
312765160
365623370
520002588
25990927
86295503
141989184
403920644
489131866
1101924384
1265098693
1289176831
16126714
18630585
21151459
78245453
116854506
52114473
187715533
255729164
447718559
1853421378
322810351
17427692
34896803
15079265
344585795
228107253
201458111
308622604
1944453096
19164943
76056266
95115445
116718834
304804327
15440842
15468914
622727458
48989136
52096946
17591391
89170861
211992697
351626425
1495424713
25192281
539618713
430590487
17836135
92121430
45547903
17415455
12550682
940736467
12867632
14192656
36514684
37982988
48012801
107081894
424341257
550421360
891219896
1258266445
33524543
171632975
240325072
537158737
630878634
18170489
23073323
64013143
71485153
71872586
844114609
4231311
47872355
1882976580
76954584
44527675
65992942
288540628
427953785
143932865
16203685
388399817
186764685
15252156
16584730
15802699
12703
22361782
270819310
370336842
198249966
322690707
1009038798
1055253242
78768721
66804893
12629792
14265861
14176237
24383874
36202178
28410902
31042235
23668585
171592980
14211474
13946702
12648102
44864556
37102540
19251527
6408
47342701
75941411
2791032083
198853931
166473500
24560310
220794493
149817517
1623753014
64799947
85363678
1880483431
41792364
26762142
86097562
196913931
286324367
288916054
407807572
24779314
592575045
19092740
1038203844
306010548
15521167
110959296
300193472
1374067430
26012921
43718961
278223827
466739180
36640815
975847808
63926878
38269159
2574472430
472281077
14764622
19243296
64902644
95571923
552017554
12104052
38001660
746645017
340304811
1267391053
376874324
54497610
567226240
1613193283
16408059
106560162
752874133
369211725
15595135
1620223160
1630232551
1904941878
533276402
219055428
140009095
1973630250
24085160
106704541
171613435
15156708
74164540
123148508
255295006
397047529
43452377
85440215
14090082
16788197
22633591
27001789
114851589
156583258
18828526
27948689
832305139
25761008
102581205
3666821
251375635
1462987004
306101011
14116028
18804920
66801342
199324245
46210189
17425624
17653100
1871981677
15188940
15444160
23356410
40305603
42391215
164057608
259034015
1496417226
1869985748
18889852
24904230
51643960
110969086
210022066
259107350
497691232
1033651
23988839
45772745
136018934
548395442
927677988
1467414068
43710319
1651498826
272417245
321582809
39990958
22520899
257198217
1025738160
58205473
10203812
14295018
123648028
236405866
24583526
16448928
28125820
17462121
19848777
431983412
238021478
15865951
25365869
2883770621
41833625
42161823
104711606
10927142
76661554
114203085
230415884
42446516
21419471
35818187
35541631
14462713
15274435
66732980
250538300
1137345780
134103051
75115484
753637716
14297050
9980782
19341973
27794774
34403597
25123911
18512139
168708565
239140770
15444630
84707478
171791448
390794776
236823451
58270259
491270751
601911144
51753877
154650361
18172019
257871057
22302151
201645747
272304910
304591970
14439008
196545424
462216699
841100160
104209985
619493801
1571540390
191424753
94549893
351329678
23295330
66924212
350612110
15787440
83926380
18716974
14432945
231218919
290245316
16316212
24899969
40291482
83308738
6071892
96990473
14447648
74472477
56660706
14048957
101577766
17097786
19109017
15656687
31111100
113652876
194450917
415558897
473359335
21124864
16353168
25159760
17478263
20101194
21342687
29007923
42015598
98003205
187906409
285165476
400300097
448077114
531942018
1284659455
18325233
34038928
42343282
47707832
55953023
119789633
172244363
330241070
369583633
791433612
25500313
111122062
426569705
582234846
114807593
615162535
1575213638
483025050
17553770
26596585
102128194
177198681
3603931
26863312
43650104
332151615
391295235
172649970
106026597
31974284
5628022
297242789
14848054
82508615
289019406
25517529
282294442
223315248
17615315
19897450
23661680
17703587
90720001
15603568
19537128
43501658
167610601
178439455
197389600
323491468
1278156252
1372337958
1650893678
17315962
18603259
395503114
418110975
1403295792
21699646
37201208
301814555
27031986
132529581
580406765
65298290
193870040
487586274
236644373
49848581
221904440
59706545
197141516
242464521
13953362
13802392
2164972085
1093221138
825369847
1094407531
11278
18217769
1337164273
2463681456
28090524
196998280
137798540
18420196
18831788
9436112
97208495
15433345
101870109
7223542
14857326
16901909
49967968
128179510
41247038
32925783
14819335
1632161521
20411110
202159152
82227192
16680980
24240094
21913821
814124760
17375512
55550370
40179264
76820739
14557354
195475025
14261384
20289828
66357763
761126119
820205892
20361737
15268518
309365680
1551440634
24742083
90459659
130781387
76966341
19651991
17378367
35825231
14366730
599522525
23331830
15825621
476410624
81426378
12723102
14785887
299915159
448040094
12753692
222295722
892471352
19849696
239648782
817721425
34953896
23659224
18971231
4649831
142281785
350432302
15447932
19645308
9794712
10310622
12299472
37957313
24418718
260169484
12716
14436732
20449790
23443853
24917822
116769969
304254902
538408639
1727625530
44481844
328706340
106429260
1240946574
93726765
558269691
1704677029
15498778
15697601
970078196
71852923
8137202
49383
7172872
14383193
46037741
334109552
103102430
14071449
15207884
37113239
140812525
20287645
63086767
137289874
187729726
41087891
311508067
437453824
237173361
208105790
458887515
108932014
827832122
7518212
200856263
5552262
105984261
22102598
78085057
185758063
21047224
15221295
7856222
1498736708
1518953287
60863247
14120729
35514278
111662453
408783356
37999040
222500241
25366607
20174223
17275233
34028350
9547712
17434132
102821686
623473
23696089
9858312
14495577
37447738
20408995
41644239
308977117
16517349
100591206
15312735
101647054
576943748
797347616
1880922469
50419839
104674131
737786311
49967477
55720601
1643274919
18641890
5894192
20344431
85103692
1946503837
293383320
381696542
16026461
69021389
14334964
601119617
1972905512
69486341
76213134
29958589
112423317
20515207
84323513
9306542
2686521
14377557
22609246
353222093
1846541257
1954018550
25097851
41790498
56625683
616569099
1286987184
1700579527
64018111
14357622
230558275
1094082234
789936
180097671
848881633
15729633
15981485
453257427
9564302
348079724
72316086
156733309
17844657
18093468
20130301
14171305
139047756
402106810
12649642
258772488
1036143098
175116860
15693776
61854283
14861579
1339843488
44196397
45397325
34688939
994867578
17639973
159045236
164163854
209242836
378033699
478230970
1260203071
14797276
24034768
32343642
199531305
219695378
802398684
1245762614
19880755
55903471
129833909
15573537
28442038
457658486
7781662
191932849
271563785
370256771
21145221
149914202
214226546
370834925
68565483
1877306700
28144987
1465449000
594046602
102665471
14770712
29510346
98953229
15438062
82845565
1501139258
414778163
19583330
23440908
483984089
15019743
201412682
30954682
50418847
106879827
142688194
96129337
18576643
15273799
16448113
112150692
13253662
14428584
826207993
64220006
17345070
45801383
384006832
300045886
275908586
16504112
14570089
14799178
14629667
24051331
5525212
15970050
176764472
104133215
52372692
1708870892
14863834
17872900
33936903
16650886
57990544
70936819
77818657
82208680
179194396
547158240
589843036
27834677
71097074
121729328
130878909
336758587
615735579
1897953967
18895616
65384523
524798034
47643394
346242842
54552984
555144458
76418490
24696573
188991928
368972695
56139132
91043887
222664934
43874767
41324928
53433320
170640076
127305119
1187168618
760320062
20029084
1344402788
6609072
67582229
518105784
83237852
100925545
180059703
1241909060
702781685
23438678
17191050
11414622
11772652
14579949
15230984
543532319
63914115
16576463
16152287
789848623
41325780
65053323
386294253
93888165
247681084
19097123
6959952
78782598
19891969
15783666
29507075
14715542
10810342
487645475
92313481
28320528
15185779
46021629
15583840
18710859
259371777
3860
11550572
18399235
44930291
97637785
147966126
225513352
278163869
595694544
595707603
725372054
25349131
62170388
153865377
759705674
17871282
18266599
246010139
222387441
14881509
17216146
17339678
64991683
188137622
41554323
187871664
134570133
13484192
18033875
17511523
12127792
150973321
14165606
1643303508
21898510
813055580
130988377
736223888
22914919
21450057
33238876
14877015
42975402
13261092
16104323
10649752
58530739
232890708
27474851
21432043
14186069
15999851
10524
21794452
87203168
21138613
22952245
20086950
21736012
255778619
328758578
544799064
18042413
25493304
62090261
227745911
59434587
190101631
219133377
14667878
47114830
53701716
134791144
552914615
1287605178
26636859
77511031
2813171
16365944
79265397
22195768
112636538
1030794122
817742
279323768
598386634
314686291
540745898
140746060
20791945
23902511
50921833
70574113
17336534
218028724
283813288
15975949
188544245
69488763
602111318
21807665
232890989
18370060
15959290
16549857
17268454
5950632
17756198
3198111
55814899
18275825
42685570
19266679
34840782
491173527
17797634
1473335118
17637682
18341949
85612325
185095394
16747109
81333418
95331368
16414286
17989062
28269656
1851668641
612018909
115392703
18263241
745250330
1623309914
14296665
36769407
95861229
246401535
249764083
301481396
21926451
16211099
2791489375
24671435
433801252
14534565
31581390
14115563
54080524
14058020
38187267
18656352
18949488
16327095
19994494
470417387
1253757505
45421364
311647388
10654932
17111073
14814054
156895128
5954192
1108517624
174441648
249721816
51900399
170117986
69347292
142005539
29209093
20735193
239138944
16529873
346436156
15585119
43716542
15850825
837497162
46836724
18165516
16419476
26968855
244864095
415829476
543705403
576862764
777604099
110360521
199447953
328799773
1215153547
16043906
260800287
15521945
14383128
21066147
467830146
18078034
168890045
10167932
28510338
14924697
19848890
552923593
23769448
44356696
21164991
278247691
177535102
15428926
363898089
108074347
16789906
969461719
165833036
60832858
586839563
16479993
89492918
71643
16135147
101870130
497306490
389701052
213313278
15230315
75234745
105531061
20082242
68954112
221250067
339028650
181426642
1598422560
18564162
4094891
16383461
720134294
253121529
80207844
14773094
99472593
102475067
377135976
36242707
16701777
54187050
114776751
151990447
20516191
22445925
15210814
249961399
36619832
182517897
14346219
15246951
24669835
588343057
870761
14872168
119160368
244506954
85016689
198458969
7432962
17667658
261260926
435740265
77954126
27249203
11723032
462555922
54215484
15055430
17332521
22186596
17059422
16024290
38236285
121441121
701624635
33562584
17687495
16485065
255997031
11200272
21315994
94732712
2325563811
238792982
478531461
12077492
15026717
25028955
309838442
1699597188
14624847
125801290
408658816
1290278377
14596155
42907543
59015693
365097321
113349782
7038822
13035682
102467622
2492600102
2742764474
2846539332
481800306
14576609
40656241
90576912
101773679
41766560
190555198
26484471
17687179
18200573
16623343
888076220
17275900
14166937
47162492
28094817
2164998630
33995438
385125725
17064675
190000476
40926811
518615888
6750292
16033048
131819580
591955571
15171447
17116932
104308754
7824962
16102827
130875393
853102308
462850770
35715806
1075971498
15928027
20063370
777817
136161105
1328034151
15443141
34114732
153411540
224539468
20187037
32298202
59740725
60638111
95265687
229697487
15531544
1416367778
34730215
15205089
67751726
1536562052
2003121
117479440
34548007
786495324
24720023
1428101
12109262
23127963
177958606
15646685
54657533
16269846
83236086
179054464
1434517362
714818900
25525985
45380217
922551
252761068
17069251
18735220
23381636
17868628
17388422
14101232
12483772
1882281708
2534562534
255708481
512522648
396028215
116721718
18906040
21429198
15681663
20562637
7717612
19606528
17813899
326912209
404401444
25631679
400707321
1696820592
203939641
37840506
240720963
716835686
331079663
73872129
424385869
10680
15407462
334073090
23479943
21309620
16952663
125571533
95763328
322905258
191754462
16360357
2767011808
52240473
10201332
30094094
20249729
26980978
37328785
31860147
41400409
1553637337
387163597
12751702
299357728
23427782
133548186
99628642
242047518
255059903
23910562
19300067
34167466
19935502
232390854
15154904
205425209
109000088
48880548
11633492
15652211
228823717
18683481
29271107
207991959
266804029
31216844
153574953
48475056
67660834
23118046
17471820
21890520
21290360
788603
33467543
21036146
700593
19125743
14093978
22916283
17128416
728710808
46119866
553753344
14200360
15230696
76714681
45414730
2601471350
274163134
1149548186
1833780056
1371616920
14046943
38843285
15148392
245789003
321115885
1736536746
19721329
72704174
198674461
361726712
20409964
213666045
18731381
48139988
55021400
14819123
4092141
60835091
39005130
19744156
402705319
121396555
21598066
253690892
74569828
98691135
220783157
19242273
455525291
133831189
14292207
226592305
454293751
79760342
486559151
230457924
461985210
126020491
7303902
1283785117
22595190
319938936
87779064
2652331
353201629
15952699
14404541
32897251
633669446
18448384
2066291
619374235
11730542
22539801
37787129
247277295
221352104
40277128
15123640
192141310
15834052
23825350
15225375
14363544
108634924
151155423
33227146
22722235
128657259
14900012
16684022
80626496
17207866
112961302
14352517
309902223
114493315
49269927
19079767
255399458
29792846
188904360
180313122
17165458
24969178
22651134
13492762
14158395
15686613
191600166
15474914
9487242
14986716
37107908
59997530
16688904
359973865
594690472
1374370452
1372851
12507792
18897781
28234607
92011155
582583835
727981987
980335832
28384075
92037419
125123345
163923082
498720509
618474858
1629321318
21117809
15423407
27588123
59577624
106539316
122158125
21948348
2202959870
391427769
350779632
359713375
360533190
14685808
33847658
2277452117
12591192
21746677
263817503
19036428
89266145
98297258
177378390
217434912
16719093
14593010
6243032
49451814
19386359
73104857
255566443
17126484
73345163
265488048
378376979
17073936
17231770
336377205
141256898
1019091
140581561
91807716
15153254
51398628
405708999
179227710
289687136
21959995
45833204
342922268
11538342
1223476910
47253052
38870580
5124341
2482341626
19904067
16625702
274645845
24244434
14457043
27442806
11718352
119875220
20005804
118842942
28597447
24233081
57967011
21825084
86798616
196189500
99993566
14135365
20957555
19756713
14579415
42820354
83750315
589507777
25553813
53606594
108677640
15649384
57196339
243377964
1539220562
1917101378
24588167
29011304
79121013
251783812
15767666
15639959
17044422
14239963
45939402
55890205
229580080
37389518
392490398
80525416
1176537805
11683482
238930146
6142472
16518302
37996389
784555
45110586
221858613
6256172
262687428
262578437
164243058
231941636
775504
23089282
248887367
41350158
1613768352
655783
187533619
14421940
257188439
492030819
15109462
148477407
43626742
14231452
18404955
6389222
56871717
221141000
31408413
194741325
213325722
13125122
23490336
1527277123
474260373
30505656
19087930
16567650
39611411
49271414
19385576
135489140
119753058
252122743
479725913
26515523
481905835
708384270
856791061
14159148
69231187
214821759
10346782
14787013
1387895545
103584930
22251945
15454284
2525590452
19206811
360900255
21763573
109307409
16467565
119912933
17906429
910975728
64737751
23683091
119772680
21446729
654283
72883
20519846
65747645
1634544032
9442882
755751
304781277
365479827
8427182
14467665
16503440
206133250
447259354
151006597
1574566705
14627081
21502180
23616271
161958488
1336361
42470372
159064357
311213281
41209662
92948652
6377902
52557613
595612849
18221233
12445422
23041548
18069568
17462822
19681135
27654355
549230320
23280615
493116999
6323872
11260402
16975501
17881662
429031246
1252851
311508165
90716854
46234071
240847816
55941092
67682243
704127176
253950036
307897027
17993310
13360052
12423942
26128759
14342547
111457805
17471096
959629970
500269490
12959922
43303692
133008621
220900159
355743468
419162478
1247376572
52214417
217668990
1390552514
15851529
757262773
388883201
340009383
1625426689
188243290
28067120
2591319968
76470849
100546284
713993413
2366254189
323496763
15264280
18403847
343627165
20700282
19759881
410626998
2673456902
392013860
6355662
31040165
40776421
14338842
15384720
2396039287
69734136
101545565
560611301
414120739
814580
29700762
18309396
54019744
18680799
2491191
22701957
152772098
384998747
19084875
17601203
33098821
11600492
119715367
146044614
14280535
1907803009
16592690
109639269
38274165
15657321
68366429
14265186
17821567
74890074
17478219
872125404
14244180
15807837
20141340
296533006
6250762
5663932
22832241
235104338
276549117
326706343
31134860
94822428
569029235
1828820287
1901687076
17220364
17926251
26146267
236553572
321026466
361110050
1457532188
536651037
60975668
50481214
232084893
561196347
347360780
15292919
256685431
20808999
38454900
15373281
15744478
114158786
272564165
8834992
14224622
36330373
33885551
19904252
25958068
15295945
20063930
103555738
371502562
7493772
14290990
14257199
16715739
68859619
26229620
14344573
884564274
26221004
16912983
33867586
54317706
24365181
317134238
15690458
15783687
16739010
29714264
179159787
16536395
17789118
20584065
34825001
174562952
14265482
26380697
17997221
19777264
96219204
154760825
487119609
14903222
21076875
827821645
41195264
20540177
55504825
14135108
65590627
525044374
20955533
197223412
17075325
107146721
20458622
39899632
139126954
335742537
1162797876
877421
287701195
612643589
20983583
56314749
353074176
397377701
1017498714
1050534704
21632543
27633423
55204504
1280085823
2741715966
157787375
352632733
391320667
65073
15777984
83236838
15025208
1017478910
153756231
195694017
21448068
414466536
14549575
16286820
96001176
112905076
145027037
359572266
78207106
252616255
108354943
5820872
15206805
919103371
30487162
137732597
220771828
1364594401
19366560
97505495
314867627
15497816
729463381
16235375
41519772
16798574
15318574
718993
21873071
11732322
29211471
95692393
8274422
16835274
14295629
1673244853
498600859
425156450
835066358
421790346
288318192
458303965
325484318
526730985
463786205
858766015
14837928
9158962
41914949
53264674
543012866
832281482
1583374676
18930886
26817718
141637746
595665351
28542548
482362856
594261044
1243464554
1312642136
76011584
2493517068
21936649
44936962
263521820
20835183
349979855
35864376
167151535
245016174
490532138
1173617815
15110070
258522525
19409000
21059152
321534904
14441020
113967171
233938343
242086974
974130415
12133692
14323869
14666790
142112926
176647357
42169834
285414692
1275780824
3436771
14728101
16517135
28729402
17447401
50230435
14920765
23599895
551917721
86152476
421858497
7036202
193144020
14911910
15929871
14932390
18011224
17243750
21657906
16038877
132561309
17010312
16753226
11058922
294948776
37568811
23047932
91941774
18516400
28236850
22662747
153722471
344421211
32454425
129314768
249136128
17339650
6421402
14019962
243102711
7899052
123855061
52168977
44269435
191881580
15608521
41087173
45919302
16381764
51333029
85226838
107429305
153174631
24674150
32553501
137642463
8377362
20579280
385214596
1708460947
550052676
53011116
1537258472
19475351
28465713
62709788
579914014
17285046
100310564
733510825
1304278428
14331417
19928568
15632516
48121429
559373074
1148890248
5555972
92099801
543168021
16579544
346256679
422108849
19161516
1326596677
96963723
226512479
2168253078
2548119608
14966186
33337749
233508221
39800178
904461750
1093727426
54656826
125715064
8699522
183187125
269566390
403980857
47021683
21927881
22498768
16873352
110466429
110633663
42150511
57393661
1600755079
44134279
5485342
45235165
72343437
17337907
14650214
31406096
14300107
5743372
26231017
258947008
110873216
296209164
18118244
24145278
101613569
286352631
1730923398
272784386
14263740
105086091
19874800
36495905
26420014
245983447
129981109
16097144
133806972
36621722
10699022
25035516
50733505
40844942
354137263
342354161
526640257
714138510
14452093
46859169
132513909
365779677
486746929
17823761
26911403
69050548
15732095
17190016
14723025
12692462
14203726
14997968
169163221
7620612
74439638
11740902
247021193
417174714
2533352351
122011950
439637245
114894787
165423283
17389472
74778874
14763994
34392584
75652502
27304674
595632214
438511090
349639248
910937514
25194368
19404311
9166512
17375661
358254915
89402800
27313635
20350335
14899922
401594262
16094685
14274428
29767444
620863
17842315
57806173
137796394
35830434
16694698
11891512
16923319
55895064
1311766663
202496836
35575567
818688481
21401269
194664942
555871343
1874321
14526271
1696070870
11477052
19878787
23616377
398857345
16807285
57978111
15030907
14270494
84699037
22516489
14764915
9482262
18410511
45408984
1937670589
23600276
20501113
249318820
14210851
14326980
209300857
68109331
121777870
18015731
1321310522
132069595
32503018
116151704
276028820
15332795
26084950
48980186
11880452
318180548
18635065
25333353
40765245
12511062
15447545
198338473
48705681
40550089
22404436
78019386
43887564
14778230
74414401
100794429
6014322
70588567
6171112
15518802
262260020
18539995
18083278
135257449
81689348
354411860
14578014
360915142
15067623
16551214
44377830
5425352
346072615
75523397
84672912
9574902
8548462
14225906
301337097
71542531
786022
18705078
7296272
970415088
330509397
87650586
3824841
14853133
22272296
16681775
89139542
16552748
15379585
27692585
15736848
15172905
20924564
401807366
33232227
285131825
85475032
229007905
18152795
32856634
19197509
15128212
295198402
15110769
21460496
47890034
6965272
100277835
58554951
16029177
18674590
85144671
117846337
115133670
50162016
19540355
420874684
25053972
14112693
29600755
12587982
66803
14395257
28166558
19101259
1345647810
100065631
280233654
815463
9301402
37021391
65140545
15486010
20045629
19412060
2903461
165823043
15289137
33352858
14939154
631075087
60146816
37722041
28631981
39040892
23778123
41545659
14438552
7902612
65986236
20822832
17601922
19422141
808458
20145960
52911590
96564060
1966141
14801984
7338892
14204336
17294178
1148935274
20604333
81871279
1454212572
139890195
233168659
444708910
14676126
432812160
12074692
403482871
19623685
70839592
22190424
39774088
20824677
437551987
859441488
1054431
5509692
1669007538
479263733
45165249
902101824
29729267
168776165
193186217
142839300
14159592
325896145
789281
271114521
258826552
939888091
27662716
302016244
19123904
9527222
43462569
14132201
15484561
185219558
26971462
107960690
5479802
42549258
17459843
2643021
122622263
110278300
5997562
16735017
102661601
105187070
41154653
21927987
14715234
804333
12890272
433530146
15025490
263881174
16487505
22169466
21238552
15445377
259212845
3543571
2230124554
1700426708
123767543
32647663
236946013
23449130
17088996
45659261
19520336
16248319
90776145
17243913
16353061
121321885
14457521
392931376
765071010
224798071
48407794
19529292
938898656
91024763
14410741
52793398
3303571
483514360
56800772
3617901
15734989
23859312
43626512
13752682
87071775
258747078
158414469
17463140
720950359
167691830
75116974
267794397
21944745
6944972
17023921
20710292
13426662
26376283
43193492
15583951
18214599
19632867
17771038
18484709
243622502
274947888
295723129
7380382
129309356
15850774
1570383157
930600156
24872889
9202882
529705522
15184929
309213598
14032702
16229867
15860069
77019386
44898322
16821279
41337806
47815413
15381013
14857106
542911844
13218142
14361342
87391189
415199656
17451602
14393756
16864598
232644888
15442435
19339932
61608747
14738420
109476260
149630144
12691142
18171797
4854761
16893
165429225
14716890
6670372
10836092
24210409
48785299
17193687
26891656
210824373
14010612
282381651
14334725
1657784486
16282560
365961765
13762142
712454833
15438927
11299792
103044858
441806834
527007725
15532089
19206111
39761635
20933583
273383
23406304
15199103
22824243
1426365210
37963467
73181817
17503069
40456106
14461963
17905508
16094099
19682247
17817175
176249305
12408202
14862231
84253390
12661842
29384627
923342250
25629834
14500782
36217004
17089843
113979106
14262105
217728194
13493142
99427640
132062287
18993161
9158602
10451462
267721016
215309395
15726264
497554467
9637422
207323988
14135237
49472317
7001572
20133368
17326776
9015512
8880932
23039236
376302246
9175912
249561578
115975829
33859175
18637420
25065717
21817105
15678167
14562685
29287875
22411342
14262772
184333109
15679097
18925264
14280445
90113810
17365144
342613947
330064398
103521190
298768006
39299901
23065897
21827788
262637172
155697304
24745651
202616721
14880676
15710190
68544237
212398125
2193485393
16404216
19881683
15147261
16396118
1565724332
211556899
870561
11028352
15118418
14134608
219184382
77236871
85734225
807184478
17556680
624282852
2522471690
54961931
442639172
213293323
1664824322
143805490
563633940
897863197
35740858
56839990
2572848944
22747624
5988062
752126060
1947315842
166767883
77978162
19444073
43100424
2560224719
1595460252
71903
1140451
14231571
1192
817977
14595011
95903772
10078
2228214801
1482706201
14532728
222209875
1240190232
180804076
194534017
1619893537
566084399
1533534212
90619902
24426957
27845999
1571270053
34213698
1034855474
1582511168
1095284095
1124508966
214403744
2266638226
322496097
21755126
628319550
34701649
1457171660
628360316
314651328
203623847
18639872
307456888
61290495
551301501
33083318
347101014
253490703
714318594
369352021
38140807
19184949
1093067594
114487592
28189627
1425464484
60051625
28576448
48146280
281353173
227524784
17444309
1380711
1454412806
214017087
48688341
332775869
261410893
8079322
19162549
506137862
1964685090
46896298
15823400
393275490
528564799
1356726852
398633714
2395821440
287834630
2421025330
52028040
2377644307
2264926972
1404962983
240843026
62490772
950442444
218145659
387695320
2291970189
3080761
18504810
2308125299
568966818
120395692
594116092
1159511774
1434164370
551753146
63083335
7017692
914316420
19563366
1054521
18906981
10162
403043089
378043239
14598015
202970223
23748071
85328431
972978192
1952081202
1725593058
1619924167
242346557
17372379
134467637
52409745
2167891
14737055
262776124
1635440131
9680092
14255759
14865943
160909147
155927976
22476061
90245681
20280065
787017
25084425
32494066
621906591
1408217593
621105285
18072012
21864461
1830525626
346071919
17503180
348349636
1093299085
112769664
1756621
370827114
504370522
898731248
137938634
258715014
1710380533
2259737446
56969886
1569020180
21754623
18922646
183749519
1857478914
127853386
250516818
1102239144
2230433110
34244181
526291566
16090487
14744907
22265390
461887771
385611205
23754020
76671522
102646657
442152359
33192748
14246836
14287899
249173152
16064636
563978076
149116371
418345305
6900852
81672847
616257793
16316109
27626832
44405877
15979106
83368566
20327033
22144459
633746439
236911377
6856
16152935
154180801
34248699
13648882
304611123
535188001
113463724
300109488
138705679
33842141
1266641323
7720042
14798746
25745170
138832784
1620221790
26468676
821128692
418564418
4015271
14584834
850937406
61424771
17761231
19863811
222496056
18296203
122470574
134561844
166964757
453100941
15818970
1055442200
39815274
14860218
5986382
16204717
413262655
352947624
563583619
22910295
23789698
19740029
94313856
413402337
26345468
