21030451
254196455
15369595
113696377
22997862
230880606
820365751
2863488598
79923701
336116660
55117855
1606572625
2711039001
2226557318
2490068635
781319274
3131694958
2161332416
32447525
2606940668
15853874
532011617
119049214
336218991
14275261
2254236379
1077214808
357150163
54421793
3393438658
3300332498
16934205
22634164
35523686
40464134
302077603
243124387
21390052
391639476
21746453
330253868
267256119
22494418
501885788
19754094
92346621
199946082
318103994
250157166
594929420
569510718
24933554
1273064856
997629601
90169053
107225267
106204123
4140130753
18876873
174357608
2998435804
280852429
2280012325
14868699
14345566
431268135
3309041066
81904786
21266335
25950537
326191149
129169872
769742234
1155522630
61212645
235322186
15279429
63004503
45564482
184136149
15535510
33514869
16029780
17501266
478705487
18942625
15892011
2182641
87588982
24026862
138799178
323382286
2226901298
18480909
273206962
14698733
237548529
119372054
259701844
474549019
17427578
48071844
32173967
3305433747
70660574
2304815288
12192172
79849565
529140270
19725644
116994659
18567018
19619541
84702019
2307642541
75932644
162176728
28827121
17442976
23779748
245841182
39805172
84615562
14217173
17572133
40738160
15977916
185408277
361482413
59397009
18027434
41866944
114807372
15428121
86879744
17739438
74924273
13964502
16469050
18462364
26303602
31992855
22549642
14090931
2419984327
14104466
22793960
1694080130
1465643328
14234077
16745770
14761795
20571531
15586275
7144422
2020351
17636894
17595439
14940354
19402584
323468251
20710330
14085070
13784642
14293310
46696817
1051171
149180925
71256932
252531143
13783772
12133382
10798802
52758588
132191101
21665251
16630098
11447852
15846407
26531880
86613184
35934858
16892481
152862026
89775446
469617682
25157561
14677919
17544803
624897703
2543541456
39595443
403611817
2924274199
3839946683
31419215
599396249
404402507
130627991
22792780
21926404
1449744306
244998644
19539314
182421263
328695608
225553867
44009156
17549691
241789496
1005140833
24227424
15079601
15568127
17801805
16461706
14090418
6385432
15307727
14474225
168857946
7015112
16242081
183749519
3754891
819999
1081
14541402
14749070
5968272
15744118
3725701
1717291
16359602
7517052
6974622
15865878
102159200
103075451
15932715
15649438
23803
14173930
271211220
37284991
7557352
455309376
28571999
400066174
44060322
613698737
205183383
388426142
65356637
21477362
786241032
37599685
15997770
100826933
132948409
120205254
57741304
1201818626
1488775147
2788861702
54063579
606776750
2916305152
21135496
269375709
3187085891
2535359605
45577446
116469425
14535017
13311772
3700008435
115132643
500704345
90195892
2875131159
3395135895
139823781
621849488
266193112
86398832
1634544032
19775788
14999417
3177054426
7847192
544517731
163755960
499073990
188772120
349548937
3385988523
96019689
17586128
14677117
50360725
240046395
22252326
19826509
2209185324
14216937
1568310157
1452649538
128585924
2165323124
7436592
220899197
1281405877
369505837
278776049
325830217
19244181
16439117
294237487
141542748
28343853
14540886
31213362
18028509
19154824
19029306
20440643
468583731
2770566492
72406810
156981152
36728196
17053281
57268394
74223068
360831528
1188138235
41223519
259725229
11388132
76966092
16618332
24775894
3335053305
318073630
39549428
1688245530
558134458
14385046
9950922
34339576
9544202
403659609
40282452
37690131
15285012
18645812
3619381
2593831
3104148480
14346361
30140156
2391602148
327625434
20389458
11963132
5514192
21360280
563671130
38709395
215981998
201898523
25801700
22128352
891422802
2236542690
388708167
128168049
52069202
95264282
79783264
9207632
131632349
127408323
66718545
17136795
30306751
30301719
22705078
46100777
1068487832
1229362393
460190439
23827692
158414847
14073364
11103172
59486174
174037325
43991695
2754243824
188978815
43305461
326982553
11736872
66466719
3005757730
2860926454
466485713
501163421
1040235564
278176460
2191260991
2457992384
2207786588
2426567510
54300251
20782953
137911106
10427102
1883518166
34028921
1708081152
205310984
24648219
29246547
138285632
17517658
27020177
2750082828
2652451663
1061328990
34273205
137777923
90502419
18639734
20711407
2278102556
2827780238
2551055478
38484574
6877872
23068149
138374894
860017958
1403723569
249758564
16217319
40932856
14886176
32211808
18217769
2471899507
28145061
491350825
319387069
15492359
3107810433
2559280381
1339385714
214975484
195154126
36801473
79581485
78111633
714249878
579720654
15155495
17217269
16250537
19116778
4207961
28595577
130910166
115190619
39953891
495547426
2795985709
412394928
2577335454
115304519
17514354
72082730
14135346
310630578
361486440
10880202
367813132
15950086
941686879
18458170
547537854
2292904998
6123762
22807629
2172596028
1355379248
25531882
14883821
116076509
17573212
17994509
84194895
342458847
2149877280
39952775
14480755
101848693
63692857
323396034
2433513086
1211825024
1534785408
15866188
161686727
24729747
20945245
200583835
62522718
2675065386
1493298541
2917919340
2928026761
161951538
57325090
19654407
1491876301
32474616
190777222
51643837
2829999144
574908006
552170452
191502777
808669524
21389328
633980404
163966591
2395083948
24111162
2884051665
474839568
10485162
18999133
179485181
1947774906
16581604
250884927
94129050
19834403
55338739
476193064
39588173
923922990
354948782
219340771
12101862
257581957
15684008
15809132
14113935
293338829
367330533
497392081
1688705516
257153464
19805321
60658989
2366514392
539343764
215106349
113972683
112441291
2375568110
133880286
436292177
30364057
256573865
443215941
88749392
877908722
34935679
275686563
20571756
22938914
9534522
989
2244340904
5746452
1636590253
20348377
50393960
17503180
202003
11113
10454572
2195241
5763262
808627
8962882
15827269
19040598
15525914
13416712
15756974
8834882
65127962
302939702
20381233
33537691
24737919
346603302
15637749
3028192475
31480072
307395381
112201881
2380613922
97298155
1339860542
113914074
561066499
12594672
21929131
2518953510
2289922932
2268779179
71340826
1270410014
2970528209
1260451578
40938160
16816021
32570672
63781564
231454384
45571373
103891103
254084962
21792210
204881628
60692339
65174274
17981602
240826569
360685668
68860774
21323268
37013481
52213855
47865477
18164805
86392183
17452698
334254319
353871082
27689265
466803719
101002059
2240743626
2166669913
17723643
120209971
218797923
46418525
2598636408
20067841
102459037
132213553
16825716
392736083
1421521
64818851
94315725
198508477
2385502783
30610955
86437069
1360079600
122411119
185610979
28676128
2329236396
172836249
23088177
1699597188
3630501
1576550720
633985098
26921920
35127952
26718402
110729352
849234438
205405226
29546945
27159498
282735852
16842434
28417043
1000886101
2717254872
51085686
399080466
332425749
25110374
26037739
23251100
186050156
1971964226
354582942
8865742
106811968
559913242
16074627
159088918
78893360
18163191
49702654
254726731
211566617
515034648
2753021287
16172320
1608202512
257354839
2978883987
334217161
15599095
22663045
33371149
44444038
1133129990
1484632920
1182376855
17839720
2493587203
813286
346276932
15882393
37228372
4072401
128680528
374048289
201333503
171515570
339606567
20449296
89043072
160404282
91836238
38469445
14331185
1618986259
18218474
35954053
35767916
42454704
196978660
25655019
975316158
26681722
32911705
377889624
274385610
48018015
1098981264
15412070
387332001
2427545930
18551444
16248319
530931547
1081982948
174824747
18507464
19137574
33511067
23359503
38026874
17429334
109426225
19731264
382301115
33104659
28622733
1606035192
221168481
470427907
816538
49044100
1347478802
616472602
51105034
386120025
46457936
100398038
1149908708
177429814
423888869
382145536
21397702
19560786
24738621
309005035
115271631
2338797512
29724302
70025104
16833616
23067197
254103685
312743175
17002395
1337085834
122030129
1472603532
555061019
1209991820
2901975511
24594278
212227515
15678167
176184142
1528247473
41828110
128605036
14352967
123938168
357569649
14650033
15184911
52251997
16573218
18174785
316389142
2317351705
178612775
18102284
18410511
1606322804
99122519
18087450
2555678414
3038506430
200455388
141748686
16785424
17757005
195963930
2349780050
2349915054
1137453541
140090585
33873215
392883566
16050076
16726035
100606437
614376940
1364958319
64480142
313699997
17425484
15384141
249743006
27318985
139508416
2613120300
18557695
873846758
528177366
28618757
46281134
1374634910
2815199669
933683024
19022841
23990406
16593287
26083716
3002842400
831672606
25056239
84300505
20856960
1140817638
183279521
17966332
11009092
11512012
2601976076
15904669
112037009
17417272
557567786
199330861
331058822
16261707
419710142
23666890
1630684136
5943622
49736166
118886100
525457308
17142160
60763047
245031486
975277964
37677496
18812572
15224867
2549960706
573723020
58216713
237430677
617381538
606723065
26784152
287816744
122345999
188036272
29064619
14353224
85369766
605106497
20772763
17565514
29272446
15813244
143078301
526394746
449501254
709255676
878051
17539739
6708952
749963
17605144
1504029204
8496762
161431462
89503894
1666377300
18638502
28608146
613815746
201280692
28238045
156575936
48435298
117680789
91815273
15234407
1503301004
30319582
2338065488
19839550
296453816
386268556
182161200
373617611
29234804
189027651
16527415
20522531
60520655
16870682
5946492
451815639
820055
2160922290
1468307214
81477717
18247087
583938358
27860681
23125257
21778391
191177057
3764301
3763761
199055466
570664609
17613274
63018428
15358463
743604900
14480490
57992535
83637011
40744725
40295615
61542667
36747038
112034675
15110813
15460614
1887387464
484408639
594921327
108501071
2155418436
37847128
2374176278
229192814
178243716
673973
1300258776
33525366
27801361
75320373
171187907
158086050
34285533
84404420
222237805
1869164648
143461805
155547641
18065746
33809500
362732626
19023804
22158009
316702759
1492901731
220854918
15964580
184517281
35810531
584198802
760047937
87500545
1665838692
237532097
1086538034
198483889
13298072
43044110
17261265
55907582
39870106
215051197
40004152
107331090
22733967
17856793
745273
90752808
1534186224
173204235
17444309
909115500
248976249
1395342392
14632278
231113616
37350044
10454562
5668942
28374787
11768582
992151
113130846
4816
15962190
18225633
17162250
170393291
320524842
52050609
101065133
14982854
62166184
243835805
15022633
49114382
274617832
113184599
30313925
262521592
1227513414
102488708
20551702
970207298
633238141
1330457336
1364930179
120687853
26688109
221402411
14548848
334305565
809012353
50510925
499967303
11659232
7717612
42944430
82913151
34534931
304692002
192533447
16184358
455253393
385023864
25197389
16261638
249432860
16008267
47814559
567657016
19434365
456042127
240299171
25322422
300929831
121181469
15761045
22947713
424348734
18595025
15058642
14786426
1272143298
19078105
43464948
58474131
1652541
14717311
260288486
43154541
43980755
403299980
58550415
14075928
11178902
19658826
44196397
382241319
275020574
394836315
59007070
803172566
620532546
216881337
41213298
18485106
287163355
36964992
16493868
229206783
377508891
815253049
90252949
18495706
299219515
49686679
78944015
83856032
15450996
95713333
21687766
49793
46153409
46470906
237806080
236946013
16201819
211057494
64498695
59145948
304909941
394211749
15639774
865732788
882603414
16228398
28058312
22006132
1048044200
18055737
580172345
739119366
573909111
297182759
248845681
628864771
72577363
20570290
15349717
202759666
33098821
15597251
31039188
271595205
15281391
224004614
380048978
14947552
41703406
243043457
495111877
263875901
8287602
18905119
110302086
15110357
20609518
22315842
14191363
579260424
213426144
22226881
104615577
64158102
19253981
295842353
43039438
16383142
47794752
336005293
18083786
17669950
15051829
294044195
16536804
820551524
550006027
540066106
280716675
61126132
631716928
26668729
16955517
477088244
352570175
15803250
29620091
9532402
403759523
18328361
18252544
499094586
26445967
2057421
15808765
14708747
18393773
15859268
700611517
589405354
388272129
7712452
397390722
620504403
44864256
15162136
21522338
389974502
27949506
12804862
380629721
122581202
549401840
85016689
208155240
22545453
7304782
16689804
4898091
14136886
581988535
21055792
16303106
541253226
23756134
24578794
36058478
46440202
15072071
59736898
383207452
26538229
289462808
156341661
292485600
508734872
166131787
227682918
59045843
381289719
155952299
14157134
426159377
407800233
44918069
262222133
90507176
127648035
27368731
207091552
188077650
305318105
313984303
199640036
14926475
27671982
807095
16399949
65466158
45865384
19111917
23116875
279276971
87271106
135575282
68739089
27707080
327577091
283734762
408422581
39879120
64280784
10778572
16017475
15446531
18816166
350958562
241709263
19224439
20367547
22088714
16397306
15836769
22396478
15659909
33792634
30043148
36361027
36226441
23344188
17893558
75358647
17698956
61023448
25170011
18622869
229376164
14847980
559802746
5120691
20374262
21982720
16461246
36047098
80744878
29231456
38271276
24410456
380094816
60308942
330251596
37723353
18686907
17186905
17062849
17142046
14802885
49753604
5392522
57978111
425959415
29052355
17825445
10473582
231491902
338368049
20163914
53432475
18992010
110794236
258869692
42412461
26755480
16319022
50446226
187965811
18949452
110639889
329023119
339790344
63796766
92546441
264834791
113455697
15623816
413529830
396977069
115140613
337928690
438721333
17322690
119466953
159279277
16467567
21147846
353737617
17006157
152341106
253167239
25330246
388610424
22522178
3108351
47870082
518195601
109025852
6181602
29509446
300771877
32403983
106462024
15341735
65393029
15925179
14813320
14269865
54956348
30503918
259909904
64066329
138055266
388259335
12601142
5520952
42282305
14432608
14313332
16429921
19038395
57765619
71556264
15839517
198458235
38731557
73560904
48599082
18047597
17667607
17292958
61875147
15997779
44236915
29345764
26231816
18977445
78965021
17879057
19019342
131497030
41927424
29241814
151890124
48803664
72665016
145330334
391039880
17540126
7915012
620653
14675051
316655882
5988062
17889970
42922961
15660796
67400457
15856882
15970050
232397156
89603229
9810192
36607094
44369618
14814376
177958565
11539982
9881162
115334809
656713
36064768
7915322
61618441
13913382
14765557
5675842
17279915
38231370
80623232
17579312
18145062
58258764
5329162
17219939
36504116
94159667
25873356
2541771
36357308
9626562
19618475
42950949
5656402
11856142
25053299
32359921
8161232
15010370
17471979
1344951
15308469
17899109
14800270
2735591
11348282
16872822
15014405
75713796
14159472
15812163
24345023
19397785
15588657
15368007
14378113
14592008
30893470
40411787
16282576
10984752
15153005
19213583
51645192
8453452
16581126
70861774
16434105
53125961
19637668
24134349
9081922
1000591
14100972
7040932
11752272
11740902
14104847
27569483
17559814
43131507
860841
16169289
28920515
35245913
40844358
49591494
50702501
17266725
14613168
