28706178
3156665569
169230890
27147628
285347556
169682153
3357982985
73647608
26117847
113454908
68874083
3387854056
230449986
964907419
260464767
21627982
794435371
60919541
19558671
394077010
55637679
554468819
121066167
17547741
3310631261
154675898
571202103
17173775
14619266
174649888
165083973
10937622
409585066
500778940
2590205930
38734554
313678914
2926167883
2228276125
97098793
635057574
318920973
2383469170
2742935966
189022906
20480819
290679773
2389845036
3360538339
545751117
28389267
16896959
74151627
1339524474
2208256525
63012110
3349189798
2193100753
15459073
2461814634
257772059
2301635298
23077155
19778449
50183016
165891181
2403841382
2280954997
1341110820
265585045
2447850481
2252967751
2452233660
2793507832
946618598
493495602
1439296418
2698834766
2586298976
1390824452
23705548
29462108
244174088
2987473679
3202436524
2511442735
44549487
195100503
19766494
1098103519
3262631497
3301054415
1583398561
956836831
111460526
3364717420
3305616829
3311918070
3384886743
38950120
71921149
27244673
860513358
723887822
745427108
3236172816
772243411
3121318352
2773657314
2341100959
105326234
40696224
287885970
527433193
3118098283
121072766
737388878
3224604146
22667491
1909192800
1124472990
243477296
2922931742
3253106913
385480092
3161481631
3291585827
1342267609
26053643
17201477
3002788946
3189045121
2424050995
32724895
23748071
567512707
3168131437
221156318
182092769
472415545
13835152
221515409
322214367
1463559344
442200814
2329334432
1384478647
3168796471
2332517588
2385550598
141977593
58319065
19388053
539960405
148624421
495587290
16134491
1462922648
2880759504
142896252
15921559
37479326
385934171
36378269
353735225
2483919206
2404860966
814409870
1949432466
2678453803
37305070
38995321
829171956
716532350
3031392658
2550920365
1924175424
1315405584
90311633
485079302
31304147
102160964
24934572
21360582
18536733
153495347
16729561
22387220
140872924
3077769829
2930239166
2830103839
543858661
405148045
399601345
113965577
1292423502
59228164
16862194
38064310
18005237
16394640
18291479
822786168
15111838
63521430
41487587
208125353
1216687003
78387284
22411342
597996609
803816208
424465164
822006151
2864579813
39657649
24864439
972676339
9309332
32382727
39811068
2841334971
50540387
1270570128
211282026
19458230
194784408
292819455
5660312
2949263636
16443393
28491760
28824488
173999134
39496943
3010669373
55658279
2343726259
3009633823
45706008
18192970
1546701654
260590025
428461055
21664698
21323607
106818850
3631941
22005661
208112395
823780722
79265397
210684204
112627753
263478591
390914115
454891576
1316230069
185477467
562520300
1366383853
205409932
29743299
24964771
2985002102
2881582857
123668816
103615607
2384307218
537330681
29123186
15006411
2776456116
2439114794
96662060
2319926450
6876512
2770776891
2460819233
22565674
2290360038
2669877300
85207398
563911727
57417410
2898037598
213644124
21682672
286361494
411048162
69976507
16488542
478067141
520393641
1618439906
276709045
237806065
31939692
2907558942
423543739
61875536
609150188
1362596768
14458143
10464092
14618053
25439493
486689666
1159608882
30045396
29097048
211515812
47618250
87004906
50370107
2261082504
735106172
2408145846
2829373757
1532453954
2712559512
2321388062
17792431
53263853
1114480129
2303255192
948448045
31181674
421422815
875314034
15452859
61607869
2652536226
909250338
203989748
868637460
629560757
2165721528
227864491
346062048
436441884
35937083
186652181
2835647887
138174323
1262450396
158125269
19417613
974984948
73999359
2365141159
1942658664
145862750
22642542
36950668
37525451
40530269
361400752
2421458276
135553817
853440920
237509676
17075780
1520830164
32591077
133252620
73013623
59200041
89059135
2401737224
1902678374
1146416623
772954214
1260545395
16794739
378403110
2290872542
82531827
2597415338
792157086
17142554
23450692
1060960082
46236840
233256468
1622100828
2813834880
380539210
68772496
368754900
81947660
296635406
2324999406
2791129855
2582235253
1466217481
2767994970
357505442
104870433
61784749
70979293
19796364
83168683
2477472595
130314213
14951367
316645254
257281204
1288781395
70426408
2706415022
2358584868
22166575
262180194
343416756
2314015188
2525290741
242431099
1309102410
149639116
1903147069
19935055
15081182
21960982
243336735
2710869740
730684254
15392758
292516303
56817298
589233680
515155872
287453496
320995502
2602187210
1084443319
481451961
20905868
41823883
334128374
240427691
373492118
2350984508
508337416
971017303
2347786350
192265806
2584464385
2610251814
260907612
22536055
2196101125
1732971374
35480630
1559064846
226338741
2361090552
32969210
577443946
17657465
1463339526
18785905
2279250805
73457013
67612141
2352032185
85440208
2161660628
300383487
1322472938
69641373
324058481
104887868
702030854
390119742
2209263582
36450377
17828062
456011492
970981220
1544665520
380555334
265131551
41601250
189394477
231447432
2605556934
2596760004
1391483731
253018513
157211309
480021451
46809129
471392838
102834669
2393446410
20752673
2280848052
275186860
22535018
2249366150
21012031
115750300
1195083354
1636150694
1123055269
24617307
22210692
370815149
2493264661
770143579
318535212
1246450680
269942666
40303245
25415300
16194054
48611760
2239414718
127426171
242566353
2289185845
22719848
1041096980
87851820
16375725
2450525066
1205925242
1660734014
2351060544
314637557
48345097
166211200
972628088
4556481
502223143
2556375844
148053244
51526107
554726193
30169610
409998790
124340144
24736925
1312302607
218280206
15730874
2309215190
1424762762
2414517494
1251969752
32081551
14124288
14532122
24238415
2155163135
859784695
288945516
235028910
342775329
1132787822
11236522
1355145620
23474194
141727337
200944425
815761914
58149778
519653621
28504407
280896460
122446033
2192813652
28785486
26589132
281643054
914868230
598142015
2190514674
39270061
32599494
2308977421
158498768
21945456
18061056
241165319
63833789
221827384
223929264
215058788
35584127
2399103612
528261651
91842165
170133866
29355623
3062641
359705155
270176044
117490165
2174537779
16669691
46238000
15803477
118842400
28048327
28352472
14546641
48058494
22953446
629286880
89390495
138400320
248480893
6660222
20555201
50336345
5936272
65688441
261078757
331815836
200279517
502976549
342498846
190019477
1356742285
39810789
412607252
773903887
16652111
411659378
36511031
425150239
19474592
2243312364
415678203
1311854108
470547079
1169403084
15754281
15810014
35626585
377671108
127130699
588122565
16394643
1244293952
28792919
142379982
1730006575
2369338976
2268003386
1252488600
1403048725
108705649
16322096
2327495294
303900416
62870442
268549622
22755957
344273331
2354786161
1506879014
943603303
23391316
24969178
823944182
512468226
30566702
2333901402
963012943
2307503394
1919407789
2253982015
30976371
56037711
2293077529
38507670
35764870
225590337
25629178
15729605
2293306902
575621730
15762258
373101137
75761168
2156702220
2307722293
244836759
1387885836
1969630836
103399094
423311746
37132542
52507975
63268146
16084725
22631028
1360363429
38460734
27807073
1289963539
608499479
51096731
30070411
216939512
2195148380
26292603
252709144
491683083
1130490516
46592587
829144525
2279249768
393845037
33447166
450156034
410242371
1140930733
302067161
17995992
27779655
521745643
1498962367
3471
60642052
143610630
73410921
96189040
30261577
206309168
2188771838
350938394
57132177
120229292
173980836
53990986
21897290
104025558
427691943
35400045
168530785
1431524408
486826390
301605705
1452167478
142276033
87193612
1488746150
353249513
1447188085
1702404566
482436188
1393074109
1068532196
460802062
2251195201
1654273176
1328324701
891077148
36716444
15534335
476203270
38823052
111966083
1900253826
237555062
20071863
266315980
1596000294
359887410
1897209763
128909073
108710233
2179087472
484905655
394587378
91478624
27355541
12722182
16003713
304214293
64751676
63269350
42183101
65762871
16889700
159321261
1341215112
132047807
22508964
112634051
153568595
22208660
33621766
955468494
62055966
480084401
157093209
25063326
612381696
328633689
228437642
726014990
297860173
976511
25811903
339606730
19475501
1117305300
16728014
10918432
9534522
246806812
1969300026
179185825
5854772
464857068
124563738
551632728
1949860656
5759022
44519096
102710678
12791412
35871249
114576478
14768864
253371349
351615500
221096730
344853056
36665547
92415382
1924930854
16699005
805141508
17543675
33673348
38905166
19920360
217484233
23712838
1158827413
592943693
1138093171
27250191
21116705
1284201
2195241
1577391397
16473092
28471924
869898450
74228505
108074749
27990784
525876061
266646555
36727009
349917856
342464205
17269271
19188723
1466316463
139799343
519513999
1101911034
363226503
280716675
1077659246
32787898
1568947134
561587325
27726270
33992743
72578944
29309901
163949169
35348334
192971881
1601778894
28497575
34787807
1554855750
1126598744
7280532
64508215
22589449
79289712
60924007
76690428
113939455
27035448
1597425414
35515414
25589776
16297928
53661730
158871538
445205332
1340174004
15751314
15593501
15311230
1672592730
258528627
51090278
1097820008
320743576
15358175
36174714
222595121
130289560
545586824
44213591
44484236
47101056
137848264
41510917
535704761
42560581
33373991
35801506
121854873
498277674
580466349
1010772949
285924362
205789121
88297221
63229272
24064187
583377398
128217348
215120393
15892085
1419440120
460886519
14788411
44972863
285275676
109648226
111980210
20382707
72380167
42090132
81175764
37025793
168687076
407929779
298213501
283578059
1613166360
30079624
127019562
585173914
1606177579
1170177078
608163686
124564350
481668983
748479902
309128555
434647112
1568669342
65695921
30964376
254348632
1334856367
231552070
896045623
158216264
16794616
175500549
32982254
37766483
31585933
16035404
19837934
43171725
115127196
23104114
486885882
540362721
425366596
304683872
280707509
427838075
26549539
15225741
16312316
21736571
38269159
63208815
37685634
60440195
15171577
28392516
17136568
1467587924
17769410
22068282
8885922
14115912
75597841
51643837
31377217
17641299
21686558
202688148
109628345
336066458
65119404
457150165
181832791
39940842
358571821
1280151054
1363189501
522587060
753421086
317243605
15087694
55306612
141360200
279687172
29638872
103895654
547107884
55348521
1434825036
621106271
633008440
515039977
159636666
92371065
1152033769
309381381
459451506
44409004
216444984
81512870
38211358
80915261
28599806
55967339
24573232
11294152
1408440036
104330659
40413510
354915038
14439813
293834130
33627182
30030404
22920498
17768720
17374002
16932073
67735085
16211434
17382568
1389592550
1002358831
76923829
47486415
1344516986
312245899
20468711
18217304
11898752
97755583
1018358204
19052160
15398806
450489648
889271022
265091724
1202500040
361167551
295252795
1018207290
1074913200
1330457336
24578634
20756109
637041203
36056254
158110808
16301854
46222735
751641960
534831821
59244935
194698895
14366976
17877122
20538658
1286282262
76875862
39047949
49402562
19218564
25538628
486800221
12692392
512212926
47349506
21812653
46739389
24399197
77476707
413485459
17898179
139993742
1354667072
95431448
29811021
490684870
1352933270
132643278
182937463
301642977
270429301
18196322
15145894
455036120
849810013
584117201
25158731
15954803
204636282
17314180
720863202
28187124
14788073
56110455
13404302
130594351
24191473
37748812
570105754
4266261
888459427
229899641
36793056
44915035
58601223
26388337
88544253
606626380
159149726
1016084929
17663765
118710202
15018677
32523194
27187753
128000886
491053027
509582589
39296539
50053717
201582281
306428701
1280607548
134271585
544471998
745620306
492591132
53429051
74209011
266744380
110501563
17188634
25524450
160765776
57474067
15607022
57322547
526039561
552370272
14207660
14287573
23220667
20286799
30013010
52753540
67617765
461206472
110906119
898722403
1135451288
415859364
590418321
569655774
239987999
15616703
23365014
5845492
259701844
241272963
18393773
10798802
62832411
1017484314
1175803796
7590752
16043494
75159405
21596572
46261237
82670189
989740627
404835998
25452577
42882197
105494637
50641804
16892973
61847941
124565587
536993823
92685716
966840630
47682464
23145378
16949403
58567664
414873541
175640729
18217644
277273829
15311657
114657873
518109528
16299980
18809624
75410985
216863858
301054898
1151330155
16248619
14571541
63227967
538282463
23409407
16018805
14933158
523320869
14116807
227572658
166581139
83177589
144937531
252499516
893192203
900893947
876711716
713234010
524436783
120452052
366975931
1154595456
60843113
19546942
89717393
116636484
42290868
1138579682
38513059
123618864
95740980
26461474
64129914
242885954
157476400
76521287
485862294
353611599
43040429
271402360
47078327
2926871
19782093
28635233
37392911
34160232
11435092
1154912784
15758793
14946980
248813678
316690308
8616252
6022072
279415561
1080735698
35828769
14065276
35184346
24002724
208567296
104952689
42710195
26644089
212121516
15813086
1022623099
997927544
80628196
520359473
19349509
34930874
592335739
905175852
27600017
889970162
1055852958
58489734
8963722
35172509
469520858
201250269
334015082
27530839
14266588
75451051
321470091
397402245
582561159
260822385
210921807
81961201
16026783
21789052
2128391
736101894
16809794
460708470
43412697
28186908
17827249
231254680
394330227
75119300
22271150
22173398
34052803
83236323
51462013
19090056
128408452
17468906
15945791
602053246
71643224
52103134
383331075
23877103
507132546
45283620
346662054
274430898
1037355326
268941045
11640472
17799771
17391598
23770544
74815953
19932709
392207105
754485
481446731
623274841
353344542
52403640
86343120
22482593
16912204
628090167
57721911
497619073
66561957
15021341
18794593
341471562
1069467595
952352598
1066667684
18282136
51627714
22736475
22766752
135978273
259619814
287192647
26329195
75097340
50303249
228940478
707482724
19286645
331784623
321636876
154694099
17846372
813856652
632066368
21179890
45495986
50872987
248747209
15292471
349105298
130635990
1023422029
990902424
48642862
67284930
8564982
778057
243438815
24531770
535422067
1003163040
91389921
1005214110
338911190
79366215
15219836
181010038
23135992
36466644
49421779
726432121
14193714
14165606
16392664
16372979
11063312
17077260
119866183
581330241
16790802
29301891
36394591
330127600
23645177
39795542
146120126
177012902
248722277
234825254
84081282
90477912
340540119
14264854
22085294
96090930
18907865
100846820
10289252
19128121
15410368
48631266
16289752
14323791
14647570
9489
29554189
192090404
436026863
16632374
14518765
806417191
17539413
115775563
39785608
20188593
256053691
46501372
35303495
223646111
64481451
516968860
526594960
79788104
904406185
706787654
632829152
715427178
117523120
89206792
154981289
57064074
16619928
366126693
382883358
909002288
726239396
6123762
264265857
17325905
745755590
289989013
945046910
55083325
23249491
378204184
242408210
46100582
63191898
174622808
322685535
15169024
857602128
148090592
480463505
22794772
19881737
820569432
314097072
27490839
22167301
295281916
233043851
500300194
121566004
40406874
230890952
195852472
102792727
20130341
192084422
38289065
313676266
297380693
3034251
43383705
11856372
520624003
80581889
619842068
701324774
65688328
339719308
17212434
11852522
14325066
22448617
302733124
11179192
25321854
17655090
47720230
135212432
20910169
15062129
227901258
260930013
383141252
483195215
565964333
112079273
186160229
609190313
731688212
102076539
38964826
351138487
78049581
11856482
7662542
81227288
554704843
20216880
15849754
5976482
47184279
148415631
20416180
146950736
144852144
60635896
41174270
18641695
17067407
16120030
35103610
28164905
14559912
18058609
159279277
146218157
6114542
93998541
92129392
461327146
284408088
29366567
411605413
381131730
14977007
270361820
17810254
16662512
349814181
15877547
17351977
44734199
15496178
352287861
385948065
38061499
250376045
27330901
398092745
15054698
17077419
133014223
11190002
42235436
82893056
16402630
17309971
6269602
19417924
16438125
31255504
23338938
14186328
39482914
94633071
17628856
15221227
21160199
27977493
32201563
37029151
18755597
25300453
18812301
516011776
21348939
54531779
27769716
370385697
269178092
430494866
31714853
42666463
150704981
108205989
314262927
19682187
796751120
705999043
15944324
23461703
46907885
174851062
15692988
68644895
312322286
479888629
14199632
631507862
277278280
33515703
5774202
18530171
48390202
317347585
125762198
58611119
627782257
250502576
9778712
40759591
389607331
15751656
78965450
309887647
17489506
113722629
112347572
319464707
17448548
18088194
15398191
15608066
444280706
15423860
17729761
487181573
291779982
478906777
281081251
601447002
529814808
522488273
26552873
18944004
588472872
16030802
47830937
4334981
18333124
73789040
40294685
206401598
112888039
196851744
39201386
21507734
16685565
26507061
544743442
705251137
616285476
593835785
97531630
241195189
163006228
234173402
53352285
560830470
182984366
578907013
625034574
502085841
730918208
249513702
236009075
75974281
63542972
246499407
179657213
83757924
26400997
151269715
18243642
28609576
17529632
171191796
618778510
14927375
438855197
96037058
381686798
594015780
344790958
105207569
14378281
37411147
147797617
89223246
24198769
18099373
34636732
14955908
95476619
454389512
279221148
43122208
177955110
304418166
293801746
107126809
16187880
15846527
279319647
499235936
166221719
28955144
267493229
14127891
28118794
85498149
26304325
312455936
263312381
55341075
611173694
18945177
54107005
107098849
23777198
241599809
364009276
26795650
149304956
149377471
235342529
544838224
62847950
49715842
66048276
356997268
628098548
557377428
431823212
222605258
362608250
595017941
612734679
441787849
16302376
193100641
67368802
555565015
45765510
16426959
83193572
16124611
14398166
135490281
505238909
14452057
39828559
194712236
39066269
512583797
14544686
155975106
57097104
23205582
67358777
292482700
6795882
17297279
66445281
16221090
14921083
90635207
21742538
377977130
140282185
271008977
459561241
79250882
275741566
274217912
106573749
14680530
287424841
21754942
580994768
618276926
88130265
619378166
167027808
56418700
38705388
96664830
19603556
200125468
298078522
112251919
534413947
38391487
369031482
14114730
88765231
28431147
230652327
382485249
25149967
12397052
564685534
38755321
465800692
20949511
16091221
33613
125749686
14463104
312575911
607289206
32765534
21061146
12755812
16467473
9096972
96574384
20071666
16978258
535789798
394556554
77001376
31067019
599611383
62462483
44397881
130963770
56470232
474187520
445790739
434627367
38733200
29570064
272856554
15691733
64068151
119922589
24794149
25301329
500874807
54092452
587729796
92411774
387962685
539286335
18464382
296333166
51227986
78077927
30974016
9812912
269954082
17365848
28645961
16452721
47408927
14135665
80917789
12276932
207770279
399164939
229221939
20002475
140915822
204823802
6362962
17583795
14920785
68538156
227707162
20707940
249715294
556059250
203078987
223547455
123342662
22704255
510623298
274654303
552217426
348462223
54974936
263582341
16450861
73215357
241038231
68504606
22843068
177619180
78719776
475519706
447361991
22236391
244652832
20009906
25756519
21915666
170372414
109376090
517030245
321509451
567585450
16186743
71438881
299189984
36338340
183712785
40774604
554712362
20777246
159611254
18236351
163362569
73423045
36193574
551540115
246616909
35001780
388920708
15972290
237928885
333544084
520741891
19411392
15436789
19472585
166219122
10814422
12299242
16890971
41842405
40965341
14921141
29577662
14769365
33093630
227316254
23482952
23080244
56736161
182161200
22535871
14562016
32432308
413415775
15163383
19774073
25092348
243352629
80681990
759251
13783772
17393790
18682378
21344086
17086831
17815836
14869478
314554362
25374040
26259480
33091616
30947351
2836421
20402945
40099104
47750224
14500608
308194956
15568127
126175901
204916935
688483
20798327
35906495
270487393
23948624
249262867
38714982
309490180
77061697
230319078
11332
260982148
182629232
325506773
552932495
82012769
16599046
345519241
139295821
426966659
262815475
142797988
212255045
15580654
78363104
14336365
29621431
201492887
92352809
84028448
17300299
131616982
13904682
68193808
277739862
123332250
37771162
15934926
185239737
18666314
94222353
24016767
17011522
223354097
293842620
471832333
16114802
59767487
88773151
100908172
539644183
543453509
354329228
86875633
29309851
364628052
151925694
185418549
16198087
93955458
27753742
73164090
23763217
20683093
28356865
34001679
15753267
51222711
89819252
76752711
102131908
66848702
52449510
46380425
38680300
27266908
25905484
91057661
76746101
115188168
41446080
25439592
22811404
100025840
156723204
303426949
66074638
16960595
17144063
14038942
17095037
15771143
50000638
6243032
36592529
55353587
22319651
473503962
17273285
20930651
473302101
176336531
35059030
65997816
25282846
305705659
30205470
59804000
466807381
44610737
19407053
19455302
96423747
25302606
265004096
19203134
18892689
39990357
15153533
19596846
19415205
16223297
2882701
229177566
80473515
14779574
20519191
16059976
14277281
268439864
30825019
25043767
15235445
42109694
24123994
290848509
194408255
115500400
279226862
14192303
31407926
502166445
95969682
14602930
68481887
244705997
209591829
74345193
31169061
98270756
346160806
17581570
468678728
403017007
381097518
259497621
132303731
19737252
17881692
410005118
338807752
240280762
495210168
148664824
14375874
61576132
20455625
20792438
18201114
15706729
33135147
147211580
338686417
149977353
20815988
326462343
17293897
6067802
139162440
27733550
17093617
349178331
107219946
242531470
164307232
18652373
479702228
158031472
93759830
115698246
58351741
395137657
77680593
22586617
181838068
430147337
455795705
361406942
18020180
475405042
475481178
24840313
82955363
474352542
458684859
282659775
18256977
442975059
91917103
394065538
16331450
16087234
136525145
24071532
25852443
260424226
16398414
1666871
25534013
17219108
14840069
453987310
84535447
7893882
15732121
64638595
41112496
23453794
27949750
288363743
10201332
18965328
17698956
249407786
92305932
378355908
234966543
19468147
219181763
27855950
15279429
36072985
220390011
21156054
240856374
25629070
72105347
52804634
23450159
60415072
113171364
41180481
288452305
22976840
44135229
186222543
41027171
428756837
39326229
254325192
58527551
73550750
60804316
349522751
121957148
157461233
20152844
22183767
67903014
25428210
22195366
21019702
44640029
177805944
28512540
389640339
21917224
90512536
44146678
204495841
151543746
256845864
180819849
15470667
15195706
302106197
15234001
23395072
124003770
141351078
402236132
16638689
15292669
404654269
45468856
173178313
337692078
432796738
131330780
16545867
9467742
306402537
95975081
14615027
128585924
25053299
197423425
21817070
28648210
25559681
46006670
19632313
242992347
303499642
88981270
37008082
378223565
16447436
20250879
76682652
217530129
18363508
113138172
164122774
40670696
65642360
28056610
38494313
237851779
71661877
74292671
20568745
21543021
16213957
199308541
20155508
170404126
402914478
63891625
24080636
197341863
63999502
106753671
314950368
205508445
129880651
307559506
408917696
334048154
56819939
66922465
38567272
247919804
219145249
16454679
236254958
14854703
116074693
5433892
360233112
14847294
247947900
308597459
132191101
126720773
400895737
140909777
83750858
135626771
361906444
301732437
330422584
7309052
18496515
14846535
122486098
110500863
87070512
19364769
365077428
326937162
402985496
38736434
24482181
14677919
71592180
160577468
168871218
17365270
15164393
49973549
18676177
163981603
14824849
18914604
27386202
226078276
156017820
52089729
29330632
18677840
17145499
32152471
149994463
232623166
40061810
22041078
15408902
240122796
80589348
342072272
25376050
16890030
358153244
397561919
382243880
19914257
16555985
35027698
9532402
130945778
21027715
21878635
17044233
3538721
34738598
73134924
15433331
13889472
222656680
14982098
395372491
29785854
27091468
94391895
17759597
16728533
15922035
19778212
17413144
117498299
386551157
385086577
21343058
14540956
19028615
56359115
25007427
24941820
19047201
19925142
272269314
7491582
16944486
33080778
317853892
355560337
103150509
35046937
16347115
103899384
257738063
13784322
14985228
18622273
60773246
50426284
241008979
40376278
36970934
265427614
158863794
80074457
223880437
15740491
49716013
306848853
237851447
106837463
2121841
366220777
13562732
334009754
26830166
46932983
20093793
6840922
372880062
269780482
16926932
178923113
15126436
167082409
148890055
16874541
29509239
43896684
17811617
16870198
51241574
125801290
205799940
158756328
14205167
262359254
316605551
256995368
32905960
14158830
29330030
305109272
20854875
228037699
268437332
1367531
249307732
26585095
252763592
23480093
82973723
74356731
15200033
371816589
83885365
110778289
305811022
15416686
189954483
20627797
19927713
22030001
21427953
16515297
18170896
69181624
17295946
17788255
247048565
180865012
312456383
290816458
21150464
19027368
168798477
20065969
38972058
29315281
33970504
9004662
46160498
19240073
96166055
42228594
28284188
123782606
357208908
143621769
18656352
116311604
24320879
32121713
278595219
115779142
69801626
44718397
285259586
127732857
114221687
319528037
127978233
233765388
54843006
100307726
67109922
64755903
15977342
362290424
24860170
148835832
34344717
344749335
263426950
271536212
158955723
160212285
195876384
7061832
39311855
30679680
206751897
50149303
252415091
27719570
22782874
19920657
21988901
54875633
49943475
14213006
16422358
68424706
322735680
47204888
17051560
304035374
193911053
14923512
255153860
167200248
360056322
360009914
38288105
114246309
220825175
328796416
17882834
17316358
132156570
15914635
128298477
16318235
14563253
21904537
20833383
20447988
92384506
172495731
19080127
30924802
348709391
15679641
15383998
18657048
16642528
39166883
145791567
228663242
113238803
333777715
256730897
195541656
31446064
26370249
132958496
90637936
113191619
14882900
35619974
356488208
119463826
20522108
14729774
66321660
304591272
213410403
95287597
319278637
191481645
343470563
34905385
88616298
16359515
28321456
16819632
17469987
27377897
249255220
333798483
237862956
258437338
258039270
281091910
58941053
44200758
125726314
42969407
22948207
17575938
25743514
47714498
38294918
35210400
38247175
110538018
21683333
42270008
24129249
116491711
65627838
36443403
18364131
19774902
222198237
36496590
74876032
46146920
342159227
21699592
305189601
80060792
206266306
196026047
17818571
27978710
275085628
271129737
145909824
18224213
9917652
33637947
47427230
41141618
22515362
22835028
119405380
27696993
40280934
22546108
27082171
45547886
197805559
21935569
38245307
66219583
12040432
79553869
122135350
29807332
649133
99756639
31214157
49663936
91515280
181265308
78741087
245120091
30170832
32948538
79488540
121830670
260785319
154595784
16228398
17421214
72151559
113509194
42747187
73027102
6012812
241784383
66716574
332942666
18652821
41071730
264324483
171776085
32565005
17496282
25840585
114206767
254611729
144968766
15664268
38409012
15937168
24162956
72991857
16907137
130359553
15874410
135337219
329990452
254590305
282625655
17942319
14626735
332804180
37648451
23971121
36019178
202228046
56924995
329966399
335379932
171993293
71239224
28402819
311165826
293842989
137921231
19424980
285152173
257967384
25729841
97596631
5895952
205315691
47092034
49783055
61240266
314153701
24007881
18820207
28852208
27652177
54293298
280564195
181684037
27130636
291203166
308757140
15919601
249452850
322694891
318220431
17149722
214695184
58960373
76376211
106337838
118252054
29863934
18883437
17453661
18165184
33530483
108745518
19565051
22292206
309674308
307651473
29361024
15922047
44039298
37094308
277545091
24370461
166397785
154983901
27010781
197314630
18915247
14193787
28136710
184064459
125995600
16693891
288934707
41968436
75400431
297572541
186207782
87701311
13152842
119347105
95665074
80079884
74905311
38004544
233388476
2138441
306763800
132353811
213391923
239693235
203195152
45143670
263990131
218763697
78485150
110621033
97275767
269867323
115557136
252206549
148856763
318730910
318131030
19091295
28810824
250416435
313449592
249476485
14185058
18483204
317234220
20735248
61803369
321466916
270442053
15034787
48034419
319832069
17046898
78066531
236156160
18151438
217164976
242334919
16385459
88013724
19500603
72759342
49167436
306940250
244980471
255672129
14355544
211704278
17232249
15134782
25384570
133872844
23030900
23023449
148964903
160984816
5779112
53093694
18802555
132250094
123086063
67005325
24445192
17043111
312735326
33027515
198099063
34997518
125743268
18338493
18350619
292917747
308655146
296501449
86180513
56684379
266136984
18151987
291119306
287956014
23386632
150179143
39341585
43591155
283799613
3801141
20913242
114589771
21200171
21272357
17311903
26096211
93210720
28168198
127888993
9819072
88740258
130611602
298210449
167507104
16664681
15984643
207260054
43356520
190888392
184599982
123295630
170709246
90756706
9899482
292103995
103740950
35885220
69271950
15585923
249973391
36374849
239098816
271446710
45909530
158095592
271399268
213528195
23682057
20852590
248315971
39482942
46724725
285073750
292617419
19602192
277825750
86818299
289865414
282628665
258054352
36519292
165875171
211257601
205439534
208019751
86361425
21419644
113380026
163906761
285817528
23145012
19289396
15841467
14117392
28131564
16454610
20380583
20698002
249414790
161095771
116618527
14416304
16134837
15684633
1769191
137848152
16079276
14709355
210788002
19290723
16021608
49987962
18022413
17914893
33917363
259266503
15171549
57174575
23810398
37306256
14957159
270423104
245459644
266684206
236439403
137440868
36229347
15171968
30810470
267407720
43111360
23575407
48481509
64555955
96861225
24001959
30020146
18789697
19555083
14232962
228856019
17109703
275716206
40165375
18562049
78921273
16874526
112293584
14629036
14318382
98957235
191825595
32492293
163956097
33492243
14482399
271914089
18881428
40196306
39585030
18023323
249868753
817974
12420262
16112265
15790691
23393212
20351960
24714467
91356609
21875717
17611857
114520689
32024714
183360671
14197357
25044658
5773
25953115
108440501
128115952
209541190
20785888
7846942
49685752
109668150
128993813
65575714
71840166
62536611
259066219
260946060
10268302
252283417
253769054
104857762
46520223
68392871
17008726
106474470
234220657
15380717
24626969
14353392
24212723
20710809
19928703
37291805
15519430
25170188
154576350
46238160
26937936
121492533
80352042
119888175
173978918
52106131
35218566
15365998
14115587
16529258
254602612
209278055
256119258
211727604
14660817
1630261
107930490
154667431
205913614
21731244
98698378
43811923
15505094
247338022
247330352
17141692
16392266
63556276
109644932
56280595
125347954
138797452
195404421
26536479
96207673
95090412
15729030
32242999
19929832
238325080
133986401
14133534
22998384
23434809
168254503
107539316
15737176
229212940
31307319
17286284
24223641
188912381
15726929
50677534
65733755
140531483
34686382
14726861
111417073
231505518
55311789
60654994
17296635
38541283
14191431
14975012
14140694
117185396
221767056
211992500
200145841
132598775
24581397
14695367
41099665
23031187
38601171
23804902
63070591
107182879
19934836
214597263
22305740
38566269
61252890
1106541
211956064
168284551
80361231
107266704
14056454
110499727
27716402
23215633
7718682
134804688
62600598
71745649
66716113
36334774
72940225
41439188
34826122
149568969
47819978
41732099
47421959
115406575
59174087
55841056
33151100
18741505
14692289
14474586
17647701
7768622
35738491
16566677
188767875
59147370
12993022
31925258
14679347
1327191
74473378
134913064
26651700
153559771
14679793
16962977
195899213
104358184
40283781
125736814
113736336
192919384
171718552
1804131
18364226
50687686
22879529
52531537
46905790
7110952
193438410
60337833
179150254
20263344
17400639
211378950
18728112
105255002
43394669
22896271
38945542
16030350
19358179
17628927
45604674
59190257
116114172
45730023
185319475
175177945
60678533
6457492
22096558
45205782
39285200
40256290
187670454
203579293
32931367
190690558
23372298
76450444
20415276
17481907
16517352
15884327
70961195
75578012
81651824
97482347
118909001
122688943
41163859
112791188
58592422
56834787
62426291
21898110
161366829
177226801
40015805
114284807
71254316
15139302
144042311
20410120
123692001
14356360
28144724
86178193
161748613
31604620
17391907
3433611
101674626
14879298
74662888
14782126
87203555
162261892
95568270
17221531
38170660
130216203
81225346
11509132
172822797
17450598
45599035
164803486
50112559
18506837
2459471
1315431
103490955
16246305
91358484
20026825
116484400
104630046
144562064
132900875
15488758
20299764
32951653
68425460
172444056
21681809
68763507
16480987
15440432
169686021
23630726
15711069
35055854
17027860
102700850
27557391
102750875
17560365
71876809
166635792
14276824
21943549
47239829
138135579
92183278
28174228
26565845
17579948
17272825
22429023
15682352
15827269
38112761
18942003
52136358
8192222
8962882
17237540
26272103
14422825
148224580
24000971
15984635
22993144
57457888
985091
15310374
17032442
15211620
153237000
90938600
56388155
98962332
142150877
97093535
33317262
22417225
15923909
38241996
57169845
40308562
141944258
145447961
16513875
135579843
16727547
19566653
150521380
15455734
141349786
16635675
10779912
19067259
16486110
14817271
41592645
16334480
14334616
139855451
104290660
24622728
16263735
52090171
34729853
55571885
57667937
30329734
106474140
19028066
117410234
14171658
15386175
150355398
21777950
5668942
16744070
138788006
17121491
39616153
104655340
56627203
19195914
100390709
97078150
147736901
9147742
14468282
28361130
13073622
39288955
16480563
104509652
18968522
17836786
20822500
21381510
95008026
92781816
17977557
42173179
22835758
15109604
14464266
24733655
30062063
22721166
17458287
16118082
21221543
20162446
15667505
14954707
18292444
94358525
143601437
21628955
31414499
124936783
60674288
61203411
43119028
137766980
22042254
16303106
17029640
16274324
17925141
818155
31127446
27962117
54282237
45564482
20186953
29057694
19789551
40533912
1652541
28175577
18225195
38025393
15560581
66867916
1976841
22799750
41213511
17911562
7212562
16649686
12
1295561
14368074
16367749
15367279
39354822
15445811
28989579
5658792
41498406
23401988
22444793
20677073
16202359
1306461
16745770
15457239
42144415
81968082
89552596
19609127
57098132
118236836
7006712
18770763
18633351
81425302
20573497
19082475
118792915
69637257
122538719
126073293
41201266
15201618
101996946
129647420
19351990
121877194
11203052
82897264
18455109
1318301
16976485
48854328
40270176
14232849
14957835
26749864
71159668
77887101
127671932
65652602
51833663
34797208
46685564
62622531
48414202
91918568
18177223
7518942
106476170
126134659
5688592
32972587
18402970
77603
9348562
586
16829058
20009949
88493283
13987492
15731618
7846
25140900
23975451
82470269
43644879
37267617
14763696
10202
610533
10955762
12528
20
19575406
11844232
16044756
14096979
64762291
115179706
109603278
106631538
31258723
118958481
15534763
67656702
17545665
23967651
5378272
44731815
5861482
17585362
49698488
11148502
25834263
38649019
106810584
113418004
58073660
78705109
43904254
25095742
90966793
112873379
19473381
56500241
88022292
14871283
14681605
32146604
16335296
16875985
13950452
9717872
834121
42519002
85702034
97116898
31452695
17828438
48054535
40047017
18876013
37967081
18020233
15295503
14236058
60675604
16829781
20630798
76830513
26360531
17722841
75333454
19861640
68513790
28483312
15791159
62554162
8257762
40169753
23821728
47999579
102177436
104983919
105146632
69684383
70935101
85235976
104699639
14860319
32593796
15488528
33078313
19362092
43440862
20307173
22152944
16674349
16744951
19915427
14534267
16120602
809760
38208372
2557521
29891125
99740309
46125030
71800889
37930834
18654770
75043406
102789928
102990273
46017333
64222998
28200884
15651748
18956569
19658796
23518723
26321461
61485111
17560247
4168801
45208822
24239596
45910730
25103000
15119529
34011289
67339306
29300726
30901709
20414967
19398978
14251443
771619
32433821
37718165
26929440
18228075
21145241
19821657
15233145
19207266
8265732
8406952
20166674
15234546
15265490
16444606
54393934
35060716
22894243
29475191
16958125
14142505
12182142
1045751
88087170
62290655
12340562
14165069
23395501
7730492
15640005
18772406
24773177
22538618
25883725
7040932
18197019
19612549
16031509
17411800
14065548
19656105
12651622
23876026
24112102
34629427
37291156
72687459
45176933
18061931
40145630
20566438
52756988
15314702
15110839
81150079
57743457
35056012
13018472
15235298
91377433
96584505
21982720
37759047
18739939
28202605
24957661
41829692
15212570
90308449
22027437
15443718
20066561
19674261
15694286
77010168
58627132
31936896
14760150
14789651
14789482
57428049
50341999
26298334
17515254
15021918
28945635
17807970
16912739
20192275
68219213
7827602
2884771
19477006
78059366
31124797
17221179
83894893
81959310
19037373
29270961
19622741
40994985
19291441
14286262
39651528
14105506
14283170
14993622
34360322
26580905
22552031
27296333
15583840
15962096
16971072
15783407
24660875
19347013
16231922
44517075
40370781
41612956
16226996
16229246
17587250
15164565
14434070
37045139
89739822
15576758
16046640
8936082
17517577
5746452
25554294
77126003
30278532
18129528
86558158
94499861
20685982
14467351
25389540
21751701
14353217
16696839
9830752
17350625
5916122
20810870
872711
22031385
16318228
16246654
20519775
24010569
23461054
14235582
16239852
17071016
20354297
45950796
22783631
21147451
16469166
34306957
6362172
67781877
15023233
25132768
16131259
26381328
36516110
16832613
42676259
14244682
21368391
7512442
60597540
23278361
63279078
59381264
25203977
21010529
16030886
34415739
22108128
28217392
64438588
25385675
20012269
41527625
64848333
71934216
67109422
67012069
14790314
78624861
76434289
78696184
63177848
43951135
8816292
87256747
14243905
33995716
15382208
55331036
90012885
30793542
23992846
17433998
14050355
17449453
15536703
1759181
18986865
18029498
48754048
746323
91904010
14100972
23624565
28888486
16535347
20602292
48447532
21245863
16574209
19785281
649673
15139452
22808670
22103172
39788017
40022688
43972049
45462936
19736106
21426656
807095
16204315
47841557
52042937
5402612
34756353
14100290
47761625
22807200
16012783
14465607
44513878
25568065
15966494
47464716
44254505
49454676
36170998
37788181
25067926
19794306
19552745
39511777
28412100
25830909
16829852
63850744
57112765
13436432
16789926
25973114
26284425
74559653
82033960
15310883
86735122
34708328
39582839
61274538
19405525
86138627
24970759
74154595
14133551
66420490
22532974
72915686
19637934
65735002
66677617
59228319
74561963
40774549
21273726
19066621
59587440
15996171
66596794
89267903
18267393
85664048
48023685
47265013
59458896
80056556
74789348
19729750
85348319
11690752
15520927
26515420
27035456
22505307
10454572
13416712
17087210
13348
11998942
4769331
14857438
17901691
15565315
46714205
87219052
57511453
19381312
13851012
15475130
16667408
712703
17784554
14173299
56409802
79467468
68883122
17231732
18010273
14787980
18173927
83181556
24821703
18529163
34817721
53154473
27711852
5763262
43199266
80634898
21615934
84154618
28448830
61203495
29603039
8834882
35859588
26643090
16235102
51829051
43132502
25770709
19359330
16177358
63296156
16974283
15526756
70870554
56560833
17164199
41149231
15162193
18684974
1415241
15017590
16549792
70115870
36387093
52765598
37796128
7837242
34172157
56251132
69800886
16671245
78016136
18194689
44702119
10076702
15725330
78941721
27814428
14956897
77870511
44379974
71586602
64400477
5866192
18453534
43274249
65397089
26574882
73759800
15737436
63086462
74792668
66593349
14803701
71022277
56355756
73213906
23362200
59927545
72050172
60141520
26849157
45837797
66214192
58635085
62900870
15738008
15838676
56422080
54341678
23823684
10345272
69703999
13593132
69781890
39573111
30222602
17422166
37937452
24013596
7753442
22148034
50394279
15554352
16559320
14912789
29370507
59839113
47651068
27927666
62290422
32791928
30971114
36526243
25757050
39502290
30989326
27697491
16045386
62441937
23554196
29698464
31986700
7736232
15601542
31806999
16613646
55664312
19265034
20801235
29982238
23499518
16363566
25015701
62179648
24559919
31541702
14789656
31542425
30310150
34029061
30094921
51484605
18021071
13972462
15502857
16044065
21015067
16696889
15545683
22855387
15730053
23671912
26818463
27937405
26826424
25643795
18621859
26106669
27928604
34710680
40263200
54718815
19206311
18631569
15150900
15494866
18001755
16203586
15637375
28572196
44169233
28169603
35321204
44256864
41622942
25904206
25240992
22662918
45708993
45137643
43201701
60652160
32966237
58232533
14651443
15489596
41097266
53053577
24778845
819815
22026700
48419854
40329236
959161
15355128
53183157
50060474
8416832
39747485
17369410
37982742
57914165
17123992
30655394
21882653
7516932
3469041
15488134
15021206
17046380
34373064
18033918
15079457
25125809
24879158
56392509
56389588
42483598
18149389
27241824
40321822
15064170
54569860
18728980
54701681
15227650
16667985
40568981
15948045
18916408
13218102
12044602
5988062
16129920
19394188
21622232
15910704
35805851
21142831
14602771
12845302
20098618
38581009
18024393
18169075
20815181
23076267
19659247
18082946
22520304
19563135
15089174
40001702
39995573
13175422
44986103
14353411
16001350
30951360
15139006
44660516
37600424
19463267
39891142
29300375
16335203
17547594
15740578
19734316
39769369
48468185
49750261
48900017
44033823
16794218
18022916
37219089
20573445
52458789
44525289
40851965
17026851
51071715
28324376
14226495
43171801
54221142
15060048
16250109
14071624
8270712
9302872
16286328
39418645
18922887
39606436
37016990
19693442
15397371
15130060
14337705
18130535
17342895
5692662
17491347
36848047
27747985
41318889
41499899
41505220
19729080
26603753
21240220
40985087
21420519
26321139
39206347
22941725
39668347
15987001
15291584
5446472
50393011
28500954
22187030
15443541
17400555
17448950
33891603
34006673
15190230
16747469
34611069
34009891
15726481
34679166
21822192
37982910
28851521
21700347
21732388
27937609
40943943
30184467
47422267
47412768
45959329
38821036
41171125
31017605
14798765
44783815
19137343
18077270
47216463
14208767
14167055
14913949
14503332
15171487
14738612
10978362
16792384
15571950
1415331
18287131
19493992
19202800
19163578
15239219
17498122
17293744
22029313
18358758
45743906
26953037
35936474
25876106
30370638
27457788
15839517
15849231
22940219
21148293
33514869
21324258
769000
36966852
42208150
17661992
18821172
20054429
32977564
19598574
28200735
16164520
18053213
13838562
29994949
28183050
15639571
18382863
21573210
21756639
18791654
18642676
18809336
20794347
41822452
28857115
19278242
15771771
14882610
24037404
16365305
38264800
15638172
795500
17744369
31033225
35475966
4025811
17877426
29467996
31178430
30970838
5432412
18057537
1179471
14283900
15380313
14837037
17401299
17490389
15750530
17796018
14840733
18338061
17575473
18639671
20189084
20722851
18210499
20558747
21700258
19078878
23034423
23493962
22938167
21346619
20894743
19657022
23488443
23492370
23281984
14469258
26288291
15299364
28201579
27256022
29287159
29743558
30237599
17725401
30271479
27628345
27702749
19043613
33616942
22547584
35294517
36586370
17012267
17556198
39437055
17212712
16458824
33384085
26238997
21147473
39513054
40818079
42507164
27732241
43986163
44571828
17678357
19408109
22483393
17077753
21006310
16247383
22941732
21338775
14251523
16621190
19156830
8940342
22489062
14574019
17840575
3567651
17057800
15313316
17033125
24640778
26131145
19084128
28249751
15836985
18560967
18058717
18196410
25291394
27029537
13283232
16800295
23497129
27891633
20554517
5741722
40108993
41880200
41360910
30982835
16878948
14874480
30053829
43267574
42971146
14902214
15019738
21909634
15483031
20742461
29307489
28442008
27078906
25581439
39561757
39395621
16787306
38829174
38788230
13926332
16883939
26565946
36786612
16459986
19250603
25391743
17860980
31435351
17789443
16588095
19519252
19690643
15651844
17883075
24737919
15224867
12337072
30272272
17239748
14782009
32548985
20075668
15481645
23492385
33023633
35964334
13784532
19412785
17047012
14653209
35024327
32089715
6449282
9717472
17074440
24724263
22587869
19397785
26885308
32931188
16298036
17134268
4370801
15984639
17061807
18943963
14861876
718043
27766380
27342771
17838059
3065101
26527812
29260369
27870981
14425348
15069013
17602623
16473589
27902607
23395468
22379322
16587002
24456739
26641863
26632351
24835662
19730357
18498684
25600979
15261269
5603662
14592411
15850297
16318652
6753582
20193243
20245775
18326837
16409683
19371863
19732477
16595562
15846407
19593182
19291479
19576894
16740276
17066729
24379802
15801168
22263417
24552559
14495977
4077891
1775731
5392522
15279798
18943488
14522546
15485441
23122563
10801972
7984372
21489919
17027105
19005377
19708518
14293310
18791763
7744592
20778387
17969296
14095595
12036012
20085838
16446860
17964515
18906561
15423936
16196430
19137745
784304
15164281
18863815
16151192
19554706
19058681
7738862
2676401
1808851
19314329
19164372
817761
15873883
17655804
18773197
15741397
5420332
15232635
17242874
18360605
14754058
16609343
14885734
1336231
9337782
1174241
16166496
14234858
1754641
9567972
16143986
14109677
15012486
14173315
3108351
15764136
13521702
14871264
8960442
14090245
2735591
428333
15684182
18144869
17474531
11383742
13678962
15169032
15137996
15051243
14289187
813286
30973
6870112
17925100
16724729
17457839
4278201
16263989
13870932
5768872
1903021
15309192
15371350
15251135
15725893
14774877
15772272
16194028
16208467
2869531
16493544
17161241
16190278
17033329
16145224
14387295
9074772
15131310
15207528
16727535
16600241
16456875
15392889
15859515
15164248
16404620
14761387
14944241
5692542
676493
8329582
14156617
14163727
