760293054
1330922610
302186452
3544871116
2459797057
14086472
20081047
1270330429
2346889162
3193600638
3285373477
28641601
4085594253
29312479
2303739530
1027201860
3401598946
52711673
10182542
1155398839
2302351903
3970202183
46221417
153442632
75643984
16201632
75838448
21967109
2207625835
2738259375
92982912
2396485400
236549227
128043687
80856987
3222256264
3807489674
185458236
18233325
3397537151
1079921312
4070220838
8340332
43026885
3039486705
1236479616
2325881966
25203392
10197912
1095945679
2727236548
1959606781
1377503497
3164604029
2200855417
88656256
1626200791
311544616
370911790
2288519486
394371439
1011576312
2269809992
26239665
2476865077
86149846
100405976
28870835
3318294376
17215619
17844853
3404254337
18119380
41044925
3523236313
4063699515
4372736974
3733333217
2313841765
1116603992
2511085188
3298309512
1722498908
40366528
246451658
3911298118
1853039107
19213162
4165043542
4472922154
4373476653
3887881583
90282879
2926089658
1182699356
14700551
14850342
2226814182
545536268
48459961
24134009
1137345780
2414803747
374428089
2988435394
594976466
3236372648
1458247532
3289652677
3291752017
3292492640
3342980194
3131363729
3292635462
3226720002
1492929594
2840413969
2280626780
3292344367
29849207
140209719
619696017
438640251
823320788
2368898603
590154598
778922600
499931996
118726979
96218592
2856865229
633404586
919475167
545746188
2718940619
1380555235
816373808
59768337
1969038133
1149328063
321950954
1557767276
256894890
299457964
15748401
1575871550
3846309552
3287508552
1458747120
191147940
819959642
59959022
343201332
1856246575
409478628
2567589007
1036288333
380572350
2200495381
155605463
2576248534
1169680302
205858794
3400379535
3167708882
87448531
2713664461
1589468701
390771962
3304894797
2543419020
498579670
2362907615
2910961444
1344706434
3709899502
3427669695
4165040297
43096020
4307737579
611693658
104966160
41076862
397823864
452274918
1065110527
1138499916
24210409
1973655866
828865279
68256619
385968768
14171399
17262967
2505131299
14081254
29969495
1635637855
3068974437
502037920
2194436084
22489837
1142243498
486745132
132969987
216831388
113447287
2543430920
100277835
757730612
277282533
107082882
4151931434
185558447
3156948342
4189286535
3434041109
2927926748
2543447305
16294267
2543447137
774777169
2753054408
4164331095
1342037772
3092063691
193444075
465559760
550444251
1875402517
408648802
1106229331
3335802123
1061517318
3419086721
3972393628
450018414
68130345
2394902983
215270709
2471791531
21488116
2321295800
97270854
93972605
15009098
206383394
74474475
41177132
94341090
887225066
52667346
180663326
471324897
1934428261
595820027
2362409671
593194534
137865112
21841580
2523901568
2981832653
1960565654
20484022
1708801152
382649330
749833711
14350625
1021281523
98883884
34390936
23362439
462290781
1606135614
51705580
37816341
2762254275
460413525
242474749
25282235
1246395804
389602055
16418222
2576624534
592898698
37708640
3327163689
107902767
360997712
2269075471
176201415
2901979953
2423626323
3221754908
443342398
2804788880
3774280632
2964656080
2274732906
16050296
33268989
263918540
411845007
3415258511
2920421523
91135990
194598449
3320472211
2569638880
3438573857
460711368
62673924
43951442
801139272
191920757
368436825
2432231683
318230038
445710348
2541669318
30964381
37761836
124518835
2551640107
3118048845
3129160875
394886480
3321913552
252538648
1262794464
91350075
388511563
2338973766
1148899842
499369069
94391560
2790532196
1453731654
863544242
2445784406
1095517261
389991550
3177761799
159110985
707723756
57714237
154161381
1720885284
545330657
252694478
29645485
40847455
21410757
519439629
23363031
2875411549
837834961
205522778
3663924519
57806173
2870751687
525949945
328695608
2553675566
3221781649
2791931792
3842140514
2614524096
1852053517
48057281
103674346
274738756
2501998708
19219056
333747825
20913096
368601584
324643878
628452599
125534451
2209242625
15774903
2167711148
151072063
14667803
16690876
20405349
98276383
199653895
604911709
185238273
15877547
2472964321
759375067
65026647
50139838
34663615
40793336
525725211
132975929
2686353036
3235325700
28153797
3244647310
3311600792
3913559542
208018586
131704753
208852868
2612887771
79873343
3566796792
3042765676
3523160774
250294007
999071564
417504665
197941481
439174793
3313607102
3800402113
264003992
2884306507
3346466844
3887970635
3805648756
14442882
3792861793
49273502
633892616
2424123061
275676546
187920064
434101251
48292563
299247626
454768758
2734143170
87475277
101710163
443465286
152447986
2659497073
279756324
405175274
2287293128
117439761
1314787699
150516424
31427991
190005154
28703779
3398851745
117145669
2264836249
3155601925
2821182843
301381073
140968810
73316614
3809350522
65738289
14784877
2397142412
29685064
818688481
2426956453
529777455
16233718
338176621
3568722922
20659235
461144928
21099569
2673361999
2249258461
2456412477
1630133750
990950593
1954767889
399349417
3482485094
35362037
2584414332
2754384061
180609590
41833484
2816572464
89259338
3562203192
3600457397
283367471
111431138
287851092
72718209
2814841131
3238983106
24094125
1223485399
3306684874
3389242265
3499836809
3432814013
2298470490
1407477716
3240846780
3333729381
3599338936
421842297
458711563
18466220
3105361193
51727645
3357576784
147696463
2835259674
1428472130
3214300773
360053308
3596808082
78225868
2794668025
18806575
3244116401
26012800
264988547
58679970
2659002146
498035448
3289555633
49833541
1203135410
3043907002
2325059150
2890569556
68165173
897030836
2990718441
1272508908
3596740161
216968588
3459706512
353604968
1700595949
89980870
3543800716
3376203004
2444622247
2599936992
2328132956
3544026375
3389689318
3543679575
218630245
3449240234
407922227
108941222
14646578
2626398089
107183921
71012950
598887496
2298060078
3374783727
48761626
23065897
1694222562
606598227
1332797402
1221939421
1641258270
3284031554
37975072
17070640
493269701
3417741989
3180820929
3374245999
3163063265
343127542
711538602
68260810
2322641173
49413077
8671632
93411311
2789583095
1148468588
31127584
600679606
109000797
14227779
40777305
29336037
43082114
1534303334
2727146935
3430724247
393557699
3351206847
3320632783
3320610102
3320374518
332855361
363561233
3424359772
3320580456
3096884988
3236074198
2886053434
259072173
2858353231
1651218080
516065852
2303137614
18750989
96406256
758420112
39306174
123369141
3312737887
289488855
2980364734
22656176
173610630
2211967739
2149664056
124658067
384946254
155438465
456685967
198919837
3290051788
23160217
3414770212
2931616388
2924297617
47505981
370563458
3314908073
3392579097
3060157759
1127236268
16525995
2900707457
2986206844
3342985653
2967538724
1700616752
3037977183
299109322
3271083536
274262264
31498999
3178333777
26950265
3131595694
2319137827
50700473
106305975
2417601351
3256061180
1278912139
20540565
2612219203
2414737932
1929008383
281088422
117137344
1620534235
3223617440
1070644909
97926273
2350782992
448143873
2236411578
62866733
2937310036
3149062114
28074325
9525952
18123407
3305224425
66739464
1562776226
88676862
53253723
72952911
178688070
3197434557
3302504669
2312902260
265593602
872730668
569061144
1248347402
49121054
2981084747
14476550
3042625857
559919694
3323590539
48049879
1708241036
516665208
3058828495
3289100427
15496626
1965231
2782598401
306424545
98323611
389574081
15321038
130974575
129348805
2309727840
27440571
2784692113
587564379
17029245
2221130887
167830728
88702839
301285775
60623678
1478385794
1492683498
3349872171
3037505813
276299883
29387856
144911743
513780352
12039352
102372688
2544159644
3254959417
2542840496
3196427148
21481374
70871291
189655866
103050604
1559387821
3178606399
1111931
16040333
3250026878
2354540731
1130640056
264733420
940072736
135543991
3034925835
3246244339
97694157
2279647570
65451099
98477435
2433898612
1161087571
3082944647
3118828032
42041178
2386871742
38429011
242461955
18616085
872042317
27646258
213516244
3006961615
46152931
2496889440
819181700
1041945721
19624781
26162094
2700896623
492146500
42369676
613677118
206330090
604007770
22882552
18189149
15167351
133754878
27667303
2486034890
272674112
342864030
70873025
2178348182
43156555
61296954
1731425108
2485151124
2339317183
125822578
18995829
169364387
807022190
761947260
56744498
2609511811
1084600843
431104898
1109269686
2583810145
324120193
38536365
977780491
362717216
55181796
572330078
2658569068
1022650339
27010728
2262134150
1281658297
17136795
609703113
289499432
752284656
2225995386
2861448539
2822842906
550896266
16864230
294784306
19109017
3011391152
192001846
2939149481
375279433
312468366
94326128
92046425
20261690
873941084
14431400
1536399169
27453762
18559086
284151155
2528947140
326260655
2878533622
203500813
16225147
135731399
2971006762
133686392
210423504
3239194199
16361626
2257206785
23653818
17384380
1708370172
2865255989
2416536936
996838464
14905019
27359224
89391769
56210683
766071379
18876464
21279340
232905913
15039436
566489482
20324912
14478263
42034114
90379747
15878114
1452150416
198771331
153771310
163303456
372889416
97403875
2359028480
400046623
2288689680
94159667
2655135938
446550053
3034028242
3033270773
3033286185
3033639388
3035890983
2653468754
1307861905
55364253
2579239620
2393391211
909167748
2469247476
2206472570
528867893
3080295196
2657153478
14707072
245951507
517392967
1515693606
19663388
511497878
201472231
3163403346
25333859
369544950
3041264753
2824791224
3035477879
1387893865
1480485188
2607998051
309573904
806503322
195856289
1356489212
2308500038
1642751634
567779676
2787844456
452841569
2848946632
372049420
242579519
18195237
1495035654
375508902
64149875
2860289139
78830113
734557112
1148259380
3054486372
123383059
31494409
86798362
541172089
586839563
963263552
1118741270
16791841
2337283412
361835167
2266106167
1735241
2921841922
945540668
2831503557
2993725691
15812482
3034424365
113606794
243948272
55370049
335576999
833937432
846709908
19034763
94720654
42268013
3033803560
27540688
2990353173
17743593
208591348
3067808998
617565913
45631865
1130894490
11960622
2548313096
847628737
121158213
1539471
102872394
420749957
149618178
3032191802
2371329984
18772495
210849989
343626154
3059585597
51527922
342391670
1875046310
226694765
1657106172
264265349
24639297
24179141
17624213
121710786
2865208080
1719880382
3091715261
2837945613
2437610144
97251972
2332751130
310309044
54080524
57260327
850988472
902419718
1382514060
963542216
197079749
895234316
927549306
533716140
20671814
340102501
41935315
112382110
2949826639
1039730563
360882623
1634731202
376585551
221557378
1576790779
709828169
16163966
29209988
524610484
2527079689
3035635263
1541443327
754736827
2603224578
1384807136
161151191
138300511
2282296520
397635155
101515481
215516549
126756149
16047616
1861112179
2913124541
1639210314
851798726
261116316
417441631
2196032884
22524716
632358469
25987740
2982082929
401188002
2870987943
200643347
140069966
3039749105
2812628622
3095708802
158341194
1407559062
3016092530
8035672
3037896950
2503318909
26453308
183109835
43357195
1002092088
495057442
596864629
19031450
1233367152
28072764
2283341563
2475967644
268378813
36646944
294207022
61002941
3047293518
80413939
2809323029
3064448620
1440962732
366181773
2707115174
1357976521
51805920
22314520
14983363
547331782
103957230
1469245129
1152288188
2336518790
417349400
31416666
1142816695
19770255
281318217
532168908
2988900361
3005081772
2792494428
2999959105
275648422
36319024
43704586
3037700376
605025484
1400785219
3016189086
2902290119
2164460534
2332066656
715714425
43133380
357032957
91842921
563357030
259245988
852646116
1278696937
2889532196
21784477
291471206
133075625
500936787
2922429195
26058505
264047932
3040929808
152350229
2567219784
2915489902
1553849348
1361135736
634780736
15944300
453548744
70388173
48545894
269324002
16549403
29602993
2461942153
2779491677
2339615346
391150516
601713388
162561005
1531419121
307558156
147271712
21875520
1146624066
57975486
579164143
2809274285
17925141
211078454
156020838
954533034
209538593
2406230101
105917955
60436043
2311983432
296003603
14342845
17392999
1357819080
1729811209
144620844
32883529
21875180
2167190048
45904106
500800111
2875171252
14539114
15899221
56791060
17871282
6170452
204498541
17265425
55121793
34079088
335508759
14948117
196990169
2321186233
360708851
16890906
21367679
21324947
15989218
29266562
142487496
17810288
7978322
2919031363
2841608800
1074240829
2189229457
88514336
51076472
2462462756
296886362
2615559686
1979492497
14881378
1725045786
167338244
463446321
1585025880
2504194061
232786745
2865173189
1581410960
1433892955
129706841
1446389574
7816702
554991883
24057584
23979865
2923745719
2955197805
1898408743
115765887
350001555
142705588
154549978
1096738159
152772098
1312068378
115094250
182978104
2324738234
15750814
20769972
582859926
2880764955
2514160279
2414015923
327391858
1708139786
2342127020
14906561
1911289632
2742023225
927153812
61871817
326917788
1078170716
2397837884
2859438347
2900031699
368959359
1626234847
1571271979
102490645
177818843
93284507
1179451999
43591054
479806408
2695078408
2352534211
302347404
2213746602
2459951474
1955187745
439003176
75938019
239550644
1695587371
51783552
557808103
274488373
17089843
28136852
2443720903
451776898
354322313
403631348
560967760
32042469
2740328513
1209116832
1220551620
365948305
46695843
158568102
1170341029
270912216
620023613
1276224302
100547278
1489248511
2581028723
34929588
2176122937
21836824
19421699
479225075
437051229
159529457
200835310
79206246
39198230
227076145
17192601
160732210
25523200
483288014
471867796
468866038
224129193
563338771
71320933
132428349
2883914834
14624492
231052151
2884127211
489571577
2773599378
168776321
2906297187
2451994573
579733016
1375375928
1880922469
326236575
2279925576
304949711
1702912668
1882111435
1637250589
2842475310
499258876
759515544
2711154919
149223235
503233882
18641981
123707757
2891946921
20565245
617670505
211605838
16213003
780639174
381516836
762346716
136607841
976166899
293691816
514712012
1063076700
271004754
2764637100
1436873407
33101912
117128823
2164666004
33914340
2186586146
357253422
483757222
48734461
162132648
110326174
18899739
817634978
92566571
2934785900
138185285
324323055
889974259
19342677
1340528486
299929709
49216749
491270751
2845611159
30249176
618629662
62419527
36710128
2413220503
103088994
1864520863
308593700
2405341116
417048949
21004344
369635506
121818407
2919521574
324958243
23967592
2899604775
909096770
85021241
809679248
14753385
1450726993
501290005
768544610
22943452
1144885416
2165341368
533386731
87841658
858964134
163440192
2177764470
2342755093
245957113
214771684
33617885
43578236
1342843904
1893790454
1462434522
77408679
620530830
359867484
17214288
1412560921
47394248
111221301
2860727871
16920563
26050133
17912325
135348838
2267426091
95488946
1010899052
319154236
846794335
964137276
2490479059
1071167785
29168938
608349902
1352748242
67559329
215711626
2793168046
17387672
439359763
2742553399
2698552417
469586568
48849875
2816668308
513660968
2842743370
162375459
57874971
193279445
891643688
635588534
433592089
113330537
458621197
18637884
472829432
89006501
15257234
90113810
2338121557
288839573
326827872
42073727
602173299
260357180
2837354809
321582809
258963337
334109552
24508457
818095
484335557
2740147945
265503318
97789509
235937348
1915195124
512098457
137188861
382809880
1427305118
342028856
802057369
2221708754
862872710
28158885
15310723
2753848638
37990581
2353589028
358935706
16846753
402022423
88128098
2341157676
2835980975
17917157
318129964
41010716
718678818
400069179
43261913
1097036250
1469049500
1287010033
606381058
1238926800
2421213836
124710757
2842291170
19002145
2294862536
32871377
339444019
509098628
176028641
2165989292
484405082
2500010910
20229378
2601515605
2292908132
297137216
536005493
946870183
887052500
295655343
1175888544
954897434
401164761
1240371962
281219487
162030571
2412908479
2696504443
931093890
603102531
566239459
555420379
274396088
188578679
20431123
820147838
1705696730
298895795
859975668
169527526
2332198902
1638920197
755602776
149984992
20939145
589240520
545275643
2809161682
2284237477
260778431
191662607
949153700
17680400
543049885
295676754
2830232256
295321475
242568850
397556496
540258151
398150583
1101484519
2495464539
744674593
111541865
2546757373
803942107
19436903
139249428
174681157
478143027
30183158
19089922
414061718
74759405
2487914575
14808395
402086931
2482778918
9306542
97600057
238700590
50899475
321757191
17907090
979065025
342996459
744037315
305881687
213377496
19784133
1924258645
1068171355
14426674
392414142
14565351
93734437
2393870773
28686060
546302701
98565924
431115103
6290952
397106661
115465058
600306883
548249562
69454176
20771476
163681194
1409623015
2388063445
284170219
2244212947
2228802175
2281078993
114310025
733232912
787208461
2327331186
63186303
151213645
1035525156
294852352
2293406821
248993698
69573068
544585961
823946216
21191528
534563976
38555494
785071134
162068086
408480847
21168100
25351484
55739705
2320512295
16355450
18080523
524641229
18511296
401675584
197780784
16056529
2282957166
450809731
15039143
981370580
73935439
49121552
104723962
497854068
90009413
48380729
1244531034
2265048648
264182467
179442897
2590163606
23106123
22371229
338139114
1349395015
461974462
1943916085
702781685
230241890
2189468156
245971039
2208919672
2775981424
2389716607
528914947
160253953
24738621
2356351802
36939693
41652749
1092479468
348999909
2463051174
536272513
974429851
114756440
297314615
122486457
432893162
627778780
54867223
2203243111
9358042
36769407
139388233
1292747995
316808549
341947683
1152008677
2792480833
628638850
1660775653
121479089
36747038
1125690793
462173148
2793452904
148274368
486415742
244680950
15280716
92446430
893233506
393179319
334241684
11315502
1039358450
2477784739
2203827196
249405424
558264101
28172438
257033804
19874800
21432043
381411385
503782667
502456780
20203203
114741969
260939191
35057424
6975832
2617568672
2428198024
48735983
2466379230
1444066015
360533190
2294914609
1609683104
1104799188
90913754
594690472
276736651
279668614
941450089
1398569887
320893232
296474643
13339272
23383075
2617153778
2256847194
25393888
459621880
2407482726
1408137253
420496273
557561335
26218229
2610391793
992095819
16450250
1322100966
146320306
2714788600
2662084814
2169909846
1212643548
154790092
22507908
1706017039
1498423506
25761008
2780853762
2686223995
5789492
278570134
2239596828
355399881
2591849377
34921580
466560030
45548090
2451850826
264962685
2153170016
247029028
276107886
1603252063
164004939
75442030
2265717096
17342880
735384356
80635705
56103222
1490829504
258465378
1560642552
2361597548
82204780
2387410362
2647521493
19578913
78505572
26038648
55718650
87329770
2542994348
485842230
251113918
2721826153
16531171
86347265
2328665010
14667676
818059567
105613468
372880147
37843248
21328786
71952529
274215272
505294099
18029781
159269020
2230048255
1892295980
159269241
2407298918
443215756
61671359
1286514872
277249048
43668479
20345557
395371190
793280647
866636064
89696713
220092965
15259875
1671978626
209605118
332161003
306505894
1047292314
2500179804
1904761490
23792669
1366214527
27087513
2494984159
2191516831
772798783
230995029
67793401
416719852
18092926
44630975
45287331
410022652
14298131
43113310
2278338564
307262920
345412174
175332025
2328335094
80183240
27520560
2161942124
412848891
1324519698
492353555
40879407
2355545629
1119576175
1091295002
589511830
324686208
242474373
76606297
170019291
2447639252
15995432
1327598058
1683831997
435014918
29580146
1456859641
25796150
125550892
711182599
23648764
147510123
2733792589
471267002
1568293902
621226559
1925053506
334807765
549485994
360954191
14486811
745058028
2574095582
521183375
45016414
2577943753
375224884
2516158890
492706842
1084538815
566366861
68710627
170255120
608328775
57481108
24852117
127498066
289961109
14317669
956489556
14787857
170085737
14247987
1320038996
1124768984
38593373
127692858
93249140
2388253213
134615660
543012866
17945843
441674083
102661601
24398277
191789666
43251646
79990503
69546188
25100623
2175864487
1139077532
352385001
59261870
179201589
1076614044
2439430896
1700701627
43559147
2370475554
17831065
1595570954
15764156
285112510
33998869
232538497
266014099
858382538
63348877
67350721
210678246
125298664
1647146564
573686372
57714578
634287795
514507777
53668939
525604815
58628947
90312813
28207516
242811019
2474820182
2481035304
463332538
44409040
2250866112
389886244
339671103
85533939
2395163744
16623929
22028789
49405038
221885341
21126086
1850859415
14665002
2335941266
15935549
2659463634
75405082
622508196
2163795013
2579809111
902669251
340363540
2603978131
18801318
16346129
2522564776
1160326447
168414846
561233113
36765458
2556689462
2250502146
63392916
2654302214
2394617003
394578897
48703500
1344445165
14766768
288308592
335517806
91021526
294276749
23673381
1719781873
1644725520
20462779
404795493
15364477
282396430
41928273
2362786158
2184670391
2685901709
340623288
52117188
16902039
29510346
2342196577
46487822
32130358
1553857951
79678456
284094344
29170880
339148874
2517106496
86561572
2309871329
2474191248
19003668
147562313
1086538034
798262237
2341460150
60824815
234068988
2273205012
509703232
2581704631
91243832
542460984
276487675
189982497
1371583490
254543444
20874877
86869986
2282620364
39616153
805068698
840188174
572802423
1272263276
30171386
318322550
423626646
16347816
551868470
1282229120
29266883
1055554734
44637986
632409720
1478247552
24797496
297443753
2424583266
193066470
553480792
1851359713
2518515146
544436149
2394310818
789855481
750452695
2330659799
324638408
427563430
58554518
724936382
1590694758
238660514
285397744
710770111
31040536
609422170
447251640
327177485
102155449
1056361674
266669765
633287684
23272516
271040491
2447658926
78064584
2251849610
2596413242
29251638
2298046014
700409827
199316720
1872602389
16789906
2523021810
17641457
32368165
62787247
2449977715
235994117
2279387280
55256636
236928181
2339420989
22666248
480533914
1617562099
96397383
15797425
24962238
24594252
216975459
303593458
1499262445
186402054
342077770
2372188038
20215441
223120889
1641634550
136709880
618376306
128852894
2225959311
234762432
1487667217
2446872374
2421465980
1861466618
14528365
974853876
80279630
248919135
15736848
24889691
1510277761
564927741
15312244
524656017
113996419
807069680
23126770
167379071
24107253
114133182
14486815
1613575002
466651749
2428489964
113391587
251778913
72526090
2340949106
2163433716
172123590
1726642087
1502054965
23665315
7702262
22422937
30255208
137960628
21108715
482476935
2190839472
2413013419
2587560271
71098601
786358712
1628880409
377762376
763757252
1346646384
1944177338
17300462
234558246
979004125
1167434527
604647078
258560029
2201839401
174801737
2480492598
2492947362
147376728
46588438
61608747
495355304
280353435
127368170
28734033
409881214
2363646728
498025076
253018525
74527101
1015397083
59063301
242914882
237082086
521113526
336758587
31255504
2173007365
7683422
549517135
2323317534
155479192
16309982
713018910
125050231
1925623081
108312406
515822181
40782988
386644001
160700625
550997719
1140758190
1911162115
546162406
550227669
515942613
39868001
1315372644
17929724
1120878912
2261217156
2394657535
374354008
713588641
90250196
631118385
449927570
407164930
119930118
34557065
2295217322
376576460
245856674
17736472
43874767
368207295
239217717
62158796
166209572
94667704
1121868853
500307496
461066731
2421637097
274369575
19713521
1173286022
838852608
816339355
95139797
16158176
2201951496
16030897
1345647810
2203413638
16449692
15066270
48453570
15026717
15256188
1131237216
256545540
532954612
23647063
265260401
2282536866
23492398
2290044650
240511030
88906264
65700868
194375266
1548310466
17868767
825995382
347954284
1619306059
34717352
207107037
337990971
2281851421
545147045
97623221
335475999
416935890
526478984
14763855
1875939270
836419501
2494809842
2194565641
1688284392
1036709604
1291487960
312813797
1587456918
376737538
24640831
582757842
384050829
557441626
184726564
963283998
399442261
977319498
298647383
204791931
548385647
860475799
128882329
25281619
1344151712
8617282
1162797876
385125725
60970864
27418024
2292486814
876651
511026754
845720863
281835671
885866412
870221126
1882976580
913594314
802542596
254232727
252009551
1228840274
442280552
506507320
1230015668
133793696
710219258
24544195
2303003096
521747967
132288724
994293373
20083951
21023905
375854213
576423523
231856272
16426698
38715989
94284377
17715247
1560843733
978042043
376775162
137687327
85248481
186679854
24165457
746881890
1510726958
125385174
573996128
2406186847
560127939
1080944700
239221322
2391255990
313900356
1031969539
352682484
1327325432
2331966540
18038375
232799666
2328560858
210568203
135060510
90037788
2421571879
2168109685
2522529224
1914337062
1364999353
337287153
117517532
112828456
1346516700
524715560
386055623
28542548
24729747
21698491
1113429180
2374403634
761348336
413007007
16045706
122263846
1660653024
67953340
1853824369
241055925
989279834
1207667768
1299803965
976923020
1893394914
49667366
36830261
296493118
1391694000
83410481
17221470
126475867
191073749
285515081
2481426612
732185508
266777346
2429945905
956125051
346609312
2457085975
166505377
448781660
2204960788
2492162263
784555
510849743
2435426988
73181817
300630144
2412724393
87235846
15372634
17100355
14474547
1700426708
275422319
175034921
560828139
1071252391
22766119
22606541
2391338396
2228764388
2324314004
944623477
1330974720
479539331
311367878
221774517
197380123
164005470
79625039
78254615
93316119
48887215
39537040
23556945
554133425
2344765492
1722809978
857771413
217851095
96889854
21238552
52084211
214881719
569085800
128889819
126101802
49205867
1952146393
2348733482
1666223994
1264431162
1187605932
1181550816
442848473
172673259
159476873
114964157
313212005
30409023
37704788
367029069
550775751
270613198
47635585
2423090431
5823382
15812721
1700225802
16877513
1342058886
549765612
418200788
365341315
274683561
250824696
164461819
192144191
95972003
93439605
74842946
2375716122
2355729098
798890670
292612069
18263241
542948048
296247283
252629056
154539427
77075584
95742235
22018780
30427894
17839699
868897632
1468671936
459534627
389181792
267372082
243285556
1691344879
406688886
142513252
20762058
58719692
368177056
409224649
159257423
132577113
86119556
22409853
61760319
1648602438
1949027143
423818474
409961442
266079024
271349874
59519114
18045736
211122484
169590682
70791473
1685988342
540044792
2294262301
452822366
243735129
2365960765
1209328897
1167659118
604051910
380631051
382772176
235397768
111741593
47741469
266024157
355743468
569222061
2316523688
274774669
200421673
1106642232
920538450
180738331
412162107
320540551
86843948
39952364
18161765
286399221
273080957
235366725
116687751
101302479
44352821
20618879
18686148
18359261
14225906
46502432
504421500
265293891
870348630
608871799
475432485
374610760
244551777
240393970
62998252
53524514
17888133
15605803
16206101
18214891
16173970
525021878
263407457
165563781
27010573
71873943
14581421
26591324
843866942
240186025
22473293
26518975
14093909
82453323
14450976
1890992798
419734592
1030301186
22283116
41167472
346069550
608288298
2289051505
2166055730
1014522061
318180548
254191825
168103226
42685570
54415057
21460496
32928890
16675841
1575399198
269804238
131926084
145608740
539929769
2211134112
199959370
61695405
453257427
1588334288
1317356118
1928841116
41039648
160176767
227608387
378037534
14394709
2150491754
26669839
59732632
564173073
264518588
2373269923
62368380
438466157
122424703
1168962727
165946995
161101086
68062997
29958589
122289393
582583835
1208628152
2285617742
30273463
48980186
49269927
16029177
18466569
16069024
1725198458
300520256
33079769
711767262
112869554
36397203
351848007
54512597
246556489
1531115077
37205183
1650698976
18993161
103904730
413456941
34985693
16784095
464414419
16910869
589176089
285698282
127361667
19778538
560205477
16651293
215015087
236915430
115290562
136267041
173744329
36638733
325211520
7492762
25702344
819617562
28940282
16752633
843751734
412358434
745485403
531374741
27591023
779484720
20091935
473118309
973373905
24365181
38457045
114692141
264096197
569209566
74613440
333819135
15486010
21492808
253902451
1472765852
168651728
16353944
19177184
1184058534
14767217
19412060
172493141
422504095
18861328
45579175
160567887
65992942
788486287
77829063
17242358
1553409943
378020992
491951036
356064453
14914409
259662410
166915483
1731623666
324263668
411466793
722600546
220160630
885623586
298376081
23154464
577649387
19265439
18578101
15665923
1307922728
85868669
486085019
935801
24551605
288419784
14163892
159327490
85415050
157972164
1462961682
2361787344
38213350
19573772
1729663322
249265539
41482222
47202256
60468975
16317071
18404955
1046638267
463766394
491185538
1495459368
455137767
123761358
217720711
23616338
1157202559
89312186
1368481524
1431247056
164011552
2245780159
19191919
14965115
18623957
1482249577
593167647
874139792
19878175
2350223461
635249633
22259288
116702860
191009343
118721492
34115020
943749469
8977832
140779130
101602358
366003590
6810902
211218150
593285902
526621470
242443320
32294244
130344335
39891347
190804002
57706738
15426849
60494821
492442209
720670418
280435542
915051
24415183
95226305
51206993
55011204
1096989595
14873940
22492243
747682826
21099283
15871090
2279015070
42696599
414800501
24389853
14946691
32149865
867270984
18791723
2253378656
124203680
53772864
151277267
378223599
20045629
1338350780
376014501
84660499
237935734
29139704
300615384
1025040145
46872910
238042246
1314808182
137196736
94160086
249662970
16068228
428184393
15899189
1222647722
492310482
36479406
437253591
136965497
16434402
323713315
15496407
167903407
43596679
2259502129
140807575
221088789
18165970
499476191
404648315
28629658
23694920
490836541
18061107
15935206
143321726
29382965
2343496124
303375586
18367578
36854568
8071902
226085885
198682261
393002580
242583394
24427806
710876933
924611377
28208237
245855482
778892342
527124365
130785315
21578669
15726929
241164164
1533276158
154552537
413929358
9701892
48154149
31721134
317137446
612830250
234179968
42670670
15174755
180371778
166778609
92783449
19148712
1597491739
308372391
1096299122
258837722
37268492
1418617596
2340737592
741177350
1072146487
192403904
1697153281
1537335396
1703661145
196256588
294877223
1498027412
14444197
102199762
265300621
27807073
179927068
11164352
35234928
1314249582
66991766
822320766
7766862
241006357
304895150
1430579778
28547024
145832091
619101692
32345184
1289688822
299858926
79380848
17261094
498258671
18607390
842192785
17850785
354516325
72044789
567231881
15684019
849143508
23458323
54159481
100043845
436663039
173763307
820390778
159340711
17924806
41468740
337877581
273970793
17352782
393748247
125754479
1726546184
490631300
33830953
14248201
50594829
598823429
958319119
212029835
1136191
37298975
19449236
331328299
58197146
269813302
37859965
392716894
2331100094
150546196
606062741
19355020
179041038
89005360
8892832
554797787
63503169
591017088
52911590
375466239
394298605
17986688
9241612
2220416131
987560922
1685440699
2206905811
232368780
1215153547
564925125
1582319096
92295685
241113326
168904457
92257582
67363379
47595177
23487853
100161923
1831150592
129509340
80914249
335742537
282738215
577415947
60280111
448125238
129867484
2222149633
31178153
121333730
160047456
156961213
1048605944
33744562
1548752737
92730373
574832363
1698561
506805482
141714000
1095270342
2167422860
103321386
153225560
162757843
1094541534
874423464
14485505
26133036
24006136
1630408927
360182608
14529220
96695793
174758622
370200744
1916363274
63168241
1948271690
51667942
27290393
1488823824
176321570
92909540
366931222
596378158
345344340
1278450312
137472371
420602272
400596384
570893627
130640277
37577512
269026000
29939281
1279873122
16007252
23876874
365040501
178985942
84019524
115401269
1592726544
211178564
245660224
40046863
173856333
35762007
144422358
148281099
169930276
605227547
1051279388
1592702024
1293429764
18584841
174536099
417862287
1622790582
24338352
378653020
1094318029
48749217
1198738070
185184625
25265083
552729081
813640928
1399664107
1881426768
58554951
15549457
480300122
83825802
25016753
15015082
22473371
83820677
136301800
258831900
548476299
18161885
1957259148
47324404
1344538663
16872360
19275810
158432380
14756912
97530747
348667598
15362680
258462840
1649047609
421213713
16720424
558545453
20834038
21155795
410860101
316853073
158901096
348663646
54686678
95943762
15769501
359454214
17020225
29268548
16823756
239529181
486515015
588466052
899435100
1646666168
309900111
549676104
277802064
1365013579
1592692040
46654504
1592607697
96598604
32196169
1706406781
15839277
402594231
108470824
20835183
86402018
414466536
32834599
8596022
379954081
1281395467
313869976
14718709
34852640
15928027
15037033
408595714
1018846544
38885259
380564108
1937670589
859079845
1229746135
551056265
16436218
16296001
15842187
34634146
1756369050
1308237636
280315897
1220622294
1717109814
2257624279
23646964
562561504
16654025
114627807
390995092
136255785
360292051
456267582
208986110
34154680
58782962
170554305
50109648
38770860
2256847271
33332878
17494787
544845927
808381843
135251922
99581582
46746431
346601122
102496183
136837473
29271886
1395023274
597054504
68815093
42820354
517568250
1869927018
394975358
1422115327
292580522
18226311
819074610
22092093
2291914633
2161119649
66151218
55991797
1185867258
18176907
422054432
15839478
22969424
467065927
81727432
93183653
236883022
16054656
761590147
577122650
20710292
778447232
62926597
140090593
82524542
2149586851
190217499
22493195
101773679
188921015
14226766
587050990
199332733
190486834
1603271329
57158676
48971796
316484845
61126973
238649729
9384202
721761582
151996874
2285922871
440306463
57020905
47470276
877266415
27235325
21591607
18413391
49374245
66564006
17498416
1137376580
16146535
100784901
19847130
1177640102
38710608
19170834
19036428
89266137
20868226
180996307
84214164
83751382
69486341
38736555
32219625
160221243
13368162
28218913
25210390
19024869
151805556
152084906
82839813
2193210210
26170677
332637330
42752871
90862267
103759645
380061594
17670912
110280728
252073317
399727919
867186397
1708345490
248900878
130727081
135161577
26682120
17195507
213914370
19277090
184969932
245485569
170204137
103499993
280451748
44362897
9887222
321402569
533595439
1694997818
37113239
245938630
507586117
14959364
200905204
84669710
18808940
41873814
1096873064
20289614
92373452
162128091
179737344
2247127414
261517060
300393318
60565124
20066919
25312732
14736906
89741201
15738599
17853673
2244086095
123383632
250423050
20116490
260163966
1718614873
448398849
133796819
28215063
277239808
562261685
15411442
10355872
15927686
20567743
2204839174
422234502
312870454
312277853
124703387
18705658
249880526
809406170
1667785562
561414269
144592693
2284951838
51078061
127658412
85682179
1139767664
573268805
32420989
538888029
337832942
700129868
18867844
16886552
13557782
1395179665
24903707
151903568
867756204
5414282
14546824
154489380
266228663
298936378
2265127903
1853467776
1702177657
18076292
20849621
114278277
371707339
1675910353
97687359
139323486
23491763
466082456
88889629
481494408
14551653
4831501
558436012
274645845
21592385
366849188
315631773
1511962164
58588093
14392684
1963323829
16406487
115495124
369705071
1284384871
114723763
25774388
106001113
797816052
2209382984
158375017
46670901
284716955
103608368
827440476
2153796839
345943367
1036680258
300628424
18475589
14287160
1601701830
118030412
26755441
2188630466
628644051
418963240
448519319
122136662
271966632
212231141
222304626
612554024
415826305
34044995
18993481
264268489
44161696
39622266
903640706
8634412
31153655
372682758
16643068
19191764
115772187
2227056710
21259229
15258658
172384331
14632278
15816167
24094459
1323379315
1651947042
2248383264
590106671
426720592
1832493577
1902897205
465174157
47450504
53500317
319721295
32574354
43181120
189251675
1666569648
601231538
14382255
519123289
1695922340
15769558
426554395
291198172
579281872
501428392
20700169
157609085
2161530108
1828820287
117470742
231877263
325914530
18614976
147122717
1705638056
544738065
130602096
1543649269
106283889
19710256
198641622
628669030
975847808
193290414
1559089009
266549274
106864455
15018619
61901886
24869277
50069686
450233838
367567216
385022309
39100099
1686582001
227093737
1579260192
348011924
22253863
20551146
409241975
15649530
590222819
20117361
113139855
149491758
1334989825
326462074
1701077246
2216903443
1154521854
68004442
24727865
96637311
987187945
34584952
395773216
378609918
101793639
14308635
31257471
3297651
14770634
8622162
600790951
144934894
18860342
17783611
1911503508
254111297
1132548138
424552485
18256163
786865334
11667542
202755777
95139365
16882852
17161562
18555406
1257604621
358324340
19000645
17924666
15043190
523316729
128779878
771488268
142230647
216195586
70468326
15165057
724125342
726257840
34724069
1354706196
18025701
36167384
249477358
235086934
144876529
18779370
86773118
20955533
576684252
200655127
183696220
241416220
28640102
72743396
215456032
1464820722
142259169
602073991
246605187
89857317
26077202
994151616
1543060988
8927802
34442143
365961241
360448725
334093071
286849350
153193553
294020478
144967004
499505039
22928647
71242254
612706024
502976336
38494061
35107433
21667166
9098632
28600204
277008844
801196471
15123351
418742747
18297543
48715979
35162626
226535277
24651560
2163150918
31477316
831407484
6243932
97281454
86055742
43518920
44196661
96684068
177804013
1581890928
1059828324
22293242
488504013
16691306
168355540
448383384
438406879
1896666337
175620819
239900610
1611806875
58688218
1107463045
326750167
2245641991
1447421503
95521726
27935063
22061029
523471668
24920704
36774399
242169586
132919907
14627159
1092819103
37626761
8879832
17868628
17606602
15589016
17997195
14274372
38954124
574031104
262560350
179220391
1952328541
178034877
23387931
31593358
1594326505
14188368
23449130
11064462
614986290
364412529
15187446
855715472
22638297
40678250
143865983
199458560
13736512
43229188
58522432
1017832740
575601750
25723378
15391367
136071518
25428210
19628540
271537626
15292715
39185614
16306821
786552896
618715902
59038993
805192860
192576147
569659612
551086771
28148762
1692555559
1450204572
12475032
184985946
963260377
56349752
1518784351
185757343
1241322992
1405718528
358258930
30217347
385776051
76179448
166624682
175850071
277991040
476555593
7536252
349767450
64906268
443318241
202201689
468384995
48131220
433732413
10442882
608456386
18754777
20080588
21444379
224863389
238027543
19081097
395507514
14969938
81111943
18858407
25274451
27664428
14231246
471963
503109253
21733258
258800620
264829038
27188645
595638718
1022667966
582827168
348495556
1359266005
57494607
1154383850
1471042922
1525460689
313548543
194206721
1855371782
95062900
866839813
18941972
52740347
216147418
973451442
1663183146
151639222
22335360
16631322
1416467184
1662550500
790142156
284740777
321679006
293696092
95273513
277485581
106183061
563691118
750453889
131173602
18488535
22830278
14392973
55145520
37586034
19208042
299264437
70723
138559327
15817039
1462161
855402486
14985117
24872663
17546673
158585424
15814520
16656386
24302407
16753226
27999034
15514139
46222887
303944005
32519952
25856931
14613644
2166416142
33995436
768579
16073399
272794452
41137112
547994272
612643589
239107071
909087506
28340303
408480730
129623759
71128890
2149943227
19963410
38635164
265445458
219114054
584757066
142307817
194383224
549308820
122730366
466899697
21759531
16520112
84697403
103044858
10298552
171119403
85066222
1129930567
290249034
328805891
589375001
1705108309
42208855
1964825424
269516182
29183527
68661938
790395794
228033113
222160849
313855158
18310057
21924904
116255161
263604528
116121563
23526344
267839779
19989863
14677369
16273099
41205458
15484299
743589271
1010234888
760148
172232963
25707834
26376283
77981804
818319114
26670642
1636489069
1311274536
760334941
516842010
767401796
16135942
328243230
802253264
20080284
578553133
97258051
370329077
71734902
36763318
15452118
27036227
24302576
550756462
17268715
20464077
36479102
1722787076
29445904
17177715
317674670
446631342
9405862
15366424
35301479
151063632
67378195
19206511
18784252
133159489
191349533
25594929
13296562
3382691
71345831
309614128
73495916
235235624
167005442
22570563
6534262
149130397
29733774
239212832
98198307
54044224
488764694
15212518
31712475
829795664
19653219
836949307
329918977
21416153
546047323
29082715
72171272
47759008
14727152
15287589
334423683
301777177
392942322
37023673
234421919
1476291
15030191
318101210
12421062
16103567
90716248
301753916
14248818
116836873
25133382
1633951202
113068390
5388812
490936567
142444855
139863142
14615277
260051749
18636100
1568232895
913304238
16696584
45220642
23814183
77265075
177215051
50364202
1643377381
263406675
14073683
1355707064
359227322
359205949
1258266445
12423822
21347908
43552500
19995430
495879362
74622351
1249330519
25870189
18495413
2165282282
1204306310
294910557
610878160
20187873
741168019
625323
371902119
15815372
98051744
15952866
547867532
36242707
19241609
36455188
22328001
1868113110
554833436
276129209
1343265024
43343896
5952132
17279089
594184300
15612251
67366293
19571498
100782381
57799972
76977210
2150401347
38699401
1408516842
418134504
463779665
30041119
26536691
123041447
16353061
19529292
173976344
469398887
26581317
94090019
476039341
615036677
124497028
18347559
1487840984
251525022
611241243
15900858
27817333
552094012
944909582
21707498
39465286
21587705
378211749
16489923
2340821
333488376
579991303
473130929
18638954
262170444
1017874556
49219932
1947283418
279222908
1169533434
505950340
14095731
126655237
346294044
21459026
24861211
72840863
170620246
14421866
363149771
193679211
15860069
735474648
20606997
376298422
100678690
48905051
12610072
1463208198
24951283
54449343
135976346
22438186
18032603
631342376
156763
1899817962
21042383
49551150
100960755
486169653
89950327
41369438
1570740396
3709051
385214596
52505617
85310612
9425182
14141433
1115140063
319477370
337096663
238025269
216375091
1372657500
1850183084
20809086
1594138808
86283370
823025695
113413353
154805391
19877608
9980782
20441770
77769577
43379338
16333958
1046114347
1047990986
181031884
166848900
610409720
340231222
404856206
15614317
53017384
1946709200
93937046
157135624
1392949436
176960552
167206590
323948266
15192811
83171397
612837798
572038419
18730395
903685740
287646512
891299126
15223624
106590570
1113022442
41102809
724283635
14048396
1151006162
21367183
553374929
163539429
1884024936
726555674
14475604
1735006873
16104484
29968270
443856305
69318532
1391871
127296937
81689994
236579833
575576756
92497298
81381291
322510868
883534410
1375038007
1450292862
192177548
57330145
257073153
17382621
19336438
506894487
267721016
180785464
1912792202
1926626131
1911615685
26018730
277083789
125802556
221477478
392798369
937652690
16786250
1729827552
99774550
18588596
68682241
1243022370
109959507
1585548168
454549332
794633
545481021
15940558
151708917
26622134
9605242
524924802
944031
141685997
348031110
25458378
40351345
145153948
74193143
17273391
19166736
622847766
18638007
253490278
53606594
16274410
137036008
55435125
21037978
54528622
111407819
89551852
27787322
213849015
43297486
49328966
18156640
1356261
15488145
20798674
1112862456
25622848
1221965786
126089692
124342334
95501063
117545460
414955295
487711948
31678953
49654042
527922389
626681544
14589274
337956389
394023562
16625128
6582782
2554741
887445643
324803028
18058114
68977476
218529374
41832799
359080682
201499452
478066269
21286993
1511682494
474408650
183820043
869029116
241403128
270437501
116471907
28273053
54303239
846673729
22680279
22786694
1684503284
11447982
212315737
321910185
1443127142
1325659753
722785818
14861579
102939750
181716721
464058189
196676305
126386617
34270710
16157990
22720344
33063845
560546706
15203873
18197867
74239682
17687179
27841516
25294886
65522873
293852054
59673815
316681259
28436197
14616946
252968123
20618205
25530674
180159966
88573069
6092972
181714918
14199104
14328066
846462966
1441915848
177931290
266154882
1596794966
45932749
68038576
990230948
237387275
21567887
808103708
70430013
19709812
14590903
89280747
603925135
1284659455
566869789
76762823
588674330
16353251
1110317060
841898358
776013061
13683762
1137746618
68206034
15536703
844000490
126682925
20115601
927986485
584113460
84109634
147867505
15172905
330064398
179256219
499184962
176448198
25371548
28048200
184743909
16227429
36534377
67910180
14251765
413136935
295868193
425580734
792398899
29846140
594709100
16369378
775694216
569388384
1476116586
291963951
541182300
601076571
112314853
462647846
1197655315
354780653
308749051
306366177
16322094
18058748
1166639869
14225963
251111206
325900772
15855630
1281949580
835807722
96456021
611600895
719979494
23251100
17461911
7067632
344654248
18878122
19914997
362731021
92300222
220424876
397466198
295096707
90601509
1552972788
343286821
1556885707
321199195
32299576
59312805
100836874
595609921
1148234263
204464176
490637859
31953349
32275444
456585808
327421394
1586077296
14568116
456740899
10334352
14854407
108277727
33459132
68181626
48918759
371866967
14658888
74617138
286993178
1083567504
22840652
774864242
145767865
34360111
436807812
15629338
282100036
72292595
749109624
104601109
178641594
307949809
20356728
450789926
46094686
124561957
541768154
22497779
364814582
626678304
75428764
116551065
106766639
555129529
380509388
1261926552
542306057
66594633
40140510
245746463
457808035
27742488
17117105
196377526
1486771508
43697604
558757760
25395053
14621935
16461010
350633600
53256210
767739470
350573406
37403472
21264028
49825088
1140710815
189278233
622780353
24009972
601836224
23649697
232869183
28588034
1317254370
615735579
1468232449
21593340
754479500
189161174
633062193
1210425252
113036231
67321328
859014656
152327895
1333143948
17851032
20494018
183993295
534438192
431561359
151170425
13181972
268838474
215103875
409348033
485832541
87317490
121373545
203735128
53115510
15876004
380880298
103599712
28507777
16555291
1071510510
142820024
436405784
201980592
16204520
231463436
378035658
335351171
15516813
6486132
20294704
15950403
1450665679
998217884
1092600128
123256676
1380876602
589047747
1061632202
550016559
14498919
370442208
66955696
40038417
114032410
227423290
70091134
186285798
47797315
307398695
1402975106
414888065
31248960
316712331
167107029
24086519
321044675
124473570
18512632
13768662
11993622
20187037
152313341
27373128
14655635
30269290
31221428
22103091
16213093
363524813
860121114
315582313
84390748
25373949
17850637
949968464
97486299
11104682
105787950
47890034
99427640
68587568
20071285
1702731
84014340
21978906
20076584
15451434
42336792
334798453
292071548
82046896
9716382
34528859
204937886
142618970
155918663
22570771
31407357
90665991
269121456
119773042
18204500
102071469
15830003
401594262
329745107
134802688
377200111
21507298
16260135
23486959
827821645
553647883
81195356
70718677
14639177
39202382
77711476
106416486
187462180
154970560
91885947
65664359
150956563
29807924
340811346
64645514
26231017
27948237
138389433
411106565
516794151
235124903
55550370
35099519
18682743
19297337
609247754
377639025
15446520
151232782
532233557
195240334
95670035
421002975
336575118
59549039
272683496
22115402
267388683
267048268
18263977
262413691
85689612
17405148
22445925
79713408
24177718
15449085
16695057
15510756
938102120
18138592
259371777
29405450
126430870
132062287
15740524
31716155
20697857
573127396
75663755
100281735
350984901
375195439
304912237
15208698
24945711
55021400
29930037
191904693
136234148
243345216
283725491
14087524
17199791
9158602
32106044
303516722
66733579
21712997
271275153
20875686
281964515
18007215
221099559
531815502
224662590
14516263
74668871
39254278
635889474
165429225
15014747
40741781
24003439
21982526
61548473
110631887
22333893
12566322
18921376
156419435
14945616
245890386
149011333
296301698
17997221
19714429
340559842
571174231
592743735
22850285
189556262
179631919
25933353
715090411
186203051
16340593
22793615
16807860
104758130
22137886
221171781
24020654
17820723
491703274
817402238
30736991
17513111
43412019
30726209
223971340
15000553
18552048
261257555
194664942
321659355
97616110
134169586
26831272
15342136
381857747
241818989
858585438
149630144
28469918
12905202
1088920854
30191972
112242470
146148872
296622827
946723260
240527238
236946013
26218857
206516442
227088783
389723130
84253390
109042732
10229022
424154878
5487122
93730653
235595140
38559437
22425928
1229097482
41848906
764069330
35093323
63119998
138503281
16900850
15864679
111657122
40413993
1485021
21838541
352577473
33051095
37045831
17085121
18449347
523570235
19562368
89962967
1034225298
22701957
80441410
233677397
17064421
321706034
12563362
313318248
65038410
113156737
17233939
587634506
34735570
395944861
128400683
606941520
57784592
301011312
14685361
123137474
121214703
23852047
85870286
27918856
138526559
197035781
25818418
285240191
17744351
45643296
236489012
15706235
6655632
22380908
24119211
63214974
62432095
34022297
89551657
291617398
29434924
14492357
22638858
79082352
17821567
161081060
346178889
790715576
15302201
425564544
209700417
65580211
555564058
23131791
17880018
22949623
573720390
15587565
54261955
110897594
289718508
20288733
16942066
113593801
154959970
390632810
18621873
264883659
31618282
14179249
14710655
60915090
15546710
118825132
340631004
15407158
16794789
16278888
41183580
30670084
50225755
476989964
50193978
518938910
72551521
785394552
15258479
569510718
34282709
15628274
384575975
18833982
15841538
251180974
259790447
826686524
15293352
53454177
9136412
7518072
15948159
18352761
16721747
39608482
6572722
242566353
75593012
19207065
165798102
30867834
316632851
16275936
145600904
186619228
128143365
52837003
20957775
14863173
111685583
261013359
18770451
14839039
321348568
15912508
259993809
19501132
260887905
15827028
532129459
7958392
908923344
17461469
14802766
14304630
927148429
89163765
28509859
3445071
17385961
52659564
1165721864
137044871
95723985
18336710
122805234
18976273
255593786
7475652
28147376
18067826
82943797
45150041
210649473
44730702
375992203
347136137
309330290
85792789
14910806
273159953
42946251
27126957
143265226
180433202
11386502
173804196
33957999
284536846
14652452
58569413
26211291
14320310
20207789
20652701
91628404
100554896
555417628
43512440
374062934
291748517
48000162
38727409
207323988
7024512
989162082
46096376
264979240
12096372
22309494
15837561
34927815
10736862
13392402
14572625
23473616
225209448
339936927
24408609
71377721
25635776
46021629
272637317
351748945
34962567
94192765
25781824
462555922
21838647
376384988
300859438
26909348
59847173
2112251
242821748
16546487
456331436
20806884
984109808
8166312
33721766
352474420
1075321320
18578085
173719225
38262906
17801749
19899512
318596263
65589378
116765927
59129819
13961472
123893889
18949053
385460980
344754757
317853635
17423332
583959903
12078522
932957318
50230435
108074347
24636191
257668322
17155901
293338829
18238282
24798988
118952409
336204941
79294815
71843252
293884748
242464521
550144226
302161710
956344968
159608701
380586292
16031635
227308847
14433841
211835644
15940736
8827712
18146003
486143009
58109694
504667360
176946271
15822446
11163892
9669102
23652263
93679959
173149204
15209135
17611759
148476304
107960690
33040458
23048771
15811800
292203335
43962447
112742783
23530117
27305797
18998480
23772469
21834742
95331511
39345921
305011835
19922073
216392314
14251373
438000594
807184478
14944136
42414060
14234493
271176017
635675816
213304709
25178673
115600174
173666976
13622732
450782386
420805870
18791854
7984722
409488006
25746129
20577889
33463574
632356874
65907197
16620495
26389335
447406690
15837653
45997817
95856947
55267178
17310398
340526213
17035331
186935665
30484294
20477352
73986605
9144332
17242231
26470645
844631
34000178
19611516
11922842
276652281
51674513
479562736
15959545
198357693
35120520
11676742
271057726
14454605
23396106
27216496
164319936
14433007
9588882
256783503
5479802
13493142
16343608
16741856
407195286
16032700
394480640
220633093
89447632
396529902
316863725
240804927
18691494
27248664
151068039
29807370
806322025
26069176
22611722
57334102
14114393
14787245
15467058
60349138
214531717
16197641
29005683
97464184
29049308
17991938
194566346
12027082
386449474
389442320
431983412
22411342
17522663
15138003
34963808
43373584
29240103
19398142
539150108
4291171
21542816
631156982
44716219
814884835
101147028
103545957
22924150
285942718
54087290
95867028
14134629
17873172
108621934
96802401
20938181
822143209
632307583
11336072
151992025
237829559
115095051
549805177
132728679
32289500
45331689
11245502
113698801
364942077
199373219
20963757
582678617
17563215
138024273
876915866
166046688
3487621
1111123388
28208668
609194221
374691076
145716640
23513872
14870804
18572616
16422958
25197389
21161888
422216482
338718925
22971942
39166602
15946540
50774064
153739409
1139895253
63598847
395824229
12833212
297483712
1021840742
803777
16249074
22587138
14850537
340228494
14695188
17343167
19617070
34429934
437660053
350398134
59264763
739517828
432406141
28662907
509154337
966844921
517059146
557388198
1670611
180819401
773125201
79090595
86007399
285146347
16946986
482504014
172693590
466509889
497306490
498760779
349697329
20144063
36759465
36208550
317875976
122429651
480765668
7208262
237493897
580763836
29958471
202550894
159174646
8612022
90391194
329688367
120283536
123513362
592119588
82658697
18239122
513739938
2677451
23118960
847473060
288422596
554108651
25380653
509124030
20105765
211134338
14212815
15075438
104294896
9239062
15648453
20545925
14866087
16915759
11314342
125571533
183358082
147521442
221138768
17497773
14386587
135613255
595697739
30196194
14446445
28631981
25634481
17291373
16813212
205055558
11567972
11673662
26742144
184476781
220783157
372457459
17967185
20311854
15695513
301413969
18993451
19012615
20623181
15934328
252180901
393063758
19155938
332511619
635780215
22062693
5660312
17593169
300985934
22651134
14332186
603041261
15067623
409692312
137765649
22837043
5125971
29384627
40864340
308748953
18628978
58678119
73495529
117040707
259423616
7111122
14737651
32934781
44134279
90193064
191570407
19729690
17560365
16493868
68770815
17821250
32367324
16516414
580308846
738795042
65371797
38353196
264446336
38305964
14347747
74358837
460201635
22416905
202287029
546157622
117740656
16947962
1042501
199288584
44672556
608473
41213298
5033381
15473781
8181362
5449422
396034097
368736918
39842254
29472984
27163193
125371038
70553564
116908606
389297073
218038197
822853177
283142773
1315431
16935456
323892028
43500507
17005197
22787397
60971759
78134592
367197022
32620919
45434038
19236015
263348489
21725806
14552619
43931662
146169403
17066643
195524169
14049288
52193429
143498983
597370430
39433903
24100202
260746655
14057966
15221717
16560398
7195202
17878138
19861247
19866352
79878253
196281219
8299792
166943329
153616299
16530979
23827506
129887796
9017192
16938806
47451763
16372979
14265824
14988344
64957560
142269375
15726264
27608285
618348698
19606094
50601230
17159560
242251488
95468367
17892372
107852396
14356782
234767263
188295677
390720246
303713924
726369337
13016532
14648808
34663704
116571138
64847521
390733708
19628355
96075200
23379024
135641619
16046103
21924668
589006764
173453610
13244742
213847343
825026546
178107821
635220507
432796782
82203314
89285682
189408686
400271253
763289996
725604764
456331554
16302641
471051723
21746788
248242748
199369110
229085708
148343089
20809144
75396921
177081110
49788101
284468063
503325685
24887083
20100378
16012235
16261638
13546712
17518269
96815871
37081281
37877645
175210439
32428493
57106261
14823360
15536396
21997524
18770222
11692082
17144971
277806139
38804737
20566418
5438182
14550649
22873222
148418872
184517281
5971522
24027953
14579415
221379453
39047949
30268257
16736425
24859536
86595709
10837652
14310461
14801984
215683551
361468994
12874852
9015512
246145420
13443342
14539464
16506571
26501524
14060372
25285740
127637976
21908076
156874385
437066571
78262854
197610710
371432866
14465113
70774194
66735900
37430259
27413705
33370627
227821709
8402052
16126957
19605351
20266431
16418374
208920761
16591496
21881105
24968164
223924659
46147447
80296190
223527899
130019077
207561542
442443498
76064988
149490531
820733569
47377948
27313682
48048211
413304407
438657255
138435045
15227499
486596564
115123902
14477690
520091213
25960305
174934987
333582968
215469586
174576605
18240655
42150511
15457017
19175640
15297636
28594000
149328456
21421860
37517111
219184382
14603597
14668372
17656101
159599255
22984244
40893874
66452873
15222100
14074907
15649412
208271692
14075208
129885882
137458854
18497497
218762408
16438898
17724067
60929490
23714681
292418292
313330980
211556899
19539314
30230693
23135992
79230386
92384506
13848622
14243836
261094168
279786856
6159812
411735684
22545146
16091611
160428287
102809055
12077422
15397465
65036724
14096831
36169612
176942027
24822544
86597156
240973042
8935172
22283639
277339765
42465046
23027915
41103441
89663825
172355286
14262105
9590002
25065717
36832842
326681513
409624188
118463462
55121922
117183733
103833305
96782627
48618822
10206812
210810706
182216222
15381905
247338389
63322920
44422479
85617431
17943171
21130514
17086594
199812851
17494348
335692013
18689581
15821735
21278570
148587486
9376622
79643204
18704291
19342649
16893996
16163790
16534759
234685222
54516534
14435252
32439880
180532196
68253105
14264410
17463660
14400692
172300278
357086243
17905128
15953340
17093617
181292375
27246723
10419
17243913
6120472
62554155
19154824
8789592
18539631
16543944
14800619
14454180
20722851
14628090
24899591
109800652
18516222
14336645
17036420
79364585
16528347
106534409
20414217
34437830
16934205
33371149
227125851
39995364
17801805
3533231
29230762
82953607
13119862
14855279
17605532
102472022
6123762
25443160
75045623
21870855
64114933
22839520
43411844
21781176
18267263
143593523
21099183
