812095956
324165056
4492189754
2200368966
2263795782
3436896611
3286135638
2574729335
2468706823
2292707849
3400552906
2177167096
3676755376
1125704396
3304581308
2934277599
1469101932
3526933169
2600568907
1345881386
3319545392
147305691
512598161
4163279173
2202497581
2852283888
4097649019
23617610
2297244138
1530122682
437030761
3287653268
1319382349
4063380739
2997163378
3029598089
3275135713
4029503774
3289399496
1302231698
2405188525
3960634512
2710380985
22475322
2398117796
2338490312
3232725420
2928124344
3004646229
209672213
3293650626
3224643763
3262390404
2829027037
537684550
806114370
1570809842
578723701
2513907031
318120831
66339576
486246768
3301849706
3232272277
51742969
3310995266
973198536
551518531
583389026
853963909
3166734751
2295417246
2952804002
2424777644
3662893946
3683745061
3140705840
1912655766
2200652118
2584522964
1214352314
253624887
3356110731
2886534261
3540349940
3295923061
379582820
2791463767
169686021
224142817
366999215
1396161031
599502209
395639817
291547392
1907962166
3038745381
3524028552
356038596
3496563198
3251501498
1447977252
2871563112
249724905
948500095
238790147
3314748079
3260498659
3399292632
1109946390
31568858
2232381355
1431027811
747926683
612043406
3386449036
1379586319
3335276654
2452015808
1657940240
46431088
496807833
3167124250
2584952124
3421238529
3108726494
1468666002
376976294
635972182
336305003
3303057613
704499343
2484745214
1639395738
3191294322
599539537
3312126241
3311893554
2893290882
1916025522
3297821024
614020465
3255123715
3376312805
1167120548
798234950
2765405711
3296801552
414507587
2743767774
1222875848
2743367146
3244810759
2562249700
2416458116
3286248558
2468483924
27260086
1869854780
385255131
3280917577
1292591276
2485581926
634596260
2896309515
3274895149
1188445056
891826837
1651949467
2906494278
3256855814
3349502345
2429108340
334421153
603365190
3249157501
411608397
309354843
598105890
3256952928
3253282608
219049532
598653124
3240144163
2357600840
1634145080
2925967571
2877136981
3226676935
361891312
3223833390
3191859667
2490636960
1315478030
2316547790
220686564
542946881
2404863145
246356197
1129975680
765163237
3236541641
2349837814
2220768852
867046111
2938855424
552378800
3186831847
3102908133
818343578
1513470644
2248755870
1023264830
3195897108
2173326146
2889248575
1358127283
2195450966
1192058916
989958883
3066857358
163165873
924772795
388567712
2832116080
2467257109
3232200633
2915713634
3102659714
2292146738
2948455558
2210737111
1584426260
2606379644
2877278005
3021674978
3048010770
3139547970
336871634
34436694
102561530
1180649394
418455334
1614205944
277789221
2331116665
3104772930
3111646232
1202601326
1074591990
2169484951
3070399026
3104909702
206423421
319804445
3094656549
2867075539
3059998924
633989996
618781780
2889190752
3072044569
3079699727
390311012
1056621552
2172215204
1297054520
2681994622
2159984352
3067072513
989058589
1259815016
354678052
2697276086
1081544628
2928221209
977531646
3009588606
3064055623
2276064201
575972461
2234795802
3071754167
480907920
1464714775
770785598
586765479
1233194952
2578112838
1640074310
1057435128
2852271651
2987955914
2922035929
1289926862
334431280
223252127
1253397445
1736173562
1656448178
3038390616
1106366557
571993763
3040530390
760034065
2891309844
381357321
2541096011
2945451492
1352586948
1253209795
468811707
1107613844
2764880773
1368429818
3035269686
492302575
2162040498
1589510360
153716442
2992761314
3021640704
2818330664
2514366002
2147777521
2843026124
1740107186
1281593809
50878146
2905364880
2902224147
32530088
1375771399
703603388
387838858
1603241486
1390106347
413974828
834494395
329771276
589598168
3013896134
3015011057
354754015
1135402650
1194985603
3007570308
2922338116
731016414
2767711300
1355738989
863907211
2337243768
595837068
2991352832
814014096
2387739164
2670208537
2245891734
2369294473
2883413267
72748986
2790575950
2997520974
2999777171
836809230
2699945568
2940179711
1799604901
427017056
961079082
559113245
2493209869
2980358709
2696971812
1499740213
464209631
2946714680
2861178900
2924101987
2348968164
2911520310
77172258
2882772361
461736695
615636186
547735070
2852219766
2562465529
2865700825
393777630
487246770
2822130493
547277172
1599627145
344666082
2854436395
1073139169
601792956
16866460
95326099
1247494777
287826235
536039002
2769727426
1028007638
233004647
1044353946
2812372075
465525633
1260203269
1242518112
739825033
2653111136
595993809
344411107
2385978740
333128844
228531545
2296983955
2764889251
2236829042
2750806643
267355412
480031175
2694574832
240876498
2644621161
790151052
1833170071
574114344
1671556776
183378752
935600618
801882319
902169176
1663695102
636034119
898145076
2736460302
1283781086
486318596
925527504
2520646910
2187102740
2651328954
2729415294
2727427867
189055568
350132851
2717362801
2720769238
429418937
2369434010
2688328074
701841840
2636295668
1700061049
2675495568
725115104
2672159304
1720715131
1297601348
2349043532
2346176554
2538456752
880918368
93322038
2658498739
204605511
2300270358
532441881
2652775304
2712093507
498553348
2465607288
1330256886
394879236
2614602704
1652648149
2536076114
565649688
635641084
61924868
2491522566
1191574778
838926240
305998539
417069452
343215395
432242517
2582618274
1370986902
1426396286
2258158315
62678486
253024041
2307696030
1579291214
2575141885
56540614
810086058
603253538
88273682
2462759581
2489576850
1452305414
182921089
1195673275
1611441181
306905929
2563725661
2531707854
2563514388
1965750282
222632952
1347327428
2386239474
702443848
17237540
495509842
245566150
95522822
392329284
418302279
962865174
609510142
560653672
2246475998
870695719
2221836998
468941033
241648217
1355815711
28457246
1173408372
2514435343
465236720
890089172
1869041738
2498992369
2547605127
946828538
1287273895
2488848246
2332716284
367802852
2536199823
2385464382
2440612242
1442705792
985194644
1978667360
726940981
1433950249
2456843179
2419820408
1500539725
1959704162
878776819
326902244
491814700
46092587
2417148180
551595392
1261122625
560834538
2375934511
2275577820
27991321
2278493216
415079691
2363478770
28657017
2287043509
714884685
211994548
745031906
614003574
618535726
487146993
384987434
260998694
366365233
291627226
2318052780
1308597158
2180781234
495121738
879276824
1343487894
482601302
21033626
434474588
2308339266
422346600
1222950211
1115512724
382962641
158942822
414213690
709897428
704523979
199204111
68184150
1069628329
19052331
414260625
520689239
1541285270
1597679550
122881733
2273501797
1104805921
984116310
1957881025
396358684
2252552340
385731202
212417524
1091011620
177406695
2290349976
1916123598
376427023
1578848317
776742751
224316158
1414033080
2174159648
715008554
2288773254
1400363394
1963450657
319752665
2285692231
1912709113
1278872304
2269896632
720457603
1043716087
202927618
126963865
1346180581
2273787660
1124030136
2253661501
608822025
1326917694
2249294402
1094263981
85174439
512626084
472882603
48535731
1406154818
2228455165
1645468032
330345456
443199963
611386636
1576335919
2226176912
1628750311
410319501
316899504
56473343
898687315
331439480
1652473854
2216429179
502388407
1131617178
807799315
1244854524
824348336
627801786
615427522
839103996
1700713813
1003211742
164389456
452540168
270520333
495516813
404793954
127999573
239527850
85194698
708531546
1592831796
340117466
206955528
746178612
490932022
1053687128
205615520
70872349
84169171
220785771
2171574445
379526111
322175458
616803155
1594940030
337478512
247974842
337479044
2155662578
1130918743
1669117250
1479603260
1013521567
1654063536
397006714
432994266
612861140
611551611
1977362898
1226492712
1558634389
1330347679
489761583
851024977
1138308834
1491820945
439343733
1629161725
811841761
872209254
237101955
400864027
395470235
159365426
712826616
1087803032
596658073
618654306
568740931
1897254152
400479844
1705448768
751871773
373633256
549638080
159524929
343698847
516131448
249791695
1470876488
1772986896
1055927066
1454791754
450376446
370943520
614697695
864188186
1724235498
1626542114
554832845
465784644
587985544
1070336683
1714257038
436039281
100308532
173721053
572371575
28450872
422886849
534924904
1011832111
471767193
635895416
558144130
1129430629
430728637
153079483
1017734684
572088662
1548790284
466183149
1594496160
1571941441
1669235641
1669002895
1454444365
585759809
1012351166
1350983306
1051894808
1468505227
379834130
350608263
1105278612
703959578
574021272
580302551
559102292
527002459
1500482724
483374457
704022078
712978927
1220185172
1093534256
1172474611
1255495136
546393091
438865744
1373670974
1337434814
592418602
581303293
1137091332
761656644
607294054
701763494
123450380
153114128
559974838
1479871614
1557293820
460229679
513290423
543876615
1489170325
409453322
189955012
18386128
86754819
1575480882
286938624
1366136520
345802126
1480218295
735337832
1267304059
479089661
1100044249
621293518
906604676
1581158491
394590995
161597743
1454653320
426291981
1280694913
1209084938
393145048
50184013
255388236
27195114
932564005
1031786868
508075361
917185778
540459484
1596959137
1240590764
241621068
1284098725
511277410
754500043
1222101756
1383223831
