3181202818
495305274
2331081654
430696357
3653441354
46817091
281091506
1951348363
249710733
1687003418
252794509
482248505
1669415892
3235178460
730958460
2871126622
3309271881
2539296022
1611602408
344171305
234400956
2841347241
17193324
1425806502
995386500
536036148
322933840
15153177
20013281
2166983888
1733153863
2986337247
2891200984
1692460812
92534050
1568310157
2598048522
1921662979
29367211
35102712
1953648950
29735775
2336770008
208885801
2326080602
19694011
2979906695
74344486
366214330
146244374
703735111
138079076
3221739975
2966153253
2775426960
1642728337
3156945139
2184673291
15919988
539516307
21448068
252642251
16352853
100524424
619398213
296930388
776071776
125257747
360045622
1337643655
433165955
2732999300
847558644
111505106
16870421
173795629
1934983914
2445424819
2925965849
2215754635
47645266
176863418
898289233
619345852
2355790525
2256624222
2217871722
38911280
15999843
32269170
139112983
39692025
14078377
381017510
29709053
1538131
16833036
433435842
2344045358
18810628
706107050
1917443905
276242462
405666170
2394353328
360630242
2254101492
1684090087
2613760806
40537685
48257033
172414919
1543944038
821616540
2537464832
102783117
211898317
833931799
2600943020
274174325
44209037
385476820
963182402
464426017
21588092
1568960600
2475720782
248686724
193054858
15515420
48190181
14178639
28797804
545518063
169667122
2283799644
14662147
2370973057
214184473
41382070
2230526060
8880932
104532480
14689959
426124148
132553130
22797240
14998722
29791649
829328017
244192610
293551919
18776647
95938864
599678221
223506319
2218114836
98314354
615421985
304576460
293568855
912491785
1671360042
233623213
1167601189
172382428
15067572
103521190
794206261
840188174
74887044
264272363
16147884
272546411
339755132
724942454
563012417
2353
564046584
174678394
2149617056
366241187
169125843
1594507514
305239254
14913133
137461663
18047597
15209388
1534138886
1225087238
104554832
1598437182
1228755054
710770111
331750916
1071368468
1228722979
257750477
30041336
168644967
153806065
80038949
240690104
263315730
39241551
330482071
183749519
21530226
69344109
16186995
838244132
267171658
888079658
17795362
128274540
83456838
80373404
33984230
174338754
544495489
119372945
61578256
60642052
301079558
440915174
43474559
1329735066
20278700
1349900012
372976072
339346501
48176760
75549347
372300275
1262485044
583333370
416283574
937499706
602047014
1206131690
265671972
92998569
37935680
20792210
44680893
15110357
25562270
356286742
8731452
330095562
1799261
51833006
48794931
204471647
323454790
22190567
613734682
268895913
89753398
27814665
481470383
26487100
296913473
137759637
123935011
360870038
197159685
297590170
65547246
102120497
43355844
79207599
21767570
93877488
298847599
45862383
300592254
11095692
16409129
20289828
376810238
6486602
16246521
14294699
385999821
222125560
397621484
453472708
278691695
193851402
321351109
78924459
115505144
98456395
34728630
712016845
711447512
79938222
370321144
14798391
81394899
487787739
919536818
23774837
394739256
25381767
19127774
197568125
544085532
18981482
40683302
733021736
249431211
55309127
23577585
93912815
61591151
354086245
374791975
272017240
348462666
185283040
296902477
18791637
24001732
17005390
121514648
35089091
248245570
365581151
27717306
244148345
61513664
75454549
113053001
556026341
315002750
94357329
260773948
626820134
488704331
96615944
209766041
169592339
19744462
123095475
570101623
632249746
287936894
132594958
118826584
462128369
7454582
379659001
314325357
595159659
481817212
568292099
371827852
28073854
220148615
48188966
64987525
26793174
372252194
204554563
19729797
122443799
196187688
19409000
106203727
238187624
278184174
179551512
17808712
153838766
61499799
321560649
20572213
356234229
106828244
47743388
416305090
395294719
26360152
285240191
129402913
573845836
357583389
476261679
14073683
19754094
167006399
14128528
87725458
476050022
23529233
18937279
14885549
226648493
392832057
131286593
26790047
228927800
21108073
22078155
109046256
244342007
42670984
351099511
106130298
153085446
17726339
105119148
20684727
249314974
516670921
106812573
479666698
262652556
235178769
374418115
223916070
115132543
420941251
41158784
353257203
148031377
235213723
294080182
465639160
14654714
168857946
97216280
43693021
284684670
54664898
132966315
182854571
139800465
17852186
90444113
205350519
117795251
175781190
254288905
120247111
21536195
120249358
104599357
208862523
103021375
400264603
65450350
386179249
297408409
45931610
25561260
298296123
284149203
123855061
318459349
262195111
22033644
34688755
29273002
69328699
102069434
148109757
325690426
273994663
90652796
249187824
221234383
138427197
287225618
14126996
6581062
32012925
77786587
196611511
258930059
105366373
76332033
30280931
166315120
1652541
38465211
67109130
259566709
294929012
205881614
300296100
27939480
105219413
16753829
32492934
50100797
288359575
70462295
220007353
287668671
192068424
259314612
121549070
224372609
129861530
258868268
206189922
255229514
199382613
55649877
28107777
191359711
19202700
33576352
158404298
139772922
39578928
18691807
85875239
48752324
147152579
27045647
79257332
189240250
22381176
18999708
16789144
166565982
172451611
28610770
8736882
26381444
177193328
47519538
158022814
57743497
20483174
25390350
15033836
26283491
113214082
126382033
202988344
192567559
42732557
19407053
16926550
112570302
19778187
46113478
111082742
14700119
81437729
22631935
195825557
37030356
17455910
2735591
17564690
18465558
15748899
39513330
183895943
33720357
89771113
22150874
33561547
33634571
119287260
26009199
106429960
824157
15022678
20481123
17810181
90651446
113152969
140896645
136031812
40576448
72698602
169939123
19926055
149985873
15549032
17457618
16555744
816653
38190216
40007317
81566320
113441042
43698860
90630787
84149205
80956651
58480780
106762706
148991478
28642876
18921643
18512978
9913962
9420322
19550303
22186308
29222237
