52151324
79365337
244071854
312105616
107211591
167139150
2423931254
770032790
159888597
46480574
278220500
168225004
109937844
2228878592
1904329130
170393291
460908457
23702589
317581159
15662895
18377864
2542156315
3160035829
275686563
19968025
176906206
23177949
333466306
223679734
445829072
1265309359
2750990406
48443612
48829726
382636007
577403888
62574019
255388236
2793158354
2856360912
1725985022
2774271739
26270971
3095659605
112245265
72345123
293651541
1409092573
3379535092
75060502
808526750
485254150
185809250
14903013
2254236379
19619283
17932268
341774747
2792717516
9940162
1604931252
3271991166
90773007
2445881838
24932461
3274796413
597650856
257167731
63295553
2379802610
140918866
48763094
15741299
111655747
14293310
16664681
47433304
15110357
19339133
18747244
24238328
16799916
18442668
465358817
471941392
271004511
619966517
528916310
385266706
1488828416
90195892
37537286
257114688
108021968
123470226
61335431
30321204
222536250
2674376762
479964861
3440234592
80901392
62921673
387687904
1074955219
29253715
2530547280
22380885
776859445
55319806
51192656
325382347
66715032
61554126
252111723
118796524
17217728
36116646
2815823672
155245930
25960136
252300935
349216733
498672263
234785973
330426296
9313022
291933583
291868128
40058344
374571415
26531880
234486602
2253738085
2897821123
189019079
3195839667
3494504907
1362730236
104714009
567360618
2880433185
211662254
336218991
15199325
14275261
15012352
3142793708
25334900
82993609
267891273
34371210
372624390
3305387311
398956987
17356547
2339380615
1646506182
2326122643
278617398
19612058
95889167
146105775
49477847
243963064
16109401
107490692
80127034
22084427
3088492085
9584882
359766117
609467726
284149223
28553056
386832352
226577441
707882880
250463314
1266211676
277325263
455241242
1540059552
2760695424
2857516924
38675770
1518014612
381254831
17844854
88764441
15174079
939888091
2285728958
1563482935
19406666
2281130636
885946513
3287777472
2416948982
254218516
17565514
14982804
15537327
988820636
550910296
3038498466
2919267654
14130366
376338742
103366453
2435889222
26012202
24799500
21298320
20236725
255246032
39511166
462629428
2149711062
86593078
33705467
15096075
189187918
111092283
240046395
80681990
17586128
270578699
15433693
15211133
226597146
49573859
1465596830
50249247
1622898439
64773993
57663397
41240245
16380111
16727547
16652611
119853553
26650588
24786796
69671781
175091719
17298532
6045752
30068744
317359799
61374759
1611727152
322423168
172284133
604832482
485899084
2330619570
2456583630
761789870
16186995
34732474
2788708044
8724862
19606528
24274948
22872308
17137628
20182642
596893898
421944888
17455384
11802552
6140
1551845498
1774391
1877831
79293791
759251
1516864836
627682340
1020072608
20252085
2317351705
138044104
316389142
2724448898
3015993148
1182376855
353048285
19053787
2473950068
53867429
61513924
275162995
514080319
920862968
1462752678
2599018885
436258019
9186442
22903511
1433652877
146596141
248701234
96815847
6490642
28180275
52789379
83161395
86343918
20491095
11360522
57766724
89132989
223998879
16947461
2067201
15971887
16318114
17728989
2561594780
2997475979
360135769
3176751
300918124
271071989
2177074008
17839907
16625091
204925169
5609892
91184938
121331488
2473180807
259688626
715158566
256715021
17625154
17599655
76475741
54809628
28381563
102446093
37966791
17505100
166205761
74012804
113438061
1738420435
143039580
551097658
46735857
1118451
24417626
818261174
522662681
21115337
36641236
145828270
241684671
15148205
19658084
46205216
21332180
224711631
45629092
111661759
87498259
101781973
185361455
44419331
353270790
173693415
17851242
18573436
119402183
93544864
92654560
190477412
104548229
20646711
69231187
515838635
46003622
18213483
16153562
14700316
33933259
14055301
18470556
59560250
59180074
38231370
411638158
15209862
61253155
191110867
743585142
74506358
160950277
309978842
128246602
88776580
120153772
35127952
18458170
2589864035
2227281840
2951528028
1102226076
454404723
27329154
248373044
33640859
14840030
21436558
860100739
19663264
2832014738
637054903
399065551
822179964
1591954615
30602016
12419022
14987728
153912705
17054817
130888959
43972628
38046206
17520771
596558539
80105796
574626413
122803897
2735360983
451918058
1946968410
1198502580
38219033
3096590594
576800439
330514570
15733769
2749892269
2955035408
29384764
1655729876
563501340
3044856006
34378367
784304
2233706300
94972880
742143
1344951
15808647
15249166
16870421
15300187
47939390
14620544
251387561
71653776
18464457
72593015
93954102
299848849
231994577
206023494
2409762451
101366797
48771036
18014805
16933112
28134618
20639013
18949452
23484039
18251414
168857946
4898091
97291470
342764550
27711685
161565832
40544415
25581439
44491851
2731608373
2279883714
89105080
150752045
2812406156
2869520002
299304985
103155170
198567769
16683301
41742794
193417211
19001834
184932914
2321514534
2937501984
2312983417
451955384
205410232
21437923
86099055
115190209
467162926
16688267
17322958
437673794
129252801
470708968
16040859
1327612796
272141779
9084452
19486913
19671234
17824922
203253392
273552883
620237668
66517904
35794045
1096941109
103535653
14192558
322406888
1724473160
2386928498
1263482820
20437286
7152572
2358382820
19725644
1971039553
780590
170786775
17579618
1296419714
607409034
43819884
47207043
174807917
22287422
2923296498
2710143776
1612448300
2919299324
493233569
145240099
34675715
16530584
34633935
28162128
104237736
25053299
20402945
25070893
621523
11856142
28140646
1754641
11014272
16334857
59486068
32359921
67358777
20562637
3108351
34713362
624413
28175577
15764136
149180925
57741304
15905103
92080081
1184768473
5841112
2831865799
80758969
31570500
271970590
380988898
31080039
23544596
313999353
25487710
17669950
20654075
353765846
1927915604
2842337297
14789506
14290035
14093707
81982525
18993395
36511031
5392522
15652540
18132494
23372163
14075928
2610090548
32137602
52786408
58229874
1287849018
49650475
61265718
1710727381
23825882
354516325
38271891
1675054644
974740388
2818841931
19303815
194151454
366043880
63787812
1093090866
393082374
24632986
14417563
479596102
807095
1652541
51241574
171595575
17469289
18767649
428333
21921531
785265025
987604963
451805227
205924217
526600858
41648873
21201942
8192222
14677919
55338739
14159148
5741722
29473519
381603450
1671754956
2797977690
316806559
289087346
1653260270
256674792
96376610
26262190
88993180
6571962
13255
3471901
4030
121248535
17569934
2681169091
17850785
1347753500
602083934
22275222
21803333
1557549085
886491
2291018978
399361634
558551639
555195877
323442492
992924731
1148353987
312550020
455666880
1052892552
337630337
103625781
2163292453
2373632792
63676369
87818409
2097571
40234732
2764661989
1436873407
12571722
327787819
69682411
1470883766
25628094
98748217
840190298
2557014594
2378918508
2453944471
1918697988
1385001055
2462280428
50732461
1909109364
18909076
327632352
198667178
156342499
2439103712
1576828351
15224565
18369254
2292972535
2468296052
4782981
16574209
11620792
29795220
47539748
30322151
14946614
20263710
20339060
2384071
275379138
113152115
78044260
13348
34
16472100
15919455
45399766
6269262
14608247
19546277
158273242
295
819999
1081
87279080
14325272
162612598
5292562
17028011
3950621
15757240
745273
1532601
15796136
5745922
7112242
3520
57844405
6670882
8731812
14480299
13293162
133032773
14502598
211995770
18713
780429
25863330
33865471
6321722
19766202
14097580
76343
19311759
7650782
173437471
34783009
14207078
277212277
8453452
72957281
233705879
193178251
73083991
64962152
20465281
19128801
14694677
116861232
16184358
16502191
5449422
7717612
24714450
197235851
100703327
17899109
75409833
23522063
29054405
74065716
199021487
20158431
16583835
14654777
135618949
12330852
14607461
18081751
176868514
107970419
169582714
16896485
15051829
19827680
17813899
58583403
31486186
30820751
48632138
31276579
60642052
20536157
15492359
5746452
783214
42226885
93957809
14761795
14885549
50393960
24387045
84389400
17061281
28329367
2228861
16951996
20219927
16135240
16018198
80009921
39953758
44644228
25013931
30885202
25106957
86135810
23840688
13299972
20876350
17854419
13398382
7517052
94682674
6160742
14248451
18902184
14208617
15307727
1159251
18794329
992151
14474225
173479493
124219347
167597663
248808171
132394928
20631025
8161232
125082834
144926327
623764688
441933470
84620099
2182537189
61018470
21222879
264436428
944914770
1078068907
497551288
17498693
628625113
16192093
867848148
148558891
112570554
158414847
2583823092
172754353
38265892
22419717
1627069291
17623957
15446126
16661296
8223872
15135958
12804422
22061737
66670429
137645230
5225991
23992315
23585763
17057271
41427641
10950372
28205375
19404112
41683247
23815359
9130882
20622594
23357735
33860739
26309215
20514322
8836032
171382764
18142371
390448175
2595277291
24007000
20187443
146257402
48434407
319099490
43848512
55117855
2276751798
26679748
605843808
493529901
2584790358
778998140
545625585
21108916
50952829
27840197
19397785
188752382
20297091
125307082
41476705
137454693
17681513
16347028
2316690763
44217487
22196902
14511951
24010471
15594318
18090088
26861908
374785287
65778845
52818466
44429531
35773039
17726428
17179368
44194907
67220851
439497744
19077080
14335131
36370657
17332985
14337297
159253438
250641900
567312308
262253866
98941042
137835668
33241678
278296250
1138249904
30000912
22986148
15908078
17539739
71953469
25570250
331803536
50231867
2328937074
44615672
1201551199
61542667
92346621
17292958
78965021
561386814
281617043
318103994
19754094
594929420
23990406
196978660
17600564
35280785
86336807
36562226
72785944
5743162
28596709
122165061
19315665
49673518
393024497
482308944
22544358
18928144
2264753965
2455893217
36806468
1007348120
557398173
15414807
1460698609
28403766
80102969
158145014
267470988
136668956
542859457
944384058
283673601
404750664
1485131629
2565632066
1319620039
467467804
25252077
2547007868
835695235
14470803
44224256
184997446
442604676
2221695594
117805892
1545931596
400941531
155792265
1488605864
253383799
409371254
311631886
14410280
22756947
16014840
430995737
291814511
556647411
421160599
78975711
18178336
474314181
12284942
42954933
151099524
1447610094
553940296
274025441
491350825
91396624
1319711659
89640704
105153029
34700777
313626071
2517117270
104504551
416643318
1382978221
22411342
1922163835
15847148
154587043
30057184
544188401
83924063
1854489948
16514562
655473
30859943
15705753
14357895
52577339
91478624
26688109
69344109
322834956
1578141
15196820
377117303
354279444
1140883351
492539797
33610941
19036733
71187068
49790891
404245577
5658842
2730791
14885540
342896666
2368604808
112481670
171249231
553244149
1484162798
386187985
158865339
353701419
765845
280716675
125644689
18743550
2363035698
8683242
17832333
16227673
621648156
111326268
44470276
16228337
378848483
15458880
97740650
76563605
2190674546
2233356841
548899492
700595030
44409004
1881040117
18050416
423224921
2255599946
37617007
14300350
1020408300
296405950
635126119
11206132
78865656
39291594
15846407
586
6385432
14749070
113130846
24775410
27814665
892460227
25003235
362235211
58279404
594169971
601398944
733926984
36741731
186454150
2314156682
555928038
89563994
18088547
493837453
365175766
370808273
27318985
222269702
17813646
22470969
38826315
75225438
80401181
128966362
163805541
280117753
50193460
250220080
89738329
22117038
146634470
46527104
44837992
284257957
165768072
338137463
71399527
347451878
25344186
22995798
356417326
77199037
14101794
94210489
309438192
16101600
209272479
20281076
332918711
215376152
114943486
20124354
362668628
351280028
38130213
16423673
23261760
388433081
97217148
243328502
394696151
377518090
14462724
75931030
17016532
25739513
16206878
35682067
426362698
400279030
382250157
174001432
15618201
17977282
456087003
270541405
34893082
152803771
221
371938336
481630520
72800282
16492003
293282631
516938437
277292534
215327109
224815415
481625898
78956136
374810674
11786322
8750162
151885453
227503376
17561594
226674070
72744446
24057743
565572217
120939292
36721403
384344093
259447010
260865531
349165480
28058781
25951927
554351799
277306492
65115724
389820182
242232239
380339402
426569705
495195803
164579274
19478383
7789342
198048077
43635444
17536486
17463660
204069637
176168308
28381862
1319306180
2331025674
2209606452
52401025
108259661
1561089631
205015349
31278059
1355880109
5093
1222243322
1132135664
702853469
1831350144
2189668640
192874886
16270580
23194723
15912508
1295127601
2315164428
754830540
147255116
545132582
45972124
2268561288
61703133
18639239
155868906
21701757
1945666777
329505731
752319308
15059507
89397222
502700216
14247155
55930177
726299251
23281091
358577926
493636207
14687129
174458934
818907289
17892162
44299727
327608640
551703951
854122788
822819409
18737023
913293950
918305869
579356555
60466365
18439667
87703143
1041304645
147563189
17261245
29052327
106811487
977636672
897975991
1221561403
975316158
544666839
1220535253
316846254
14399010
315002750
861265459
358893
94528335
15598707
1356961602
41044217
22095445
1357551247
633329469
12499842
1480432964
386362014
15694387
634455210
480620908
546353952
97553201
1131668664
1289296032
315340587
27458434
17135855
14331559
292227803
1454616000
1524157518
292372173
1499225130
956531580
259415780
14279047
16468509
19531210
720822666
1606240284
25247250
617653677
279470187
80313711
17171072
198856579
105017928
22519175
51040617
270994795
148083991
243375006
27017379
116013635
48162428
16283625
128574759
1065008606
1119453344
67123561
710094675
84345431
8644082
2150795482
1107651043
861554654
224511123
8205472
351763879
2183327700
164854932
1434123228
86373047
1543011878
1856797764
78059073
2216905532
228185048
11517882
2227704248
2232260490
10066732
14194740
2218513940
2191062127
867784530
253230739
18818380
559243339
2236457024
2262322654
2195737513
898356338
18072090
2238115489
730696430
1117112689
400080187
569481412
829187126
500133474
184440525
37332714
1689391
204832963
217526629
440519278
15049979
33838201
23097023
85728742
80073493
24590532
59178200
440211079
17771860
24569636
25626894
98942778
55678606
9917552
6727802
147739746
53449752
356767759
17462301
115505082
974765708
1575731102
989
40471451
17825445
11740902
50424952
316066855
17425484
18036353
37718883
633
1894231788
117541129
257743277
133907592
1497949304
402259587
323912327
369895445
1567844280
76044432
45839079
255524657
26396463
6480682
35421850
2170918314
386317872
323753361
262987342
18023887
16568227
10292772
963071690
37002374
237845487
74451300
44439763
15725199
178060403
40875904
216549433
1176697050
126783243
298177220
138346220
13368892
475174694
271907645
657863
17430220
18249967
157478150
243272361
219337672
35474832
14245867
1512199639
767396
250734793
30331404
104286459
9676722
36743910
90918708
10069172
635013792
24894570
18731426
14376953
1258751286
297564547
602857868
21661279
15698507
17636894
14955620
58521743
99625216
19662718
7518252
153149305
18143526
45132254
190369832
60747383
64796545
117010608
110812501
52523101
28414909
37441640
579260424
39588173
90364766
27944378
27635016
27549343
77773469
25316681
30313925
1339835893
148570475
68768975
371334100
14079281
19407053
35306153
1320678866
156366733
38518844
114770216
256565094
144936417
15794397
382253381
3382
384982986
586671909
749796877
19881931
48194891
94121048
69588498
12
14800270
140483745
20571531
17044207
40932856
77041789
19081351
753734395
214101291
40908929
590198989
721077066
102899632
751986721
17051045
16884262
407801837
14062900
509163185
66092348
1443113335
17462723
85977095
15900242
571202103
723331952
19013247
22802666
369528921
48123578
62478764
368984561
83851503
45639514
22989686
112782851
88769457
372376757
621234278
197687273
16744475
242464274
14677012
15794298
21522437
17601389
34207681
30364057
122538295
125181345
89775446
561449709
264222504
30041300
225111753
819304634
2735591
23975060
16419713
15520725
13982132
18000026
382225640
14805765
14424551
17191474
28659507
19201304
119049214
543865564
1158723650
418837047
5342642
520055793
16313140
1191310165
14097631
63177690
18568246
858681660
14901243
16695860
14862354
4300101
16677582
12962692
16849365
15674718
8708232
10089672
13349
25424030
666073
165615450
55064939
365028235
276552654
549347836
55268835
19662710
599514399
21919812
180114293
163665360
80613131
25055103
124541181
19340745
14615871
168502860
263703708
175117197
84449461
15675318
242490547
26148927
43426996
16261707
6217
5988062
100632457
524961165
260855328
16545672
784986445
174538025
78506389
31144939
1081514930
96688911
22705078
60200577
74543
816653
550504385
63287482
21332200
494073057
151544177
17434280
51139089
180505807
8962112
17554569
20109780
360118748
41655821
14073364
78357555
52836722
40923826
441763481
119156670
301115477
770718728
16030038
183406826
127434276
19177574
206105289
15056788
16517711
435301739
593321499
393723621
148256193
161106301
408176443
563275618
111643350
158779929
7614292
184275870
117824204
20032100
19058052
263400961
72552542
66046455
19418459
543688691
15057943
96158049
455144438
406686639
17060265
16359660
53753649
260371856
394403005
460628422
589205569
14348027
58422303
14111267
291
13
20
812781
495408179
32496458
106509677
19016024
16358939
14058790
17130180
972651
95257097
47860547
467760270
213868710
113570199
14222841
240728045
105173794
73183967
321626031
26681722
49525765
24713262
156275991
42593606
89583009
165161371
18341639
181377737
31342505
20399581
43277953
233063580
46021380
46173940
18785030
148132880
6425342
15776381
18922205
83972205
15490662
299939257
22522476
400341416
112811342
438721333
427649094
50208611
207278552
46240925
16017753
16624106
43301668
16166515
23813634
19560636
381807995
270197127
381655880
196149542
24851292
47753705
37751556
28248874
161811364
81855670
130650358
17972106
97487983
86107899
14150661
15859268
35934319
174286550
240904183
18642254
29562655
313153486
245440314
14707457
14353952
17809159
35056570
33607480
14150396
30513878
24206345
143512957
113018102
13234
66737462
230527949
3364
16267101
237855790
75361247
88996186
17560195
26162453
126410058
24847347
18958334
1440641
2172
15906950
681813
54893
323464754
13334762
67100074
16475066
186162119
340909559
32211808
14991920
813286
134705572
15907760
14886176
50360725
83611099
38539630
14677117
17627061
21453086
3034981
15925179
82969116
176146803
61298730
94856925
23044236
16482672
23083010
29333305
64482503
1980171
37296570
110638978
57949239
45711294
124512853
244404903
281670383
23070306
20688961
22211558
17557193
90772628
25474491
14775787
14106829
91411284
689293
35398412
19621110
26857202
14514411
36688694
19118801
106956192
14068854
56476836
46732539
90987473
109407833
169347354
114924472
312106779
135339169
271155382
23462787
29773
21107053
196285132
10716292
14749606
14412538
17416571
11512342
16536215
15503880
251476496
154307378
249563064
191963894
239962048
7774622
131969055
16510537
16562949
116009652
37033098
40905544
58619100
42970570
18785238
72316710
28366607
29389513
89409510
81979161
35304444
36730504
19323691
38210571
17880002
22406513
46591277
74084700
30824510
18592718
102566371
80753428
68672506
27921030
20006214
75951503
14245415
15445013
14937076
15708421
14350326
9273472
