15259875
1598997302
1193751133
371073727
170763387
1102137949
194569649
77639016
2368220767
3433650023
962944632
76966092
1730863086
2975420093
35741471
1636216261
2958859991
871241898
3078385817
2459771455
406013931
536777457
33913569
442558671
757303975
3853995983
3071186284
437886162
38491570
96855393
1699690292
1075094413
3110172877
714249878
2704068647
160238168
404523906
2190665323
2589393414
38483838
287924194
1550880932
17445316
42837353
69491994
14293571
2388001561
72624608
3235701229
18247743
41354967
22877264
26009048
18252931
89231317
47307134
1194939656
2684790758
2991312369
23390685
3301510786
3247810224
3388915875
2592455540
21150132
20344092
29780608
304097676
361392979
60089326
7458942
15102703
218555395
24780172
77504008
18027276
78411917
19080178
398282459
714217933
580097366
1026896634
570530561
1305653143
945220710
12378512
29484644
15220473
36947388
63296944
25341996
34676063
23560015
23990483
18086960
20727819
14840869
14497313
20255162
203162990
21904217
15291335
29561321
41838057
60663296
16457007
242343531
43510145
1702148870
247354615
3304655588
17908396
369822365
940243236
570167636
1610473927
757692338
388674836
13492102
17446188
25561679
2818394967
42914933
59180074
291725473
74506358
66075152
186745849
87158056
20126364
36898643
893374364
3019793223
3141675102
6181332
3254742247
1546208882
3158150047
38559437
800910276
58220524
258501664
1693499504
1338568934
18293544
3073737921
44468384
72642783
2205631242
41382422
113324706
393510318
2863106426
2872579810
3300959396
874559348
616714985
3403087041
198354605
2317659110
1115973859
2855798065
197567344
14325709
426178984
13721752
40582515
3119272871
1686560352
14194833
2955131865
27768160
14793788
1653553104
468121434
1107978368
46362787
424333470
620381863
328695608
1280294108
71961088
10721542
2485877156
2286129055
531496884
3383595725
3383227923
495519949
2808219345
2399374992
172814396
246983925
168832206
2988208376
257581957
3108415209
3253073114
1358001421
21841580
596303702
45605983
488118602
3344318686
16905397
628582607
1518025231
71644905
43192807
18055325
5487022
20451579
1437100723
1315528387
94152106
575515118
437461611
86613184
16245831
561155677
2691988613
231558945
872439752
2723875766
60410587
116268806
375945620
18339361
181755457
297639886
709404201
16248319
2959122445
17033509
569398162
1388248440
15485441
393792744
151263303
7893422
1861135783
1156118252
57304101
31159741
933005162
30227658
2409634903
18001789
28259455
19550279
2682322056
184517281
23667167
2857535927
2735346998
563253075
1115914471
1268423413
630371619
2440878283
338418741
3159124587
833571
2364648582
227307582
2752889687
166344019
236660127
204856737
621584423
21582862
717272348
394209356
36143667
258445854
467758773
251270329
112620947
382342427
1540939848
25298256
20649815
16724364
1058664842
2934002238
419925054
2252864292
127666792
839130084
392002576
15846407
15211762
280403234
11421782
28953166
396320889
19586325
1160496716
619314325
1562873924
150069094
436169764
2379141052
26211488
28206943
12965832
126369932
18556077
387466843
57750211
232323529
28426656
19193188
54538223
23104407
84220039
216536785
258922521
52407188
70984845
29358917
135918819
26064296
2296326144
635024437
12692592
50088989
51689611
2444659994
714707545
2745915074
272566480
2355600084
73942185
479013405
2435589990
293766302
49114382
14717311
2555108828
249794996
316327930
24823992
52488565
17997789
19512493
107225267
7093352
116994659
1108133629
2255886942
41971433
83996423
2466298370
40288148
1426706779
43727418
17501549
33037652
2770303615
106487501
239094926
2729957642
282563455
148857723
2610129715
1444785282
303511794
324776928
63305093
379526578
1632231
54623706
1122871166
548464863
177592153
123648028
1944905875
17630714
2215797284
2714556878
2425741663
167835183
3028870709
1366624220
35472126
2647212188
2279135718
2218160672
1956528691
76960923
497534338
16074627
2711263488
2186178618
10403322
945165103
1411166766
92088202
14591071
1688
1059273780
2222609227
27425218
537440181
839605573
132278386
594503585
749523404
498041928
2699885786
2701376610
2315109779
2198279025
105540694
360684153
803590532
322657920
1493806800
27691643
1159130780
1581118909
74179525
380935383
454230972
2364318860
151639222
2887305215
2895054004
123111125
2409431994
989777190
593690441
2990027534
1462844148
321098680
17010120
2269733772
2319481777
2990504904
53374143
16045268
95071372
21764343
16243405
217076406
20196266
2296671973
44977883
713553613
18506072
2586508436
2240238705
1604768420
58448800
282280747
22859457
393458111
249850849
27247847
83698945
61251783
16636703
90586650
365529177
44348268
2816507440
230080260
849769500
245078960
426132610
399431929
15989013
770315504
364519315
457862050
41349872
16399830
91148617
16381368
3004081001
17263587
2334242371
580319157
569575347
2774712939
129947614
344894137
289087256
140334048
483232642
2327328283
636902483
2537587250
1382355366
8147622
119564381
2160694559
142389371
2654744516
2911118060
2322912095
1260662520
19802782
234745558
357925862
629691289
552399483
333839652
204859237
45646770
27486005
743500614
86424421
1217095538
246248704
17795536
57670626
66240979
30501584
23194126
1069094605
2710674356
36840947
1543961834
267742435
7099712
14888632
622043414
316686071
47677305
886025352
277291378
191871768
140964213
468968082
13771452
310330192
15930616
17884321
7004782
124867078
7739552
7633012
18308959
28876670
17087753
14055014
50325701
22972227
86948180
471601507
1409682344
1260375288
919935464
561694586
2828096937
29532567
1973112248
2411877019
2734441228
35552033
461494929
364608733
109598145
14796284
14548913
68598054
101890789
366283556
1312458080
2832941969
2472975937
263155947
276594156
23643736
29515270
290201000
68842596
52897023
23258726
1424681
15670648
7032662
9984302
5743632
6212782
9812242
13289612
5634392
29128874
15969896
208996041
21129459
27322825
167792017
776953274
629585162
110272648
591324048
513641390
7198542
216109555
2355387948
169939182
306824404
1445028619
237590690
244707031
820347169
37353174
33767270
448680864
10314482
350652534
326214938
328002325
250734775
167202022
747243493
178060539
66528500
169921166
333150742
246339818
772268388
33241884
334992610
18416783
234992909
455198171
348211958
31730420
73286644
32223728
357625625
741785226
2411599106
2677594495
2837790881
22670567
2633993581
345377766
263433062
822048619
372173290
16059905
76810409
6430472
4390571
2194654917
39835025
1160753863
422910188
1006708364
15039402
190523574
203405087
155960503
256633913
195989122
206504904
232453338
342880681
153663045
61558735
23547449
32751570
176398756
589244101
1900472155
326148868
1668135259
8344262
2225371
12988092
96871363
18736052
26544899
567312267
1549435916
223170379
634292143
2712182833
1620660282
2275219722
24005901
428730945
530878201
489768146
35503471
392084395
7008972
115807627
595034802
707257860
24827010
1214323129
314026830
436363834
1184277241
1201929277
258169256
139159218
388017532
483365741
357793620
12427412
199399909
124307892
316733018
21314396
262435033
2466339073
20180232
19162207
57445469
59822888
1181264696
527117106
453452589
555307309
1851295646
9572932
2217468493
489494101
344350209
2209549559
1881304950
47464529
1228440300
335539277
506702800
1549307910
567581408
33282125
25969799
157348599
74844437
19436719
19065686
22745646
18716016
68169919
1299561
52426895
25382562
39820287
288714505
410841497
15704582
59507002
27081171
20408570
88760553
133365751
194378740
40720843
168532060
96448498
380304765
16650247
1956994729
1606330549
2586268410
455419456
922178798
75285045
597865346
955513518
57921995
21540116
19820901
29230080
18437662
16102033
213467750
49143483
329830704
11763832
257670604
62045097
17584623
18214063
322783399
160627223
2261924930
1613131578
52911590
96564060
23226127
16372009
541958701
2612500041
16894059
41423829
138255140
1638263791
254120249
99041923
10108922
83976102
13102682
15945507
22567504
82699695
22046942
16291610
56824177
150789581
246290856
335615912
2466464834
545823350
382514545
363209692
1879380300
1961487829
417935994
230949593
339289291
1215600300
505295668
1882973634
16610165
610394039
989855204
313966931
166182879
197549211
492355851
897674954
574119451
178062060
456224410
247973894
556076261
180190197
60630907
444940567
91942071
43982239
2424275935
39723768
17782628
252038838
160646102
307518247
482314895
92345478
104021147
1488915366
1566038006
2649541051
2698122325
1002513128
433031216
280296086
92347539
21395777
305240633
286252274
14066082
120227738
217700425
376407024
51738291
83164076
1059525787
608591859
32744322
2294574235
963475574
2555678414
49723417
27318985
2612717737
2371986468
73618743
1341500228
114194250
18618833
53184816
2290208486
960947766
186929599
495155204
27743607
118581892
322331708
463020493
286319371
77289110
181957977
176474647
221088751
412410994
17967440
34989720
29497402
19412147
417317806
18216965
176476459
27899603
249789776
2610247969
1516995536
81841153
1686586170
40402785
388668609
2387072300
443774390
41291327
18916792
1083973436
1592139283
459690379
1924945195
298512211
39853116
2303677254
104254030
38160516
1395202915
208293344
24769455
204042629
108307580
14072633
339684825
121287690
57037949
21424369
605572460
134663656
37265149
19883211
41597772
83746747
28340849
17596476
18764978
110786735
14140477
13210942
117429250
177188180
25151753
97134757
107275319
14468274
18127036
2056741
16307712
10298552
12153722
22155739
13499532
15079798
15282466
93239586
23057694
53423776
163747160
24033053
1329771756
2335384843
19927012
783693931
715093820
297432108
116324294
22789766
10073022
17843439
340489094
91264050
79011908
221068485
112471133
157064188
172779883
526725241
512712265
2803709940
16814500
182421263
323918881
40488131
46499994
407697368
282670028
285041343
321044675
56280847
381266159
375731426
291510900
304912237
366988970
29467629
302870540
86158400
67700256
56541108
3666421
62616736
1739541
12723102
16358388
6567132
13435662
6538722
16005270
138874165
5550062
824214
312254125
1575296096
564894287
547537854
80759906
221164924
531401759
244746802
2934543727
422216482
554494863
1049977219
770454234
484956540
34169185
12874852
108838948
32164801
352405236
457320286
604772054
520223678
1449744306
22981545
2478893108
11058912
111515023
58933798
23236909
18009961
15825051
582419763
14324350
10775082
1344402788
32896052
15151146
35120520
235062161
12601142
8984102
26668603
110590422
24636191
20414217
31891798
2191484001
368458178
54113444
2207609330
2572844671
1611708830
2802417286
99852799
276064176
136986065
58071987
1214473586
2724722760
107833557
80840056
1722468235
119006017
1969705206
790852
24163817
1534111194
744061806
1561801454
1113032330
817918164
96382912
54962590
2796718409
2852096265
2889418167
1732620554
211868703
214269455
15096751
323382286
1673982708
466726628
15999007
9499032
14509625
6209872
26148337
14457429
359215142
350987862
226662318
1480611194
402069224
41437991
18230131
57468713
69654069
208659841
634858804
102150152
14774443
145844800
33345668
76660448
1481319120
14180754
550957345
19632704
1945440493
732031784
30894289
536418125
1104875624
240101465
2189126438
177033541
1037882652
2429346260
30239479
22423902
203822537
48719964
322631694
923389482
17467721
44860776
36383533
314874893
16366590
66668735
862011540
308584681
2856782832
2587996194
787146740
69628379
579927284
297993631
2476352732
283367425
63222782
594902393
842433392
16970868
48040021
423679273
518078265
23193589
2878075859
27046503
16716599
1104018199
8866082
2766911923
243171350
17297654
319770041
189823247
57325090
370198909
1330770085
1351948832
230760685
308784618
43406420
192311358
73372464
18031980
1532685302
18310758
1561965668
266911117
426285610
15906646
413888256
15124927
468006791
180052176
332939414
440482063
2148930992
817825694
19608695
43008220
10956562
18656914
7123302
7882162
6581222
10139
8555232
22833062
9736372
50447280
14157887
46132618
80151950
619101692
353131006
23468831
351593250
2229003859
2419046965
2731653631
2381432486
199792328
2460574386
8023352
219496573
366088992
382758989
22260134
1536969096
422572952
123584558
140887781
388312528
57230095
635707494
365735804
443333675
2269398338
421954374
46469313
15967914
2773201190
24931569
469533096
385125725
60410462
407474149
8868542
2347427690
1241887428
124532713
1374799134
188505535
5641582
1541564984
1717747807
306970395
368931736
782617639
225571767
17339064
2663974232
243324920
2485525279
860281
21324460
759536004
170325307
99363213
89067244
15489196
153874914
14949058
87261403
17476953
56760905
24922676
219713402
444751413
466834288
26532204
432655333
478260604
85849396
39433710
222191763
390302696
211850425
41120873
386658203
63506775
65997711
15309860
17681823
197488005
14061255
15074099
29811763
417332109
42581911
136926174
1179594559
321309690
15210060
1349876564
1459209122
27430717
180130665
34397940
456120938
135703142
245424983
46686860
221961841
161580500
69358848
2737908094
23331132
22331865
6299522
49127759
340984485
101294519
16952065
160354526
739293
18368680
516721966
19858475
26037739
76235468
104653872
762715496
246476120
399209289
430795232
104817124
29796093
52104970
345696646
171331685
484723886
94778974
747896383
1395823884
338650873
48915898
621593769
607280726
1427928566
18907371
15194262
2645092492
33194218
104381113
24852558
520570112
2434656656
49880942
40946856
7152572
21799699
23449637
17118550
27352367
17114989
395033521
7357772
157016802
609356579
62953864
321162476
379481801
28476259
20288618
11323202
5847482
51854399
89602194
2695986188
2551968050
474226462
1628040224
1449382200
747519704
18515337
36097032
20506888
865404265
1084018543
397678798
471359370
2253248033
1380236940
1589871020
28461631
53689588
553221609
572157338
1400855598
308478399
26716267
1052927972
101277104
10219982
2288604360
34025945
14135814
1549467086
1715933036
1117920403
20067841
466803719
57992535
68233373
19478383
75049621
1596953144
1317387667
15937883
240111357
339974898
1681746517
254287437
211385401
2260710090
50391450
14275261
1648638463
1638657931
1058641482
292662601
520763233
342132306
408894730
207784652
49686679
1534777819
217297539
387425802
2364828025
20684599
93280563
471149522
946758301
278263946
750055226
546994627
15516882
1378429440
428689416
376398441
1155703586
1383549926
470459456
2176281115
175163742
611189115
1197347870
2584290084
244638840
2489485770
325933964
763285398
2225679769
444745473
503753939
2350237901
1728769280
2351048523
2369256012
20137061
2272514514
529677645
579114403
1400767626
73689391
396090641
21722170
60333251
2250669835
803559631
541842100
55638376
193049342
21933966
142692874
86148543
315491707
280782382
1830048212
18396070
84169175
174524776
18574264
18568229
20383485
291771140
153532786
117404455
195929051
370932669
295872870
282044284
352464696
393465776
198516874
2535377402
282430847
349753129
600501731
1055283522
343692207
2337023480
2320069218
613021704
1535505438
215492535
24190153
134234059
390009143
989093635
95541225
904578806
1281730795
253720013
249835787
54708035
378140383
90947092
372037643
580423154
2385845052
39975438
16158639
574873131
1434251
11178902
17544803
256834424
456667665
319692803
555928038
1598644159
32954376
2264855112
57776063
83852447
261431332
182441611
87759734
32324147
1618799258
125329024
179148821
46162323
44365909
90490620
2287017805
136068041
2531418361
262375385
103101931
586023449
246280721
9198142
377384425
25602418
2343287021
2457212485
111100622
2155441939
123398133
1290667574
314408213
2380961067
158001730
544233897
17921211
17188651
18964696
19816859
94397054
19379872
6219562
1469024640
387380208
775091372
149552483
67453973
35086832
1084366746
166768519
28275533
25834897
2186711929
2352517638
62737837
1362539893
122380948
519630214
69984462
30962322
1360742203
2363566364
623324716
26217244
235573486
515915444
1260566347
559708761
145600904
1224006829
6221802
2194910275
52409334
2336941387
20246389
296535271
56929066
30096634
66158240
18955776
1884247634
480120122
25724786
277253215
55708554
15518489
20011163
712925390
199328455
266338284
41362922
22964444
53978268
601991657
17122605
87269548
18615528
70249670
344289912
261311337
22856987
487141718
914549642
36219549
260539614
1606623798
19534229
18825537
12995612
5763052
134621194
167240647
46482287
43422846
493609906
152701753
129896838
110514690
326317445
486869565
97074150
29013876
158192092
618810978
504503204
131188087
2336865746
44663728
50457743
21091101
531542574
24437813
100818788
427021857
48203749
17382432
14405393
1578141
581540879
179248364
14378113
1349941
20551303
728938712
433684480
60980765
33552794
28695189
15256595
403125419
17163453
18345963
37938703
342933663
469778954
513897645
187169708
148561203
206671543
13022562
17274552
7999392
49024620
131923417
131035262
14070562
305842117
9158962
1581277410
8374722
274721808
44937244
613123995
115938093
1219675993
335667311
617781615
340608447
1911580202
17935161
100091012
50333943
203172397
37119747
19480838
17815345
102174041
18819324
21924863
65882311
14342018
19927627
24886025
14360757
46696817
119159738
15740502
59147433
167384955
365707083
35471591
18951239
61346919
298539462
27023638
14134172
1072383656
33811564
1657931629
15484693
1468173679
317540239
75132724
571034806
115754120
553215046
545666622
872491502
1260510950
38508305
20058011
101583613
27739382
348089312
74545032
70440763
8120162
33728535
2202217464
1318999262
2214936722
2230407384
49516566
9912742
172337817
59763861
728752681
1180966550
473637762
16151935
55322068
23114836
17194667
248971861
221233359
148107990
249726829
80813057
46509671
23430716
34987624
133475125
858322782
38292671
64572446
24148716
78767466
12133382
24248663
22729725
14091301
21337440
19918047
21277182
35821820
63136312
18472501
30913636
589136254
86330674
630239455
22520465
25684535
17899109
382060306
59604142
753631519
29549839
2170974277
822979849
11348282
7500192
69356392
396999745
17137628
51166558
20109973
851647488
61287121
303514637
53518563
54196391
600131128
237332576
16348549
19737646
66468564
25690886
14079041
52758588
1428754723
34584687
1282628929
17433380
84418338
1586707148
30331695
59532374
126750761
335580144
1583790529
143917846
720090247
514944394
541198877
21308602
228732765
20746042
50186925
118413810
21816707
35330981
17762060
18662816
35415477
164691705
44873497
59010637
16028750
29447358
29725730
772379148
76449921
402890332
50349083
256761393
95349302
235580645
207570335
1176542370
10228272
1908424200
14056502
465262384
379800937
1356482880
183272520
763632824
619611554
512609935
219067842
605040935
293005729
282724839
732713060
54546172
426842072
343001708
509046404
20511171
103576036
331874498
21824580
39419609
16487410
426913896
77031076
32505840
56681659
205840429
37152343
309269616
226319824
15779743
14424031
6572722
85570685
25443514
15166459
14438417
1374866713
49870351
95990820
1189962877
27823571
16837629
109570291
1853464392
1931003851
218449865
136346469
15255326
116754433
398986770
22384042
855668232
104692165
928176536
70196269
46466957
14571534
19616718
20437286
24862758
329048731
10733302
35364040
305567719
23692369
40721804
26273748
29514250
14369901
27636222
84677520
111395996
257026566
18678290
94919897
15442150
1035379154
15625263
48087953
917459568
598547749
197275243
360268640
37001650
19728582
488722741
17026041
1665531
15147042
32062804
44404060
25788935
260396714
36429302
385201287
80447463
36782022
430124395
233626705
347497956
18773448
18784113
50677180
56871717
44362897
30272229
46745299
81132258
19397785
