3826398072
2535023358
1621917073
3338879659
1906493154
107871026
477374506
2858135719
595944257
389860016
263458842
389700515
251215048
1038438674
3245570706
440264402
346597110
1518171312
2564421518
3355678696
3299872110
2189461296
509303164
2919951370
294355363
523907662
190104239
2966853019
3150597805
33246686
334434987
427161610
2781474558
102171225
336852974
481763241
2957729076
289002998
3015972549
3007208234
300054097
2346129619
1535690046
920186640
319821417
250674547
2991339582
109507870
354508677
893860670
1084915238
18749239
314657365
370110949
287459356
1671846542
26425590
284718729
179792807
135729458
43037691
362685504
154276498
414321146
307642588
2835369272
16475792
2856301999
463215675
61670131
2696206849
2803908031
2792630481
917949607
785415206
37960686
1235117251
2225723328
353184161
61216769
37564255
1164507882
2164924813
2768485496
2788914000
285361085
2831922564
581984808
20680230
2379503714
104606562
2571738734
568782796
411223174
600525563
1705054388
1658007457
1077848030
2565711858
776748674
185223967
1054045752
261296291
260767489
393038624
1330510380
487081824
2446359691
625108556
1572937194
459831481
215714739
361745645
247592625
590309731
51638417
990148962
2311290520
2279938525
885029623
499881783
378852711
1947926665
97060162
325341102
182187160
403800795
1614106262
944978658
409581130
1146245365
301735883
1097264946
2699341632
165184217
306522210
2252718199
60452117
518907250
1268188650
1246732844
230623045
116923089
1969424462
334210669
448325792
2557675076
774587599
2750935298
1686440898
320600693
2323327854
1278900588
2292084529
1276310628
324514405
167066743
1366005416
596132736
1692934136
1659184532
310352819
332488537
528215001
585308881
2591448001
950646564
471491288
444371708
423445891
140593747
617676284
362580555
271466046
345745321
362584178
289297922
178894900
371900167
70180341
299939091
223320699
68143371
338070994
40043388
580461294
463400762
288925647
340703781
316804002
632094244
868007065
327778334
2729933227
427955645
2329371590
1239732390
146604666
580134120
841912148
2350980271
479311219
269529281
776421462
1025772212
518078156
240085227
359678903
253301787
594441714
50538488
168318726
347632195
492442537
231494014
254115404
14229933
779027563
775027500
73279598
462437029
174694635
1225620578
2432539753
731892438
2291500909
793969729
33401405
305735529
19801752
282333080
355070851
330521322
65153488
409669327
514805909
220354547
359027356
779351862
277325283
300968515
875720664
475453180
245531846
346936456
339728528
322884722
170910412
66728877
291350434
415786848
364566102
261975130
303919419
75947791
920519468
722324257
182921657
353257820
480081943
442913145
67364411
66023355
402167643
412609332
175246120
81455333
97806994
332542841
340350465
343639395
793988790
483595657
906807360
327808691
414513593
394452940
426377912
2150154948
30877786
1002823542
1885207242
573258326
20401224
255695501
356553888
317534851
360059067
199033423
318789690
355768770
424847125
565917726
247511333
423169013
626053126
244685778
776433037
147733625
487570907
787937336
537706016
935218302
309316879
276342094
760887871
253345311
1726302476
287439546
18179815
404967351
2316192608
393673431
23880830
19394633
592246315
37127955
2291767987
788422279
794321514
218059076
327396994
359576677
252437915
187751974
85919372
29331255
185049373
401196718
965089225
358611632
201650201
362096834
298166754
283752286
554813321
56279705
107305060
313345659
414875980
256845124
214344519
841945933
327088689
723447036
561678911
247876877
323612030
330754944
555510451
596654264
27695355
15754281
315573239
362522979
361551381
24989933
191673172
135958716
780657103
371784951
755590458
362525593
390364420
843625627
635689484
91434638
152438393
2179295144
781834038
19076012
190518707
308738599
398142923
121485051
45844241
567578005
252124716
23602600
148163810
357898322
244695320
60999129
597510026
208878963
350092100
396958727
537430349
198504025
559743322
1393615363
620986135
946610496
579945188
354636828
381593830
1898247481
1726303705
173698899
290090485
1410566742
100690584
1037870287
188651003
1918779584
549723731
816751226
261490979
1713438751
2315770574
1692761899
1727687149
431260423
1025330010
1184056728
793960982
163749559
56011472
796638138
518069007
568414582
501116848
1647420830
243034675
45975443
527087171
1967316464
185397767
533794666
376368478
40965633
346785081
101896529
29716569
17636894
24181339
766860624
33780900
70026966
2282721829
774181891
1046114527
364626173
347686010
2280908629
1339321358
273753943
177853642
33081697
182122932
1894325791
225618703
416371140
79846179
143676280
321394194
81172761
333139806
759251
79282382
124630321
20573316
433886273
20532533
275829938
302323027
295716032
9094012
429401954
242572363
65712412
17522099
103975205
119235720
125428473
156067421
18765061
750410160
595459118
116014403
807095
243867849
39825961
59318704
382772626
905044472
390179983
1353380270
822016993
244823919
436341242
578313256
286988477
322101928
361356025
2177075250
201117094
31396014
28707483
1368160082
277052608
790221908
15301551
15187542
15246961
17131852
34069223
70567895
22396886
130954988
106003921
110906668
126697776
79011564
110908083
131934850
172380799
19616718
16045268
18079850
292578421
284764637
79052021
177219336
843852745
1137353035
1265601571
349981896
1615380188
463237949
1672200242
1831782169
1838082602
19725644
1966015328
481360278
14926485
13097022
63214997
21405623
13657922
19273698
12413032
196674285
38232012
60720101
63560706
740508900
211412719
356653986
126653627
19692121
26169641
20177010
320894376
357545702
186852748
17972398
25106589
718572314
358255728
574045629
138142525
22175274
26054123
27078298
18088510
67355731
21115364
14050454
16837663
18081390
962761345
86082844
1155362162
126082163
217704111
29708309
128668140
21975865
19793115
815756839
246512013
177024317
56385503
10282842
