138235750
3840023000
174511656
301982599
2928863172
2559370518
18334111
34436685
7753922
2260884894
1691181
2859341442
2398157323
30665669
2871006265
4216879030
22361633
4198141815
519291508
1350291499
123496272
436111239
1945453740
47941037
1462203223
2291521562
83823746
4168846822
990639804
121258930
164081884
21823532
55341605
14338766
72064417
373416209
2511523502
365218954
631031188
3146445098
17736002
414398508
23125802
82541017
575988861
3485580194
1090683127
3238091899
42162472
1102204640
384560959
571511391
2951401602
44014234
21576228
2928224473
3316305037
3608661972
3145171558
85686980
89210075
3073001506
87400361
20188060
3231069186
2774660844
21245956
606776750
2916305152
14422788
138848810
1634540857
12364172
2770281900
3109132607
1431436446
11740902
81751925
681813
3375309773
59023240
2940124410
228063046
12044602
1733467884
3302937423
2879684244
18146977
1247919552
231914365
173654720
12955782
18426832
86813876
23916689
127696125
26162421
46767410
53985860
16457869
3297052682
29793223
3146744456
3153011014
1692380826
3387350475
3242732990
60922550
3365379515
2327440501
3006984705
149138577
708528842
762208374
436326588
33317860
2849893407
551902545
2837524258
3302960163
524971044
216839923
829245067
2171464744
66228580
14350863
2900830914
38316853
234136889
1471080434
48935709
2784707029
2785701920
2158223814
479028910
2872496202
2362066322
2548634810
24205572
18388444
354519764
32439905
292570498
61716324
544485001
2866600948
2972300901
497369817
18523164
91147786
1679922566
2211492595
85997403
1569373716
2573900293
841110510
52307179
2872647555
1028191831
2846136124
519254062
15046796
65038722
2181045176
1619526708
2571629916
14359025
2832326409
3171021098
1310004012
104642247
1403851
2213033073
2858192646
439568423
161163433
3320059760
2791529257
3344590863
2824580547
323703758
3011625103
1619757440
3035382864
2990815466
2968955726
3190823630
111121648
2824635320
2265109888
2767148298
257609969
43296233
2859076555
2937415813
14101815
2151986250
1931926357
634653238
86736841
622284228
1068453895
21514744
265066872
2353090674
564368350
22208919
2780739329
58936355
2526280512
3111183317
2822277833
860865024
411811432
2875910780
1591741910
2360419981
3153198444
178888741
140570677
825000319
1566080491
2339700744
3194857656
2914937290
635204214
3233646597
543840793
3139436780
156906396
17979662
90322657
2224367250
18275932
1889098668
1496001462
321830056
3224088819
188772039
2485827151
2958943328
168382987
3234488267
382327556
928233858
2929022797
187265417
242552985
2777611098
1041271304
2242878637
262538589
2896835735
2865611657
210218245
47752015
2868489318
329531410
2243119712
2966321176
17444386
3042917681
312117970
82174495
387393173
2905590149
2596543398
888432606
3135699534
235540610
466644574
1395299281
253602938
2424745587
261747798
3152086683
2835954518
3165597616
2238946016
2843870795
2826870480
2607290564
181219456
71869533
2893926747
2362160820
1670317082
131474643
2867000033
247906132
394455058
2949240449
337895060
44933547
32756634
19167325
424038222
2657734262
110875683
101298194
255447783
117239834
264088766
352755968
1106763571
80800433
2963120921
2980757286
352488631
3193671457
2828245246
2534576168
3177037002
621334309
278665338
2923548221
322946719
2533392452
2613183703
31496926
3123874811
2751988769
301712653
3118082786
2254681958
1952622312
122249672
2285932993
1530816642
2548764804
1882384519
2810874756
41455567
610058444
274708938
194246779
191470441
212784184
94441366
2995274764
2958046417
189224029
2887792288
2151287469
1402414639
242418922
2823808641
2352693446
15460434
2239660459
793082166
1027250287
1214588815
2765367181
1530864811
518050070
3046441469
2872546186
735941880
2616288391
1523622169
2832706414
554449725
545835170
195197626
637111913
223380364
5706212
2842508422
32683023
2760398748
950944050
18612314
150661088
2845698234
3045677679
2176741884
207134017
2269795927
101935286
16015769
2837110153
3080037681
3021630188
3316546573
39107307
254331584
931732278
580542147
97752370
2677789159
2786958297
1977386683
2862177641
329297201
237914377
2884872747
1156511790
3297200061
352258982
1584091082
19310698
576173913
618291597
22360020
28420827
3297747203
1308120050
273194552
122802154
444322833
426185966
25133507
1700482940
190516402
161113714
384189557
1347065635
2907625754
95053482
741343188
1725683666
438982211
263196028
322921532
513560924
1460036262
2802658657
401106613
469021752
66680387
339706046
1309271791
1009223090
201179196
945049771
2683249604
2995235936
3019004307
1710540307
829554001
300489029
2878502879
3029298045
2183839225
2525760168
127504434
320639576
2310429786
21951350
73376164
236147710
2154028783
372372496
1516814155
14808124
107827153
3145587895
3306121247
3247251636
1176883333
623042315
1090817749
2891481426
300878435
2853461537
568628076
760514072
2577144030
2602117435
53721093
563121956
615155758
72284237
339728709
243844011
1700147672
15811931
3008597998
1506165223
31236320
2376440382
2800315017
198773386
60807678
96403606
1493326152
1465604684
3343899832
1874254309
2881489392
564132611
3110803996
1536524388
230074019
350502154
328723035
219367083
451193538
304571094
30364919
217558287
2273845268
860253331
3109418278
2463965378
868339944
2742175777
3285530052
394838420
467620549
2920051736
35750949
438854426
226916807
117816136
2298217395
720873283
3338944427
17295345
246077606
1357149710
3352612113
149218897
960575401
2996538266
2861423605
3318072840
2451911724
44135496
390460439
2899827380
2834181371
956619295
2690628133
94959801
2203648632
67065873
856770570
257906048
2680842204
2243116344
282677788
256043117
71263281
21952798
297228027
458052397
155967995
982958096
1531336776
16088638
1909111525
22560261
2848284100
2222623994
3349011035
243507880
2849555279
339601420
25073877
38536306
2849633862
1900213664
155603355
2536343832
3123201728
105605699
860028674
2267349416
454302181
804441360
2513180627
271653914
2536365402
475682772
146628381
2884852968
2929718880
606357050
2796607730
42344017
1828204028
40229663
393002630
125508744
2746420754
774910376
169501111
622602249
586134962
1114090772
2396779855
2838985557
409608373
203084615
2910008937
1270797331
1077607729
1089393552
446724878
348507393
23566965
365059084
2923342314
2181751604
3031849555
2211224596
2889015638
2949913042
2493072235
430176164
63708854
1518956550
30628108
3264386295
622259160
3293775537
273735979
2843031328
19471846
2957163088
3234248484
3178940725
2855884745
2726710459
242795791
50178238
14163917
114323561
297075704
3251014494
1426443408
3252015728
3240293607
42652603
626064316
1128762097
29292341
541563078
524739844
2147771678
47259909
35364302
3077870716
1092614622
2855694848
2212452306
3295575222
376744381
2444316854
100506931
2235081176
3195815282
122563699
3260658348
90746950
243694739
45177032
25098849
3403524700
32521697
455915198
3312286387
2732543977
197089352
203674914
61818364
2569381665
3171055153
14667729
162932753
3064730848
31283631
1544372160
2890299091
3244762186
1623471690
3082097360
233771946
289831271
378588599
84547873
3152731162
90054988
3318076241
75301528
2526561279
23050300
92909669
574521629
3256171963
16820189
2867978738
94171599
2835111105
2969732621
620814614
2497064084
605566767
1080375390
2721663908
3338044378
2880280417
374172856
400353164
2879632362
521202310
2575007515
408826510
1697273742
101951522
3031693222
2853623101
3356447763
940077925
3223001693
250315620
93363347
848196925
45451746
149400264
2420459282
2847657333
2871977708
3059473475
25622873
627771230
2782756512
1539968335
2248785594
2838143051
800890130
98129764
2815155763
3310591527
2933100477
2323535310
2452372932
3241537318
3382121055
2964303931
264672540
3008561324
436886807
114777835
2963860666
18710405
2992944479
1927441783
151602557
2723734868
3302307029
25445796
1525377674
3214280752
3307142682
145774437
21484526
3412146239
1581554946
115529347
824108756
150256656
1051596097
331750304
3400566538
2882721857
20945241
20031768
303635804
127759953
765262447
3142040172
14428916
3422978644
2260686947
3234809542
365874363
317741707
25433310
199678444
346413206
21825732
605654757
2777083032
857254580
3298975784
1109794711
78374435
70928966
14835528
3395169503
629122349
167424506
2213501226
46947026
1949177358
2210848837
182669212
1635084757
610006254
2832896823
3341940237
274615625
2854687332
3354632691
334306953
2591386356
3064893087
2336838734
16852780
3010534517
2788757714
379273120
532120327
3421356886
1146599634
2275193557
1891427580
3262628341
149218622
2906364906
16661459
2826800366
3210949499
2908330684
44008449
122465006
3351523401
1640271822
25062440
25129372
2844451096
2952909383
253036168
2833585044
552810773
16495008
66288597
37398598
2897957851
91919470
17952975
197265911
189181251
54134690
1541356034
49971035
248478594
75063745
3190402208
2854884026
764406294
399070033
40151031
606754770
3096658602
833771474
2943733105
289464413
282392576
2979361895
2456865570
24337905
372563847
176874550
73134729
2242547935
204176679
2290234074
2561228172
2437486722
2808867112
544001732
238093393
2849321642
2801269189
1537181251
2844264700
1280809656
18027864
2818100251
2830537024
18783993
2838256043
1852732298
2815306126
2757067388
2709936560
2872543355
2813904001
45711301
2772977344
2856010706
16907980
751492326
2874675532
2893264993
46340918
2806258613
939734738
1021652065
74275571
2829532397
1686315325
2855642709
2518058154
299134973
566492902
2822712590
1132050854
2891807243
2856033592
231497614
2658420401
153531949
21449974
223304261
2852872244
40833031
44848194
70472887
2329093405
150424761
2468342486
37056750
1444313197
19048952
1943029387
323458096
3066206409
3065846395
526547475
792978680
135258477
69406594
241182891
175503389
394634101
2868052798
1363448052
22341044
169575793
64762438
43908468
1216551444
368610224
88513353
2807060009
2657496163
968537478
2320038834
30805121
347562985
3262087058
2288519562
33805179
1542649094
316329331
344021188
981866658
20634668
80468102
3060769082
2973884591
1558731486
1121769416
2741714149
237844654
454747557
2879666753
2959186844
2985990059
265489252
482388629
38022929
3004310281
2805511958
411868039
222545634
15707229
2355244596
3233133151
3300738252
276786639
488290869
456386882
2796417967
22493135
2586776670
189782120
1067019974
1965559992
373083776
116512570
2609281482
513791004
209669688
17956471
2799808196
383200963
21333697
1947709525
24068503
2808137828
2458229318
18200596
58661424
2784049716
18159661
1423614704
2592632125
2516075665
12798922
434725454
56826641
1226427252
1413149532
208798621
2791835904
188022249
2837982711
2749546339
33540385
2864224153
2422675742
1274422645
2789774145
1056719455
2893158570
855835741
472401475
486568168
2847552447
1542685398
2898881712
525553519
2846735297
236999820
2895550656
2849147028
2811157786
2825755019
2824581613
2455998675
1486744616
1393347853
2772384200
180528062
394301933
304377933
2881471102
2901670105
123666193
28757835
77738846
2733723912
2807212717
2909919507
2831477758
1661233466
2833284949
2772374611
2772694988
904587308
746578496
2904135729
1657566524
2967894177
2457934788
135199515
455444298
3216862919
2797681808
24754569
2840824778
2851427471
18006452
2810395514
2563030626
2899361151
424087650
3115364990
2935678934
3346395153
344209049
1709492467
3327662265
15567975
3015577899
2764992865
59684261
1911667621
69166865
2551449258
2645810090
2269035084
2820453761
47244501
2881150406
22063614
415349092
3160466299
268690233
157230592
26212404
850829419
2552371531
3340348893
89550062
191054810
41156811
63211545
244769691
2879835768
96449287
71567529
282275320
3199523210
2753751943
19262294
3098518791
1628666935
2817205998
196538976
562393058
2489588714
1242190802
2536892581
2841652475
2899000290
2883604951
361098428
21739381
1895992122
261953628
2834741012
226523183
1592002099
308047126
2598626905
2899111405
587977882
310617038
349123601
22583744
450116016
2555783773
2884415948
2454270684
171280752
3075683053
2876029102
1109003965
2598430662
54809055
116375949
2946046265
2544931616
3112569449
25791824
244214157
2736175481
793135345
499798329
2891286716
158684381
159257982
79449705
2424974508
3087736341
1675183219
2780658598
83844024
2895970945
3107110095
2885603504
2734546793
1606657686
2980869012
2837718577
2208474051
2591929418
328437465
438994889
339020848
2328880051
93964319
720058388
1574161698
132672132
3033091670
128781497
20420845
1537757029
2972952425
549630167
83213873
2613744325
58323501
2996910442
2872639048
35860455
2954244501
2864314343
750069644
3141645087
975006956
3193823507
1341817218
2377898010
2823410928
2485883137
2248177686
159034813
2835723900
370495403
214539875
945354510
2801213839
3091637038
2916281824
35442564
748493846
2887759833
2980071657
2220795080
2831436002
47155605
3245541990
3073543947
2476515662
2900013880
38772269
2957464534
1537334442
2886540118
1012591160
3044343905
27201623
2750302040
2786216155
1389463578
2752990603
2463954908
2257999250
14272347
3187713901
2784263971
2447872531
2899707171
1378960170
3071892465
246108168
872725897
3177337435
10856422
282448562
2484275342
2921773303
219204598
239971286
2927380375
499781396
281219515
2759869202
2508309475
3106787658
3078505278
2570415131
168713672
2857350485
2805236131
284274759
1892901222
3260463162
1680121153
347333039
2315119063
1618214678
2362096580
746119952
91042156
120279200
2903156389
20833775
236992559
2879163272
121213203
908483689
16613101
65763224
2796651320
2776958707
2880846933
2821614491
2849363090
552688679
2751414806
2779579543
2586452870
2494398422
1659016651
576603704
17521435
2332314889
1581572598
156426220
3010052075
1721196991
3017043311
2546569084
2741527478
2809588068
55797066
49097621
2829039293
2937680624
78810716
2828455478
2422201032
23979995
19351599
88090468
359530857
2512973712
2401110481
1850709793
874888082
616914139
182047979
175472962
1903362108
16335102
1952528058
2229667098
237430424
432748599
378903570
790037016
108462428
3068909498
154852658
2831053181
117292850
2895082813
2804329145
2811434719
423867640
20973159
933198110
486254563
884252689
2179190077
187387276
1516445281
2238399876
637241000
610232124
512696611
567654031
93702505
357194896
24001496
2841870589
180922583
25572881
93663419
480070834
755636124
224231200
22863439
35806747
2522512664
45684760
24734335
2807959759
2838562450
270152253
1155952808
2750667659
836242932
424806929
2710813772
2964985833
3240215930
66953593
2890519873
2871234696
1944230208
2855449623
42844321
56649139
21943677
312106316
2790862904
2900583291
454447223
2786875513
2854806885
2842627762
2586377694
1194972110
155002143
2386648014
521624522
2174759425
2517116778
2810611336
2474307219
3033186133
2761983946
3161760900
89477902
17527237
3131055880
422055996
3308282189
24285721
282904277
30978919
49234326
45861294
278761594
35603978
506958753
3185061097
31921379
3044511445
47482681
11353012
2898092005
2607837397
404813617
2951298475
10720422
2855005961
29419129
389848242
1473203023
2904814125
284044012
2879055304
25218413
526537146
2798730931
106558293
1014449672
1730296904
3347736352
2852050728
1947572312
2946694850
3013893589
928272938
1337824454
592461352
2457517003
437847702
333688436
202660634
2816645488
68806589
2351889769
2822493293
2872027562
2811040157
2856271814
224310598
72810542
2809156572
201553765
2790560502
1072526839
2798458089
28287251
103141997
457882654
2599737889
3228079731
1544380099
120186182
2563342344
2868903646
2818333431
3104057478
67900460
1656821088
2309381012
244625381
2806892972
123265054
468841864
2833345254
1338893772
2764897681
41240753
15477254
2954999301
29007109
334013443
2784298200
272270018
19128766
3145284919
213064937
224797393
2561555594
3162022620
849029940
2561553032
2897165928
586953346
326534863
2786395269
2748213221
2862495071
19015287
210308712
1030131884
795561996
2723761986
568278064
3340474558
2809341242
2893366956
3111278345
2476674458
15715860
453510020
512073732
452599102
36803580
44196397
19205186
2896236982
31512965
3098110989
190826183
64131711
2964038584
143372994
2407317296
209813706
2358246756
34749996
470100265
3127988673
574962273
2838668197
2890583776
22557046
2799751139
265220205
175891461
3060235391
533169125
3198884644
24329554
340970752
1283050483
317430307
2790781662
550537872
259808059
2872102834
3233654790
2836353328
23175747
21381909
2794805484
2822871973
2150338826
291831250
213863733
1514306887
126161353
2525538594
1377951030
277659789
3065755409
236518102
2768551590
164070785
15227791
137891614
3017453544
15070269
3173001400
38012607
2307021294
15143478
599387089
155369046
179216418
954497179
2436159330
14275591
2705002822
1941008899
17325645
507825665
391860757
2785255490
111249420
366493830
143388925
16106584
76997832
18208354
2934487765
234051381
56686418
3013271728
2987605712
931238660
23307970
116454409
2824084715
612750924
49873268
1555236642
22912997
2912892913
3018742509
166838487
482426043
2421479514
2810864653
305928252
2877151045
14075928
19549550
1138005000
1138151527
2951963678
2974243444
2835958435
68489492
14519984
2314143102
14847034
39270230
2916604288
3007423080
1855235737
70266297
17884830
2779236164
14464369
2836785657
2987613632
46310609
585764076
2377498338
16906660
684983
2811268788
2393620658
113137765
1459934191
1424028409
26798304
2869596159
590629399
354299701
44668946
42345999
18490175
2810424340
284565044
78523300
474556898
2362960556
74576368
2870078111
2832617855
1012388048
2688750895
2960949718
2835401906
2887758677
2959191198
2806671613
2411290603
251045973
2525635410
550990166
280527457
2794683217
2932755040
416820516
2957331107
171798606
466510454
2429236016
17874544
2904219554
2950103931
2886637520
784167103
2821606501
483061870
215543214
14462781
2294992634
49635206
2802548694
72921705
89765059
46356517
22166232
2167170504
92905075
22236501
76234636
2679971023
2820262268
2871413367
2540485406
997589958
20372829
830859110
2315874928
1335585896
2423112738
83893247
2857609488
339165305
556675708
2914126483
504747177
21060711
2588321996
1221486553
114864431
49724410
129046320
2730539544
2832342387
2916949294
56230246
585273426
2814040284
2817820231
987111476
402413259
2840743600
39734687
30486932
121112852
2166206238
2255877222
846667518
621393400
59288836
362100909
283043739
15377468
2894555758
44494953
2889888425
283692320
329820358
15566199
2877494417
20824522
2867410569
14171053
157587938
8910722
16710197
1197201529
2775492818
473504628
170719160
2799002006
2772025208
2863787846
2774188688
77824819
2401688148
29756727
2872428455
45064431
2837366796
2893976604
365752442
61623825
2284054074
1105998918
19313066
2571843746
2213370912
2897317219
564901583
2868558311
129636453
20825069
2802432518
2770286409
2846609613
2851818728
2822560650
319603324
155635152
2613974564
2810556386
2805673956
95067738
760600202
2808801171
2839438477
2851120390
234541181
32508431
2796746353
154376291
2858147054
2838338182
2808958753
622932874
2796471254
16601898
2782040341
2835397086
633181008
204447420
616635926
156285331
2826414247
18302933
607305892
294236607
2898262704
1460549084
17530721
169067158
2782394828
2358931890
229251600
143123814
226828325
2310394356
2802164402
2855949487
29371593
2651464544
2827346120
764586908
205837266
1853243076
2582710681
2305353847
20031359
2782715964
1532251334
16589206
14662473
1550455622
505775222
487763178
2804854327
2307078908
2756240359
2863074171
15035654
2589671154
2888140440
2802722088
2848339246
425440651
494257164
2895896323
2833599255
1385975335
2618545285
2848724831
2877481450
2721267708
2909667702
26433538
2782041548
69832934
2790691692
2787720983
2764890925
2644656877
1542293558
47405998
70466918
575719021
2856460387
552452241
41367821
575870544
2778816007
1613601134
2534342832
94651101
15917800
869511486
202019047
183993932
2311435027
2856632771
2706312042
71079669
2784333590
620380090
845649349
2846551735
1227418316
2819247256
119815139
601425440
2235210511
14727238
2611804032
2839105630
23504870
83562646
2882829690
2678804532
2893517239
2782761216
1028041303
2571342366
2871165186
221967789
2305185066
2830047422
2742814075
41707415
147300717
2190008708
542107753
1356030014
40082439
2570669202
551200721
460697784
2752790288
414141288
2706287791
443501877
2815277345
2547125580
370827550
2901808997
487039635
921763795
2852724185
330732361
273912888
2887833895
18204002
2411433529
15595780
1581848742
2834647215
2893030518
243739078
2863320144
1730320867
2647192213
564189776
47622504
1090262328
782472337
2579483762
2883864873
27393948
438536188
2746624915
2334885331
557910585
2743059763
967016827
1388057802
612246197
237884601
34977967
2764458266
2870315974
2848603513
2848521208
2833561388
896018820
2815394001
1246375584
84613819
2423425960
2874237561
1671029934
242339333
2868906035
2877716099
109380627
8772882
2666936809
2167729699
25927878
307584252
2801035038
1371796633
26658684
2896835628
112614146
231124010
36546167
474887754
2775396834
339566435
139292752
2873783183
2583292039
35565544
386520098
175428809
2784273150
2541766878
2797610641
47539455
2747746256
2828711670
950142270
2806390123
316303968
1064413597
2765738045
140542416
1858786956
1556456528
2812908133
780073794
358863151
247748720
127604885
2244398629
2773896588
854203626
248206059
24206059
1641108439
117133589
2832127183
2874826844
2786936528
2276637241
2853427248
60054555
2751259861
2350464696
2410129064
2798765632
2409792248
372615083
628292989
948714337
131273661
2810676792
594594161
34283550
115227131
2830074510
2856532921
1616345101
2801890131
2596941423
862312976
147851744
65974890
114584062
30188972
108155579
557265175
2857905234
39652554
1592502890
2753872050
556444193
1409965554
2897907727
2398491534
2817936454
2837175356
634338292
2423373294
131082277
350546448
429523010
2817767214
1093050703
581267437
2787254808
14149423
2833411332
2889158024
180548361
15269526
1683985212
2865668345
387057670
1656516662
2854604945
2751837302
23380438
16740511
518012086
2585165988
125189782
264544779
49904614
192750449
2279505289
66827240
2232448621
1318542156
107448374
1952149838
2578138580
457442648
127761044
2803978280
2652997692
2789963705
2784808071
495011347
1323366451
2838609686
2789890544
2853987245
63913014
104519838
704237150
146608835
289490370
73914728
550691160
2421921523
602687997
1012398272
258402996
218493884
524788308
2853946413
283272739
77059149
274109576
2587879814
2837971168
172947906
2325168744
258922134
2793807454
469189091
16196401
394916752
145370520
499428540
33449297
637231539
2169511
109741789
702057780
878296699
316636799
848296046
2411867900
501340747
23260256
609649719
345497264
2802424662
2836996858
2800681614
1558996520
2825833779
2805190984
2812745721
493726972
2336050548
563368798
17916671
2781843242
1666142936
74519682
13972382
2814885768
15575528
60367635
374267182
159708757
2775294374
2729513808
34499026
93949976
2831586907
385696730
144363912
2469617234
2816482591
161469460
363824987
2834518025
2815224697
34083622
17886742
193271047
28023330
387334888
2775504008
875530044
2815279566
2842445025
392981639
15970050
19697415
864888913
151871519
2472399354
16747981
946532148
532830974
178410684
258217323
54556379
91279573
2795274284
1712939281
334921581
16378801
15175716
75667492
1689419970
486927488
42779858
194525661
561773612
226798215
143686967
602947747
353528348
15350768
18093468
1717646287
282492548
418149503
150751008
455869880
219699730
22413809
60158930
15791000
755431
