1382627982
2464865419
444940567
3429827608
2587474333
309152694
294849832
832026738
67761107
196198372
376372424
16739814
36465468
53473288
15857343
461429314
49495581
65650638
116446476
718242211
111329303
44501380
1482739920
919513898
216363198
169011868
3530365093
958451946
743377440
2208069469
116514272
281519149
420542129
881217084
102731019
283608339
235828092
33749247
718669086
3396107086
2803277184
18999969
153153856
3022087539
3075634102
21589447
4291655355
15210670
1473894084
1293723912
472639226
2998637918
1695662876
2885707365
35354684
83529987
226254932
61638283
3142614406
494668818
2696723713
28903304
58319221
236395551
16044997
256110006
1890151436
309649701
590251531
151455340
2161330357
255269130
1482529447
245410974
24692082
2231794428
18810005
3318346735
3523971
194200636
1732716572
2988258574
18824219
20220020
18819519
863367757
57434511
17591611
935727662
599442349
461092374
42836999
2340514694
195146976
832091065
2470359282
1110051318
1732869739
7312832
3420496779
3001615839
3394404724
2584442810
80038949
188359178
75050644
25127782
626625261
145647271
1447799082
2800516102
22328434
19322398
75051887
87628022
112742729
2274895245
44196397
4179900473
254511836
989365686
3881970556
1355685355
3947874749
40587059
26606075
1278282558
26043704
3111226033
3047271780
626499412
101879595
16143520
1571720624
129181323
18742296
112485131
75073306
2736446758
198198931
398797900
78041926
344748965
774523315
1876898886
126074143
529620891
785906474
87234931
296370514
20954040
23006776
280543667
17741275
101504262
116833456
2322580746
40550119
413802355
519995796
234395010
2848993491
2155691491
54518302
50312955
18963118
36757140
17901515
171113756
17583416
104904819
2343110671
275026205
2302363405
1101353036
39774409
44692273
218329917
109279706
1705588788
54118734
400286451
3413442681
1954788823
3018422697
2547150300
2662671325
17073913
2232232740
44147083
1905721874
601469643
1702825920
378348005
479756981
2549486387
90989694
757365218
14935773
2315903360
3011471100
1458474596
277803855
816150781
317524199
2613523520
242098055
188562430
42665626
208714587
23745072
23245572
160043308
23407427
1468470506
3096208160
23856782
310007602
427109322
19990123
84408910
292282887
28941139
17042925
236345744
127378849
17137628
317408323
2373089269
2159214349
135579633
540384393
36395646
1408934467
1908582757
119530217
12726792
582812809
3145102134
1109702527
465839739
253014407
1697611068
24429294
2495202390
3004254610
2775681716
3332827251
18248529
1262339034
339839491
1252689470
3243512994
3256964371
24706356
43401866
103438815
21662591
235179026
12914802
902200988
443983475
2599681261
109438356
3090412373
19495529
620578209
3379493878
43570256
2353
219707952
118278831
2858360977
2192414046
3968863697
327108918
460603754
25848260
419660903
14466613
141199672
162589254
2600237888
507659957
3774517347
179111098
25128673
27123222
15895464
608386737
413423918
80475670
35781335
271343342
284725852
164418122
19258785
373632133
30775031
1638538464
833988769
1872481212
1095284142
242827267
14538949
190814558
2233190732
1634621035
1865355289
1576083146
2474116022
2608070293
2612246538
335121151
42672470
374164418
330071328
192592943
164304654
575800295
248361545
931882614
29346503
19873872
1852957873
6352662
2931558655
102409329
15702876
2421216026
148777863
23467434
351384310
2922194054
17714903
29762189
22253683
83598715
73191309
21511626
1358158794
1578299604
23779501
269482952
827656052
37558522
24734256
14518622
41812531
19816905
17242709
17610441
3229657971
2853486785
479666698
840188174
1172624844
107178683
368501006
40611730
354086245
2167277940
23038831
2598048522
2363129010
2220579931
1140671569
199566164
294646210
3526085776
36600404
1151129580
110525942
319407574
2991819193
89782106
309310276
293210232
68462484
204353624
88576944
551583496
35764984
835930406
716148710
84238894
383657777
116881315
83463817
21809467
190678978
112481326
918782112
259923181
89205229
421491297
2777017710
471691035
26171400
359961566
3031083454
349219465
2351520685
3106186818
3032444764
168757829
1058823794
112272245
1005090338
2282746675
148160448
923213390
43141013
352311644
89735137
21231769
22971744
84463967
39735102
391102094
64498695
2525104579
79766795
1102574766
138056758
39342647
318062176
298301204
525564546
130310338
147427379
618299309
46274746
2820990081
125468212
19098576
902267186
48613401
97004009
16789144
188143335
528723774
581527112
30313925
380473593
256853532
366676582
205477028
2798554705
20856024
2463654482
163858750
599333051
1955396136
76675800
1423691306
2353292780
54730258
193097781
267939430
54975897
2499685945
17220934
142531678
2459609448
3044613879
38491229
1628351652
467107262
8161232
20059181
2302027682
3772444534
36490075
363997684
17463923
4054372109
396881975
14369688
3096590594
169769013
16240926
17004618
69677501
44249649
7401202
16220555
71361941
330773106
24229787
296930388
23395851
38410651
284684670
1934998176
511539961
440915174
2433670543
3817457592
446682479
1380159138
48003802
232841094
53869560
2850378121
909938851
1484162798
212068449
82638578
295901466
859720326
399120754
2831755628
19655139
63147210
52568682
220146740
1442505896
196818488
2375303610
482026635
932786467
239475544
3504236247
3003202217
2413047589
3074720163
2240345301
1130824824
311146774
332541756
1965578293
26837277
52119056
22015303
3830965935
863144486
2767046298
2556940872
829310178
69163468
36396528
16478421
33189854
3881205257
3286644950
434939395
310015591
309843919
544268841
20333022
264311019
594686430
162921876
2196863777
66358223
386278637
91217717
3417242067
3314023938
1083273062
3365937856
4229505266
412154004
1349900012
272546411
16246521
584093916
62267325
34461301
342864590
21588092
1726099460
3016894316
157060031
3059072047
30892763
3888747142
291332154
15799636
2202503029
394704777
265999241
212733781
98479645
584224524
95236446
342404252
20243403
26165608
20151564
19730826
94562602
36521964
331924642
3290005917
262462549
69034469
211534965
209397605
343836204
1734772086
43250420
45844984
117138030
1861748174
466736554
1228265936
15209862
3271229221
2752258898
102156742
35849778
1281161946
2494311060
90520238
295972012
158024010
1063684771
3047671993
2315740290
174345058
156712389
3221619777
1534561999
323287938
478872856
749953614
92362291
61572699
2363105791
2888647209
583377216
78361556
2392082906
2617471956
370741905
177728250
1415987882
583250098
236896096
248307466
24443188
15994109
21328706
108986206
14380789
14109159
50088367
22010035
622015869
257061138
22033028
74211791
216790468
25053299
344492115
19220307
275560673
517858762
18164340
17829189
491447857
56550435
399629243
293551919
55586238
57366246
130564649
1563151004
627091485
274205750
78138008
2875555348
17591271
23408160
60637549
14392636
104255797
50657158
36984909
29518466
100842674
1307791
197554405
25849601
260795359
412437935
567337051
2837202048
2383237099
2837287201
159385363
2592355027
21422458
68002520
23752466
2672920674
20067397
364924982
123146233
140252240
2233090584
1446393158
154277865
508298424
490811352
23857477
19401060
130931066
163887236
1640731747
2889879438
2837278087
90570778
2174661258
3955784476
1941642692
2366439990
369634618
2201736210
2365901407
4084779496
1246951472
18094552
47479606
38751529
116132472
3016012282
150688427
475220369
1585225512
102741324
47455638
56437995
109421381
237866353
1017298476
230476314
2887230425
2500159638
3413338204
291843507
893067895
3251932317
1430792904
3944608775
212040431
35865237
1653056605
2204163842
2901112516
373179492
379371797
240492915
3925482254
325311875
2174481799
2815536696
97048362
115465588
175404674
272055494
2981772885
3876922759
809838
3420054958
53210455
49658746
139525231
175471321
373974495
435150335
2424147524
2806513309
93018740
15646547
1243167092
17524927
1373016955
85657467
276713213
573883420
3749551469
823755116
902878358
2959815473
3107886060
113750707
69135106
21789327
50641762
69344109
17538686
21429032
44816786
132611492
1653183607
3289308547
14280445
269865701
255307657
6607552
36156594
257637579
213851821
13009202
260844850
5480372
348462666
14216937
30013357
14609614
21686299
164373270
183895943
158022814
573845836
33984230
79877909
132594923
1208273809
352293391
3100102407
2294977652
2174566459
519010310
7914552
19011362
19120258
19377913
19548722
19700031
86989960
104757726
224333485
298141096
331703548
385142646
393770939
707604500
2801966413
44425296
61513664
197381189
271567300
3196891813
373378915
1265659567
2832208192
2216970084
3019681239
16544337
102354989
311231357
110007447
1614278605
3178485463
257605819
563707141
470438993
552624079
726703166
2361572773
53758695
169211607
110725014
124190867
136031812
400518302
534571304
537666585
845805505
1169244505
716131988
23101813
260424450
2429571438
419774387
3173659355
910515852
39572394
161050431
34707654
292722929
1606117741
512591301
606694810
246221432
512675722
1224176497
2713287362
102193104
213718116
28385954
57042914
18902499
235764167
166153594
494494678
3356956203
21151910
277052231
373683618
440598358
182005161
211657420
15369546
22636175
31426386
116777947
250640330
249973012
362778533
566603099
263720187
353926219
1572101718
11894212
172081908
69331791
34030502
287823037
71911230
96597623
43790426
22060604
240871376
348446248
434408534
19127774
13688632
36758722
37656357
50516203
123095475
158396623
309978842
358552968
2154748191
917282102
324067266
3906380359
57006935
274932989
1943699478
176854530
2207387761
344728293
234511767
325092772
393586799
245831779
223851600
245445474
246438950
368990947
111787496
1014081200
757276592
2319060132
927677779
937603159
1373664716
3165508288
2837248489
61608747
17907265
148991478
297521756
2361510798
3108317230
1531920348
16187972
18145829
238332170
339837143
375186516
465070740
543565797
610081100
2491514814
2815390098
97764680
430152538
12599562
22190567
35115058
88476286
285384350
314127120
14603891
15649577
16809022
41141448
43355844
62928752
83513681
122465515
309706285
21275466
23782656
20157077
151589319
43938321
84321709
108361938
293094219
465816563
416328183
587985128
231438902
475130249
236015689
310388940
23774837
15418056
21235081
17469142
9118212
14133286
16316758
22070580
54254398
16649948
53083226
98903407
107159920
60935308
18080144
50343172
13058772
18981482
39997930
175132439
121528907
26631537
159462573
373073646
887076288
1280469980
242474373
16861739
161028728
459395898
567294700
254610792
1246866067
95669282
264222296
29473895
293719553
428425486
240950111
282004535
474331141
356222043
3621950064
138205684
82595393
940173127
121004223
463004381
25064063
19966398
21369376
22266871
22916700
23468686
24177946
28612106
40322542
61608622
82901380
104947753
106580586
109657406
115516829
179551512
186198253
189547571
198502879
202579935
202581656
213354964
285796993
296878541
361363453
370318971
374096551
378172334
474244794
562105449
1119542262
14604678
158448399
1729543507
1911471896
2978903524
3973134459
98430401
61569821
31413260
1969454683
362725025
82447525
170774815
21221149
18060714
205916039
576270319
1069101314
271500022
201862960
313553324
2447712283
1309153880
149517978
912204822
3294157876
334393876
233189276
3830861415
726871248
162843195
480561518
542048980
3309011151
3459051
211154075
3843208654
609297782
33706237
18230352
408688501
43384404
23796987
759785072
1089918530
347396979
403488788
819990036
28585033
326214438
51065694
30078498
40467225
91478624
141304718
185722900
198916604
240690104
252709701
257614288
284222474
393389171
274252075
317348822
329294962
17967737
436322423
1322970049
466812378
219699378
811493047
1004949924
176490413
53128877
19295392
17881732
21624021
145692441
205114847
346618591
569351394
602799489
963490687
89787188
145314972
79287209
42147826
282166891
23655935
34051681
34747812
38146999
18660858
91277828
51309488
74872101
84181532
143391277
148031377
160553129
180817934
189240250
197568125
274794251
304588226
344935839
418928972
490541676
574609115
599358578
914960532
403019655
2203726350
46107869
1465313792
1329487832
1559161525
115435841
134949476
3318397646
60813091
3091366276
30041820
539996192
95468980
2587748954
3297879155
84275510
207533232
352438356
108326832
304482249
68922321
3141232584
1309808982
317505061
177810719
36585292
3095446660
919714903
2584128840
16074627
3145281553
538409644
392330427
320799823
143514132
21102155
3018765968
2793295682
3321342603
2213130697
33954616
46017156
733132826
216459817
81884241
16295454
106470258
243679064
2882391828
407976756
1433591384
865633705
67707276
51252741
273622712
474249434
2998636556
1380034992
5514192
21866534
1876367312
413355878
2597650831
2342414690
183644138
2250800442
195874539
73121583
80344952
934906352
394739256
556124802
133458374
142779810
770023914
477036499
307669140
366600999
2538532890
278763313
25125905
134513525
1374687294
21238524
1160906545
30922840
1103188842
105231326
24274948
229601954
27891630
174268150
996585902
3121811848
629798466
2869108163
120153772
24594278
3299904061
17659219
243398352
393751261
3384539741
3360870905
2420785026
2860659535
3311904168
2855641827
950308472
69043933
84679163
72057399
83670652
904408999
1707421520
1711123855
29644907
599741995
1004886890
273012474
201769579
34386754
568403057
3059230445
1876422974
307982094
29787052
46277653
557748802
3194694235
166670385
3117119354
1222421628
219979627
160598248
222554496
323324453
15515420
95938864
1715589792
16368498
304578117
57971169
493528533
50263701
26626013
55603994
24724626
158352700
491350825
221800152
3038485489
2203749829
1137453541
743585142
25581439
22935053
284620759
124459427
123326795
2161831724
28266235
118826584
2584214272
3097714354
1364382079
729694339
37751556
3400519961
868449241
2538583920
41454313
20100349
2645367751
245191224
2474086476
2593558765
3427585212
1969352636
54715733
15857005
601049350
366225624
197137071
1413953114
64190644
220124175
124496999
1007984557
161177258
19889449
1314423942
41360113
67533376
76988322
264270969
22028245
17092597
559223020
1493130259
2560245973
3379220931
60467760
3434919413
84901199
1280561732
117155939
32257623
377584838
435222598
77852607
81991203
109560609
385155982
235405304
312297721
2619865972
3360604407
3280002445
18462851
39692025
191172311
102187929
6563122
3300516671
2996179075
2754243824
1446435361
271787494
1862571440
3315495431
14695028
166796740
48190181
93066388
607304279
222474823
404961583
402202146
234963606
512297623
3015426209
486297238
36722950
21756898
34392621
24855151
2205559232
2188962931
301511859
3362830030
373474887
321178338
1689531643
2778630907
49615785
57709461
143648809
66718091
33641612
20601500
16134692
18776647
155608385
131286593
227697965
361444369
2938352961
2654789941
2610930182
62643747
568762915
183370080
991489555
749874187
2467797908
2458885608
2301964644
2674706600
593718218
2845153379
2533311199
631084637
1139908838
52157345
61844539
19710792
94592601
22790239
21889069
15984676
1284112902
1904815615
117203701
2389631285
2503018147
1637356478
427958206
37755950
1197286831
2493645404
102448827
33522957
179957954
2231980651
155739417
1074531812
488783446
115416986
3373039775
295219419
16194080
891377682
2365652306
101306265
115445261
16892896
321149362
488542273
440668686
61639856
126789549
562243642
3311790733
99978233
23195549
104056524
19314850
16352605
55323056
32560628
164455217
15461242
188122663
290207135
3170516739
1860637315
1963318285
2248804340
19754094
22522476
19000033
17659340
2884599346
1531711327
78513151
2830858809
951854286
385630393
622033250
29496177
1454763781
2264502750
1686480488
166173582
1955008886
2438650010
976654976
274544377
166283035
16926550
161037129
2853728464
2875767753
3145076169
385064782
263242627
3160128440
3134955845
1202094314
141764283
2459478132
123006717
42411129
27804980
632453857
211276605
1536854767
38256358
201419792
25539621
434517373
2424280410
228098508
2756249953
15520292
808821871
727865330
488753533
419151606
129690878
107168391
344424708
473244758
15585039
16826617
17060015
2468259265
266652760
133694919
3327120856
216607039
77254498
410851204
876605660
210930944
127877956
2276330180
236386626
325621136
2525262385
2767843313
2302552063
49782851
420777530
551388979
3185549403
29791649
93950302
1009656960
259459262
298233933
2204866399
409125120
1694120570
2155200692
109568652
2823694738
1178838277
164751166
371346012
3033216088
2994029076
3350952341
495610213
59386332
2618403776
132215968
120256225
144492649
246360066
225141669
418884517
136277669
120106749
241984503
43907991
2675135401
574722035
156691852
460342940
180428753
19030368
2799068005
1408366435
494187549
19050314
15308868
58883706
17180800
107558556
3244477733
3331534547
19626006
23118150
81192849
50316095
16911378
362604933
18536997
227780275
15193285
15088481
174344393
141300559
78584843
415516556
397441139
1255293547
16878863
48458841
28152504
250261842
15066876
235213723
2203620271
365581151
140086961
164770296
562215210
1511528695
27371062
240052569
221003445
221529492
255797769
1592210900
1120396171
464958277
66820511
18607242
2740310814
28167824
92091739
16015434
66736063
317151891
294080182
38853517
78652016
134834180
344217076
178051290
210020373
28988775
68491751
229169258
356298396
357000352
351703889
336013384
9656132
142278990
342686172
79268239
83876845
208111516
388705343
188025994
16317622
518821496
8457092
35859921
193450071
361313270
18686833
29573888
20440557
41148729
237349613
1549412042
141923894
199532517
592877135
497944428
211216854
613933345
1485508782
517879317
341635437
557203764
2329703431
31494652
366171300
15246332
119883441
23767584
36536364
2332330314
599496232
14560947
106475505
24120676
108184995
79201672
22271644
3234318552
1537565070
474777885
2783993765
833979648
178055377
20017620
1637342118
196599991
304123942
2869598584
414085820
862537682
311208161
625542237
3228528099
3191569997
41739609
1969497763
1549961360
601178184
516206734
320765369
301019100
898289233
851231988
135915140
759403310
161043362
976852190
1149673488
168751857
718818566
384908135
171980549
3007403492
2813173263
99026758
291997281
482133423
247071686
24748130
174702727
242323918
94098521
312177094
23616725
25560731
365089054
531355223
3112715271
3290372752
1343400990
2798894037
56488192
40953465
1259538278
3223651502
30273463
2970663883
184316821
556026341
588784487
594242275
132997930
57083046
14079041
18056707
989049654
494312243
380389113
19404869
179582398
18246611
297558528
21251001
16014594
43929789
47771556
463200841
38190216
494134556
1390210399
481437150
1467570926
1244569848
991520846
369548264
221759254
44911377
2207814176
20248618
2207317171
2220022662
208147747
1979370704
80373404
1393812230
331089492
144308092
94190179
80016226
2866163375
524663412
1702204910
2914869688
94101432
1549563044
3027141429
2205082088
1920128780
802495062
116692211
83678036
513987124
73010692
1919447084
2382427891
2387930736
2377718886
1271490397
2720124552
3180769543
769660232
20376276
107527111
24913022
145776072
55310516
19082579
545452448
17650542
66744036
42896131
24130235
128032570
29952250
167029894
28150927
2927372168
312698496
18145381
19881931
2837484211
182593144
368407265
98939291
253597064
768249025
3166168534
3149098643
809305177
87246148
2333718750
2197954226
987280694
42485015
262898443
344214899
338645337
260504036
568213777
258804742
329689824
113666347
426745448
624797494
123065047
193725962
506035855
2166850505
124378130
123290555
11420832
1259822131
2355264493
9420322
134512356
3131190550
274800845
2690253433
936040616
373621985
312004299
281094259
570006818
366704290
232077245
242695849
133463472
187995581
175468059
25358734
14260960
277964406
1148929154
1246247161
1187251434
121848621
1465520376
1463811074
206334430
838511845
2196591919
34670905
1468129152
122445942
19565285
183610859
289459240
611955888
274098495
351013017
57108901
1577845874
404310349
1586697512
142430723
121818972
222160032
125706908
76046877
300219761
108103286
19076296
17818048
2273122932
599586502
197192322
2240683999
60915517
196105932
18056780
346786440
230879035
165819788
557295164
2401472504
1658525844
543658269
494142086
102456961
137757414
290213383
3028141629
1176632773
245901589
20617509
441985278
1926360631
2335615736
2811018177
78944125
3167681418
401775393
1013966263
3148281878
395753340
180367807
2254098355
119799607
2221602505
262010550
2244125760
2330852209
85596915
601571361
2817228170
23659893
15697402
2260355516
2545372441
2268234062
1388352121
101932106
1111819920
2910308983
20476004
473830205
278546333
2927007575
2151434137
50213896
484888120
29129150
508658626
462060357
66413862
2924708514
15220281
51311592
25901476
2213026892
26142354
2557981296
361881117
1636402351
138835317
238277622
1079724716
18343200
101766184
50764888
1623062990
1059592687
1219130028
880637497
282709578
238798389
150633931
607835162
118810642
1036246549
2342677224
18335477
210898601
22959469
1428159662
43184841
1621039003
520818739
833713622
97247430
59686058
485798865
17093617
28606045
601208986
1915825951
1613811469
217846024
91345496
153147570
115440331
74143995
25249798
1568310157
83453933
27587464
69085243
20941733
64997681
28646364
139112983
27485087
316728760
366955037
939121771
772289358
495090868
21630730
354517198
466034265
491546281
897667969
17670732
109337284
331170302
418748753
19175209
198584761
20946458
876272564
42955907
248738149
80602575
104294834
