464061924
43392139
2289965509
312463534
36778533
16967845
16017475
2598410371
302192666
2652770348
24935362
15368065
240537150
360025246
20884843
3090369697
37674702
102177656
3318148374
618238943
2176282656
276162087
459448273
235268294
725236574
2614762999
2396742032
2612326302
2252238956
74459561
2469695575
3254610210
2437214052
2615485616
183365392
2965354293
3193174370
26028716
817601376
2329475544
2987766064
2574014443
19167091
360774662
35019906
2927315044
33639255
25360410
82402640
22857525
63128943
16129920
29646720
75642091
121334519
31505491
1157794885
313605740
21440182
2851558515
273581814
23451315
1321013605
2617545678
115754120
2415376423
110825353
1665367644
1597083698
2294940295
1880175756
403654248
2461767518
17276646
33617185
2332598209
2959956299
14127452
238664174
7261272
213101081
197195125
58788976
197567344
2846444969
36946411
152378834
54679106
115428920
68401577
332953747
45931880
32741323
81937094
54522964
19054627
19204518
755747971
2364757664
2249974361
1269774949
259315640
20651077
182039484
1960940430
780525211
2994951136
2481871436
516890426
20968795
43263754
10738312
26586152
19338632
16608909
18791900
22528551
34445365
14909117
50034561
88239178
88919644
18693365
125748698
240812994
191604509
1920853045
1887978672
1729473901
33537967
107286010
108376246
2414617046
2571482617
599573476
32062804
267251240
978862034
3014717685
2957068589
1658643168
52838526
321098680
17867627
2845863449
2802447848
2884903283
244348542
1230131869
57451767
304400958
46203553
59024228
1365471444
2613882182
503327325
353912785
1601890112
1360919545
7912512
2953279445
3007142088
298855530
336089166
17586128
43156676
247443174
281588648
42902934
33705467
1450669087
23692369
407982776
1657931629
26273748
1085918052
403065141
2344211519
103695551
22230992
23545022
47586577
244261648
612853687
1546101218
119194290
252790652
1339408105
19662379
17623782
125686589
2562406092
2573306258
2902901
6538722
7198542
8374722
8381832
8939242
9736372
11112092
14084352
15740610
16005270
18009961
18255713
18368680
21827584
25388528
26744205
29392243
29655018
33207582
34664828
39515860
46240094
56628763
57445469
63473129
106578674
118815464
131035262
134161434
138874165
156842507
166238982
170072117
179248364
193703286
214313314
274793711
343878209
372185599
494645601
739970947
14090948
207507805
74588180
235293349
54242382
49766562
14275261
36740407
28395018
168760005
124285017
14163789
32793083
112842714
245454029
47756582
21115632
14062180
149180925
13783772
2327617441
1604954443
582864855
2401883418
17697941
2384595314
1392532675
1003194571
23271259
128268364
4432431
29002384
1135388684
13749282
16657321
2353663021
15485441
10286042
285653551
16405372
13520532
821315538
540837265
19662718
427799256
17476379
352421104
52427568
588474675
16691663
161801527
255059151
17467699
23967554
155015124
479205524
1029686593
563245824
712454833
18169636
91525907
14159148
705221179
66369181
15808765
1220079504
459586511
539617123
849876122
63722880
176550948
119644855
151156431
364947550
17899109
36683668
14499829
17232815
80681990
39299241
310033172
27860681
124776946
15010370
407193618
92315421
16423109
14299583
32774989
19478383
341251022
1556682270
1615983650
33843514
1860569126
86593078
95120647
16311659
50393960
138845026
34732474
2151175656
460708976
21337440
59180098
90279285
23645051
1688888012
259415780
24753577
180517464
329801620
141265155
402719213
90750296
16225445
24939832
119557737
69162250
330773106
52848023
28579402
33630339
1322481402
792423488
163960690
297435693
82682650
276682876
783214
34799102
533226493
106837463
18396070
879521
137804273
19605836
57675701
19374728
73143907
19539565
218615098
243224758
41182436
19405603
272162794
15439882
24165761
25110374
105039946
14855662
330964913
45550693
11252962
21431993
125388819
299920313
627799297
23774658
8320432
63860460
15096075
213295930
1111940934
107004365
120207753
113480384
29450962
36473442
298717440
175145606
352108739
66712657
1003362320
156969952
54349030
427424201
42706725
239885005
39812424
39092982
374019904
42912024
33657625
41606204
14463848
15846407
426064304
309679834
595515713
86330674
1093090866
1023020557
304003172
36719281
327004991
1295467256
186985959
318478323
47815479
179635621
18353561
5654712
16830572
23012995
189271022
784304
14165865
259878262
295325513
243108432
194378740
44988185
15174798
2425151
17814938
136441843
45982162
188001904
36843988
479998051
112471133
67700256
25068332
20196266
14369901
185397767
1665531
972651
14454605
8820652
25697812
210596455
318841388
9545002
306304686
14790524
16464140
15032862
89255859
16566189
9567972
14173315
325830217
19667420
47346311
158043148
18777269
35415477
1652541
12838532
18148466
216446925
17919269
21118985
15147042
17471979
15012486
14293310
154613712
55645504
52771328
25488446
401544047
20437286
49698134
18587457
19616718
164691705
475286355
17093617
146099226
260396714
18945478
69015231
813286
436086618
19027420
63210817
171336411
180107287
16312904
45954916
6450322
308826757
34793254
111401477
67012353
44783853
1337539945
146569971
196696481
68803359
64813575
22923974
17028405
16381558
90416226
17004618
18915579
7313362
15764644
14377605
5392522
3108351
759251
14677919
428333
1378231782
33998183
369505837
30313925
44873497
16614802
