792688950
894549380
416604571
348378764
483939262
624329542
590878302
389324594
1071020196
1714593788
75326594
206191132
199378192
153652015
80546895
151939840
390976515
441609910
288705500
260103568
145156059
264045217
313973479
1573625864
1411904420
209432435
535546767
290540565
142177789
281409117
407975457
316241501
298537569
1385353976
231241042
256592547
1530267973
133415532
68844118
438915044
560903845
107171991
15514238
36618641
391207772
129114219
458496536
1227071592
327796837
39736782
74644340
28776344
281473142
207986583
962756820
805774158
1142221586
213733921
853274856
466472360
23420231
375531601
328046852
358776965
1710437220
381294513
1721658332
28306589
1351632680
983689568
1713400652
372148206
385848572
1326126102
304763332
365898186
218830216
497475389
1614603643
549990496
117344207
1706336977
868968440
1351843872
1116821294
234304828
457467634
9106952
1477374924
624026533
269338740
95390699
1753850797
1524540091
1641823986
609675704
1629932526
864450266
449780773
522897965
523945252
279074814
303577345
1831304814
1023887659
1727154373
1841061937
1331542297
1346445750
1844626392
580793561
136481424
90817073
260143055
1704939097
1685782848
1631273372
1677092382
844007066
1831177554
567310801
1761950701
1856038604
1668312361
1667328248
37040878
1851614845
839471586
1073433936
1088388698
1367002790
518257960
246715373
1469927660
1860324896
285414460
1861274995
272138529
28392975
1859816053
130815604
489655293
581549916
156947627
1866259302
20902517
272585751
1866421957
1744610696
39502408
1868249180
179425182
1868251380
175646615
569034520
936401575
522917440
42552870
377188979
1877997884
1875608599
990552398
714048212
604550715
1400346156
1171289844
21213648
1133384803
547634693
428955878
847123718
919241136
1338639780
159811336
323655198
1862153347
1884165546
384787722
529938825
339089099
1145087851
1887192722
73660492
1377105344
1617603624
248482848
220025287
1891005798
109311365
578884896
1568286566
88117201
789914864
1669472353
179409117
317149552
616237840
1896754476
848775014
173825583
340802363
565671480
238940078
1706237426
1519698128
466453435
957521736
193631790
29774962
78010793
1196695068
193664615
612550324
408615789
1220812106
1588487155
349099863
237849543
1017094782
170587958
421398882
994612334
36738385
1888796970
1497594343
1907957430
787468573
1285691534
1465225232
890806202
16343509
22479675
725922644
1894445755
14524770
1908139238
1860180421
1186269930
843682220
1865094698
60669990
263521936
719296694
1670415217
457162892
293303265
76435264
1734368389
475543079
362600431
364832269
709497259
1700684468
1394890190
112647159
1524451393
1714384735
1652624678
1867727299
1672979876
1157848591
1911789781
1880107723
1925713844
481293453
86051774
381906477
917632844
606986550
1930604618
1918754574
1936324579
584702261
1936997641
597270106
1113713214
267840613
1574624252
1506015259
866495730
1929790088
702674687
126232214
389947215
1658035800
150616031
574533409
226884837
308315836
460644727
1929358368
1929668989
1351272668
1944062797
1874628397
891370494
1937292506
1544474556
547765020
385712206
196273030
532977098
146565473
1939965973
1946873959
1675102016
1949047568
140638771
298460826
338832553
555722261
1042402003
1621622792
75804044
1186720550
550078237
1731983166
630180952
1366566925
1693078070
484749462
1948959571
127759370
1952302639
1139074687
108192786
251012646
1696004268
1696846214
323648321
975648842
54178152
317579301
1875374348
571420805
706616908
903042290
700812745
1667223362
563585606
801936332
171071458
535394702
507236926
248239898
201180976
309501802
275490245
1886707639
1956831151
193280843
907576765
1681083553
337855140
1960047858
1098940970
1637505560
1954140362
1217224622
1183059810
1913130740
52148162
422054005
216848376
332131791
178347093
985196065
369934889
101455326
971854436
786779888
1672167074
491980522
291514382
1962968688
367600112
156571807
442449379
357419341
306786159
432183563
1855271100
1531039680
974839237
1142368615
14563849
79704156
131463798
222715580
187516712
160414240
261990186
1350619124
443450767
200489086
1425676748
139074441
58558594
30853441
807095
813286
14293310
50393960
14896062
14896962
10822452
15177203
26997136
37914153
39927352
185811886
223085051
73354392
30235407
78392650
20509985
39683
151403639
109235526
140858697
62522710
123258910
35850345
200877644
171458842
140509154
50234386
14516508
111136703
48373144
152891344
26828995
230765166
42549910
81105901
15448102
14479009
72811408
105761779
74744161
56746836
80564720
178654231
88890456
256513598
143411172
111891381
21282303
162448680
91255990
66078879
303695951
17568341
14840623
141193889
262225092
17486224
91364676
14510941
275878840
34862892
164155062
191794944
16839291
78008909
203004577
302700218
73691401
14624333
38637097
68908177
337715099
84083473
292139382
52347102
327532460
17509375
61977774
204145995
244190530
140863881
155565279
172303852
17418074
156174971
317708583
324216591
314824638
15747583
46811919
91264959
327335223
14568290
55266239
52754700
282223916
15780698
430493197
13019112
370020752
277346853
57818952
219677999
266201541
356984102
173991090
26304337
14338949
69672724
98847722
103766563
21168995
728598121
21371820
381920477
60005674
73557609
48683634
119380023
6125082
167989418
534339989
167276088
188562455
60921556
212861588
15317449
179812024
241566690
335731597
15299259
281462108
14780473
219918461
259306883
552147406
16678443
123468511
25295123
809760
14075928
622872390
19610206
167296211
33460813
173197197
112097805
40811708
122927962
174200134
58166411
436636342
370783849
14458722
2498181
255536560
323938556
92511610
52125542
719823036
757604318
290973951
305068278
235467739
323121636
322719321
437311684
1408188721
229898179
497698458
1463040290
140753792
763461936
408244842
1444753328
843790651
1871674711
1364611183
1633302012
143003109
1619160062
1913055294
1595150863
1613842788
797514810
163027797
1644795715
1372444740
1616573899
1560663253
439293603
418382920
214466544
1640133932
1711758074
1843855303
1583230843
97336569
1319993676
239677054
1722000008
1160696456
91152986
1707428340
1354003855
1643479296
147234664
1643642504
875664950
409719448
1647604644
391891486
1678041120
1899819355
205360987
1633201166
365917271
164738760
901903045
149481781
1619606088
1105462044
953356880
765469465
476979193
129170700
304242210
452181828
804471614
75968746
244412769
412235134
249879122
205563235
57275007
168028484
150259784
75737047
540702158
409371543
373769062
977782718
1443877098
1712961032
1701633428
128494917
1495759646
1615702477
1617138660
220572369
1900325730
1404678368
428839502
37599351
107912421
484405399
31743643
259597821
44849620
1906880060
244273292
17881816
57087840
1878900800
1754791410
1715488106
151505655
253020628
1046912821
466622315
213726248
35783565
81189900
564595075
28995530
41504329
30572489
17327163
30934430
364804981
68358938
14941156
95411186
123158040
398350859
190643163
106757046
80475819
89142719
265997077
17955449
15242348
105529508
242248332
30458854
136654424
14797119
89235094
483452779
150717680
101123367
40302506
55820939
59420897
17482727
476128561
11791032
99911913
161770406
70643352
66420800
700623799
161930418
14993797
76524274
14524411
140660503
15561549
267816953
15422552
88131087
54354289
63419237
15839461
81294692
75204783
15332807
110577636
275387521
64127709
69288583
1008041558
44099134
75477790
271345950
166803208
243809450
71470980
473398432
21738139
109547186
564565467
15217229
29063031
18081351
49993675
171010918
62483403
15632977
16157249
183301589
22247552
14076275
28530605
42399572
75710659
15688017
15364327
63687372
20304374
18336149
14524956
81369955
43841083
97865628
798276150
176936431
116115132
117365413
434106568
222387869
587525394
97403558
413945534
477560279
320930898
300741035
618303362
557739045
513229072
1201615495
880586502
324231918
92493415
1366724460
994856821
912190627
1104685896
999204559
150001948
275443723
1290176575
1614703339
1283291516
1576644252
1527223345
269791368
284502863
192213683
173422565
488277643
1006908908
419172655
1108241744
942416202
95710966
269616786
428351949
1674817477
83786047
743194974
159006430
305489894
1600711098
1162770176
989417730
1607961458
326217223
115586781
422520828
1672887194
1245902713
869907048
1467105354
879245130
283123847
1072851242
306302313
134311201
55482200
1702203619
1722874206
757405800
1710285902
1676240388
1373930954
1640506993
303646482
239708217
803988090
400108188
71767334
381528323
736379815
416427274
303606159
585548175
1865985264
90800498
1945595358
18858395
47070142
243572437
627557121
903296090
186022681
1238272110
15217572
119006060
1297381447
773866020
85025200
232138712
1460682452
1381344793
1462260295
207464062
945203228
27593149
102669129
179000449
368182274
1029720625
1287660792
563691080
372115327
565580634
152652576
1015413138
89243733
175684632
1393451618
1060952221
907459806
1048708446
1044301500
424141834
1017637393
1259321922
1530110712
15527008
330344481
949315068
634732782
1261667876
1374842396
51393550
348338567
175881298
483657459
916019492
1231377769
868883906
582794820
540481283
1487145782
155884023
1481681784
610893220
1506111385
806530968
340057794
1527092473
234357490
162703984
1435937972
1324570285
1494796633
243104671
17700843
1594214893
1603521283
619630288
1127988979
116801548
614914229
356169469
1403042509
262692397
1458476551
865650487
253022383
1007067565
1260317562
16863450
1582629704
822594133
142215348
371095165
184405429
844875457
1670455484
1461760033
154405312
304839972
166847941
799646762
358305142
1675877130
1840651
279873917
108197648
269751286
1625137388
1033855255
798189607
1034799421
1417737433
1624415246
1453328766
1035843638
175673487
1361291616
597273032
449690013
350800989
19184500
352451168
1701033690
1634732234
174114751
1879113055
250395973
159110912
1881980442
1879866469
86986411
1886467015
1137349914
1885413487
1871775152
1890052838
1605519944
1888616521
1054954730
322452504
1625822538
1892345587
56864999
1367515100
1896863756
313383254
1897323967
323882029
536182785
299300142
1041659575
489361899
1848697278
439320150
224566698
1298284698
1903088784
425584377
201595437
305554455
1909151462
552658736
1667917280
1913930089
229455393
1899610447
17771088
1913205757
1914492758
1914759289
1914777733
48939200
1398846588
191734048
1905134581
553201762
1916780329
1916750166
442629411
28971848
365653455
444421635
1923215251
402513706
40627236
1168196258
161605871
1922417227
703436778
511429786
1868484781
1929823058
572659386
710366760
151985958
1931247146
1896096320
621926287
140785384
258246025
996573470
1850224831
912752736
170550553
161671821
1899762884
1680480512
1167216356
1937751854
1867275590
575993465
1940306904
1404337429
321900323
1685425970
1900264357
266410597
1943826991
1943922176
967246813
249078789
1886640421
1152286999
1727788722
58480121
156938108
1927946833
267107762
463714060
378380880
239713034
848695771
383790757
1712308538
553464623
989117972
127308254
1424695718
1918985815
1711609147
294044165
87170183
145125358
241216815
119609151
159069031
287065145
218625965
323125674
286991903
542243685
374474368
524231588
395888226
327957072
159073795
297851969
347684382
171992352
249660371
359893461
123647631
321980382
179953620
368438822
243255736
113566200
143397762
135458663
23189993
160867232
15820958
31367524
191240226
81693376
15525106
15747321
85621956
83798894
73316952
196051961
85807073
285118817
145930123
242454628
196147869
460884628
244945792
36030234
48743141
374596293
237612001
236333835
333608246
175788970
995390844
216561127
225342912
339665110
270125060
340180821
202439200
30638785
154070052
309653118
320156703
75023037
215214584
84044668
151792683
214472508
343812987
142245530
339870497
345337926
330242842
335775798
337423876
306131606
342532208
288752840
165045035
350376855
345255951
288214682
262620157
354375704
355373142
292273648
14214997
357690271
349566690
183686136
55322270
358910626
361215401
173803305
141477187
324886243
194112191
264044226
339722028
322422963
352888314
368867262
28532204
136966371
179547045
206577301
380795249
381052079
383111930
349537233
208627255
269798939
179889426
259260692
214916137
214811507
264788798
159699678
230472385
394535043
273954356
243502328
263261303
266004681
307956770
71234810
70325469
363213589
239297043
308388305
399187500
87972195
353641439
19129386
404778815
48410093
404749183
406352948
408323155
395860249
409045349
187509357
411157644
400694723
415664890
418578568
373823856
417859972
387500049
381527399
418854127
140724414
240791521
310965241
105839941
126375733
419397111
66594440
293519202
418676623
409766645
422749957
423190224
423195982
423286069
96591117
183570549
219584142
424996039
343981235
333299893
259621150
428871310
358140480
103879405
70836980
56296329
432988896
250567035
425508076
428980875
230371093
249542495
369440755
232577679
437300214
421303175
352351548
177594113
439841824
443007287
428745293
447924404
392876133
449105438
274539258
384277741
338888459
412095501
427286779
459776597
459298455
323155444
430637722
149736240
466778773
438012495
70662155
462070178
243615227
466592038
155114599
190513084
152729609
319678759
423124739
482685646
457433432
448011304
489977548
493052181
459098685
491084838
496745315
327985344
504027662
508599898
181031867
508672847
509346159
221698387
213593823
511756229
513217530
515378829
516432719
340683874
523092204
524103612
524130579
330898046
531039535
86493671
441470761
545169623
541532898
62330326
540832396
194848296
29475662
49673410
545674968
548141582
548361801
458451816
283901592
218376308
552682489
552734271
350194270
554138975
228349135
49946697
257418355
438822475
187468373
550569044
175313176
83865255
563842702
225577632
565610651
566041387
521594580
552648981
326271471
342655364
572921906
573877354
263578046
575589011
391106721
70106276
192804313
587256975
166281737
589755598
273926363
590479157
17093617
167426030
245306452
584673817
589216168
312648415
166023463
112733766
594491132
520981209
117269669
606168523
604014119
606318417
16922199
416480618
506230860
152336315
236305066
524073682
605167115
160954209
629069962
346455771
630109636
457393058
620766800
634625479
635492885
429725150
80825288
279917718
477647230
708854424
709437690
711779442
579866882
532824368
714079964
92267467
559331832
301898110
38845743
716338092
717265622
718143739
58093711
730658024
92064102
704588582
737052224
622728997
754313768
334775963
755612689
65494457
728176404
392411274
597016947
105835267
373229528
85997622
768867882
632427914
771640338
765237434
414666672
775993634
778833432
636847026
736731612
55935900
124762601
714169476
113811985
284370209
296009689
462496520
554280302
793828122
372703282
812317832
159432749
264460666
810036960
82546376
251056037
327345948
249498039
830517998
808334718
830814973
826763490
816674785
155198189
811271618
833831455
844891831
845027990
808539624
219980991
181443448
227294610
245419083
849397044
851478398
852135096
237236593
490382295
543420180
836632106
857510388
217664689
251981093
862435814
861408642
435965620
838144622
806077321
371819948
87154380
875503004
394616201
166035142
124413271
878021839
110395084
435787381
867670148
478333230
98273324
861230431
806313090
82770504
835690723
565198163
834236958
114445548
874897448
539976146
884000060
14475748
562447979
917226254
139679853
589076416
926770670
141063678
219586379
931168580
903139249
356894034
70663003
101800924
938355703
75571545
204282236
526248061
770809573
867920016
262556894
898224494
562566172
162919887
45919616
422801933
254887858
181182746
410833307
927280831
984719544
839893988
393445637
959851622
222843163
992842674
996838508
861035640
234759222
387147159
397316373
789384451
931683110
1009580569
89644354
745006806
975621962
1018630856
122447866
294536238
964493971
1027946606
993248616
1028169151
99309785
1034093156
1039853654
843763998
618066714
875473038
198854516
886202252
1004428590
969505160
1041489019
1049200477
597669190
911699689
81646626
1069772880
1073358391
845638172
1078035974
394959775
873226194
612617737
572551237
1037321724
975799974
527546076
472865958
274489188
936908940
420999706
702781932
551896209
260596559
173490507
1072909464
1121339144
306950540
399936426
360017821
1066005895
453959987
316354917
624761053
217131716
1076538433
96919790
602933907
118901457
225694631
1064909436
1165814257
1166687413
1105765254
905251243
927382297
273486988
877444998
276580567
379517514
1188989161
749689326
1184607895
125635086
489177117
1196894760
582438742
1199991030
1139444864
102868953
210402912
1007442938
1213062714
1150487244
1217501036
1221403008
397846428
453109937
1036287368
443383662
925296102
1228710787
486893724
806188232
1243243429
222262988
358217336
1248314172
1238522137
873416839
1250806262
823461464
746681642
259753180
1201549165
1256961840
1172561484
269839772
1168520749
1225733910
747341995
508974724
447750007
1192560332
195727120
1269175765
843068612
439844680
1030183076
32247647
1269493891
914781462
330433345
1271645690
756226705
1288103833
1279398314
1293434353
1294845500
824335825
1174467518
332346834
1293467246
1271496061
540856401
967565112
986698267
267708075
241445546
1109060858
1224220507
374376348
1262688500
603663704
590754934
1329880015
142667212
1335844242
1336009045
903521516
259835252
1210230829
608165138
278371579
1316748067
214093315
1047968994
585815024
1351282640
904550868
881789000
487384946
40181789
1351393069
382719312
1319861581
1101033391
247587392
1341376453
1365032138
358003376
1361485249
287732245
202052190
1378979257
286549922
1381395865
1363553508
1382078616
388716559
440948058
1342312772
543106385
1392036662
553551270
1392381200
1396759477
1401540848
906010524
489127158
1338351318
1407710341
1397211367
246498267
563484037
831552774
593198323
1424918695
557435921
842877614
1118510946
588148404
196572137
977965249
973275744
1408495405
308957931
423480655
590869886
1472609419
189847276
803233147
1256081323
1465601677
1090902716
386998036
1149971994
1487350885
1487348947
243573990
1487485800
231797380
1220860218
1490147336
58123173
1492354405
251565333
1493088121
1496236280
1432656234
742519904
115412175
1523982962
1526544540
1097465738
592627820
489171455
1542858584
1425472884
100846845
412466595
1490297732
791519449
361706488
173751119
1572014316
1574238246
1578466976
454516677
349730634
1583786142
629078311
1600945946
1601119962
328931988
129412244
1609488738
110080954
1256124487
1614532825
1614403094
597969056
1457764560
1619704298
114376496
934037010
931910437
1306667010
1647353472
1647770084
287520469
1620188287
191080517
462248023
1658254981
164291838
823535238
1670028794
542283891
608773219
1249333440
619073248
1593871009
1672637568
1618189075
1087827918
1499522870
391296319
1381755192
581809733
114713415
448097584
980810990
318393674
386418759
1657366531
1712104490
102612691
1570512846
1056683017
1724805254
1846185014
1627906711
1721877780
96896397
1890341072
1892715300
107987036
15929686
631931200
511649789
154847401
1526427818
177150546
597642947
112669382
1920737478
1925849708
448031934
1603706455
905103919
16346083
234176171
34641628
9636292
25108484
19772559
23136007
17196684
15479484
20837404
36114446
14444926
14790899
14920785
20536157
16334387
14791044
18064372
17074714
37388390
543622226
56505125
21305757
16560657
35094637
23690344
14790817
34738598
268439864
58598187
38679388
45900567
156959228
41265813
80404504
30457335
157730313
74414542
115621365
123822668
114785416
89336577
23056869
62844258
64947724
390800554
298975291
809905501
391684374
74635453
27206908
1007217374
479036064
59148860
74937547
109241992
98932084
41552881
30826229
15875921
342002298
374488302
613321095
37600239
44345790
57188977
124258971
41364508
1247982704
16507391
19895282
155151279
55520719
20793816
386244525
19691643
36690579
139930250
15670515
21910850
33990291
216444984
24775528
19671129
31927467
770120310
26895879
15651878
46527223
292131326
154280902
531524384
158014897
46452468
19248106
38802447
89084561
243381107
18124756
7428362
138600717
14791251
254189974
17074822
19571299
205302299
96846955
245992215
14663955
