345611639
446603319
2475856586
445190610
4481253078
2932614420
2448010596
3236980807
1057255670
4406109194
4016713454
1051110780
2416574642
573050026
2320124504
994157389
4248910233
3027694977
4202463252
738125042
257121279
3964438033
2869100457
1635822246
313075907
3771255853
2641547314
3719189953
324778255
3304684711
3160145191
1669806284
168820494
3659433197
493634544
275777555
3432282193
3065612926
1007340409
17108590
3317272201
349090237
3381372263
440114638
2790210844
184159304
3303177666
335472743
807399901
1363039933
865792058
1455903110
335583726
2419772354
1014487670
2434234071
3253034100
750731658
2838892636
3282682550
620954214
2234835109
2639124268
531677013
2232063919
3254946060
482434848
1404009468
3238472570
3010555896
423168696
2324530694
3345092487
1959052705
2403865322
2962029270
2260342663
341568766
1468489592
2200314090
570405418
2914089648
535902889
825364368
2936652564
418882815
1100012744
2215004497
3233032332
600347254
607470589
3172756222
3075957230
732982927
1065440857
126536798
3177235141
3183503174
127078908
434686269
3075081528
3032385709
2221869056
1895008364
249742682
3058098219
2779636503
3052055129
844759789
1055699258
2855102431
534515686
2223689108
312741639
549133033
24067286
423989721
629200914
2959441497
1109377434
323330040
68754333
2949805462
2736346400
1575315996
2941206066
1353132637
2310181562
464784453
2716016708
2418177824
381863816
411621898
253922138
2882877073
2727847000
1315884259
855244951
504854630
2730596689
534038367
2377749835
1641647060
427825828
2585236374
2678491464
2676059160
707720774
336369535
2669606090
2485169139
923424979
70034300
438925488
55346589
1411347830
309306507
2655380992
1351154054
858637753
478332633
413482832
2535302064
2364300486
323360626
2550046866
487093931
383004307
556440973
450452917
468895318
492804757
1199079990
2530927820
498429983
60676608
317857392
100851898
1873296926
1293090703
40197535
329414795
2477431129
2521867227
735318379
2459763385
2411706398
2157460038
2235237500
553216946
445212823
2171379333
10126672
341128056
1392217927
576807604
2438677863
1010299368
2401454574
2423756278
269969265
188914350
2153707358
1568444310
1035111667
381314411
2343417882
2330277878
2307719092
822642738
334234079
1653540295
2282274378
325263645
2274293245
2153958890
551360477
2270993228
1601519486
798923730
450391831
2171182543
261965313
563282921
2227420945
2225781793
1269585139
1587378236
365200677
2214362161
872697354
245486010
481016573
408187171
1392103951
735275892
730949190
498910088
1458642462
484302342
492636777
465750689
442423292
1036825428
1888556132
857055290
395024986
1517637800
812365945
350435264
1716629640
1765922323
532696969
496690625
548743629
327780958
1583828185
920219190
569772870
339658038
334839507
636664845
1093154030
244357613
334478358
46776162
414345235
1202195240
65839709
621688173
569633368
1031017105
1045720628
1097160240
329513064
551357702
318218404
1279698030
331241975
1155602215
237125415
22821633
