45674881
97246282
234852513
4109464153
2932032929
314541030
2275116840
3311910086
2774062997
600894822
285034913
86764297
3851478676
1916974502
2915499241
1900112190
2341994504
2809819791
58752601
1614764210
2438645162
3362106575
2282301576
2549764171
3425473709
2464567464
705066884
117761902
171456580
173791004
214093044
3095137545
2825994034
104061576
3544807823
1916954274
335788608
76889952
218827276
2844461582
1664688618
2910924208
69884665
1580522274
2348521398
2895241061
851292919
394646237
3212280459
3352124927
192891501
1307781056
474940368
23937474
543373086
965854556
163481899
1240931982
326768768
111345393
88441571
197018774
1310808854
22024458
2890854447
455130598
2824872153
402408397
2454806791
482154922
2743447245
1962652172
2672770265
2319861181
1378964220
2535845880
2491184684
19657726
2965969719
1517147953
2280657626
3320935935
3319128562
3342526719
1435859850
14265512
1259851200
562067020
1883165558
97506559
2329132982
1576911636
1972302282
2342110657
2672959182
2902970718
745246592
2537890411
199846636
3429808991
3071909380
596518079
1902015540
1472132695
2967843101
2371059559
2666056147
588635818
2469287599
219807362
1430396042
3076994365
203472760
561248249
20974456
134537743
3070371501
2742789152
308575059
555016343
1156931154
2571160626
2333870238
493253451
2349415295
87213004
18638859
882445344
409655680
719808458
255197588
2999726117
1021891700
3332352551
410931720
3369042375
15021691
360884463
2409232302
54213558
1026477056
2797907038
3293790903
1399794931
1530515522
3197722949
2596097143
336618196
197368657
1619916187
52071402
2831385239
3291735858
481355519
561655444
111613782
2311732645
153109084
2279130786
1471881997
2313767413
42846017
2742124796
23084742
804536064
335287353
57044704
144846295
61155321
166344019
33478025
518540725
155903490
193307218
515439226
87423751
802208935
2457823680
2805448045
2855347539
127983633
1588316269
388450591
314530259
38401173
507324738
779797536
33508760
19396413
2193974203
386442199
1296651056
964440048
118654854
459372380
569901657
2885476619
3261547932
1734354655
164297064
267500833
171098815
1935782244
1930975046
2695788138
1580394258
2901614096
166921986
992763037
945968005
2565059431
1246539650
3226504221
1649883679
3299633789
2591622919
16845441
3248035749
3096593795
3292891683
2242054741
303874850
2976072645
2900463346
1243797848
3061752551
235198015
262652956
3269437884
3361513414
284072598
632865303
3228659069
3329096596
2925017235
1651224115
21768109
3345706005
1300813057
2873783301
2870604653
3143433532
829539026
555865448
83809282
787141772
317941681
16451669
20390507
263267917
2412744732
15523283
19854887
14303536
66325728
23184591
20094535
34948198
110801041
26806769
171916827
52678709
233539951
25904579
59460397
31925791
473112229
558532921
105113074
2784212758
466655964
1222462711
1882913191
250149755
1853963982
1181968423
23832084
333388574
140066057
172688251
147361093
50328089
29185467
9972662
3074638779
921366132
1197653094
3216491440
560245168
3438874311
1363989648
941158357
2843277150
1407225085
23585814
718183207
102648910
392645608
20703527
176364161
93864803
3143460437
2215537640
168469119
61455228
432402857
494934076
107136004
180774446
1965179712
78711712
24663598
112991651
202675814
79198654
31906305
185597746
380969858
66674960
22467645
33936030
23579909
2453496488
975916734
19978431
51177266
305990345
22028340
259645995
2805308640
104120086
59240810
17483248
2976209379
353720614
31692636
23977387
38657866
170076204
380971190
130169455
68684837
20595239
531377706
2387388648
52433917
19226303
20507237
875792870
20590646
14350719
104495270
15219730
43902999
267354277
21093566
17391861
20980934
15153708
110736955
1577442830
33874127
22132573
27073265
17714548
67100159
586594795
25481623
21577338
80938488
41167959
17516486
859612352
216645193
333428281
302588504
25340442
36370988
35307491
27650210
4012161
39814188
1647760158
31716061
14227045
272087850
20615524
104308359
2771599253
188685313
350931895
743160884
105845145
15521021
173845419
3314713305
17538698
1885986223
2417296381
2825939166
884666533
174215868
312129956
590284596
2451994573
37515927
46407951
2902391200
2849635563
1160025384
243107550
2473631863
1101305624
914248135
2556602364
2977736705
2223374978
2433627571
1939065583
510533091
23754674
22954882
1191500480
398300801
864476622
270828156
1503014239
311566324
608195950
172694825
147922848
221011798
1372904869
2860826978
387642631
1203955226
2828222941
2561733385
251624738
1469857608
1596321140
459120920
2370520092
2875157685
90028466
293648596
2485571972
2461784970
14920914
17214926
2785927808
104474394
143784821
14569869
25268484
74688411
14634720
38146999
29540080
113383511
27681019
81094514
20506934
2535286202
29055844
86043853
1097779826
2349371310
17447698
2570903611
570665812
510789451
198448801
280558949
253731831
1341697482
209070276
2512805995
185732012
20834396
2835942860
329118289
2197929745
301027441
459189897
418003269
409233808
18021601
24963440
49125561
32224824
632036090
26776649
10317612
87590011
515464919
17478984
19739677
434639747
137404070
318647644
352360972
218946835
20141340
847661700
61203731
203099350
27990983
916462322
176944366
20010573
245003913
103269575
303610065
140713040
1595318546
311417442
918805160
75277082
776230280
277629692
19230667
1032974989
541943801
281156668
20665313
1652410447
206102681
268327049
76990118
410999898
2175720200
1537957752
1341817890
815283618
2167789257
425880121
33786220
24966013
156700496
485187349
594525556
28536632
20611538
122954692
22183845
869458764
169874438
97006818
114590307
145769278
255670039
23198070
637184302
1869269576
22137011
385738921
322520281
21292060
900129344
91855203
633961725
180462430
1636420472
2409504373
2417183882
143001286
27512777
594881737
16389035
233848923
126093888
2493181528
17231023
1857070388
1617759698
1433318750
403808150
198632650
1219573501
203519393
55527489
2203370329
49735209
1930693664
2191175079
2463050833
359437724
458757117
359956176
207965814
281979571
19708355
84081882
29419255
485012046
1312118690
1482294714
106082551
23609421
154922775
17083575
71519720
730204110
22685163
1369976478
1898771564
402947054
599256797
478713193
76434381
330509397
27728158
1227837836
928343617
314515684
1564691954
282095821
946219364
179130348
449777890
19389398
1161936696
166692751
116761577
2435657789
1338850736
2232086872
265953635
185557557
1665391968
22411342
1073499565
316394772
1612744339
331294381
524428766
581969114
61730008
343340142
419417273
328918241
113608981
707245435
581690858
747682826
201416762
1864363346
2510577623
442681479
2283603974
19653842
36400686
130285417
1109757906
2435331954
616898561
52845792
525893577
2692865280
66660250
34507282
28400930
115833756
602720158
2586176178
19969350
247271516
2768858940
370758616
19358548
2245576599
14114775
194939667
54501820
199269425
351709231
1951588250
172899456
2274210276
18806495
1707908623
305452853
15529726
2787957020
2548059481
569214219
2834303901
970920818
216289850
190960735
622437626
1665136896
407308336
436659501
102174518
384529345
2792014210
2314137486
406462982
2759678337
17778127
31469906
2372202460
829988574
2786829825
2787927651
2473023680
2573615411
970216926
1136637193
2612973462
2815828328
211166725
1275796880
2809614242
364834686
2831436750
247373624
2752299636
2654149556
82938977
53898393
19397548
404248209
14154272
80425354
1116774384
1658716670
38151231
25057790
1548372228
221446246
431556068
1179715544
1563182094
2597942059
2712878730
2721802938
2686716241
26055695
2458371128
2706734846
2645783389
2679742998
210649580
2651388564
2231192238
2274661820
2603737475
22527529
45448489
784992890
21866939
1243927134
415445657
388872096
176726705
82391824
972673608
789472112
78102087
153559385
107376048
208191054
273453165
115117283
200980447
2303764736
1277476404
2607559610
195376429
727228752
402877703
271071989
105282300
617231295
20780902
38142380
1168472395
1525940510
46154688
60591207
482133423
2603334824
618885430
17930073
5564592
17518825
15724052
21416444
48845964
47865477
22805201
15858508
25258310
93676363
71796868
246575950
1118691
620545251
44893049
19444017
28687426
18071017
398337022
15301179
18018722
32122637
20977588
53391662
255611334
1448345688
25093616
38531995
250609681
22708797
25928253
8082302
21898041
6450322
11856422
30947351
15566901
25087685
294919433
2579224398
98715483
179170552
2294595920
19112545
2422165562
421153331
268221234
377998215
265964898
485519467
325417918
555063759
119494610
356741012
25409889
20448476
443662218
154144248
20818812
102994475
2180703079
636927921
901862827
1963567309
46153922
17372386
342294803
720260222
2231340015
386074541
3920521
553728104
2634306706
109590975
262168607
1675495886
2602075959
2383532930
2508097363
2591726278
109080427
2628272571
1355245207
43064197
90355287
580292762
146627376
126964357
872185597
2541999628
2491702663
1514171023
1662472286
533085085
612331433
2330330082
527883269
1205123202
620398542
710064516
606211203
1548317628
740336334
1445077393
1640169925
1269425228
2493199232
1966554482
26752424
338360417
150633655
88387950
903629000
961519255
325612086
15910473
36045950
15754281
2600930507
1415927408
1851615974
2501111528
2183073285
16743617
240046395
107124644
489222331
39047949
346655441
1033059354
297916746
2462366053
361186261
837342024
563538008
140484267
155297209
20909671
802217191
355527796
2185644955
1573404588
2438753595
938872256
262077040
2396602236
260655693
294948776
2241341389
324157981
16010896
1308805164
51000095
224004614
498285853
2432836749
2409742933
233521656
262714095
584847277
21002000
1649855462
186039241
554376122
72503677
874287860
589023061
133703641
442241538
741704018
1066102231
294651323
759920335
87270149
813941274
16255927
498030149
362928893
477992642
28420170
92491974
132568052
1885931384
861585391
1004141089
1709590368
128042001
870598562
108634946
1655495976
1308478838
489351654
438897750
150982642
19108592
546125024
1533826220
16554103
93934626
36098478
1969564376
1849896270
307314384
374980261
2176301768
347813196
2172429785
28526577
95893207
1357439797
436998967
2183092151
2187978088
1443934645
2190622015
1587230790
22805001
163065625
462191825
596349234
243592847
333407576
15198000
1420679118
1605578635
581985044
1219700719
142527815
27844693
203974747
44038190
1283910541
326677335
67307792
204752573
19982335
351496805
214065746
234765052
97479037
22630625
50614366
57333022
103876454
46650770
22129041
29961079
18226657
49600056
58496390
93828758
46150175
108133599
48331473
78584058
41826516
123574840
78621972
56705806
67433747
59092623
235084818
243990980
312542028
90162506
92067857
41116508
24871336
77200294
19177501
21854291
22152147
26742279
52351492
47320590
121057178
48356881
26548941
56404189
24709806
29723894
23059658
25066159
87416639
59771643
109237832
132921596
28079772
304461349
228741816
356127438
19982434
106722497
20131798
90633289
288264449
216332427
83916402
57306714
262194571
142696517
407651448
349083158
122043724
456492555
265950497
469196538
229056779
44853190
473937491
329042882
148463866
21209751
149084524
21294544
15368404
22924941
132896863
207954932
28574460
300205226
87191924
35749197
122418077
118828764
150600078
21214339
163891182
394581961
221787025
53031869
24703791
69246975
112870982
100459580
351342476
606325697
83609798
117057009
94531020
34917694
23962360
140077855
100453427
64657405
19705576
133797951
80872081
112398730
580896953
125403342
561372969
46071726
146019090
205159121
88688146
1019967199
705737918
10869022
11945992
1304970474
560307758
159045003
361828036
1511302172
34729380
415131811
169445077
1635003613
245742024
20236206
218955631
1530946116
551426814
84295783
280716675
357648167
27726303
130108575
21799993
42651647
105177612
25562183
104576097
27830610
161801527
177215688
247768042
15676659
374390113
36918785
111185073
567031270
209266352
267892161
138724061
18305420
379406434
55245563
862800487
166193092
454779247
1111248548
386613788
409281752
1166785058
84559323
619932338
1195204518
235723929
902587014
49345626
80247759
1259664799
164322212
543060431
1326290540
326915726
955194775
21749476
27626966
1367532438
608614795
186551295
1387571138
1385593958
751182570
247905116
141358647
119731572
1547833812
193726800
562386385
14604102
125092376
236003838
1638119389
151201299
33883857
586542172
1670411005
40319995
574909567
338567043
579878372
545961003
622010824
927867811
41792496
109265618
1586329932
140446487
381214571
523115823
1668180668
1887357624
1620803352
326373050
753753283
19515084
34074950
40937524
24153071
20329672
201597902
159462573
193645918
22688153
98715369
23467708
499816569
48101171
16227675
19019342
1997641
14761507
15942016
20659742
19881931
462032939
11828202
424131210
57471842
175305948
25329193
14492158
7087112
87680461
31129844
47593477
94335217
21030604
35849875
74781414
145602080
284550384
20062994
544247688
17018575
555966098
17990173
273969688
18804073
29533665
15246993
21294997
254001557
73487469
1287181285
384640916
372348082
211868703
27629414
545227508
516504387
374427135
44380839
630988332
19810968
120413839
125101497
352673744
228438325
16040748
60322048
299200466
14491411
491380284
847012129
320697873
384302214
52048510
92735843
102727870
283961189
612473000
225245149
294254142
224557597
233186560
41822696
57588027
27033505
22802666
11833202
74692745
46421811
21876708
239736242
397823188
595374417
190273187
171066607
13805542
1345048374
259216885
331828301
49992096
17899109
15778559
20603726
369478681
270289445
284543570
85555796
3776501
257037361
38289953
41828595
30667228
622012277
154093089
68686173
19771210
861163321
1053361760
972702818
216094791
339792328
1170329298
1383906528
341770918
856326050
1494820166
20611598
247225415
601325183
456942959
49901937
312624978
1479862782
312723146
383278422
105218718
21851315
21196192
7485442
1463170802
250238741
29292506
273865946
524396430
71293613
1201661238
78554723
199301501
212957151
1174897958
1278653941
51165186
180352790
384915587
532709388
19459575
970816063
250320010
14501657
1374859034
15225016
14374997
1357332276
48292252
170730420
15438913
572506656
15288851
101274300
10302222
107024149
21751830
38292671
3704391
16864209
27613071
21200255
17487733
11695472
17215053
7400692
17632266
19255050
17208213
14055301
14282800
26308916
26719898
20590619
31725704
15821039
16153562
20527466
104785663
17052916
163244317
236426544
140395461
66690482
878255684
125769608
595357273
200612930
138830791
24239414
350285195
38438189
627395613
614190131
19585501
47678555
19336900
44369267
24602720
17765323
39993199
14700316
14275129
45794653
185765460
16454856
333421438
46417793
456615469
14224719
138037459
143478208
20693661
46110982
14175364
25968595
23085374
14073395
57295945
137997171
25141160
217947450
221194716
23767541
15340496
20445725
203405903
95730451
43426240
17511706
201467427
80857161
173044943
187954202
273411659
26503402
62445477
21346619
23415855
292285137
281945249
304952647
329024962
205252818
167369045
19060853
303714903
18164117
198502138
307941628
42848313
399327160
18981088
39469444
17833269
23482357
252526532
124206307
59822714
475745669
381977049
485462894
285533077
202594245
18772791
30515798
456089053
573726636
193741088
96399485
174387319
590111034
144174793
593668363
201347188
266153662
575875606
544989820
171614087
55218051
64982515
49926506
414898225
39930469
19834221
169021842
337262250
8170292
2735591
158865339
549112865
553326905
111260144
16240917
227103749
47636400
25070893
490485201
17683482
14499829
107029948
54169961
153810216
15580900
169864622
20781527
17062028
23754018
3459051
258319675
21866534
16973333
205770556
125695079
621543
20508091
236338186
252541548
229502710
269978062
222468030
47331384
102694385
18045120
221438702
14138785
22930236
87818409
61490647
34858107
56975383
339668662
80114524
43205029
15533000
44330149
31759115
17307722
48398109
20388225
164704403
20044340
86918771
25980666
199201810
24693242
20442531
136287493
122833348
60047977
15075020
19196474
22123434
160534735
39068427
53110255
194609316
293758831
177671547
333924171
355438804
59647709
361304955
44504781
355212408
117357797
16369073
20613922
55549585
20717859
379998386
51014710
121692197
163875187
398750630
116454003
272346820
27014244
161239396
384325212
270635275
90440451
296346131
20671942
333979652
192748953
334098347
146878926
44730298
432819032
18077377
461465047
39748627
21898811
285074077
21997037
26469548
45556305
89173359
201782193
492958006
28154686
130315656
88789814
14711491
380485008
26483398
272938533
15073306
90437250
243117982
431041351
390694480
153742676
441825343
21762176
77310544
11598922
467337495
39807414
161244328
14432977
347210810
394016840
348444804
208047260
245339830
443689179
382254898
26272428
15849104
155187091
262602675
338369241
46621941
335995559
5762732
50393960
224993758
306405482
262790119
259340658
212598913
23605860
34267043
304911326
20393613
112268508
18676177
61152021
137477926
115792469
18937512
39993846
20927770
42605251
300767533
24355748
198842811
14294641
20593384
32091574
292917263
223234939
107152748
289281929
50069007
14810076
23456307
10215212
98682244
33933259
19621110
37944059
141540863
264384094
141930528
185233772
278580067
34929086
244849800
20313490
144904204
177124171
249062593
8353992
116402228
25565544
97697100
50996918
25485617
80802900
6816692
113396033
89894058
20013802
188492781
212860759
120181944
20582958
17862883
25887698
66330494
64429326
15952509
55355374
189495818
25219484
116469425
37963496
45875708
211847949
14514804
56810507
15308469
14677117
16348549
14886176
19673700
15370860
26784273
