1164839209
494834219
3231905569
4226965006
220300362
4111310782
868682364
4060082415
348969263
2916305152
18018877
3121603841
421443194
773182688
3607558995
2350794840
2248685809
36510458
14146389
7015112
14512768
743799222
11429542
1057393668
1498343911
3303622600
26211488
23242312
1003813454
24699707
1536791610
110947397
819278810
273755298
54351532
133169256
18397134
353789193
3078339914
474391898
2173313856
228614375
214638462
3065780217
942683382
383627555
174006950
2838434399
2978571430
390221626
931430196
41603960
2969899882
2425361652
1418393198
2891309220
14237533
242475497
2898083062
6145622
140821364
53355211
81214816
18814759
361716462
216722536
7251
11815982
157096744
37893563
72730914
1735169701
112258462
26215136
1095417318
793294358
101557643
96692900
144429554
132573995
21777365
271044110
7316292
15111360
2805640831
199013517
39134584
118681509
226730591
111974557
5633222
2780475850
330270733
1663065618
9403532
430306392
313627198
246175231
555811607
38721090
76980293
1283561876
104809603
7458572
42824891
113130846
88995780
14814991
2183251
42992649
1960941205
564919357
366620616
662433
9980812
17396038
297697966
191498676
2363963311
22757103
2263747670
32357744
1510231950
2208547476
26643185
549519210
2389877726
2290128560
219069941
16162109
20254481
2309890561
541939679
304342650
91622717
270878954
1259642514
1193073546
56505125
113713261
142415193
284108824
1360058252
6083342
580510237
98539594
2204569705
2188479884
122802237
117122817
1356935257
16648184
17797951
1419098220
240895808
9734392
1969001130
1859935968
15248810
240321837
39113879
1553080789
62834513
15221397
18060279
17962352
106234268
36622453
20144098
31812497
4816
7773582
1076396827
14555398
1329056664
378406269
872564923
17800533
145773195
863644370
1358048528
96503359
1241149118
18441904
450500038
18646065
1113515918
78762405
243776003
30759013
29628558
2284871
200441024
14158807
32468665
541868905
27041246
112510597
17912187
954229010
23566038
198365324
109511864
1000591
728053009
494827714
71544889
133390138
15010101
6549162
17810599
613673733
439189030
576286471
248326864
150606669
14246556
18476766
561411077
555915409
485548000
138930095
20476721
46858261
4774421
5520332
15943895
60986611
25287177
309844138
787020211
64844802
425850229
256739987
914061
462403364
14936846
372784800
89026658
623596378
596254000
348036915
33540121
441549346
15574256
431454954
14871501
179459646
113135724
618441452
447845138
134888646
612331433
15481653
169672220
89244342
234869687
18146103
1416711
364814187
175696530
15332732
343666139
284987042
19965483
15131931
10258192
140162079
15948437
555018309
122149340
32454139
44273467
2132641
14669471
4488221
50090898
10315262
18956165
44090191
409000808
247377477
309000315
31680812
17628550
492098929
19159675
174239654
358315483
17310646
204240076
57887379
227978611
16559907
17938777
14771684
15519898
141247659
15822932
57271699
472725774
14335498
408452745
473897085
6639012
301046491
13666
5805742
109568501
15674759
625833
14524348
430057351
83601940
27836285
407793334
21405728
288158551
27874390
18630555
15998527
92995866
10557692
366109541
104154859
15928832
53009320
74979852
293187500
51259915
9815842
15903390
45415746
325668538
24676664
18608781
199615082
617133
8555152
160628251
14225267
124110238
361469789
340642060
245802536
22674107
87061504
110418001
36390494
163114055
14749606
118680120
69382909
249821047
249323356
51043348
14933458
79965403
45788886
71992242
64729514
88634287
235961640
74998344
218671738
37570179
15403894
213578079
56449407
180791683
14305904
62766927
31741700
82361715
19590406
