433315307
3001608935
1118831816
596584510
2991105338
2396473932
84987407
413644441
17056329
36517751
230994694
1901262714
1225888412
115408512
380649828
848501378
2387671693
1468039364
23338586
831906732
3335666392
503759934
1969093525
1404269089
92925235
39414488
1691102664
125458168
1965305527
2252487042
312745991
526518079
3341375763
423786666
306307177
147618542
26577685
26595845
102718610
385539807
26578072
1650932534
19316706
700168981
107553469
7974002
846143216
30135227
1650811627
23759567
729928382
136401929
372456202
789892885
3188556835
223869778
239834430
431050308
95470031
61794014
787822818
164500785
2180766235
24742301
314592372
34985672
2773783295
453565800
41572605
41716483
1423149787
208142264
426196207
21370871
7872032
18089471
73191789
94577076
327013418
1070108744
3401508280
25338042
1336796647
153028109
460685979
1945512738
1845526555
17949783
239942502
3094692238
276685282
1436021744
2587216489
1095588582
27168890
423937622
334996892
408894716
322402190
66881841
128277690
1307834430
376033581
1465069478
533670052
305960307
22852195
117933049
229637534
216053005
1437770730
2957566207
3299765592
14173315
115485051
14230524
90420314
428333
26565946
2557521
21447363
78183672
25521487
14581542
247103812
24417124
2589759883
95239666
934774592
345046215
1979505552
102078779
1437307526
140101920
18155557
3299775052
488810967
71049139
858707821
435302260
397462571
16188518
37687077
91129028
274041023
278744400
3093646167
829673252
253253039
24160942
785899806
1011316662
1525270081
989993684
2198726371
1855162670
17471979
757303975
19397785
273462174
11348282
1330457336
50393960
1093090866
1339835893
1445171978
813286
30935785
39566272
33395719
218602142
133726414
15485441
15846407
1358510274
40892016
1147957340
27740143
1444316371
312901417
19304414
35816920
74295254
16285710
14408705
16440677
256356860
16550142
16640775
35465482
184826835
2724716557
1623047947
587642703
93898319
294371597
18309915
14324209
28221645
145757848
23489273
17632630
1586596712
38168640
360449953
469697070
14096875
1092271916
24700690
2817773179
40362026
14795412
531412248
243065805
1008067764
83834670
934763737
1613222576
2377388012
49102838
153051853
304803128
1349426952
247964024
2270702882
135249607
1115821652
19653548
34422609
1671160423
1647968876
36824285
71616212
622177600
1260203071
2521672322
2999960325
3099519747
17465287
1967746358
529707518
2894126240
1908319495
382281406
958338876
1043498694
22969913
2842067962
20260068
1655701284
1144102734
34906437
1345339826
1117490563
735627110
39119009
2167457972
2244522218
37722345
127095101
227181070
100323796
254088523
1929198750
74220571
240482482
428633001
2584167944
1081325299
2493993740
974748972
231213589
83141409
15049138
47835058
34771368
109167962
27594594
147758615
3015450400
2397804000
172104710
185641359
13784592
119457418
1537277942
374129770
66219583
2787910693
714732008
260372321
2813696357
94248137
2910235254
2908677423
2898020210
2892857928
289365168
382224134
2893882531
2938504353
294195409
48853279
34630721
762877820
2965201785
2736302569
120896818
1135346556
326961293
2822946885
21880581
212057884
3000104762
188526952
2858063221
3016774425
3015969167
186127415
1967742428
342526779
2600421321
72392171
39577408
369648166
3002698141
3018027323
2998857193
1445443782
3041451385
109342397
206811943
3050117017
2776351066
2971261084
2773900685
3087185403
378731459
554108359
3096193658
3097978832
2724215116
349136387
3131591481
3187954894
2149252963
2740192192
2825893703
2338680368
50728093
2244238813
3257167311
3195220070
3290357061
3181997772
893168851
3229013640
3087161219
368422985
216448932
832039778
2918019304
37570477
2495092452
43028355
333796076
2813638921
17216468
2173555627
55926458
411178110
83160388
42504404
27672316
459792818
1395337496
563934127
430103586
14933299
18764298
490815775
15962224
2398352960
2380608745
2387621354
2203346064
393553607
282193031
304743641
1131236432
1966869721
75355128
110592684
211201889
174418125
2181448014
53815374
96150024
2192393364
54390545
151512344
961200078
103447251
482098833
185410201
455230193
43949878
2194784857
27970894
2166996384
82891489
68869693
1707512413
262702995
1595959279
59476677
26378439
1428064747
51263592
1615307947
328903195
50906877
1154518734
132149725
20415467
1679824531
1687966050
281716114
1665403939
168520049
323979037
14874527
15524172
1547189424
1649631511
112859333
1544066028
272080197
50140757
622395429
39271149
1676157402
1621799612
1669163730
524918850
73192375
832455218
49514994
18726968
1342228604
38812989
1563452690
62439158
1524857641
236842670
225186148
250286370
1239893972
488762669
1162351676
443114504
1284526148
1647096368
23630752
43871718
462150607
1623307836
328165229
1373576252
46367973
1620586297
26897650
154747781
35922308
264014416
1075413998
540213714
83200882
1629073106
380691770
323455801
864512328
893506046
1316950758
1631147228
230812945
186313226
326026964
889562635
474482903
64530547
26004874
1441278654
519006491
725028626
535016694
1632852786
703316035
832424058
22207860
354279675
1338141913
36700030
52271211
81899450
876779312
1648006446
18241719
53601956
260646378
31014599
618577978
1286864762
261802743
1596741463
1273604450
126033442
527129238
1496457510
1447495051
247549441
35698329
622710282
173289417
278506316
222510371
829454676
1612938732
386352064
18062919
337924642
331936463
109180432
88925881
43359022
1446020732
1017594860
37280505
34317631
386154723
928205708
1471876627
59293339
455177863
1138843927
290892996
83861428
268519198
111710235
529665598
1559617518
1232235427
17682816
1572680300
1199649578
32530631
160690017
1109114359
275207573
116209263
1567107660
411226540
1573936099
1502377213
12142272
922375208
123367231
24762294
561403470
103876732
35622723
33159337
6212542
37352694
562237020
1528041073
1309179482
1056565849
1524998995
1548646902
29009998
101392593
16998233
102150814
1404735552
164502467
1520794514
423051602
553929911
259467215
810288481
334409719
1527890064
1536944936
20007336
54891755
1486107648
262476116
86257630
1281474360
276011050
1382262168
43538717
37211071
49188364
21327158
728632213
1561321603
546245922
38283364
1561687969
1543413576
462913518
142740168
772402974
101664999
408970505
1249325791
1541843791
38231701
147994836
17025410
39393577
295417457
164396539
10668352
124122225
21590980
1321490130
1534764607
232714684
491772775
1308683660
313015838
68572482
38788385
24062655
327591503
1501954466
51019364
598905513
1545662018
1253066653
1473523284
521867473
158905596
117632428
266156460
30380870
23530607
430376372
21322365
17234164
578966273
26130686
39983110
1495503614
1384118246
1496008602
1344319788
144915753
1493749057
77286523
43321392
1489037924
1456017138
1490587052
20486057
6351572
298722368
1463403739
17470331
26865278
17309866
67415649
1170225792
292570169
101909200
540031800
1365774834
82950218
1465751131
1177197757
337779240
1005326353
17316912
17021712
13757012
192057692
1346844824
1451740224
24963658
771796674
53945668
490744143
281539771
603573184
61347282
19842941
27153483
70467170
15314471
178236009
96782993
15043004
51813088
123959513
1297312615
23077414
1399855387
1446400334
31402951
120591679
277330318
21602347
225070195
70890031
1347455899
615349896
263392501
180884045
35777497
295471097
1048932554
376546850
329800098
434598001
43876409
1401030044
147765588
467981105
17443758
544564953
144162954
24872148
1093592582
959034499
230554450
36066690
1369724600
1429249136
1220240370
346861103
493297640
1301625836
72320963
562532777
179304290
125700094
515104036
791721122
1425567067
1275311442
42250773
1403809026
417285963
1429112154
503479172
1418976223
223926479
1435815674
226064722
21574788
98258079
1387004569
43409043
15564179
1043032424
885348698
1424326639
134494789
38206914
172445046
21692216
1440950750
94937124
26480252
38460734
394819161
1089334250
1034027083
37809883
355146480
342281994
858458600
60075267
564932445
629032717
117428959
176586169
107269363
39386588
206446195
1373529878
1245053622
599711828
966993126
1024638715
1176813216
350392773
289553789
28834803
1414064516
1301290273
751384488
963127998
1106822006
406925206
52800946
1339873692
298384822
241078057
384083161
176139209
153461043
289748400
1276619809
1405546987
148782009
73120843
533286660
151014957
80870320
1286274409
1319339630
1314583729
204597432
1093389786
1368488749
956637259
800456467
1365962264
389047272
1388197159
1372891640
14230220
909872502
467546108
849574765
1375165058
33995936
1380870296
5607542
285672374
62427077
1377060817
560763677
90003748
337969688
762641515
124865832
1270486932
15201490
412265841
296631022
360369161
1373067002
241178653
1071827148
1253419945
16661425
16461570
108159941
73133211
1184124318
794129893
33056596
752380531
241223087
1018038385
1014255350
222865870
16772586
947089256
882311364
450066730
46815127
1195568066
16008443
614523347
356192504
1268984826
1366994324
81703033
179103974
283312720
21698016
55300249
247107559
1135356787
15663704
975218756
1355972089
1350390278
396069753
410794657
1302523105
1354293710
1226224831
26416133
738857060
133956863
237010219
737707170
586158838
280299346
187161419
24224877
1322688289
25312523
65443844
1063988496
565061879
115986281
370691502
102796870
403594974
3075421
18513083
989903323
1051151742
573205222
1302391165
1309138832
856518498
26295820
16877318
950882946
594197015
146820532
1312120508
1281916584
329857585
705979460
58938042
1315355910
901852130
28191546
41503100
1317044246
253385448
733148197
33784190
1281287713
272333227
447330926
70300800
1179602210
38667530
408939897
501163118
62519841
1323681284
343096066
870389562
24905843
818180467
58664845
25218922
25013111
703665853
1283962532
361276248
1289510742
35014383
33785342
1008901878
185315092
70808541
77500935
440522197
994163448
550617933
29341680
229699668
320588697
116053835
339694483
1264904862
6974702
347598740
424596351
379901891
427145666
32363459
240575755
1281137371
764201550
99019134
1249364534
1277985572
625039851
18032925
235675226
915415082
80278809
1265482224
1089901014
1214117754
1146444073
128952763
15169578
33922270
17005090
1064457391
1250478661
27339092
250665960
278869336
28696059
34796711
74309740
53197137
31122496
21870081
556902009
505393952
122417486
599722312
50350184
33051111
99845828
102131865
1262109157
16143904
19263295
80939807
38683711
36694505
61598032
38342058
46752921
38450968
158803379
18807851
18331149
27935006
24907048
200210404
251811013
86975600
70703812
357558902
36712786
82706345
199392430
148893587
91399546
73264188
73319366
52488897
27112089
26578584
76415520
41451636
37942947
75313374
30343170
296373822
46743232
67217492
377491840
27963394
1080160111
1117413841
24223641
53810249
298289928
229710408
482071998
878202954
39799282
237336715
312569430
627011059
440130777
59162119
51275974
606486031
73410651
98772676
26658412
865117926
1112454794
331933312
240714435
809526800
20998647
77284776
1225995960
1231573350
18944227
252735958
119762241
166233460
45186815
1096476336
220330609
366935767
216890205
163990552
95729504
1069017241
376985956
1244090202
331850299
995726900
154538499
332957597
22775882
861949734
40123603
88747913
513270829
22862514
16516170
34647910
24233902
449492847
17871144
30150211
40981695
384913290
115685548
216881337
339822881
7973792
384442118
181756706
1160347814
1155734676
459537340
1225769658
257900385
463334729
518661877
87773916
488782340
19593832
70889618
195874618
796356980
714386677
396314410
1179749798
236131012
56007785
845706414
81691051
183288475
11944252
1223331476
34331580
17336507
18190455
21233325
226410526
23060892
1209432253
397809774
279557308
426620148
1012482246
1089804182
855015282
14891068
18958335
180609590
156367833
1136136991
885094381
1204782420
476235974
885973051
435023126
14177553
838462994
30034653
42763818
500358312
25930984
399638226
43005061
550404918
35164032
790018393
586092943
266951617
1187048816
167295620
514706751
42901889
25067235
1170783025
905378498
172519654
75444347
22508586
1199341669
850984634
922332583
308593298
404136816
21941682
271537324
566832038
149540267
1027963848
1148154847
1137559951
31350090
631671120
3768111
92431233
17841507
907227192
89045554
101042910
224400461
1164492570
635714646
534754921
608701719
623544474
510931406
1005695059
54800773
17354722
201418813
609315159
953789394
351329137
1170699006
400489126
465257688
33137300
26739104
951866833
14424023
15637086
45971427
1092859482
36533318
126011912
310404298
401815692
111887922
111024180
28495283
56691149
261760008
404937875
17537359
785627437
516722422
792567840
32741380
1025541716
23815067
85914710
615436851
516085905
935873882
10392812
74330390
776996304
524953735
58517915
448002760
18709166
515847214
1041334687
27519908
227517462
550408853
47982575
1062108200
235728754
36473534
406823696
122972416
156822176
1056694350
807195462
409262464
502585135
65191088
1071618176
1074121123
59147202
241708313
421081811
36057734
275334444
19759635
199501005
74048208
566063551
528100671
270983536
963323708
1032531853
15477189
162906110
280606754
303324325
299415612
409455023
157769421
233076986
410262746
35741306
34214119
468996973
521430894
19308190
176815524
398280770
375978272
155336738
176925040
45846884
946398336
17935714
59998638
930551874
378871873
26535318
217205084
238041781
344806396
45737061
305752084
137791558
1023316753
193728061
974822502
20322032
19492192
18439920
66435663
34401770
634580606
408623484
384392137
325669239
437069056
398723347
634815530
349365561
447179465
171650829
20737841
20287178
357912693
322668252
331588728
214645387
130489141
15803674
23095829
16588663
326753869
787513824
20005895
602386334
34738299
820658348
46736584
424025836
33888057
19407184
25180583
46731388
44174871
144360747
16784006
138995782
18095607
281686254
312245354
21095037
75137385
34148734
973040395
267937553
76194246
108839713
487177092
385731878
427850286
441268645
148754508
902706565
453910733
469749781
987618260
15813402
74469012
120291347
158865339
94604993
952122110
883006274
91116211
935770658
124221139
540489759
54244429
501821368
29564804
345108509
44617797
15785309
247958128
24870096
39134089
22415404
937060621
93929900
387979230
348523223
374724732
579240762
38916222
235351881
18218350
952330586
36774994
124623788
953742804
620774462
14306283
620548155
90034026
592226431
108421756
815586188
831765355
713134069
17479253
398798254
538309926
297144918
927718274
465915284
41919519
385014354
6743362
331702609
44914274
919990112
388612644
26773351
334170921
614483542
83990330
900987146
471585857
182677589
383361539
15655432
388618459
874085490
917352356
230931417
135037586
457000429
145051645
758045090
784979538
176569347
838716199
227371665
116621683
109568466
139811953
358137797
914168774
465068632
361569388
606912966
181768905
137352231
19926908
22951388
911515885
20813804
720786757
188871930
19398113
14832239
55733508
874268910
161705350
18190333
38332600
859686782
785752692
20066425
459431217
153902262
30118659
114762704
101387583
395750646
24744635
18866616
29216228
360645641
158247164
25160464
51523087
480646225
69162382
44797643
32732199
29456472
31470231
234925667
473353757
378116619
787643292
364423427
357302469
877169436
592830709
48128665
602205346
15812745
886264873
334017909
333719604
871950332
560020553
296475166
72874984
573915878
407016344
158122696
334331095
801074442
560635554
514767730
21920725
320955800
537769694
242122463
855792048
766693711
261526303
56023825
251490141
453611418
14934109
775841654
752016390
858102650
403846072
431701982
466837790
41520282
22974959
29719459
271435304
19164346
63707798
368011947
121962991
188730309
29881601
13076362
44889267
3444751
804633889
28231000
136817353
47157657
145858864
576209578
40714568
133816614
309978791
48076730
475269337
36173906
19552242
348606380
64395567
820847654
452593291
35853512
772658502
23088392
829659409
818654209
47405630
27475022
21376964
450056476
833660186
733034136
837024871
33641692
376793189
412314325
250879308
574115685
844449224
499181408
57661751
25653579
27591888
46105891
50696061
848073776
15118077
55296287
157855052
26345115
408974036
144680161
19155424
785347286
25048071
776625973
188933467
787609548
117155865
29474778
790040250
778983961
91114596
327813445
792115932
387860286
293954434
790651136
187204749
156347527
25143490
385743761
137926842
516034156
270977987
71056294
17769344
225298709
438716704
800299196
34075659
749682684
110424339
802822424
800538554
29485876
583565734
89098163
327069673
614017182
26941284
497503933
410255290
218284160
212311185
17988463
332708282
371204766
481468280
487965197
360931669
7740422
174380534
24558792
33194413
734541512
758135394
499366437
551379101
460718740
46288628
46146405
397098085
631555976
17570176
353193805
27218288
326756387
177391815
231100294
622449613
231501510
16045814
556987928
238589876
19514325
45925902
84383846
17150633
29428598
714448566
331194678
260735663
377521067
193386100
141025186
75321460
28359519
561361765
459930979
49306216
153199932
117841595
39168931
717987858
717775440
546673613
256511828
67411447
339100849
113093317
616605802
19232956
17140028
705914976
234993916
19399778
120666187
528999382
347357376
420828767
16278086
22355517
90797482
587685170
109126434
415832055
151592982
183321105
215376146
631966886
247533422
17496637
27864199
331388104
156795913
26740298
67890902
24407848
15923416
113432499
32374771
237869171
252707173
21907448
18144946
276892752
138254311
268421512
53057234
23799860
27364324
68899408
390168261
186324595
623145183
75118946
492578241
139951332
21154990
621266520
119291229
19326481
16743117
49819131
624981269
570011542
27438894
22595110
506455157
428482190
620034764
384412160
25275212
554364116
76452636
35976314
592224652
426747711
305076136
36512321
499865314
148823532
14385381
86650673
21636502
602630904
224431495
47818716
618178107
13885722
536772025
38444940
26877704
23075284
28133917
51241574
19791314
17329062
180565392
336551775
68033364
190366310
566556551
497431132
19626649
588918907
52849144
385745614
137789359
485354289
502270692
14230305
217124847
608335487
130326596
21202021
516592440
11145532
83818546
518123140
594351447
20777941
348867360
17235295
289370473
596164164
81499633
383263661
457865858
602884268
254166558
253537983
385239624
50089962
356903899
595728732
325207279
368852797
290770028
340066899
598731722
527943953
24617331
279547901
561356710
453217362
600416024
167087621
387371662
601238230
587815814
601222204
469000799
43007444
140503239
182514392
17831464
262213503
246325305
160611366
15020635
59160947
42657941
48064895
21093537
28607235
17025391
23486506
23434650
26005998
92274064
116496581
25390196
27716470
36153212
24742123
22065572
202694778
245413821
382113663
20717108
93447763
114983527
245130071
276026028
593794232
334724256
491527218
50124148
574750916
104031408
130523954
20085354
233353995
579448957
19267686
585091263
29389675
173300685
17891036
21612681
293210067
111287103
403149593
515085224
320266317
288859961
293730071
40291941
506934090
542179593
346861325
34349203
510769278
102673526
57729168
74465242
17808688
56442399
95254318
329805363
110940741
524249889
101912067
575920734
464292081
26005424
354009307
580352734
155628171
581168458
544547724
15925858
273517759
228463042
43558179
237358236
23729149
516196110
348516110
24708480
1100631
19314725
86646151
575942881
576751821
481748555
211154075
211533964
18853525
444814712
18815617
45282761
573710015
454550128
272121195
191243264
554022914
57407535
249266096
14863919
572278595
275633428
33682231
35036363
261726529
454283489
18290454
300885969
22299407
18659419
452446753
562306008
299400342
17377747
565942812
46592927
171342809
498988728
147587746
390386004
216797883
34323121
200575680
15896401
57456685
406603113
37745519
390752759
539082463
235084153
37652582
41390449
217767318
22131842
27345268
49387316
166555836
450198556
562905681
87234956
22689169
442223679
23107757
28413895
41373255
64168773
25742569
29618885
45733407
308693156
259072769
25104799
52135320
31212603
547269943
18309052
97797018
266757188
546975460
38314743
333075105
173299304
400482479
275845261
98696751
207677140
242947626
271140577
539413220
257614669
334293837
37233307
17985080
538252462
377652071
23187752
447686172
401284177
513935536
36901320
43416930
487931478
354036311
261319072
14839034
364247722
409505908
15250914
45769503
325615449
379270489
16956799
318026315
33498736
263213669
368020629
58307488
146327774
287990781
493340619
519623170
471666178
256551878
26663865
520628245
497266712
15846115
15852209
150412633
513335656
302869512
525580163
154793298
531149801
531342630
240671428
56375923
14591178
33719802
300671769
469914835
476131911
499177415
37321759
260787005
41702422
15923446
245191224
13270612
304133131
273149491
460241707
394942380
19379862
291909933
113450047
126311323
23843103
163702231
22412243
107255289
743763
146940734
41849678
514792195
427914413
426227720
512425245
362801282
17524902
19475379
202688314
47247548
500370751
512178136
407429729
265732410
34425913
18634516
216337553
330983490
16810171
28207461
509051476
17396648
163505627
250661792
98944946
341890107
340966170
368378353
280342599
111421969
88254763
320359620
176611650
346914782
154052742
393081840
417950246
505253454
261982978
470795285
322409537
93307476
49690669
270620121
420805089
498155303
166002301
222848901
153497743
89731752
471503640
490789660
432805165
41386961
497519346
11841662
325509946
7973972
469201896
26048453
494939148
353674561
21214871
26270671
19299757
484141089
395463107
402967543
269082612
364586312
83420750
31359400
394807079
210986659
123632927
20490288
39795620
21017568
147804098
237982102
367957591
441328348
36267022
359991407
264833954
19216823
293652482
454145473
466195416
46382802
249681560
31417622
15740044
490379648
15294865
71095075
377416142
372252821
448169683
182769703
365671621
287774425
255676572
273322477
43175123
99625216
200153299
22045438
108684761
21872782
34731203
111103614
47920959
15947626
11856482
21919812
80660174
135175254
21267555
54502348
65056089
68036705
159462573
389031865
304097738
201795319
47331384
174267937
21756898
71019945
274123264
34113439
80686496
18775362
18726942
5031151
356421842
17596622
171151597
19291517
91236773
21248624
111093198
67278882
155855462
119263570
282668257
182288108
24991251
14124614
43402686
326857081
407862430
451775800
472569006
360384399
339842598
407181707
98494751
13404142
395171782
408208600
445167734
185348838
347640474
17029651
226260670
257799050
460777076
345732626
64490262
423019214
302310063
465852043
326984696
382423864
390503104
315555846
467815976
349889888
15946171
396923237
468645805
181739885
469934250
228816417
302132416
216761808
391603433
475272931
470649021
62993762
103154020
471252549
451140824
407449237
37740299
62564573
71136866
45534900
65047672
114940313
416519620
471086082
196692964
22203288
37479580
484893781
239082506
432202975
195903862
412394728
171258548
72213006
18139221
39592451
14139996
10799152
482700463
32566567
225080963
293658423
124254765
263947415
27662418
468150841
201914448
482368713
24019132
483307352
14672482
274467618
291478816
395487120
37967979
268582754
392476521
323248250
31582483
304122281
368156739
350991178
175918721
89878164
122868253
328550187
440854693
52612015
43184358
25176969
222252522
201378956
27360520
261890451
119571789
262395535
77852828
48090367
182050938
39942435
143579743
15768281
202808714
260402557
39433393
302400130
241621972
198742910
311252992
60640889
169567095
51651433
235624789
384063274
99328409
268109056
29092285
382970090
134565941
237057923
44838563
309032542
377376069
373627759
202244113
114064952
23872612
315336010
342452456
201092358
283419926
357010557
405741255
304852049
263636390
27298036
47201556
226433847
275361450
39427548
102238514
455235931
22071050
66446599
5344252
36049164
467856816
5542772
185727024
36792985
452646730
21218101
358187989
70821640
11417322
22330058
21833575
98998807
37574289
35804596
150893601
33994324
205859563
14766985
47629881
43198658
476091377
73799841
95897418
807095
105053404
18469701
50287715
17971971
237411808
47395966
21126026
18140946
21442370
23009649
176234009
10162852
24827000
42104206
15828746
4240801
15867461
119755728
13137192
7972792
23547436
26606157
38185098
43407069
400245924
255112736
17679830
366154108
476905533
477267262
477295909
478028394
42224460
253671575
17810735
148465644
18164025
220570665
120982056
16974571
394084394
351292819
44295160
23208535
384057306
42811161
18004758
11362012
26586912
19705075
15146389
300273218
244166509
480871125
281111941
103106691
407405015
465466765
352889553
133050664
37391190
459278998
479185727
370413382
88665534
474236844
235984818
436132370
26083401
112470045
463033936
347966335
434517672
25897066
317609106
322352358
48082002
398455084
117402889
283354879
356547828
380933222
102114172
20061523
101815751
79332569
48031660
188018526
45966098
83404353
55620047
45212473
49997082
186537846
95487176
21255863
24313179
40281224
186037477
69061044
41639579
30293332
28126717
103122081
23745662
45917531
30905987
290106314
53151247
135601661
125719207
31492570
185874758
91416716
18167623
52161696
30090529
19537818
17199075
76348185
49660945
79275247
76808487
20867568
16451587
80180108
37781811
82669604
32887168
44991932
45854914
3554721
96783382
44983857
19913891
49998539
70523764
29973306
57339949
41675868
44984641
109715718
212304085
27327953
16631726
18028538
63966574
26538972
24939832
59294523
48033899
84126669
31870446
92093066
112799271
12994322
36648953
16454544
44992488
16291786
59910734
20788329
19679341
64400465
45854335
23032184
66496796
59012899
44984439
23068217
96795310
18725659
45943457
26857672
20605733
31187903
39589819
128650896
124544375
57625403
19030154
36771809
30031547
271060845
18815368
63049396
159182191
111932837
19711765
82377629
26754831
7972912
29722986
730073
18308192
48723657
52078622
32494266
19617205
63239208
122413587
384648273
467705277
72091038
52411553
199142058
21006196
35942452
79257689
194652587
454292589
79714681
27889466
473420908
433025764
26261696
17537374
314674080
38736196
275103902
145692488
66821161
127359799
22034228
31529357
25531042
462565327
462951217
246074813
455152490
465261052
231084568
438651892
451498247
77084691
26934432
455036109
22646539
181398589
26929791
16221764
461815173
381596294
19149069
460331050
206020428
459490013
370134063
213496647
35914260
402906673
458909526
279636059
221444005
395056799
21228352
35655601
454436863
165498315
84137298
313648095
17386831
371979095
449128936
455198777
454633604
117792571
18994839
44156121
15121463
16558945
317265236
60185315
279771206
444815635
413212373
359209503
432713612
18051079
256750740
49019160
225458593
361565512
26574672
15850060
122707196
443271392
150728415
30581592
34921103
36967918
21760097
21241477
20713372
65808654
15906339
241241154
22209508
51187327
317541331
84449456
265664270
401725760
116642331
248320800
24013732
36771680
36407517
16621002
11612722
43724810
82893900
301990221
343722346
22783663
50873849
128946735
295882988
128871449
14604570
129311674
37491928
57159864
403657811
340377466
111689672
318211840
423164701
208322496
17497298
369646958
147609437
41198802
18542641
324942478
359124351
68973954
86318084
15753031
822926
61299332
14068673
18170004
18273713
169674105
305904692
18982390
406635073
418168474
416728777
42031491
428377178
17854933
19747868
224266523
14104163
31095780
433681646
29809283
435194541
14882900
106766697
110484892
18308142
198528830
200250665
90628811
407368380
123933290
418125040
373000738
45436858
199564329
301193416
2845781
277309354
117201108
199812889
314809485
317845150
124507923
41140879
429350258
59795242
62527063
46396743
162483492
73920772
82102608
16004073
7153152
201269579
96809810
36695277
271579739
422843822
45854669
16744820
28397952
14961052
36184220
349887046
44883792
390137200
66514236
217257984
235261736
112665127
70438454
414879439
1852291
304005517
195106077
390890370
49992096
415412335
89868295
299058433
422258084
424293808
26468444
67218195
416769783
115559854
14955620
38516217
25060608
30071988
274646653
218644716
104396877
396959986
48562732
33735230
64599465
271521223
90898404
24535968
153239433
79303906
228015143
322427237
380092190
205077588
15011123
61065753
87505038
363053011
393081935
17968238
189310056
39853372
394006337
17125020
87521920
394888627
16207983
32392063
395661271
388440642
327981442
36135195
117990655
376537167
55101442
21695243
105961773
401012500
265694515
248500394
14258392
223871898
13058232
12925072
8039442
244123121
17790274
21425125
256199303
40357525
171100063
20177650
176956926
74149566
22098694
173658005
167074400
17844897
56702408
70432457
47734706
32127835
26072066
41867385
18723530
22791908
57097182
95685029
16717830
85320868
89203953
19338246
20563513
14957119
33356908
35509639
97734857
15108012
15600350
31478612
40869125
15141131
37843143
37656339
14972052
71289289
14995393
41363075
16668940
20947076
32919945
15067340
22970986
52497428
114591448
70420987
16362924
55749120
28645016
116817250
34042641
13059392
29633728
150723366
69661494
22500494
118600508
18964208
75964957
26811684
120453371
17499865
96415716
25194608
42544878
23791119
30716817
64582626
3556041
112591813
113683337
64857802
125493800
43943320
23758731
128653552
103766363
124780040
50138665
37920775
123639002
50165951
21011723
26847508
130914932
100703293
48996417
131482084
118545881
20849395
95106232
22777310
125829801
36186797
119445438
113772585
102507062
119836784
128821282
134887550
137706819
27584228
113706019
23266019
35018727
26572331
97330744
140174451
109349351
17970758
23102522
14318671
19263550
35982916
19687470
143134302
47478867
76054516
15226906
105587464
136636806
144850230
135014887
24494914
98638481
34668568
37765990
33503969
147264523
31251537
20011215
16413509
48391006
35130771
9849752
94146197
148070747
16919069
16017866
50030113
45360740
17807573
47455784
152715545
39163297
153003235
152084584
72168107
44371493
54432248
25253796
141294645
154108031
34130247
137360901
36953608
15100154
90159470
153612528
51781547
139792381
87719226
16537815
16391895
153141948
12072572
21945365
37020061
51616987
133272696
8854232
20564501
20910193
23425341
45664016
36202283
160924798
70451577
11676442
60680894
16099480
161935720
67529775
37056961
31257336
63624618
80664949
109719430
15098613
78704620
20793497
113139516
15673907
85862797
116863209
72862103
31290652
24485493
115061029
62578161
36390478
21277688
2931451
111710380
64143032
76472749
20171353
102839559
72864809
66385692
102801892
14551788
15932004
70455545
21754959
104585790
65988244
15749373
55363400
15089625
86963437
15244940
16999492
43233974
93974603
22689933
68510281
94583264
72308760
12611542
17964989
15091796
61250319
16116045
46270433
14220964
83533448
63754619
56876673
31051633
88673903
92379168
59467987
18750690
19301617
89036074
89466075
16672304
58048129
86321832
67517641
82760784
14560460
87236487
74236108
16515374
17219352
34795387
70585313
29570564
20876990
71283012
14304836
15978244
25241857
17817070
41128508
83864378
76170693
61228770
62705694
62820618
62977647
35894993
35920939
68471280
32300078
37982893
18197642
83206053
83438695
77376113
20187412
81939359
21864667
20266144
18488505
66357518
33643452
14885700
24794580
81364061
45713580
16739711
35624408
76685934
80120943
14950897
78685011
80106155
76134005
19880736
33795349
68249275
75930265
24890803
76769880
14737217
14844771
36963598
27989031
28096676
76524842
69581095
65374779
63307983
57470313
38481062
55323055
14960638
62822341
24185954
30011140
70795108
55551267
11893372
61259884
65250050
68562478
19411942
28168286
73203170
40957993
52973028
44069739
62212610
71016961
69025948
75836503
16534657
8918032
74486018
73396161
54898680
68530084
73107341
46388256
15736165
28484986
36752757
20180375
18038411
38174951
21399515
14999903
24899584
11244472
19414091
66872449
70222209
13564412
33418300
31264260
37492838
61268841
21345687
17726031
38536058
67079973
15606816
59508862
5574322
60687808
23139622
46453371
36943679
20624714
58988429
59555412
58369085
14952913
64824273
37498819
27524092
26604904
34393349
31863399
16257167
42348686
60907538
21266648
17946424
48260953
37094600
25843813
57275612
21378365
15287163
19056125
64415777
58043359
64542879
64604803
28014475
20803762
20121697
19215733
12728892
14310196
61369589
54973508
59113250
61827571
60918199
14630038
17388346
15826984
21459324
18906805
24894131
20263971
34971946
42625595
44911547
30302564
17594523
15976293
15243615
46416400
56885399
48787366
51537409
49842959
22481491
45598849
59835593
55389944
23614876
17846865
53080559
57102648
42667210
46701213
57381831
31148480
32240281
9832
51834334
21045216
24653243
40286716
14434952
57434280
16316275
18727949
49069639
42313833
55428438
55475756
21345004
54824261
55562241
51507236
27868406
25838797
54858742
19445475
30957260
28525972
25561529
43349370
28484681
52152831
42899085
43930301
44362236
46011086
50352229
54357878
25853815
42848095
21200401
23550429
9381632
27576113
49649374
37468905
34745797
14951284
15238714
26764706
14051831
720843
36156126
14157930
24205993
15613368
20741379
50728540
31211006
49062327
23698301
52062450
42363766
8981642
14839375
7738932
14622208
15172821
41818723
2875861
20252380
24483116
30021136
19016091
51279127
35026116
26363082
17088570
46304214
34342612
41603667
43916415
46479255
21699839
29124577
23038140
47938854
48126951
39534361
45544456
17332561
27224660
39438082
48186863
16642652
37277690
43977780
44633562
44919995
17286908
41363438
21314070
45611770
44942521
43799769
15337675
45392578
39280054
15018995
45999569
46390223
11392922
34288746
41186171
40935256
28142596
41641342
16913380
42654130
19204892
656663
20947769
40808844
42857347
21976008
21909224
16553557
23834147
34733652
34694182
14676716
10247222
26371689
19377578
43787081
35067980
14236459
44420419
34712827
18904764
14166926
42605056
42425829
7749872
38447296
30914227
18827479
19374044
14745762
15097072
16546479
25126253
37671456
7073122
34303150
29128851
42994255
42430170
14293930
15595823
16521181
14707709
14886572
6651752
24525474
32202274
21792436
16168640
15154125
39532193
29528215
14455940
20887448
18231499
19545807
39859464
22832422
17882118
27132880
26261764
18116086
22690970
26077123
25068079
28449081
4823
1089591
38727581
26682251
17639601
29641089
34965200
36973087
34025188
19259132
14671828
34941657
32013564
36514047
19566163
26438193
12025272
36354168
19342332
19298493
21314396
4871061
25574423
35221238
27801855
11448552
15979880
28164216
33833871
7353612
29637942
31164376
16046568
26826143
33782809
9568492
815680
34591681
28187526
15771216
30093686
34509067
24042803
31114839
34230227
34159537
32431483
25505112
15275091
31154152
31552100
27693107
33644851
23332900
28090465
23470169
32599187
26938954
33120109
32714890
32625992
32577517
17244481
16925288
27098376
13536792
21633932
15909768
17032810
16253598
30479182
29816371
30904826
20407242
17876653
18153600
31309581
20410063
8257982
29536049
15406504
27062483
20209042
15100220
16270035
15714490
30525366
29468188
16142275
27653715
17157826
26973181
9166162
15607645
17973052
1936011
7610072
13951732
13970742
6817422
17401461
14979958
14246280
15925840
17875053
15243616
20566101
8616022
14227174
6505442
17545488
16808892
15123428
21012633
17330200
16131632
16893923
20983906
777560
11204632
17059599
14192648
12121002
14466882
21066517
17588691
14746578
16014374
15353038
14850911
10664412
14464725
14604050
19496108
17472318
7775702
15161590
21779373
17043529
12999902
19009720
21503282
22330688
22446019
17839495
22081152
17880531
21719564
22306670
21348940
16818631
23162353
16602284
15293625
23607035
29786650
16406295
6472722
15268284
19031662
12623472
25506312
16252190
22522792
17312387
17849159
14125745
23393094
18813684
16084803
15068399
25748526
15710814
17943715
25700607
25044929
15243621
19392538
25942146
19076288
15563420
26164971
17901093
18765187
18122103
26930241
26051578
25226477
7459062
15064886
27899981
14645495
14579694
14967729
14155699
17945136
27927718
19991502
15684796
10242272
23447279
21835037
29721319
25528924
28366126
26134801
23782357
17153947
23818058
20244687
18977455
17972724
17787705
21965269
15677242
15917667
14752312
19090433
18641976
21014961
16042038
18061386
19316496
14602140
17545500
7972752
7972552
15100515
14836336
11263532
18805744
16737196
15728180
15158859
3954241
6629672
