2568808680
128921686
15518438
147623661
906388063
110813875
8881632
2223647304
1486324417
28554879
30907824
25016110
753720410
171568698
56517376
1905330787
174432032
2282406978
2223835651
44225287
1357987548
2284555638
19717980
349166526
305699070
20480624
76289043
575547955
2287615561
2288689669
400497823
743041399
274727764
156459726
185853836
2270674213
1881092226
1729734290
455549005
210687657
2228376248
281826750
113648627
1315407338
2304828745
2305582610
167591230
451672480
2309360322
1943382674
375662071
1870302560
1556994212
1665397182
1105833151
17420708
566638297
181995339
849295794
817724444
577278676
2310415200
2323073154
2216591305
2287271345
46362401
1871587446
1568310157
296930388
268357876
87729913
183644228
2275163281
1700096377
537806799
3302424095
173589861
384038195
127668536
536676313
202287029
1760222563
369758201
94156185
2581010386
406797205
2588779981
546136192
1353564092
30225517
54176992
36677899
3332357157
2829834352
3067705990
3244164569
3223068271
2598445644
1478384088
3107833793
273051398
3384641495
284549473
3370922002
312550665
2429107224
191920757
3089064911
3351495665
2209242625
1270611074
14120630
250418422
355519530
18612142
23493588
1864567454
3315307089
3015657483
3238783421
94153269
31249998
2927062392
273400962
111716862
767702874
2162766852
1425806502
3387642971
2289775885
2980993553
27601509
3391250614
3301063121
61302204
46291977
3283520640
3266537702
2837592904
2439956707
2863292633
109951958
20227943
3302801689
1382414557
378621568
816996853
1481040007
3299799546
14159592
844216292
2577650773
303334999
2437012334
400383768
19318823
508100675
348723129
2238116851
1284194856
2720417780
2209440498
474438272
49052611
356909416
3311524532
125190880
22480419
84763428
90710585
2332159832
20082827
412538522
105992805
2336439158
287805000
1707871070
1337541367
498374719
39200727
2174413656
310666767
11060732
498380021
16245501
93937046
64702931
14440919
52922276
487025721
82187804
273710170
112600662
86592717
1890258644
106429260
240773066
2349773092
399888846
314124526
158012375
2353655748
2150435672
2155592143
49044100
2258753516
711520262
171547772
234093389
757469168
2350472810
2350495196
1977269898
70421363
2363147029
376535199
1415965051
449966734
632423893
2194677510
96322790
31580671
37261154
2254048632
1897674096
805671259
2329378969
2367216474
2207775493
247675298
386130644
1659185893
14861000
265087714
235154928
1688668980
10443002
2371022108
66517772
2375334092
2331973105
15321716
456842116
3279916158
2973010878
581983833
199707953
164060774
208465544
539917781
629293237
40908997
3351666837
240831221
634648591
3136625496
3344168998
2462039412
59263853
2872320046
2975237829
3073286311
398227241
2872609578
3303413084
399173696
3277102296
3288437954
300163494
3285626496
3287783071
77026018
361426294
235266556
3141477755
3015886069
1387461540
68212172
302296183
2254022862
3186993829
3122977349
615558127
2930312857
3189995983
1579611096
518625197
2508473659
3305796704
112009840
40678250
277637896
20635779
2859007707
561833133
3404474675
538290318
2968681764
48514926
1478304464
201531255
3118866578
1401408158
2910137101
2223954964
16250975
3385231906
2567833813
1586530040
22098207
247544690
3043324831
3233005702
3374783727
19573238
2984416891
3260378868
380904733
18124830
31608878
2951989997
2354881
3370910033
290565748
396648972
14956167
116839891
199360359
11343852
267317480
57166735
71272234
1143883554
364514303
525637772
3386006393
209757864
3405891891
2421178315
1470852774
19604690
1634239256
3103711171
2870752193
279095578
2767994639
14791377
3271291524
16176291
3318002210
2374833427
16703345
1032903258
2382440599
631460336
846626486
232937461
521975693
2230679624
2382776167
398134912
1948781208
1316495856
271865884
18559900
79495519
117146509
30371417
60767612
32569288
44145969
1191870168
2326080602
2327656472
757095914
17001435
452122676
333761040
306380176
2232006512
1737232130
462328758
633193975
1239772088
13752682
2382145680
2342815290
1674344432
312410994
2328738078
2240992525
2414726335
137703701
1874673108
104212493
310810419
15311847
2423161574
369742327
1485750037
2387470746
632060455
417397036
2298609854
109418572
1731946212
16686538
2420988314
1039649478
301768320
1339920481
547688176
2434141740
2423606995
16280680
2398292300
2436940657
184274903
749842034
2432665188
2421116804
480277161
413831609
19601508
298296123
20672273
86846875
58873029
3269871228
3270380000
3051526447
3064565306
317334154
34073870
306096719
706801650
2770599775
44049613
114776751
357133157
188678663
33979523
3428712575
3254400697
2324064295
3370370231
3318410516
38736521
3011476038
192015389
3240223393
1063465340
3422567747
2910764511
172159645
3165975414
367973830
2925093261
116899596
21750980
2668241182
3318872082
16872215
399243620
18879192
98487931
2484820596
2561576070
1959247580
3383157477
3431460519
3270317689
2330941987
160060356
186793152
3336652331
177240187
116879590
1451580553
3425015465
128717922
42709475
2668807987
2717861700
2964110566
332791229
249414333
253883675
817802005
917124229
82375948
2390190913
1198384680
3177011862
1401180097
1401236340
3221956622
297078708
29876907
3269400810
779459346
387393789
87218511
463129666
3372126621
2894771649
2173747291
3295100637
2881567991
1426174201
2789558473
2824802869
597682417
3316725126
2811640454
2994725561
51916408
3291160896
18858950
3414639743
2269953132
3308476231
2446031532
18112208
22572811
2422579747
1721215885
997619718
2295038863
32859577
2443546068
196198372
2289787328
2429401195
2299488178
2322039133
116613072
607407059
397292623
1042380402
121142747
1072138776
67118660
2473977589
608558958
2475422131
273689705
2477773554
1455244681
63149237
1917257953
2434109323
192078832
465266006
15646313
2526004689
25421100
2480288642
2331966540
2472969840
2351753539
62546982
116874062
32400778
119465773
172321777
74923814
107247003
325154130
512198901
176255867
2489950771
590696439
1607294833
186677103
479666698
159141239
212964211
15747261
1064204166
202700865
413519285
46614167
2468343530
23325965
2494723962
102255019
1198503960
2340535145
308901730
1206428468
2435978522
805264220
59460363
2337031701
3305600851
2203961926
2656563155
209169881
206279975
2406992603
56309766
3091680471
3268456075
3269471947
21036146
1917694123
2408024713
3064384383
2644679910
2598400310
3267610412
39570785
27823683
2826385772
2833514089
980103463
1096299122
67290391
3159364268
1071604255
260158639
3132183334
30298912
598411390
410795094
3439446394
2785843083
385489555
181015788
2865046822
3214265059
3013048683
3203716647
3070213319
1884908150
2806881424
38078660
26735842
480474999
20566367
1612482990
378609534
2871236011
519481288
16274633
2880698416
611684324
3437543555
3031742184
3298320688
2849158905
1721346576
341561147
3351863285
2254053186
2971858767
3005429663
100334235
416332158
3227174374
20715938
67344891
111499410
2822389346
2418075690
3332160249
856208503
3225668246
3213842740
399307197
767747906
38518448
2912463401
2770218139
96134174
23348685
3373359734
2554784138
300859438
356247340
97325384
2254502406
1668008449
2159438534
3277353679
3431969031
1615115942
1705313120
1112057502
76582790
266287550
2446114304
319354884
15694109
2541870456
213857745
1307163061
1909011428
185093987
1674120210
2496801775
44777329
2545179756
17180578
2546962608
220886775
2570793263
87675447
2548641278
277857721
1713160940
2200557469
2551541352
2552855912
2555038004
308970230
25141695
2557306184
2551202280
2556702793
16520661
1512267163
2553583933
567457746
2436373699
303353261
424498932
271611825
392453135
2512826599
32536228
2509612531
24374886
2318142998
2185547347
745893812
2527712742
2217503351
313453357
394967133
102389515
528172363
132392929
1686020198
2172137149
246970632
151384733
918674083
2539170751
341725754
523404917
2474213065
2571274752
256324807
1159504308
189099206
167692256
75409833
19794307
3334262353
2227364634
3488360595
237966182
3347001657
3319791043
45644904
3429092067
1369301323
3245040455
365603279
280807233
1135730766
425371804
554174297
3435471587
3383783847
3313179927
322695745
3349391734
2203300095
3065275081
1532077543
2378061484
527860824
455804006
370040039
3388320988
3321531810
2375187150
2828959158
3381127787
3119656801
3432149187
22071464
3349760626
3395830513
239024598
529727919
2966233955
3181494469
53490927
194728899
2321081874
84549413
2890131203
1324242079
1189612897
1912584158
239261825
81999062
248877504
490637859
2287095239
1140680910
2322742226
121135097
242503363
267513599
2669580138
419162478
1735087291
2667699961
310558887
2659886876
375324305
2196266432
115844728
2720176384
620047711
1005209106
339400364
2320075184
2385931290
2616329070
1488144542
313595495
2683053073
2336085336
566350240
2706868447
1083086984
2377640360
1161731442
238524126
2397864889
632874889
56770712
2526345026
790622730
106542438
2396691282
2678473196
2265289784
2654868168
468800839
24585756
2908398104
613913267
2800223625
19614748
310594596
2797578399
136709880
3585008476
852361434
3395441680
3220638834
3296693054
3154605050
1176813434
3145949828
51446765
26978607
849256663
855708500
2457264197
2646198499
57247082
2406695726
2587970504
2243297911
2274380400
2719141033
629914167
248663061
2571319285
236446692
2593385544
297168625
15416418
2433900984
1327681982
14585653
1115478078
2738460740
102784810
14333131
65304372
2740028892
275536225
29201523
2458594088
1711287134
2373073472
497169808
1943771204
321730239
400962072
12912522
31041356
565152167
2271773058
1670462240
946659271
1974994556
604847412
251377432
536625464
1131737372
1883569735
32514720
2360920921
2678431032
31640989
39387308
2786540154
2786728754
35785367
2542117530
2762187017
241453438
2548938984
534903000
1149565044
884659986
875647796
3290116660
2815723718
3245956647
103812624
2225492060
3642381201
218851543
1853824369
3296852278
19323811
1690810520
76709672
366652936
2976507786
207395792
3653764756
16376595
320688839
139988522
123392640
3663793816
34759182
2830064353
316820203
289071819
2315676599
3586385956
238723484
2419047877
347460705
3677813357
1060528916
3024203574
3584093782
77568813
3228987019
618274257
600916760
9525952
2886464256
1928295614
569874598
3133648194
269300443
2998771942
3084335751
2237170628
3394066834
794508109
3242420315
21387913
3207779932
18342562
2657058991
3088333079
116241417
3681562875
227088783
14060968
2238456121
3416489245
2401045405
125868108
362663631
944945041
2446985036
2440291314
260256409
1190434214
3539002573
82937235
317934447
2744596794
3699943461
3684287066
235705787
1380251024
2987852355
3444049753
2704395055
3229206037
3140142186
3561408865
1551544460
611977465
290668372
1891005900
262495194
2463309775
2206993352
189222879
1064464807
971262876
1958806976
2787920370
2808036168
379058737
2664788743
198121252
749773423
1883426790
2446738050
1149865087
2377678639
26909861
260804576
23856782
1861282248
21455774
2816999912
2372218326
2372254860
211653355
2328922176
2695963987
2764301476
2436611628
18695790
26391721
2783249744
490346501
85486115
50612271
213730296
43849417
236386626
2420574018
77249084
39558948
2811267912
375186516
79723301
41495772
41950793
14256073
50764269
3592383196
3234266591
305852846
2701006466
3264586517
76112479
861654996
3275586669
54270768
3318199573
3720710906
3198779947
125343077
19368241
3245069698
2491737961
806650375
962397319
3422420745
3501000016
911151577
3266212205
233111629
2350634487
3241607379
3807097043
3830622495
838862870
210051894
1891021592
2612851417
3430740735
830170375
192663172
410345806
3836138793
3406692731
997792884
3264621226
3304744991
3087475229
494578373
3503310792
62923880
378958574
331888769
23792669
256858738
1240626612
1703608764
303114604
545259798
314367754
2768228523
1968931116
2962650136
3490844293
3489748393
3261057076
232873413
3152467755
244941993
249238659
15120121
3804201796
59552146
948673440
457339320
3153167711
3377134972
125398242
203874361
178358794
3180972191
1089202939
17031085
3882774743
416663784
2436112386
281806459
121441121
2584968854
489917351
284845965
20568116
2496447368
1344915914
2342078809
2617393234
2712833347
2420482032
24115066
164136238
508058223
240052569
1415679823
486103264
480424797
2201377976
15480430
1354656120
130688452
32091801
2805657872
1556832709
199354634
18480236
2556792193
16304744
6862832
2778306835
318435504
289946908
16268133
2776723634
950695435
263951190
242294864
2308587667
546196577
2783553609
1125990625
124946405
217872058
2310994308
19842544
1881259400
1442314020
2725204992
278184174
501259340
3282539455
569103504
1678194996
3282091039
7025242
138629862
905923334
15482908
271582121
1311326846
19374388
3248271385
2885761983
2802869109
83831640
252679394
2297249306
193401402
1207910311
2766842541
20531976
1392202742
234962679
3386806336
3369015297
3142427537
3974664759
17606602
15138829
2216405215
278033589
988935456
365681953
3969100539
510430588
49429871
3316438633
16135147
2275451444
2467214520
210137842
136137032
3103507919
65664359
3740394983
80497914
3008650511
3994544495
774408932
2809564420
3407551595
2792982075
39551766
146054695
1220543718
2283756012
2610902510
2797003090
123658369
19983038
2367514333
1587037698
429618763
190401477
621653952
2454751844
138519084
2453488513
86125675
16432278
275002349
63560295
2513596867
2806492745
2806489487
23240478
1243862612
14384587
2389765572
1658338022
159245037
2790941419
2690605339
19041985
577415021
802770188
1887189510
16161252
25365047
2830193942
268311172
45860876
84409466
488506138
590478212
1851911342
2409581528
2352271567
1612196210
47856871
20670943
2812172932
278681153
221112240
1963040671
59119957
253312926
2363129010
2394353328
44349029
2844399936
833926524
2722428847
1567354526
1056826256
1862607932
2210385075
1562040067
15165273
2823414245
2256106142
361024121
3266966689
42889730
2796938508
832399742
357074892
3516618974
3715900281
1452206323
2395081136
2912522476
45167431
1526299508
4027215616
3715614435
204440083
20477352
2801399552
4003618815
3160308629
88357760
3183244427
1710804764
3899441068
2472504829
2827293097
14902468
146790908
3186881952
78944125
405266278
1566080491
187449403
301612162
2984881220
268009495
1390629276
36167622
205739020
3525481454
3909077179
110773852
183648919
177519843
125232458
55062062
3082614321
3194557039
349579272
194926328
3449004621
462137839
80530081
3896512152
294906306
3587837832
2568875905
2947804186
2281189688
3313858384
30141746
1226028883
1650361440
2772266395
230197661
1448755914
17727505
3471525974
3345101272
3037578810
438622242
72026017
2150841939
30024630
15868158
2385665298
20828456
3343213966
2232717199
594105743
2933442643
201656044
15276848
6187702
92066328
2376924140
3908469215
2391633174
4038960514
2440462770
2826700668
253097226
2223850970
2832226888
2826587527
2790364193
482317784
2835755813
2394963499
2861653022
2589642757
257290608
272014013
413701648
18165020
92032789
931136982
35684724
251699814
38171283
2547146042
2603709594
76689333
2149591441
2427677863
5697162
147108331
392997797
1580774588
136454334
2437058107
258562483
578964539
2616082682
2333021476
335020832
23577585
18720395
314683085
20404628
583890953
327003497
21418058
165083973
2851771529
96283877
372493117
169605433
202922342
120966354
2693501908
223954476
2856968397
2887755146
2850763325
96197740
1618174448
602413504
2736808486
2788518174
486297238
2803956463
2869076299
2357187422
2437813128
491613098
1701679986
2491804410
99345154
2174976662
4070326797
2903741440
1312486519
2824299695
391231197
3596498237
134199002
2901088677
3146373787
3636340157
22481482
277455732
19002717
479462963
82020542
115637932
23591573
21649916
1388909282
29295157
51458518
277673939
373776125
1893593611
2952977572
21780706
857220380
1629244514
41655800
250916330
2865186923
2835131895
24485908
2850399808
2773498628
2865926771
6228272
99424099
20263886
1566419132
287465154
1585700192
2531813978
2762972406
2429297618
2874029999
83370543
192791791
849130236
2800155706
170878627
368960366
2810771722
2514141060
2509354549
2798859242
546375553
15195171
494233574
212068449
1425619297
2814415534
2811458222
1075553252
80870334
432225488
2882871407
289429627
1545966620
1948455324
2586031176
614798807
2862027281
251246159
457401501
2571473581
2315581015
382802679
2800530623
2828149243
47806014
2904181026
2583047514
2832553490
2746608109
14408868
252293705
2310141132
2884528229
578350952
2887478003
280613466
2891401561
14526271
524618137
2601782503
2615672874
2891042049
1004871738
2301545743
32248999
2910462140
2909728848
4127495532
17402412
3306235911
212833329
872074100
4318819218
3066858679
74778550
4041350295
111202180
3065361979
16233291
16452767
1739026561
2838305691
2349643938
2893364495
2446448574
608357472
2894017979
2361531043
2731289113
1918782942
1950761467
1669958226
63914115
96013180
344192912
2227545816
60413279
68981700
2888334268
157003204
366774608
2901466185
236555444
441251806
2877987105
2901719991
1757012028
293210804
1965381
2904626655
2834547748
1077485154
2295531930
2724651079
165604719
295512685
2860565046
730376204
2276992278
2853662306
18299502
21505705
1620575569
223907224
2911307891
2305378238
200974287
2762888699
1321431948
2918921534
120239950
2691712087
973218492
141734148
2914892729
369566062
169932974
428805542
2867944426
2778925879
2919556931
312932563
1470410797
2924407699
721115072
220062467
41684491
464389503
466487553
144600913
2272123586
512011969
188882264
1157267240
389795054
42634336
29202267
94176166
2504854829
3369709078
22684855
23284943
104195007
3427780474
4063431375
348244293
2557963830
112817893
78240357
2333459639
63209991
226648493
305871260
131800972
80086219
2451764461
44607559
75928193
2212644480
337308154
893935255
296320946
203717312
2590298978
15437549
520033038
7512
2918688639
335358150
847391527
1076766097
68225635
479745298
400244246
325743801
66722564
288254572
2420807803
2153483144
506282047
896608472
2656619573
15110669
461335673
179995239
478311615
195439307
239683892
264200315
457105319
2352629420
230416466
79781245
763296810
2491966320
2743020868
2731895684
2798828443
2924893223
462494025
1596682482
1641203647
2835598603
703481138
2343942086
18464133
2932942526
2928733551
2928846100
2931722467
2928916840
2931687768
337628703
33048649
2898365333
523549536
284572060
549346897
2372161342
162531454
2794586615
1322569777
2355717062
121336088
2932380069
2940277467
2939691980
2506511533
2720791581
10430922
21868311
272298284
26532193
2326450129
170045663
2563556606
2542129494
29854197
273667403
218585266
74929593
26821618
225043601
75860739
1450368254
2537839664
2282384174
2275199359
138096852
15183255
143120019
329920236
327085235
2377473560
35790708
2567934498
2802031224
81627177
2449356254
33587520
818115823
2362238478
21051258
336151524
24975959
2400600384
26082268
22157165
951934676
2596564466
1965652495
3607836677
2676196842
3023915169
3899251474
1911813271
2221877957
2364471312
3027972460
259388466
913261260
1570178352
100965841
1590804541
3351944152
399349417
3290026666
595093985
94109790
2885591527
2413237448
830434358
1380367110
3036094228
16422305
2242031292
3994641507
1187603324
187920064
323229548
962824290
2336745254
3661040714
26886949
1269196758
622596896
212993867
3405693987
2863083106
764069330
3259089076
844014048
14306405
1120946281
3321392645
1713772796
2394792801
2934296017
828868844
23648764
1705169629
194056749
17960088
7171192
3246124717
3065525098
68882056
2175002503
181221694
2966674011
4063516932
344568753
8671632
372131355
172530705
392601752
3048024870
90197215
209743255
3044438781
97492476
3274664996
3241925398
1246160882
2992360317
2528137661
2563730454
3437503162
513152211
24889998
1069514629
61461691
2281561063
512741929
3957322829
190178444
2804740850
2258561006
75533075
3158363162
221012696
2584128840
2730358711
16807677
2659575702
370741905
16383461
345971761
2523062874
191460343
1435952084
63506263
1411760178
16165383
348127618
386570675
2322935772
2595857630
2420918634
192085881
331261178
166124708
21813904
2295234750
213305675
856827787
1194931146
1593583382
575457119
195972460
99630603
211156575
2755323679
2750938780
278296888
2700040713
2449427197
2755334418
2601982081
271572715
47375551
2153035148
2393502068
1588504904
587903489
2755013600
1374126252
75549347
2731004402
471427469
39798987
2780740592
25107504
2504370187
2306665790
257527093
813932126
136031812
2444345377
23758712
38183061
2474965534
2185087603
130530175
160610135
223176277
1961864419
2455235773
18505114
983068928
2269405860
2580749282
1170369708
5797662
312153375
212922459
460572602
2571057825
397509946
586157943
318070372
177941239
2458524672
2349488612
293545597
66047688
1450076694
24374932
40726107
332407719
196697293
255634250
2480970128
1330219021
2802699703
2565696928
192680886
1492942411
18733703
2912714918
2938618822
16633905
156777941
308563903
15817203
2798387866
7259222
2951518257
1198483490
20525473
526723769
50174475
72702102
2907653834
362074693
17227379
24051398
1125712586
2400359875
1357547431
863918124
271367524
191922988
835833841
150638093
17467699
2959440460
2886468706
275997980
2937806512
2864372098
2959072592
1734050484
109062960
19514447
893296968
513911297
45466439
17591271
557375939
185207310
2584828807
1080093504
2499685266
2230118502
2928902627
107855745
195528684
1111802984
1571033425
2966496256
56308276
485955632
422724946
2967860775
89526469
3253193868
165668890
873385195
2233540491
2637501316
25709982
602992506
3112389118
3229925614
2850407134
134785093
1903643599
2545655084
1095275665
16260924
272111097
1629721274
36586348
2724557755
2440339020
379193014
127384497
34798257
67023970
286257364
24046313
3176158317
471432918
2412468410
29651794
762504444
3246529387
291984923
33269878
1962691128
274556710
594991652
919450489
31945778
23285178
19805321
157060031
61568576
227813185
3256193424
14756982
1570605493
2838027941
134830913
522794267
757677715
3044258235
1600858730
294336008
3218177765
2944996509
55357924
1089643765
31029115
2342743910
1368959768
2918872201
48343144
3290449930
1601339101
2918365257
2975140400
18901185
320670448
409723545
268607705
2893140998
1536399169
2894364710
592244584
22312294
3232801064
2308959054
2414709972
346921768
1464779923
2894764846
389244267
2257670173
60392412
87852625
495195803
2285681216
388934581
498986530
2926023922
2464728192
2609019044
2915218179
372552035
2332268937
911766210
3025918961
2988620881
2870136989
19503553
624052223
2461136300
269449509
1035823766
3365219349
316342372
1258586034
1342861316
3177277142
526742491
15892927
3372417016
79540272
3280036838
3191092426
527881093
14309227
625011196
3380401047
2218590758
3377505171
888057572
14825156
2796481666
3064506075
1709856037
3164082435
376626087
3300749191
3244654664
104670673
8945112
3297001446
3297231788
517971342
2959124803
15575441
3358643571
3429678785
169987925
3358100019
2591997764
34072461
2208215935
491385755
14352195
22780082
98944902
53487603
2209734356
174642915
3271815348
2360962023
3095813307
947137460
3642511514
11894962
3067880061
3717574159
19715453
833931799
1571695106
35636279
1329438223
60349138
3716096836
4034032042
181099378
3670121114
16558498
47386593
4069243701
1486079870
1648968535
286233279
17151314
369324518
1357976521
79747155
16248319
4136646557
2150419439
4144385709
3419117152
126369920
2203552470
2964345075
26740835
796117188
21252323
18734836
4124853914
3111521843
885816924
2983542618
61608747
215553332
746703320
3236743026
3010714634
3292317028
343914177
2468464812
5125971
257598701
3116866815
426298472
3408590653
2874707380
2243698802
227817592
2770665660
3929321793
2896427173
97269335
265264350
38162592
3155106661
2489181367
210964786
1356433783
402825621
2344369580
494164992
2453124270
95129795
2800312623
45929783
2918027165
127956942
3402776127
34375401
3365019531
555494646
262271449
91336675
1694520493
14262105
320868246
1465518116
1122886033
710770111
1623630138
2735133079
17130113
956805554
19995628
2941242205
3335981837
2589376619
805904317
174582350
73181817
20045629
50499112
882635545
18268293
22830802
3290527574
93972605
3131298851
1623417781
50371329
3077470240
3995359822
1225096927
20011183
221487691
41765253
17034727
324700926
42516175
4203907032
2478373544
337188054
1790081
224797403
3325028424
39809156
3608589257
627793339
15459650
335967985
8740322
1478869458
17076554
2258850884
2909764184
54217608
126486523
276675357
57371361
386302034
30850422
3101686057
164350287
3229657971
24194295
3353351397
3375540892
38086461
3305370102
17364921
2884496633
14453711
3279001902
69679971
245858458
2275499870
2328553418
140808626
268480430
410260189
3011594976
2776664159
3253043191
2409276816
2363661804
2402201132
621847864
20665924
608120445
160047813
1513876554
1646502516
2438409002
30000927
2804274582
4305695232
1282354970
4287631992
2370111140
1961218116
1194863629
4187770054
623023895
29123710
2835084657
466547565
258473453
2235329532
250708329
143442809
4330272493
7869982
482221448
1410050066
2609486635
2260150651
4216403835
4221433588
629641243
420913977
36101281
2471335814
3226176747
26213291
4292508014
730381663
2454427527
3151085323
618186540
123536646
17486092
929543910
3270025830
118190428
1952076517
4248884739
2949283462
1182381902
258115225
3062185717
4241555733
63514682
3100274063
3082222447
2895463188
4237957821
2895464538
1025816868
2895538003
2895462666
2895496568
59171474
390208049
3271452962
2905047224
6181392
4154942686
2847572610
73129850
4326948793
4068784276
2671654063
3755619861
40793336
2542093807
16703058
17747038
3406403592
3236448811
121126435
4044039333
355498581
4218353758
1541791
3975149115
24357823
351327830
2929168092
44679444
23715535
4021355927
3364523239
3190388565
4109896828
3765594433
259855785
3228529127
1040818812
1207058612
4198338681
46572133
14798210
3318851174
3802493235
631664967
16441752
1144973977
3267893629
14238762
266420236
3887949732
1576828351
2205763784
3016762259
2482358756
4040046724
4130564473
3972567065
93986815
3825241932
416949345
182490313
81619592
46342721
271084460
1491097740
3387790633
2173165597
3413414049
195815858
543787174
113981953
31716155
2385357091
3369726166
2522529224
35306721
15188940
17794715
3022022000
2904222334
2574103094
3284666078
118820363
3064560441
339425126
2279417863
28614841
3166668422
1060706754
2322723667
3433567737
2436985652
3064736655
14986598
102934230
1979280272
754629260
3236143331
132456278
2362582160
477561980
3119094543
2301096108
3841505781
123767543
325311875
3575438356
470276089
286402807
166564971
3184074334
3197541488
66239836
1582674716
2598162997
4042342120
35262174
2994415304
869836849
2892036715
226939990
2582868542
1248997212
240733817
861765444
1606226282
3220250683
19881780
2462583164
2509534063
2463533143
2609208422
3948578729
3410696713
2866124523
529622848
2352312547
2294534718
119480392
1423049900
3058486769
2715082844
4296327853
2814766950
3065579609
2347309964
2875379745
174281519
605025484
231163710
231963346
179727822
335223912
15140962
77119787
18525573
2657044033
16655190
109599715
372892171
1110405614
744185592
235588427
95938864
981803724
2218402494
407836722
28207516
1359442021
2719823968
26734852
402406221
148031377
825052698
16602648
2789866789
2570741818
89180672
503093762
2479637256
2729873702
75091923
151676948
14657680
98593419
794206261
414075108
392236056
30371501
152084906
420537199
14689959
2217338419
2589052824
24609329
127343465
18009765
1193790037
357246275
770452326
19366924
124621935
2535347246
176463583
77200725
2804014512
989768929
2411352636
306580210
25767079
271375470
1013460571
23569202
425219928
330470425
963182402
2770201158
2677708831
190754647
129123695
755473183
22955150
278107731
113548239
466719496
2826313007
2969728679
15261166
2691474360
1247884993
2955790846
381597094
2214991741
1458907094
49481719
2974293076
15181388
19201807
2869902495
1871745727
86071272
2915693242
2601702805
515674966
2342310560
278918110
2825429760
1286384354
2892844426
2889147570
191281511
27751309
110493640
2772271950
178772128
2912875276
2959291564
238677107
290086661
89287714
2981873369
2305855122
2974771149
2911368161
84181658
2187046633
315590432
762513355
92902302
285371633
56756540
519181335
1037272999
2365958821
2991106991
2973364963
1180344614
2930474104
1392118843
887676362
2374246712
2996487087
359992317
1604738324
2734392687
17921056
3000176789
613503825
1895102402
94000267
242133211
1944693571
2646439260
628442991
2999975056
3219011974
4119828795
2558769259
533147508
3080547316
267121768
1621091173
2204113129
893750102
2487971269
1255151
23529013
3447411687
191174438
2269805239
2463530324
177989708
3273189060
3017918653
148421994
205122768
3962736914
3426379931
2445439154
510354703
166350245
2903893614
525485958
4048453473
462209664
516722382
130866926
2326504878
545476314
987414385
28629876
48012801
2361510798
46096376
2565419922
139450719
2771672091
2547200641
2906080192
3890801717
3436982331
3405993419
1278512130
3589283533
18732392
785842795
220654254
6355662
55207986
4167026093
1716868410
4288160834
14855279
20232583
69352934
1385433444
2506941182
267751242
507181944
330509973
3417351334
2312210018
2828947734
4029647717
587545848
105161933
3241392728
1613263776
348083461
3432250733
1431168336
3535269136
1932541476
2823584339
2486034890
26484866
324421084
2549252677
3332383720
1305211572
108108824
1338758766
826087129
326380075
16684366
287818581
4176318791
15944300
550652594
112744382
3903212893
4177924229
3081523094
238205389
4077866860
3742190895
439915326
497101610
3003855975
288364629
18073211
385039748
3955418833
2222128020
3082904350
398037810
3186971382
1053096174
374627026
251024167
2831243034
3142009036
3426374412
2430537896
3244655812
52813570
180810492
522041841
2264511171
2853976580
890122388
3297456096
4144040859
2696670091
2249356273
3680964015
1705643179
3106270617
1020574285
2834737241
3188168220
2465228118
422819081
3731959163
4173687554
4174060754
4145886555
209801556
2784966306
4132496713
149376770
2582074110
346919442
2465146394
1964281615
294982533
1939259840
488383984
2236854619
1246965505
17010913
2996287113
4178025974
69706012
3796081573
4136637502
3053272184
246009211
3722141958
2595596879
926846496
2418979002
85604257
1571128478
2690278688
2301919860
2901160079
2420838458
14837928
621571861
3320312980
3763348033
3220697795
2868867223
3684226778
1644878227
2607058725
40589647
110608919
3177497585
3559356021
3312365828
4171504932
42337411
4186018273
24908680
25887109
420998871
2520698768
47592600
590745933
469569818
4075823429
3728922075
3101807943
2488314038
3450372312
3245631819
2627221941
2544185258
18539631
3198272280
21318431
433097948
98133810
265138295
3297753389
576117341
431134071
4158495082
2797661454
2248552543
289533043
109652052
228069150
3529180753
3695073976
819181700
2257889272
2792059539
389357766
4127451599
1256913534
298663128
82149309
3042933995
230194530
1967939774
31891798
1082588414
2658569068
4117479982
4137508393
2497839291
4031269996
1954677756
3030255941
886882542
4043238491
254052091
3436856147
2390153083
2282410274
4153881688
361252553
3488364074
567563466
2696707362
3366178180
868044654
33050171
701650194
2610771553
15831498
3293506614
1952096952
3486474915
418983397
232458806
1574708834
1494359886
4099555763
14146435
3487053793
1960789190
491744656
2631960140
1161149018
280346260
1456520222
3233175606
611445544
4084702519
20171242
2685648516
134848090
635708245
4139007616
14870804
3448008448
3549005729
59999724
173710429
26985747
835870189
2465279120
2477631554
21632543
211800056
2586796033
513298480
3019717484
4244337314
283487630
318383192
1008791700
68119671
95102368
2317662440
972762792
2698421834
141863391
35946856
3235217041
2932256499
3095083593
106704541
2288632549
632458944
2984980455
259387703
3305906579
3463613667
3088901441
47621357
4127992305
39651447
48755417
2811917352
234457085
51639797
240023428
2252208894
117846337
21005942
6125912
315445458
2411893190
3264650789
1651498826
1593086809
21989021
3400437231
94653788
1120026504
1140063156
2883559229
3255088842
459520912
33590445
3351619145
3708047543
399383336
2272222458
1688595445
3930289753
271779605
2789989596
13218142
219495461
9903062
398043323
1468497595
3403637259
1452402852
1510452709
3241375902
2729565852
17540746
2220187057
376589964
125796323
709882996
50298424
1469978383
4218077331
4244192534
3057531343
244746802
199786098
2533410983
275669418
2743250303
159640200
54563258
334380818
18543018
4221205097
1391027346
86599520
137352522
1297100576
35120520
2490361627
1917288949
3930001095
3039238721
2364902630
2459858568
527368845
16462209
2819718934
3315844535
3305665846
3422305239
612799167
3837123316
3031742545
71165327
3947767781
18692677
25686414
363522367
4224299290
76980224
74244916
92602020
233120949
166223740
3154708031
16976447
97487983
2897993117
555527065
361483680
3091506176
3406037044
3328861988
488509119
18783465
4242238361
3810244693
37954790
4121072908
27453762
444172634
4211653139
14547574
2826960461
1859165473
219427536
2310288379
2883025793
2309607516
4127648354
503928904
4172419698
2525262385
3360605525
27324245
3225702809
164724793
1558938314
3194907274
5571602
32130358
2547753438
2197397851
3170995052
3241334735
3218081
870236286
3903706154
3761501477
14351460
4334154074
2380739485
819527478
4171763325
197464628
1647278306
3829605793
2482739635
3310723098
2318811627
162441131
323843045
18022413
103247691
3030069351
16290695
4014321143
2481383915
112922473
3560701512
707807954
552165830
461250641
1928543995
192856717
950824196
246604505
3256033034
1718198065
1222491301
2533085665
261126056
3487428500
227423290
3145259649
2329448268
33749247
16210660
2837992936
2831946210
3267700747
222872365
3749053213
3327478637
2341974442
563707141
2379995545
1247695273
36619331
1397875110
3741444615
2922843850
460194277
3018002453
534594255
401092896
3018805871
2907253421
2724314376
257997339
2407232898
84675901
227105107
3050441832
3002685051
2312271014
3066132263
2536609832
33971291
838884595
1309050746
1544184637
2584440595
17782457
251744271
17836769
1392908120
3092307574
3072540027
14186439
3008108190
1622120762
125207902
385719783
6150202
886921789
188334157
353164388
2347706077
713052236
1462922978
2909193369
16596641
194324843
4260152413
3422695383
2413931435
3192865491
46476526
1580131
2251023889
404665190
3360124420
4252369452
2310975692
4175725948
35396746
374634330
1321035534
131727982
47900481
257593554
1733072766
154562617
84514614
3040018277
2655079682
1350648744
22143922
1954579670
2997030419
3189238771
784239392
498363166
776830026
295629420
115952501
795148362
1296071540
177638150
371321068
201823751
175044758
2837570181
2462020465
3091456821
2559361399
3182049344
749805816
125300672
347313093
1935716222
2993184214
856406215
79848361
18164214
2241191275
41525408
3239581787
2620183026
24636075
95489684
30367930
103264426
53419781
370302953
2436173808
76093402
2268793032
3153553785
376955450
282100096
2936873698
3171223030
3107712256
20401974
423797500
3320077084
323592731
198364830
403461843
2714874608
2665234588
363856435
25292036
110203452
133300855
23956146
2821335687
3232901772
264467764
3315352821
983697961
195048536
3254152635
3059772948
89782106
618765754
69015949
1475383028
3271260175
1025619932
112272245
2382666296
3272369623
764247427
438823675
232649695
2946654893
2808049618
83015383
16676947
459835378
44464678
2996418679
1129075872
3182971705
3364051253
78414692
390913882
2513511588
2396681210
3304109980
44661985
3280506462
20470485
175044831
3065998395
2375875296
1469805944
169320439
77558576
7916502
2331913824
3245067568
49848099
3143725923
583777859
93663526
26046760
1434276992
2894989024
18914551
3069249844
322815805
1887789966
17871395
1329629761
2286436654
3407003795
3407509649
69136255
1425865782
506596477
146023037
547014398
1105727864
14324887
1551383088
3224750402
2647302330
3288711485
3293303034
538384022
3234026887
2359638732
355140881
19302406
1107755407
3012977945
2393209398
1139883854
3239720625
17994018
3199842203
1425274093
5111511
3057834984
3252904897
144667148
3379011867
722528150
2686196946
19095165
329302699
2364838764
2421004854
1695135338
187690153
2779174246
404952503
43533213
25684578
2699574912
1202101362
1876168159
526742321
804757286
3656550262
3323401333
1390862934
30246580
1138512631
1926559332
291332154
1002716203
120463131
2775608989
1123178808
3010286237
217041753
2731617679
3392640933
16157198
17599590
1699971738
317234655
3374360201
16133119
55026192
41438120
2511174996
715204543
25056058
1460320712
2703380641
2424328279
2802483757
34140383
342678597
108346858
14219127
1210425986
224167313
84149205
838505594
20710287
2279431994
2240898296
4107144466
309316104
2359654058
1169437118
546445799
83639708
2213808013
1138911745
17044422
159650492
1392295346
2815327609
3728511563
3082490447
343833347
3913092556
3317950962
591199709
3909526276
1394874222
40137359
3282589502
3227662336
22686118
382461845
1715742180
2540465172
237279996
2423402478
237857997
991023044
1925323741
1132146242
260418283
2288971639
201596653
2221860662
3360940467
148734134
3149799965
3006246257
3973927217
1102924554
560903502
2339679831
525732802
4008581900
994703676
4068125422
1894306254
3254849863
3145247114
611771278
154619101
24572715
406202610
347878628
888781483
92086051
2551278312
2993584014
1474289989
3240740027
289580862
2602262159
2646305701
249431215
3678333557
849638588
1615391570
277492930
1836948080
15533521
294718181
3011687251
2687825270
90352974
3660633554
1580487078
2277810601
885147354
570371228
3375790727
2835120058
546849165
3961688777
386906055
100475825
2653731380
2514733002
386568390
7525652
2420406655
2805849211
2915502641
955195417
262744716
51785547
2574872334
2370221569
37196694
49464848
2386618494
3613605619
3307063809
3395412472
3229113145
30291731
2635547492
3662277508
4104810562
1903490869
2873956353
907408220
1463153148
2827429114
3118978727
65045383
192671580
396892082
2874221633
615284763
48057281
2241423464
314241834
2591416598
2374360430
2575900338
3360629141
43471549
224187934
2857020038
2382301453
807591260
2342679086
2201865973
205911733
2570680848
472726352
17077085
257968135
928916395
2321373098
2671551763
2844865635
171296186
3773336173
3107941662
1372746230
275599481
132512584
3194766254
337650183
4020370359
2876219489
3246337231
2716842330
4214212999
17951716
3312102187
229213427
1098910392
3002910875
700202143
1347463460
65522873
1413003668
2337025656
22776111
2830455554
263376539
3083053628
257212542
4149361925
3506489113
3980440154
50238785
123926189
245847388
737405209
2231465784
2994683969
3083004400
2824534963
2934792253
702131646
2994312268
3791611342
2917733722
3739363092
1485516494
995689986
70203187
21764434
1855088898
2999600318
3233568459
2961814004
570140690
16008956
17984489
22507996
4019961749
3976151997
4099714912
1078349010
374035816
384707452
3360521153
409974861
2300497376
278091366
3479320582
37719213
2804950651
3296530017
2531662566
904618652
2846971583
21952190
3989548847
1393297220
2639049620
1486159278
1251785438
875279072
2182855543
3347514435
3469382236
2310792328
860139668
21836409
394380452
48798288
72701241
9310992
1965391345
861592207
4054394909
4155283403
212345263
726638394
3374020750
35094970
2454930163
312871000
16491888
415558897
2518666934
164352494
425162228
3662917040
3044643377
422285867
1494462457
3760550362
716552396
4105103649
14790212
116980306
3063815806
3905640990
2592355027
1507521584
2841685294
3898702941
794683891
37943927
36367297
4061978955
14662563
2505440401
59874240
2890907020
1851892194
318285847
3003398922
903346441
2173872200
2316037148
1330922610
4049982017
62480161
4116740532
153894221
122161726
153529716
48337271
3239228018
2394101401
2319517968
3585208755
270526374
3119077407
111583872
92985666
3114356462
2937673419
604482486
3218715372
60846497
471009458
390082350
3289345182
3313510131
2929003502
2820675258
261252118
3336439030
41627538
3648976939
4173363439
2306666518
4176316152
24169074
512435624
2473445970
2887131374
3020059115
2982455698
3132789062
3294652535
25648484
122641967
384448065
141033947
2926935235
27694750
2220416131
287423150
3251190670
2578892354
4047897196
29494793
188804355
2244446299
846640710
194129961
2237735438
2217760706
34971242
476443251
1132097262
91203282
1710406369
1955103474
3448746106
319325502
52076623
1494049189
3300074569
69734136
2271877476
3302587297
3014687745
1401294708
2499371946
3867056602
2537750816
509075686
16980045
4037537653
387985741
4117239213
2968724931
39871473
2147594460
843966025
4097941581
1953650886
2517186319
1356275089
3357234261
749402754
147658452
2469422174
18818543
2474566657
388348801
2849717391
41792496
2438521933
46501731
350948579
18003632
2613917538
778846633
1729811209
3893990555
4108397657
61518025
1368481507
190432838
3368747501
3273372949
12460962
58559649
394768836
619230830
3950631552
3361819199
3312924230
3285829921
3120444716
1194908786
1090094184
564198649
1639319046
1273581768
80034631
3373933934
946053206
38172173
2561439008
3317379335
2764637100
19531330
12003072
88539527
298077121
2726693905
3089735260
3818456294
2359956066
2201951496
611945235
2970280557
78300633
3501514094
4094170035
249694585
3272261203
3097888264
377428524
2438848568
2913058284
2451970008
2432634386
3958039036
4083773050
45586103
3141797260
322562235
15674884
3414248412
107523645
14594594
564601401
1322062892
3609076820
2614010005
17881816
18242629
22209201
435399784
44150150
21645908
3219491224
182384817
3278755218
1533753895
3302631026
37599351
1957551583
521863265
1657738339
14645160
1714951435
79309221
3367884477
15416816
14164297
2647489932
3240097563
3545867595
3096825834
33923443
18507505
1261680835
3176707484
2991306367
42912883
42952944
2650818427
2375825646
207301720
757365218
3422309572
2422672752
61453414
333672211
2445577673
991161276
3316160136
44024932
107276025
100767876
20924605
363896532
262749118
54175456
224080425
1468996290
2208216769
1094099594
3372017303
3314841372
2882390670
308749051
3291177481
167176831
1955309275
147757354
9951012
3276965016
2888924742
2698932253
3568411
999656748
630498418
3246331943
2324901458
766275542
1003440223
213405505
96243124
2475839250
3329489313
2565607694
40587059
3354663105
118269391
15747743
25753768
3036791652
3359156217
3207826167
543647029
14238777
3241707222
2836936615
2459478132
81998705
251634768
311990345
3090571130
213831700
2571654918
2477228156
2560915027
1711457802
184477052
2541133579
19210640
1227841561
1727661715
547537854
2200700480
2388064016
22411342
235414297
3049337450
3041961656
488970833
3358766494
426546610
3212996542
3377625725
3126712896
1164980004
2845559127
2351152392
14264454
3296816153
3278952716
1203569816
2825823722
815951162
1726525862
2693737772
747088176
342864030
2213401939
3377512684
582221915
455677699
254130768
870646381
96628519
891377682
2474214733
1598810556
1673716044
23125152
2434519592
376955906
210059044
152000084
347401030
49872538
2840409416
2375419220
3226666666
177329452
2798266344
3226321752
63261396
598791199
1004142318
261105262
1076293176
306264916
552299133
2853472153
170039453
2815069814
769046161
2971964183
445625405
18936284
43266028
2840272067
2696016510
446506935
7668952
2378973386
343763479
8658682
578321883
396560365
1891406594
2289038822
2869960636
2485419322
3046175999
3021354992
561674923
40018037
275043456
2169198204
34977164
1403500430
3233702040
27676222
83996423
2261119284
3351086067
182104983
14524485
384965718
91460306
2979303019
2316350705
985186471
2855395776
2780568701
26967246
3054289645
47336979
3223647374
3242000354
1498388114
1458685543
47714847
62273114
38976017
381919729
3004241453
1337231252
128921707
211428163
8927762
92415827
32896052
872423437
108838948
49186986
3244806765
175035751
3226674647
237330000
1969515000
19053307
2444578699
260340277
246866759
1303233662
2742828667
2603954100
184843279
376448253
1359266005
16512675
20273725
18196522
856527548
215061754
2405063095
1021440288
121483664
18878415
1969630836
184985946
1380703394
3169039354
17188297
75706915
523077287
68173937
1632220008
167760471
3027052225
121782261
1018385911
939981487
3017071050
141310023
2220254377
14003142
16151935
164386441
14486811
394094099
28320528
6280722
18732820
1866243193
3322966709
1979631223
1228308637
779636335
786696576
39802612
113672911
546942738
19538946
2394085628
78706788
160634779
125233653
2437662536
204471647
1572530690
2300555166
18239795
3189485382
942107370
759375067
387181116
50027667
91942071
2412406063
337795881
33495086
73986605
171536717
2535525282
3017785123
2209606452
274621155
618290051
58869555
2235577028
169364387
163582516
3139242475
494826059
20515090
49988655
76426965
53759906
372396193
2713788565
2744522116
2370520423
2997490204
3044380630
2472953214
1202336054
138460117
2402361116
35559991
3115656293
1684241324
2938587065
3010432148
3145080704
323884296
16927940
2653926692
3025713850
2233756520
263402248
2310443286
3030315596
109455623
2892641182
3075079049
2912817584
2579100181
1042939765
301540676
72610185
44670507
37465907
2767843313
235608003
2355749538
3060842702
3122632706
3317630632
3100034661
2285217102
2544317642
3141305789
2899137066
110897594
2429824350
3233639019
368458178
763929312
418363442
12874852
40842944
1522225334
35767916
27702107
17465880
347430201
158878460
154903048
15524898
40229957
1877757326
1393496754
2699146844
354993061
25569089
1416977720
185041974
2793949766
2952527127
1129170818
2918095577
322744388
136828586
2187339660
2266370599
203328946
39375273
3068249626
183340993
2848541745
528991216
2298451134
3119655576
3079824183
3129001655
21827756
249749387
3112715271
2946566053
317079008
1525696230
1489703012
2848312080
145716640
1584500023
2887757474
292819455
1241987934
2907681578
481489100
36730748
2329112467
3138809558
3318146667
2364682177
11238462
2904189090
597294142
58264531
2273084101
2985037894
34390936
2899871526
99561903
3085924171
3219258204
19684844
390356921
2232996836
109634296
23251100
354582942
234870299
271147332
252842039
2796347701
3101347068
3026449291
3086026040
3085558940
3230959886
3013019936
561655444
3221160237
2848206734
3025013637
346084664
1887942325
2936143879
15209135
795142789
3119815881
2741867721
2907563154
3250214451
3048391896
115936864
636916384
2326226912
462725483
2591662188
322728023
587053515
77897410
2893076684
306511108
15109792
107169576
3306376137
401563492
3056022187
2564289037
3178515301
20615524
10800932
799180207
2647672842
141638722
3152006139
369025757
1072882555
398039721
15613026
3226454636
3227119449
51339537
92356909
318384026
30349066
3121323334
1861700384
3228517675
3042261151
1151659698
240360773
2452872000
2902304959
3111770737
1171157984
3308370166
1616391913
59443171
3053494195
2747011742
3056824311
1485895560
3231466572
850804237
785989596
3069907316
38247323
3234116665
161309079
3232664412
3000874230
3247550585
2321279388
2982010497
2719662764
851316548
263998408
2297849605
2563177620
1328078114
421187117
1410888476
457973298
1722881942
301578987
2221063250
555698717
265645925
3166403324
2709916303
3189598549
3027505823
3153885455
2930423101
2197828004
389726033
2929621634
385625684
80719074
3253023741
3213600240
3157272929
2802146392
17944711
73095959
54481399
188274045
14297098
2617653918
854875705
526427838
301925151
28031609
3131102986
32970218
1056772195
182866283
2477976254
3056588115
175827858
601603981
821785831
313755690
15147261
96308224
3237528777
2908744556
16548435
918910566
1675124996
2913918908
3220892142
54979680
175743717
118853353
485475104
185919321
1690758876
277427281
3093855192
1651833200
247436406
2985937394
2838658081
767374783
2848946298
2851634626
116152274
3160998193
2835980975
3080553140
54529748
558267530
3185416034
3110840019
3123909949
399155777
175430832
809313835
137144052
3220749197
2959815473
90379747
2490611222
3149593591
210193810
1690760190
66064952
2749104462
906621020
1940467862
217011820
3027042279
3290165417
616882319
1675089816
2593821619
3290752396
2790518090
161258660
1673036077
3021695749
1880619996
2733799915
3289189558
3140940775
495547426
2604068238
3033268728
76791711
3184644938
2935813664
1693447446
210684204
570999985
472855320
1675042267
415298013
2954214957
3219697338
2941778520
230111173
493609953
2484311226
198202953
3130728131
3108044993
84273114
349585130
2340794934
159389938
150546196
95263650
2164557895
100281527
1691686634
3071537336
774012222
344555285
3092794386
3008846515
2322904411
131239417
2890646348
2990768665
427296073
975894812
1671444780
3070949654
1672978446
14426771
3017496767
48829629
14621112
243398352
3074681658
3133465505
1617816648
2869951502
851560458
2740128811
380341894
2892436285
1661369071
578401356
3240669371
274813887
1675088592
2957613965
1890920258
213053129
80748815
49593066
626201339
1961086261
832578066
3149350061
2857967952
2646844122
2965352818
1238393161
3053207992
3016879696
105669501
3288438928
252496781
1675125758
1675089006
308958074
970750158
2810148210
2409204099
2922759161
3166090459
3092736405
2417316990
2804304182
114881283
47030292
576620023
63334772
807184478
25412094
3084014788
2898755644
2267903833
3202505446
183171837
277746812
1690796336
19927676
25042467
2824816165
161128380
3014327700
25458378
2690249264
67588801
2851587953
222941874
545498229
2905783012
3094435740
3196984754
1191073171
16195060
25959064
3200310782
3007912455
23748071
1932487076
3266002690
495651057
16564580
2391164419
897540126
268177117
3013598329
285229333
156482440
46295685
2967221
2848356719
994206757
2749909363
1364028912
483570024
109237155
3177306337
2590242073
574715772
1149568189
26493482
3094813372
56675544
1690773084
1634814829
1403295792
3149382008
622437626
201128675
70497829
382508197
1578264252
2742368695
2447216846
860298445
16791841
1090205112
900482444
2460312896
1978916833
2979047981
3187396649
999907196
236349376
2494359786
546453590
222086235
2364444301
1255751851
3138326769
966974551
1155700189
301069002
37452840
2482795160
482596146
768489996
1535045923
820451376
2900651746
1120517192
296996947
1549563044
304120139
2384263194
3241969762
3160289749
1660593474
30184260
297122566
754473577
3043034985
3256056286
39065173
805473140
1589122417
3218966479
3279687130
3198139772
493367538
2929179196
1861439480
1445980592
87839537
118989137
3147086466
509249922
3092657751
1160673199
715309382
2929435809
213061329
1722908576
3016512725
950944050
25815255
208119704
3065871448
244706808
108467313
210381257
153108145
228568322
2787281406
391110863
627502083
3180974107
615809810
2457083694
632345077
2926025073
3156647146
22272296
28732200
52445432
570266167
389297073
796315736
2920151050
3184969629
1650609044
3103198644
110476508
1321317889
2500778154
64293519
20585043
570200255
987739472
2796590370
51207002
960296839
263018965
3239222963
379888032
3218856260
3239167461
3240914181
3240966101
3241587592
3241508049
2459204611
3241799961
3109233603
2186487487
572747569
3177466075
223521702
2237503272
865997516
3169292143
3065953185
2946814040
2466457926
2668643340
3217147926
27296737
26865708
1673701290
3198571146
1231284961
3107950472
2253635947
2933147162
450438759
215043889
3092615861
714858180
342864590
348535626
382712906
1080146587
299714860
1690948760
3233981080
34691067
2887674984
384996932
163403379
20652468
3072788181
2888992054
1690834711
3192239418
1690834339
2454927917
2862519153
2878923979
604647078
2204042821
185307442
1527320515
2508928718
18226744
223604189
2434421509
168163922
2387680508
301795432
3248737751
