474676019
57673264
3091926684
411855162
2959156282
179052000
2847770587
1645061958
3796605513
3021479321
2160689212
44604532
4225044629
3242716783
30313177
4327759333
2961314341
4250447153
4252303051
4282953732
4115054112
1898767938
3731850675
3964238232
3066531158
4259354674
2436514416
3398884576
162228279
3022578275
986142932
51544099
25469763
2285717910
3848681969
4175208312
4329747732
3773401394
3355630360
3956457386
3111755545
291219990
4176083397
3384472281
2309859049
3252845530
4011953680
410127160
2871912775
4334677992
3185437202
3073611106
191080151
21992108
2836615966
3993271697
4323681072
4157223869
2792182663
4346610859
2573438719
29378956
2912058990
207701681
4256918117
464753713
849368232
915382730
3104054593
371960204
543030280
4181224821
60037928
4261973895
4264038923
364874211
3709456780
196137781
3074067546
78992906
4196504122
3198345049
3890438717
4032319934
3314385811
3248596363
3739904836
4267139199
3244552185
3676307781
4259640077
4267125760
23519521
2418405548
4218523883
4267464735
4340945534
1392006378
3771433697
2314757642
4189002333
539194010
4002730463
280845333
4257753737
4252150792
4254487936
1484299626
4245698483
87932470
3995446775
4278029595
4275740314
20915500
1627916761
321855170
1623621355
4025466976
3728626819
254139795
180012117
4198881633
3341294147
2673277643
3270046232
3287503027
3161038661
4262733013
4012215249
184355370
4276971346
4158524037
599553808
3893387593
3866590998
4261760409
2825422367
2862464230
2938879304
4318226780
4262168811
2956146924
3909190492
15081182
4011805066
4011866482
169910377
3075426331
3851822957
3327787360
3880676415
3659641346
1658426688
456143754
3836525957
1858767018
3370373233
23396106
3580439543
3883515034
3301092539
3321510593
3809556079
3690866896
3360201298
3556162993
3376359851
744165319
388997652
133718030
107190525
2907754036
2533542002
3886078096
1131283381
2514990091
3678704235
486186749
264151998
413258057
2444651094
360288489
21304348
2971574747
3220597795
342786250
3431952879
2740660889
3760986201
3893993127
3641414296
1037083951
3675092957
514872909
48373531
23408090
3072323407
33094286
3825375434
3437927097
268064511
66350592
31297715
3811019662
2899345177
2989073896
130386289
3885065422
2554663947
454036518
195061745
3371532913
3242499938
2163137485
1264911174
3773451089
41520863
3835217233
556320648
395625458
38592307
3093567521
3786509115
3827803813
23904063
2548395650
32284299
3246875579
2916221644
3912028409
406003457
50757980
2690188350
77065164
3841005614
3424040651
3558879674
2495547548
2953137490
3806311334
312042228
364942659
3894271822
336764573
3005755928
3554872875
2171064209
1529978184
1231605224
2956688181
2961215692
2774119710
3741248914
14930311
2941188985
3430374478
3449459068
1965099325
1928339924
3266538434
21387013
3921779567
495205282
1061202054
3156983335
29034748
851166115
3087276314
30646727
42286777
214465614
26589232
729174492
841867746
525959593
3438739634
2799352793
3237134216
3885426376
3702001217
2651798887
1625074536
3730981065
2932270805
3909509381
52457747
46424617
183445191
774627390
3841630032
84029341
568449468
171565012
823346804
3620090777
2886912706
103664306
3008309563
386868033
3689127797
317964660
144316501
3820617622
3934940117
3932789308
3299938459
3003843821
14364884
3100426767
3172671797
3937626677
2157529692
2285197633
86128223
1226196288
983605208
28337059
26239665
73501193
3863105800
2942128646
127803842
1696068666
3016051695
1264833282
5773842
17655026
2772103958
3875665572
373160058
24017951
3261639494
3038210679
51895512
3161268387
3741571396
11074992
2370063706
3830568802
2746547477
586595201
3434399081
3945116296
2159883746
405934505
858917348
3881669114
2155442330
64070806
3879667760
138447566
3387596484
3193207292
193325383
3884801054
321373060
84241998
549664622
2932860402
2298557759
246682706
75351592
1285723214
2906384447
21105418
44391022
470647987
2444841548
3886430052
213882911
3899130970
3568166233
3826716142
3143604934
2371887134
14164956
2655523778
3955172656
3862590013
180532196
3308459474
2716199348
66543978
3285784334
3370297960
3837515780
25569685
3420830933
88231398
1348492843
3940219475
2920938540
2293445582
3880583258
3285732428
1254242676
3322243710
3424862128
3874706838
3877554014
3241860520
3941477603
192769917
3826219671
3963789081
2527560925
292837645
3298610915
39596161
3948633616
33120343
2789186859
3505163608
2159491553
2945716898
237843163
3593047812
99217375
766392355
491024457
15759220
3031757476
3839304793
55953454
1365596972
3675503173
365608749
20240004
552020579
748347528
359432224
38586692
376792004
2846735789
2989733056
3911898373
2736979917
3698124623
3214328585
47130425
3132236023
321858503
103761818
3351886223
3946910069
2742265756
2283003570
2835897847
44251609
28407116
52439981
3864251054
3181129843
1511537028
19224185
2501071740
52931047
308538946
270071861
1463670450
597592487
3907759214
3900297672
3975048501
3899307312
415233083
3930087854
1536503520
755897281
3982580445
1674103135
133966349
3308494807
3319642556
519295228
141347953
399259212
69852272
3976620419
2187578190
15927138
3931567454
3005122487
3978853636
16600574
3930334332
169774282
1477213568
2919973936
3105493374
715284690
2354486375
215313117
1183500740
3842282355
885303948
3850612754
3484650498
3684289753
3298387894
2409214764
2377173391
393416757
246458465
2504361740
2957249345
2951223129
383087506
2923625658
2926511946
2426883206
2900508263
2593171043
2901318029
907221685
60479394
2850867788
2923556964
373898061
2880553435
2774229334
2893080130
2244609876
710135114
2878183875
2907876133
2885585445
916538143
166062807
2212286076
250768459
304177752
153867873
2362001990
1264231620
769912584
1881047419
1689021145
2275208040
2766532981
254260683
2538320492
764998956
52689846
7668952
2603133510
2942584752
2893510168
2935524625
2949340236
2950469407
2945857578
2912592771
2917197513
2927216291
2233136804
2935026941
2207726039
2903205500
2704266087
2709637458
2946047528
2917339035
2244067694
34886750
2949105673
2938262613
2567058438
2826013511
16183825
2854722682
2712305252
2919652222
2276520304
2897405289
2683832702
2232151070
176224390
253005763
40018037
37002399
2974205131
1284873372
2953650980
2269626829
2883236048
2919256905
2940757853
2449915825
2964049457
2975315207
2818759874
2941474523
2798551444
2986769846
2974461656
2838303621
1062918108
96497564
2535498307
2737296927
2899204519
36588427
2897346031
2954365280
2955575321
313816468
510665404
2934795503
19792372
2309154738
2830864944
54278604
2983538640
2863574275
2496856376
2994930175
2925067949
3007543356
1616296807
2428263166
234509004
2971091517
2991451024
3021678376
253289197
2766172912
2988556893
3003846747
2980462222
76071665
2528597647
2991759425
957574044
3006071805
3019450012
1279311470
791483983
2969976726
2989266644
2784564969
2996694340
1436498786
634501197
2976600832
2800287175
126745913
2248253214
2841940522
2435292441
3037909359
3018470724
3026949053
3021169577
2551148396
3009161012
31414855
3018873050
2978946803
1401482335
2347614402
2347240945
69445227
3033337592
3036632588
2952200526
1325956346
3044037249
2674750316
3020730324
3013263214
2668783598
2830745073
540461478
3018716150
408055579
1708542456
316191601
3024290916
923531838
197657553
2819654525
2530386090
1616015100
1589297444
375958871
2840199634
2838562726
1881450464
2860155834
2586167756
74622741
2855656100
182345452
1661253876
2329075215
2455392403
859134870
29015085
2869193791
2841234311
2866751395
121084615
2611362140
2666918970
1031599578
599850828
223604189
2810529922
2858137479
2806181831
2851256627
2456517415
2884499941
1643762905
375375420
2881049191
1527627816
248734530
2319250477
2847627276
2850879288
1870159364
2893235323
2615706528
2430687962
1533951386
2607871357
1973853516
2729381894
2655024440
786794810
2437829395
2840235112
1120957436
2897216306
2800422295
304646836
1700765479
2873062650
2820458940
2444305812
588559501
2575375737
2232217461
292728734
2874517480
2903911783
1113332239
2900720629
2814132798
1637544462
2882588025
2288888864
98609332
2345754320
579221425
2879557948
2841952426
2898154945
183748551
1699671378
237792542
2835494894
249536554
32307520
1607960815
1420365740
1607043199
2872373007
763840530
1943520012
555266982
2529725119
279834898
437056059
133844190
89447043
786823254
406687389
458836357
2774801147
175452679
2574234401
2211743659
2383592696
347206169
2799414773
2838195847
2799787347
1022380028
2799689806
595663631
346534274
1395836245
2834898624
338298112
2766772594
443328011
2833839390
2829506334
2785913633
34327520
2831169019
289055077
2479344294
1633839500
2814949460
1149634634
2775855461
2184841976
520110943
1137380594
2328799776
2822393569
886230144
2821158306
2777349543
2820720817
465875834
1885669884
2857702423
316404649
1321182901
2849202506
568283319
314678477
2849046085
1566931520
2854240658
316215600
414464471
895403810
2606590700
2781641015
1093813626
321061976
2760144400
576425445
286991149
836880980
2742985050
32956000
2356431223
2832248234
2569690783
2521659224
26391721
45105778
58716983
74234728
30249176
837989142
2801145069
2802010961
2828577199
55730159
2300807887
614521517
911749982
20897273
83554234
1446896970
402944504
280884837
323514230
309331444
24404629
550521302
849132114
761671586
296078866
383957531
198039916
1077504193
1953234900
557815293
591784549
2368430059
132836536
16938744
2150853678
408778397
549498256
1480961304
2335852927
2381033755
2246665688
2446290180
2525041203
744057036
1566036732
37689317
2427968282
1400075378
2459625806
2471184169
46476526
167781199
17070787
470600913
17420951
722926494
430192464
1572781033
330299006
2350727587
33059689
1671913236
1320141588
283700007
94185758
132482991
1041912878
2446017219
1324617870
275622946
1968863718
375301983
1520957120
232684048
236971114
2152831534
1201680852
1289347933
2240504065
427581854
21361656
1869605358
211504743
2365957980
1296687265
928937485
268475406
2362856874
2172812246
15689313
346246528
49269927
1556101722
89166066
2192829251
1076536778
464682020
230240688
475059507
1691904890
2270841306
961787448
898296218
1648151226
2200001040
207375962
1341840595
136860407
821655936
2163398090
2326907755
2389601628
899050800
1396019822
1011315403
399124043
594705446
364692305
2263316100
800270125
228688508
156917193
710876933
2249478536
18933832
118401061
619812868
1120241438
198128780
1519579826
2394624246
1373244337
706306140
58278803
387205777
44714333
2429220762
14526644
193520310
743918888
996845635
299154244
2411996360
396628250
1546587253
46020897
122353204
204117626
294755184
560527265
148542772
2398310720
570192390
948041286
2162529334
960676122
2520784115
2473814442
61265642
86584390
433137670
305759370
305818709
306033802
305852846
218847307
218929427
448652018
41199873
319008556
566853063
102813674
311138626
2657348609
2605135478
2719696255
315596327
2744813304
316332127
183113982
2767822903
2615999131
2813214516
2808081967
2398468019
185901590
1140960264
2443738412
2579001554
2290890361
1393361828
2484634027
2429097374
15887449
420207322
511089775
1618737979
2572500206
2449513531
347505597
2394227544
2550459571
2552476806
2362540283
1316844582
2574888812
252660693
341448018
1370997871
2598112068
2239936452
315121616
2589053917
2359448630
2561373943
2378429094
2617044258
2612791830
2557646900
2605798503
2543507899
1654783512
1607049426
636883992
413996597
2185756447
2353928486
2338819525
2358104660
2342098113
2354191310
2354589864
2361424519
2333356669
2405962644
555116465
2282763876
26238515
821212280
2292752676
1377817135
2338761751
77308668
187505040
2221588698
2250133777
2181243230
2457684055
2167125773
2400093799
2362277179
2435128136
2288452033
2361818928
2339493370
606252774
2438995448
2449797243
1704313831
1455188124
2439990164
2439807768
2424279380
2482164388
2427274078
751598294
1626435194
2417205991
2414044766
2366586324
72650262
186931935
902679572
956349186
987775668
39648159
1608686280
244887577
1700229836
1680471006
2474148781
970419020
2512036820
2495482616
2471454942
2472175177
181399316
244805528
2335789962
2253559568
431759437
608148400
440979227
32171484
2497615470
2455495111
708583338
2469181232
2518839091
2487140641
2538118572
911686218
2342380929
1709579408
2504227676
2473935769
2497856695
1660785728
2275163774
2454147302
177543175
1147768808
2696958367
2284153648
2490396889
65895420
1299543554
1336747825
384941665
493510167
1646126204
760443841
2721667211
53862188
1499594995
2710216340
2728125065
1000926019
2711585558
473219746
2595468133
378419589
2716454717
2668744239
1347576361
2243699200
2427899167
2394328164
1672206925
2699157498
2688638624
2409370745
1870159202
20467228
364435347
2313410293
633114243
2798023903
2762166292
719612229
2488732418
584346457
2514101336
2728877232
2669289608
2721690231
2726486540
2479415832
2779232946
2401310598
1603554774
2755523572
1476011894
1501915219
2544138715
2765659349
2753171370
2731581693
834480680
1619336892
2468700470
975932443
2305171021
2767731516
2361462764
2708679391
2803413590
2695186682
2775572144
2709416644
2317410115
2276264070
1044503209
810438073
2303332912
286763898
1409846544
2230214191
1526906359
1396861926
1273392986
933130836
382350502
334848229
21744104
299172349
450647958
1657794787
1946071014
632348326
386185614
2240029488
2155150171
1686790926
370740304
167215976
1342219801
91200859
370309832
610282784
2308965608
2291969663
2290417424
2289759978
2289415560
2289143309
2282041315
2279102044
2272987116
2267311740
2266965701
2261441881
2237479166
2227478807
2217572455
1952431014
1938932545
1935225656
1545512065
1410274014
1397674460
1276199401
1177436947
868914276
841910365
566954347
557297573
442412067
285571393
173152634
171620622
71207679
67633251
19084446
437642826
15135691
92441146
2274366529
2264755124
1865537365
1370006323
178472150
74153622
20617323
2266252310
141618730
740523026
2277831960
2237945893
2236365340
2235259201
2226967648
2214561412
2183109778
1538760426
1413870348
1405228338
1403633190
1360669345
471700945
441577418
422747175
378094307
266420236
251874574
95003940
25454871
2163292977
572821947
599416827
2209495282
1571209016
1253629344
1227415105
599752597
117269534
160930875
326380075
2174487433
1586846551
436000034
223743529
