19064408
2178765000
587527253
3653697677
2184625664
21082293
274710032
7956142
154661114
14359877
15036742
50851719
1603515798
354197301
4150020622
438419890
142614009
22506791
53191371
23754208
92514626
308417695
48680180
83625926
3014276171
51241574
113683399
16795011
68440549
394110651
1652541
228023645
1114522266
85275190
438284978
154159536
80848486
20054581
299638999
49460512
2219808301
484222319
22473844
2409372451
737315244
3827245648
39797107
1145947742
311580724
78634068
412957360
986487872
171000782
3694981337
378175464
1358846960
3036280263
987018980
2568006013
101315628
829834795
35199423
33823446
475682061
148204118
33474655
2166846884
97858519
14085096
31373289
117777690
50348344
15016500
280165734
278983073
39899633
245782879
536138568
2232087071
106096597
292357389
237751601
1469519155
791642534
14491411
1108850942
1962320852
3096609471
121484573
69688448
2821205879
74979328
466568395
296185379
1456110871
237700394
46083619
28753531
420366322
21315074
292826411
208977633
397490403
1415838091
231527908
523721003
130108575
1638313591
2796047387
317173156
504477189
1548391070
21586510
2656636482
20052899
75896448
103065157
95646830
621533
325116618
14810076
3241029699
14602754
3117680849
130869775
48687531
3200186195
26201690
322641013
31712414
507842904
376699050
231748175
2274572358
498278381
21768610
373296066
78586254
382714056
1289037060
15529670
14291684
61781260
3131144855
14157134
112427461
2646381782
16343974
3072190684
136004952
1282992704
21327370
465965880
50335339
56679400
414709964
274620149
509928822
83584512
27847455
220317432
591324048
2426595851
237291919
104786280
2901176938
3067816222
107375795
2851132984
1225696320
631113070
300383228
19760125
221714905
34940114
2381677102
175331593
339876375
358104221
269870247
2906144331
292312814
1267599596
100041688
22128966
79173926
821336089
146407746
260875567
1247395826
294214802
27212119
16708655
107017176
220830660
136295208
118983077
856317967
1353963182
20345621
14518332
185365216
189654610
314003959
1465454936
188914894
2496683780
27411528
302523683
102669413
15944663
20668369
158755275
146139473
24907913
208996041
135554197
260810196
23602600
53374143
628251837
197378511
78874095
18973501
190041878
143039548
27443383
180327352
900201026
82960348
41098406
2827792098
2881816702
104857104
1231497649
150036660
545211003
38379055
261813563
176417651
2491487924
588999245
168737450
317405206
249674430
1343895584
426558941
191372722
119387997
267141114
21110235
472777204
1669707578
34956737
314483971
14360170
185597746
21742690
110426389
81812518
63463974
2872169027
133236916
177500320
338929022
2964323014
246459126
27692596
241065432
78554033
212298649
21856390
19088758
360667849
522250263
68939238
253100249
24514938
1630896181
295629187
417182357
14799289
1545889896
1510009314
1926978361
24074837
2191248092
223191910
1158186176
17720465
101447362
137413599
92806602
1707427058
14446942
362731476
148491128
20915739
22916527
2699619088
304510244
425845044
103012926
107452193
22954137
17881987
9535352
19586427
246934751
2365582562
80862758
622123
268402102
309601044
769621963
56672927
1562935142
10933732
318518837
21866939
2318712667
74474648
534910838
19709510
317704148
20036426
20527615
20990974
19976630
13966402
6307572
30846684
327545293
1512594210
238536215
104615636
45413510
24696931
14606079
63102793
760654
5764792
1282010749
29719911
6324642
50844798
111028116
20132289
69890262
611785757
281720263
16182602
14893711
179590887
19526770
7589572
23055689
22355464
267348157
300266320
388818684
23788160
256248787
18491626
11178902
23937508
19389123
475763544
60952437
128170723
279467883
7131622
508082470
574443775
20777090
92557214
20065620
262094577
15055308
22918272
22001973
216480012
55565129
20433786
65613018
781674
41874178
76956597
499455731
36941760
215679747
491208732
17024780
26985345
482088337
87472322
20132589
612473
7272092
14281853
300355838
106692348
18637730
5225991
151532036
16558943
467894517
215665964
252676045
27850283
142059164
81328940
15083026
25984418
47636400
21910500
465973
32493647
9207632
44093781
32441895
65684084
211495869
299200466
23052639
20788119
16459037
423804164
18637268
314515684
15947185
19440863
58610427
384302214
388243408
187483171
80402562
8170292
196777778
327853392
395920835
15440645
75293353
18140151
20164446
89494374
37888235
160952087
388359961
16924234
15139049
401615949
50668385
125311073
42736938
170697948
159992511
22239898
35715105
93436144
313459249
143779403
5402612
106118793
164620697
31406907
112190306
117366399
16683666
19906615
217027325
25875397
74692745
19900778
185306056
224218174
243630696
304405388
320697873
5988062
159125669
190651777
226195230
155236184
120534606
16633956
250660826
16139649
228438325
171435540
30257977
