99852446
1280294108
14774443
21097230
42602780
82697426
27673327
1183313700
18000505
350987862
167835183
14517467
19074827
14883339
21903605
4442868552
2836165498
4503699792
225245149
2513434939
4444825872
74497978
4008961159
14887144
2437992450
91156055
1636475024
2205770730
2178999498
31414477
3097440130
14962480
240527238
861839317
466356419
338632203
2717720396
616714985
93055183
2179785058
294345285
15345588
260027237
3240397234
1705198760
2427709051
361031935
95967038
193090142
15237433
91738766
1603346605
246493500
54891676
22059760
415886095
903368942
22903724
213405100
39797447
1553936587
1141094576
133419394
2332542008
2398124485
28419295
1523131728
133835182
2177676990
1244778937
1347488155
2639936376
58978526
15254823
2749700393
10033402
1566329018
2491526772
190372743
42103301
2916040579
558973249
16480721
15295263
15257851
15460046
21124753
14862690
21359810
17907968
167168396
524747681
319871663
95495064
15842005
172922194
19915883
18693312
919757154
8384792
1935158772
16965547
13971722
319858566
23068708
357310745
326119501
3813583877
4352313679
4313682373
179334563
2557056312
236444013
1517716502
260113065
376271986
3609685586
72003257
3657272782
4323375593
4151257426
88301300
1338139406
281766967
585579936
3327179652
15416816
1069084182
41643161
20733103
2202035736
2204959478
1606623798
424333470
577383533
520879578
4074757408
4260967762
3311576778
1483114580
474147942
17477192
98684288
943751
46145761
1616563826
2422349376
291345395
495124517
20745460
16079276
15398071
12798822
79570653
174740894
14647570
24881388
26074603
45516390
8653092
29328707
2468109192
15407160
2409170341
851121540
21989370
587821545
249680842
238305347
3285838345
4018078673
17951716
43403000
1558938314
4321775474
4321544714
2600284825
220769949
853766618
2485527848
3701455462
4196638876
627835207
738169051
1408242366
103386775
204129732
711274976
5023361
960715411
2274494117
18179466
4235979634
3435357323
2826647274
56050543
3929175972
625606553
17839886
3430545586
4282736600
157064188
3827664912
3991146975
619422208
342216223
206659614
614383251
28374665
6687772
626541639
66799210
1160875688
1170280729
468445878
25388528
7882162
90376250
2358953762
1442148842
1101487382
632002476
1658013217
498194044
280693341
238770110
108493356
14385944
149590869
2169014442
15674532
3035096287
1280573660
1726041176
632867726
36408451
2860358210
397278303
602905534
50070715
71562842
245820002
1317062689
28373693
27695964
36723796
78385907
2789979398
3092065196
23347657
2306507664
410118695
18906863
34803630
1638483979
2214490890
3243760531
3526797134
324986417
18924665
64096281
1928564228
2331391226
1511921432
2727733603
14910399
273603872
128991947
204954716
15130522
626047922
30979106
364791203
45405299
3148812051
3291539916
2651589462
3383794999
3020565868
608629239
15293428
959225258
48415670
41914846
3419532078
2393658834
40720843
21604783
39330574
2882780161
99576733
280342098
202316319
126728111
33884476
160644204
1112183376
92297848
613062546
1374719214
854753742
3033906324
3196632236
19221761
2277717031
2555990970
2944143909
19338955
20402244
2550727856
28407101
836165316
4192931774
16047616
2298070262
1969351651
3210915239
15283328
3154881378
3147499719
3300526697
4172716519
1873374565
322641434
3941642537
2273742937
4161227952
3815840894
1003046185
4105341675
153695281
168233504
989089172
15520499
18763669
446416798
2559472088
2483063504
2263223802
19074657
6354572
297975078
3232798105
1160376710
488554772
847845907
326471737
3218799060
28123081
39239841
5637662
30715386
296415870
37201299
22753317
36724830
51898513
15073938
71989169
534645588
441107488
1617532554
18774409
923465359
807891
385884082
404433545
2457142208
3298164235
74825817
117067079
58766825
27715547
747880212
50651800
1085918052
207301720
16169842
776859445
2757098348
2291660286
304520475
37327217
198566842
234937767
7512432
3345983735
7232372
203102586
184802821
47212299
61367547
90413907
15101789
2491309992
525239026
2885347571
2918928750
21697654
2860434625
3981977788
130954763
2603316116
3315496582
3112292000
4070624239
64895627
1941809744
29719864
487534253
280678037
124690651
464923915
370164108
321426872
1430829637
116673067
2377462208
16688896
18255290
268406927
3367941941
2726382536
2316158822
1550680362
2371807327
477958498
1281376746
415569330
15674884
29165172
2834542935
335082978
1012460306
32776414
359442638
13168562
142342983
1145864666
18887101
106817676
4049546361
3380313393
2995259119
263918540
1383544350
248965741
2314104194
619186827
3756371895
16218971
433009508
15821724
4017070994
4004146872
51239107
153974862
398550157
81998705
2841962009
15968674
197439011
3003321917
482324181
3214265059
2972952311
203168738
2546288803
887157679
2734519752
739558897
3094949373
1595754858
90777425
23388087
12691912
4010002107
1170569377
17636507
1164253440
53075852
3243697759
3253015920
1711100629
2915850008
247458967
404385878
720257166
2265515228
30511684
2897003605
2918718798
212344375
2787091239
153998882
1692216174
3760872734
2661441636
1510314415
147374788
94146211
2328988658
423658418
169237864
1094164308
483911558
2207211021
570479275
2984450157
89036871
74539500
1467432157
3236536886
15287804
3906707184
452181909
1886676410
1408286328
187042490
2601826230
358891925
3251690359
757365218
17038777
1452084475
59430045
3677342538
49715266
461231314
3951174076
354589333
617578985
89298213
15983748
106521806
310355322
15852156
15863055
53626744
11894212
1665971366
3249975732
194736696
34487928
2239821452
29847335
491854533
213339721
156842507
182717494
591955292
1362823092
3198436402
2317608780
614048757
432160431
3041011
4299921
11137262
2342498372
106323741
379730737
1372658461
75652877
2238147660
26578630
3338471265
409029786
994812181
1453702609
20833173
186894485
19201769
147937899
3556294939
2481361455
519939081
2351818092
2093691
3486562997
2730128010
1128600812
1091253361
29272352
3435179277
21095229
402336453
108113524
92128097
223531202
561391322
104100306
372892473
764247421
2998662848
123767543
1546505467
41621787
2729531237
406013931
795083826
589552353
3843058522
16635652
1101702176
23075847
105810697
14947998
214113720
3003388666
59134765
3192780476
3392124460
3528396253
18585635
3099593342
107146721
402596222
14125053
101465462
14986275
3580829833
109460638
2492828879
63222782
517929685
3060221971
3074113745
2803876134
2282678358
1137507482
203271594
2343570110
884431016
430167464
200518888
8870632
23373309
3429194985
83996423
364387276
45690330
74172622
18729400
3357492659
360006331
3246536365
55050603
34494010
3098304954
619101692
2227274217
254187582
2371398276
2455696316
240141067
3377892009
2764860844
168225662
1598506038
3271084177
1205212286
2924097099
850078789
77003690
236937010
2376168798
92356909
3130269233
15947025
2886031072
3559485613
1587530371
1384420868
546828989
1541304800
50627689
10182022
18354504
3243122056
2875270251
3374600248
597102512
369954554
2968687408
2845594414
2903168775
1621500241
3656143240
3648435974
112272100
40678224
1288823004
5779592
3198262114
3404832737
193733409
1703151330
2790878431
1799551
35419378
190997738
2463677318
937464374
31591773
16425672
951721178
104254030
300905186
270771330
570511855
15085627
19073569
355814539
97273366
78458059
1873036064
989093120
933600193
300497744
3352418265
247354615
47974988
16622707
17222002
38239688
19539565
152509836
13476772
156045557
51446624
18699452
18790505
17747825
16967513
17297435
16724634
16514457
16873407
16225155
15683038
15542863
15500991
15484889
15261077
15272579
15246024
15153858
14995759
14754680
14366015
14542994
14381064
14520241
14529444
13527902
12759492
14095288
13985012
13870732
14167658
12703012
7576502
9322942
1030691
6510602
50615562
22026714
30501584
15719116
38607302
81105864
71406714
177644494
50070938
97349091
74073255
44152051
34562393
32428924
41599247
35984943
31786243
34706024
39268175
29646720
23698537
22831670
20403678
19303693
18928294
17870798
17505883
18248897
14856967
14182027
12584542
830051
14696463
32118306
1252944451
193766614
185519441
2598410371
24698647
17584784
548811806
3318226040
361313270
431423387
356795960
1653422460
3588301215
1529510018
1374799134
373128437
29136196
2358315854
74330241
14668032
822089480
80623140
184056121
40188577
85370022
312254125
59541361
15453889
56905329
28823239
63479425
104366652
39438261
29358917
31289390
34167963
23457467
20177365
18538034
16186897
17220365
18361510
14221332
15317720
14498740
3575811
14590312
5790862
1159661
13398282
6040552
1561541
1219971
8633762
63169811
1375344108
188772120
73481065
2528248555
870761
10181312
316468249
113480384
562922098
113778858
112816535
632210258
818796121
2361657150
27430717
346336234
1497035227
1974794401
16857936
3577452617
1091091222
167800731
554627374
239154333
950763318
351208990
54266542
14142065
3014917977
275028829
63559014
3307171077
2257558088
805690351
2682488342
88770476
2458593355
81022119
3360498490
426137336
1879529384
357550320
17010120
732031784
1673982708
1308647407
3317250981
728589560
17333873
2652160387
55141677
1248836408
3362347753
428760848
374061247
3370003816
917308346
450934978
3449421797
3349870285
18910236
19304322
18036912
16364172
15468470
15271331
10139
6089942
9971712
34659230
64764782
26560695
19753333
158048404
24091065
18803278
113228876
18108168
15456609
95992371
145761676
350543741
3308405704
2467794759
2834703761
29613554
2728189940
2535087750
132612444
2788244004
1862575446
195567793
1411144020
1262776610
3438245169
92078051
224442781
3319348369
2918097253
2291853852
60593111
33321752
346677668
3120583712
2487234913
61111051
3101803129
122439256
2942873588
541840239
1959890389
1080775988
775091372
3070401150
1323009847
2740700658
14174682
2337564180
67133642
595574974
3070225811
8476962
293735688
14325709
450951052
545823350
2270806117
1416263664
1876061431
50110811
23606123
20297449
15158115
49745151
17088337
44507501
45423159
21579663
15492983
28339480
1176590384
3313954292
24245696
3360665921
12441172
11208362
5447242
175502716
25337485
21399931
18349779
17292860
17518954
15061403
14356776
16452557
11415722
15046822
24252335
2986659274
1642976870
2235974100
3188115151
2508373617
2217985830
52105243
10054832
8868652
7080712
7797072
5674192
28403386
14436408
14312817
13071302
7142912
17947972
2606
36866522
15961519
85590640
5789762
69813051
50151944
67630887
17033509
94408610
7694612
67385650
26151759
21442027
21542661
54574248
50854106
23440172
16955462
7979002
6333102
6222002
36384205
2432291024
167140061
6007482
2776536844
48081167
3403611358
3005393877
2852278730
1118202872
3169209138
3407709676
1189279932
33356342
20551383
20020302
18008972
17948743
17276646
17560001
16274172
16027379
16368946
16187953
16545315
14135098
9548442
13296182
7465172
9812242
7143952
7381352
171222851
815951
20353342
9268752
32456773
17526891
5120231
67604866
27432241
24143622
23557188
18605986
14299391
15583004
15829471
2563341817
932258845
1858567860
75587044
460526329
16398591
702356664
3308374758
333803972
249509421
339640500
68312048
45442027
27093830
15427967
16723172
9747232
63219357
168508631
14729597
17090804
34745940
15461168
14838013
17411147
14724577
7445022
2052631
7388172
178021115
158094560
80988396
43650864
38256247
30143554
18965534
11237512
181252194
20552000
27968198
10104432
247358951
1054034894
50128726
809018742
3295980410
1144106444
1072796952
378797601
226857179
937573465
22257378
207570335
171549459
177342960
635670321
39515860
33641934
33588515
35969407
21062802
7110832
9008052
89080915
502388406
417935994
15613026
52878836
475051326
1194594229
208564843
23220889
1465596103
387130579
23077476
339515882
3394726036
3287809394
42516234
2291282125
858299570
989035387
2800001810
42249979
282834747
3288215364
2735447292
1875975776
377464350
3296220572
21848148
1038726722
3107931721
28445123
36231385
3340823086
146451202
102412552
14240039
14336911
14645869
33330833
5844902
8442592
286341184
21231281
113784064
260216717
568488523
2839766175
70131275
3075017602
38819494
3236429769
586164386
508642914
1528624058
2561827117
3040075543
305357714
249510379
16407661
40285654
183458816
202704618
276706656
2180630996
1959304404
1960967700
3226176747
48627481
1061436618
609893841
936916208
1278600421
326777059
26638858
469020142
2208114216
613148381
47505677
2234578657
6727802
66339710
50183289
2573985645
341045779
3376074579
40025354
3068106372
3379445121
404320679
132999984
3280900399
294740036
2812026097
525772875
19741253
61002941
118366094
3122470538
3278925883
228799294
14248423
3280902013
2358790998
488718786
2337823843
48277190
370356032
499975107
3144109024
542119102
2427629503
136145778
2724486890
2367693487
2467955190
3273531096
2234667228
3277013414
273586253
1953329712
1653801295
18531968
3234629976
2231723754
555485517
3318961155
2712347886
17561074
447436613
2756930672
607421480
3365156344
2913256420
1925057678
336376514
3349276841
151097981
2670196717
3145577986
27505360
24425993
65524233
39243538
2502008454
1374249499
39517682
3269234101
1306500643
2387072300
1616664883
3266434032
603088303
3266388432
14846802
12551072
2327585274
569231839
363655877
3296721418
259411490
273229429
16671992
32233514
44694288
601053126
24152209
612889857
2214151502
2793396531
120508563
2326139065
2319278858
6122142
996194065
267948901
515888500
89817627
404645235
351033583
2586242898
2241139044
345377766
546033286
164523734
2161923204
19928927
341179675
345696646
50447280
216766010
25348576
138530974
29863827
182539117
29769484
495519949
426765358
246339818
14084352
713149026
227392559
225074059
31520228
364694593
380438861
200715240
18825537
9499032
484513010
15194262
188355421
575680228
91192754
894718334
2781398995
15894074
353393958
332993870
350988264
188877829
1942736053
86241260
759375067
1199413508
1699523012
206697456
15906468
10283632
409466463
22049097
1965223513
188104900
28918374
136300769
15086936
6653472
961589635
17449898
325063203
23438020
2826747043
338750855
3229971913
2408234598
818270360
472364452
38183016
9079982
15845655
27169069
62552214
35812001
322719208
283716944
24028758
22425438
3341812377
207577171
44105888
2847862249
522527489
514516653
2887593352
231697045
384914534
3016895425
370447320
2954420253
2808036300
3250104794
459586511
52139671
3328624311
2493740521
2841069363
3242530290
3221807533
1520598756
180792080
733433412
2358955032
2339053424
373071271
3329526219
371913525
87726404
436204738
621349879
772072267
35225641
16215849
483232642
163312802
7300242
2377541671
618561152
194580570
238174920
508015210
11010622
1138618045
739293
703039146
86967387
731294640
14528703
1617860004
2364688028
281318118
355859703
17021196
457893944
188671447
486057429
37109401
2374373599
493475401
116506002
843616664
88755987
3030477120
32594647
1691391804
231164635
22008624
19895339
15066975
874534344
1143964736
2710915555
376553775
12165362
1030843046
67700256
1886834456
90308371
33044273
27489331
512225400
27640961
2846089106
43638469
102588754
186541725
44988185
833932568
263701101
190060524
69592364
2319960139
133835692
508227095
1688476070
2879947290
2425660908
181590690
316594336
19028149
19916058
309728602
49062855
1388695621
130839444
309725362
294957963
369077556
40307972
21298137
268999745
479720287
23904489
2839808936
113188257
177665568
2393124961
579464821
1864016083
3018222243
278149298
117825013
2447452747
96194888
2230419355
170023430
558195608
74620263
185007921
27990727
2313699698
143381041
57727375
1284308034
34342722
459600684
16061272
860336701
785901535
56504774
18482519
536468867
615313522
70112088
2209235719
160570281
599253619
141021044
336889059
1137178244
75603263
16598654
26895097
2233634552
14506166
1073488345
293726031
64416520
9430212
18989535
14470985
259070225
524442626
803399904
2729019203
3131433053
15148868
561398560
729643676
327918869
417628109
155960503
1517023796
27721736
51714568
785430085
354829251
40557902
398314162
947879785
389107720
32020934
111112930
28507649
522640661
280296086
612273777
3008882862
584080110
470726059
305074377
278320071
858497892
449420995
230766868
14638431
246311335
236478730
1132476667
19470018
17674488
10852092
135337873
245884176
14662557
17078982
15842148
7349792
181173439
384881578
7538262
174771061
17392500
268913643
605866697
196170056
565490919
3107954710
75298786
2820451123
1558451084
1694164154
2273179393
45220230
339070804
294121186
32228791
263456055
393832243
15649724
22670742
235572729
1631604181
1939198676
128688675
257670604
141655618
37333454
65786847
608595795
104550979
2781127842
162456266
44260329
28907875
294350867
533788382
979734199
332807350
2483964565
20155211
33401794
144552023
370106862
73911434
62850751
18437470
36273160
15022004
525048177
29995521
1286367290
19744509
17009186
1945631724
2316140778
25000109
1152908972
344754808
351337421
567312267
12975072
180100294
1347097430
1246773750
135653870
1322770194
2845422594
381507961
42788042
613063898
248345821
2433603445
513641390
7198542
40717986
249024896
14847927
519089590
20394449
519556872
48156235
331065992
112482083
19625920
1485043218
316192942
171598341
20896281
395462920
155982275
755569272
787410007
801397620
20271948
18174467
222955581
41828052
99613469
174736204
352994400
9088682
778108646
606831166
475037562
62540340
263385107
18591485
2550449089
1465296480
76251906
56631980
297934972
12422892
715043
5261231
6572512
8023352
14577295
18555344
11112092
28686416
15471983
14302755
102466594
1180486248
2691114823
520425565
298091232
448434378
19693956
62921625
1129178424
598752748
800721024
69112412
197846037
2280854419
120167442
60583625
605555942
247089666
2177932705
51491647
821197404
41290392
7747212
134068107
399133898
24962648
542102119
898770306
326458176
555960096
14055103
96820958
24409578
1135730684
28898797
18686072
416519154
403853648
508263695
394321582
495455725
392084395
21045802
26076220
49204838
119557737
263960977
2395185904
2691441229
177647628
35110129
2447696006
152288132
1651162832
3020272996
25103967
2455522537
457661675
396889418
19052073
16530760
486773369
133107708
234049203
732809780
328876977
181022049
67920826
1525524404
302615537
15046088
113707995
169921166
457028317
550278084
63140600
36971606
158222705
53894796
632793321
302983698
1613502476
1076868258
154653153
9626362
39250297
2393099288
952950002
381843948
27126881
570931966
612705756
147622811
564087364
163334558
21602895
357513901
488044892
27947614
706305595
52958946
44504668
23278238
201845082
34478747
34919380
379207836
16089050
205739788
13567932
214208421
17831644
186176221
218720224
130304151
23547449
139861780
25780371
343149864
35348669
24005901
50164427
2330299626
20280648
230949593
332845627
281244418
271182655
747896383
561694586
17277340
2416446362
2491529108
135338904
2159642420
253175827
613435832
1616479344
403856399
68728013
423508428
1444612908
516625895
253151075
22147616
561086686
919621213
2422082972
2187588795
496674778
2646267385
153981304
327326387
2468105875
991973042
2435992056
120659869
2828096937
813220130
23193589
912828757
1586425411
1201929277
110206012
6828382
620322332
456224410
399209289
463306229
118413810
30315497
234014087
171331685
26546403
90440023
218672012
341803145
41939427
276545524
33882442
159707032
208716597
595012084
338628179
479160753
117627664
84937789
191722410
400711688
151509923
533129093
16572037
221907717
55066586
247977673
2205108240
188411869
384662923
414219585
893661254
537768195
21685024
92107338
131978071
222185046
804935076
1102293158
19632704
1578486110
367323900
225850804
456943088
168309239
339289291
104381113
25713051
512207769
58324184
1365212054
82280947
378944009
1536969096
347530873
503908132
344799641
198200087
264474996
2569843857
101066383
80151950
492355851
19409897
21816707
1882973634
82468359
26159450
17428910
928705442
414200650
2612500041
949362182
179308706
91885318
17907986
427492075
253129230
66599357
1569213272
1389446222
2991590526
509503166
602905655
216900952
157826310
14641167
18713025
18783501
350965208
2211194119
562114153
57044678
164374168
465862895
119194012
250313032
239980622
10073022
17232815
2858494363
2901676708
29570430
2731596049
33841276
15844461
182548490
453317354
244174587
155662115
2819835586
33383469
399081914
30755720
33208358
361447933
47356178
62073251
248888844
16457677
1276388329
365264429
25357355
2732090154
1225874094
874502755
407232388
1265821939
30589213
1289630432
568664021
16288260
1553600587
1577858222
707480035
316191674
948442854
482077366
237777427
179139376
2166769448
485253456
1216487329
16887561
902566292
224074946
17759066
176480675
1490481608
702147457
179767286
1267211887
1425842120
16453494
1398758911
1648142575
184865650
393618526
359745739
1553504036
180218157
319203447
804707094
63237318
326275236
257693775
227756459
402396748
936726380
562968655
306393798
916843470
146098668
912597408
870222577
635449782
106551704
14761821
1948682886
853111514
356197003
777055837
348441363
823766966
163961907
1420781660
1615895220
860150528
1017808112
1055283522
2883701868
29736968
463742948
426716191
193144627
339724869
52277004
237044061
317323326
14440613
193004578
217287040
182671506
938271330
44468384
130675726
288898882
61207917
870173448
529014269
280678008
1484800519
248469714
248980329
109675875
2365910490
8912232
17026041
2482295695
491370285
17999080
768051902
21021891
631303593
612021842
36873922
19207591
202888821
271915137
551326408
18830470
1271632388
321139611
7008972
179248364
184265777
591017088
2149568726
34626287
254218142
563141821
23501907
12565032
325032706
17342703
1676388038
143170980
13451802
25432174
381073617
41683371
31572948
242727646
1398650018
2205611863
1468173679
274052942
151295556
44682276
119784462
41190190
205323477
85606078
260462570
122162103
41668439
502143166
426913896
505968799
196769475
93914412
301030629
380343420
198632650
287841065
41423829
95288092
88816329
384513941
16333991
32412800
24272651
11171422
602320799
1296523658
50382429
415629979
19401690
479998051
52192850
16273501
483398225
60995819
73765154
11571282
29447358
351995076
22833062
22331865
45955381
14157887
8555232
101294519
173514854
10461
7806602
2902901
16952065
16648362
34714088
299394439
17884321
49127759
28264562
17964863
21234300
15047273
509072606
98939387
4132841
12859012
7108702
21827584
18389166
30778339
384027167
18615528
21083557
9736372
127602869
14091301
263363120
54212456
62868703
138624623
782975035
268900165
14435488
1224864422
78377692
544820562
386866627
1102347902
19432206
436183778
77025501
26258900
85332821
388335688
118975084
168830758
54595030
49025026
312854989
19616718
90778418
373421465
60071387
729654048
1081578680
237883490
127423191
229153780
16787430
16800811
33509953
481817212
541908382
27927817
334848344
862933723
25197710
41967463
297182759
499846759
17387359
23888835
140136223
18703437
774497418
267929743
18243006
191675244
31041158
69419280
143421953
350249267
38311685
19349616
395309149
20119382
361447279
459988178
16424044
408104549
51339480
217076406
148780457
18228921
18227627
213795411
38500966
257150435
370503440
187667897
69666312
5763052
30096634
746923
18590869
12363792
5388852
678403
7095342
6567132
625753
22487278
7458942
7004382
112471133
30913636
21318607
118530377
15335662
44873497
48203749
185397767
15147042
59010637
415886498
16782725
279063219
230246807
16664872
33235204
17759148
16566825
34011379
191158014
16679681
16714347
47348884
272566480
16028750
52089472
4527941
14642816
22650870
280660766
16017996
15738935
22705189
132577409
27247847
44684547
252770161
21337440
14275261
42871498
14073364
16621525
75060502
38518844
64859300
64860140
336218991
36665547
42973716
107583928
281558724
91374336
38714803
104606207
19035191
43026419
19364128
88008922
159543123
14632689
24932783
148809273
265026813
272561168
202781239
54646328
212463613
17397641
165150663
52585930
369077153
35978761
209762463
357807352
96337193
180648825
227699941
18368680
16724364
36804418
32176000
62560704
18678843
17195902
21801907
274099940
620440938
371903632
26396463
32070022
36740407
246907236
49686679
19002707
41682948
310630578
282280747
17899109
130559155
87065633
179525103
393458111
19632170
16212766
211949928
16430138
72929055
267540536
426123233
408975545
174621870
121574312
380482082
18003583
262480250
486921354
389100702
41305514
415745649
33732102
329633142
57376046
213965401
22016217
17467699
473657529
104502462
54910019
187046068
74351083
493482174
166238982
379495794
26659065
368963994
272044912
369003132
306397083
108537918
365480435
555483078
67453973
361643548
81807962
14258810
565550084
107523497
200216812
556835702
569347327
271408525
223782058
370083005
500233694
180586963
75167900
17302642
596516405
439773485
223020647
472531596
29970142
605712914
43117567
15747741
355265798
310330192
22865471
622502373
15466915
577794054
17535901
555293584
73174076
319364964
771561534
21156545
119537235
712856294
758635032
783693931
808431788
259878262
20241928
291926120
29719199
239599938
15580952
31611970
125512325
590953619
451877951
299018163
19551063
266897679
25778539
487727910
36026329
43332464
224957477
231755703
279011610
92802059
17139034
772589844
708361766
132359339
54808525
16689804
365681317
525958561
220225184
536183787
148228824
62681948
374180385
178057744
318706810
39987931
80861081
85912495
378801405
119984838
46702525
55963796
16161858
447705172
43274318
90675700
454493825
573797806
594776853
36680071
313216183
136353661
25639323
221232509
59106116
84470370
585954635
137731109
32578531
21250247
539151988
593859991
593149168
496436730
16670705
218600006
98446450
105289410
18889328
475174694
594215139
525786922
30268285
376371636
15446261
15024454
603882811
195804128
365866711
295522620
596729895
20695601
202281100
72958224
38835727
226343027
294215907
613994026
24927320
627869515
198242523
264501860
18281088
19690841
10697282
141850050
579512140
521778168
39294662
276806140
636447931
102812285
702364508
22740998
703278794
142961277
114851156
82303907
64627156
15692625
17762060
423654162
381466040
304711663
39711931
224390432
31000590
21043806
355964849
32213544
222495262
24957236
403530002
44254429
289403282
352030912
522672528
115757828
36398361
372139590
427027903
482349480
260538988
499097715
25026581
20554189
76758916
92633573
34376251
282498129
233831798
491521525
540524830
465347783
261961245
249428974
531152945
524901283
432638473
534737037
7325352
234105238
203061249
45421548
170571490
201064283
16950069
541415609
250416182
438799296
541619049
540932153
17551873
45693876
474407303
77461672
301154612
537652814
330230802
538641668
215989468
70628472
541967450
290653802
50489460
138037154
17251182
474274778
20345539
76251045
35501540
513803065
29661274
223031259
347572013
174652275
21103430
55625324
157078145
305684128
278392354
22656697
15581049
19569445
491383815
525515517
19422519
386744869
31409619
18391398
16397453
16300396
76679774
265533781
14709493
69704198
194899934
47507850
431288025
343611626
35467828
265172843
35034998
543447718
14386891
348033851
33723107
20806946
263508608
24963963
448454569
527036546
304209879
44106429
424652014
97520084
128242818
16513652
27730192
326333436
25550665
544464368
256553533
544351238
378164043
18507245
15518239
282974671
355034399
238454517
173110050
41792610
544807620
247546879
87604746
493424266
388109109
252890019
66587334
35684799
353554481
15342665
21775321
301449959
364867606
485482201
373062474
535719341
18779841
373472504
357180487
179241124
214477458
161011814
21557490
15068522
26762416
30687533
295887056
473584949
511933612
542408918
238593571
439296502
545519373
311755935
58577893
102377375
237456720
410096033
538163377
543793030
527232690
25584162
196790724
24907127
124088391
32366412
304511623
533180545
545904765
454750456
31168594
285409640
479575858
504502801
468573059
44510851
196605163
415063186
254728070
522500223
370900070
537200887
20903505
113514666
235425236
180773745
60909863
48984829
70476788
15838701
28781837
517934908
524494117
524494420
524504864
524504117
61160097
459569299
296489053
262981141
34613437
493730035
3172701
487717476
52570074
374924041
40320673
27712910
505086443
516639587
435804632
40193500
462416469
519880731
32429092
250478319
22346406
417469894
26495445
264909710
143145311
9897622
34530489
441216671
73521769
508220713
379251875
13191052
16912160
328390610
52881959
514144436
19596074
406297747
46936772
34367096
77061907
119784868
135556405
399899260
372618620
339948031
321449398
525667222
184912599
418023876
296377934
531218190
72447790
9711342
368319871
17391969
18247284
388017532
423069334
54602752
332379319
287566092
3092291
151593433
532228842
30253088
3224891
378791336
503518609
270168597
80322977
16157951
156775795
11294522
48834856
159649567
38199650
274202797
177422078
390247559
85625620
242871502
418757626
415665859
502004378
186122578
15237481
28469624
33229249
269642097
228114792
392494313
86682886
15235091
17524904
625653
12829162
166283051
61760506
531162864
384982318
436406664
253132630
39216874
465912025
240111357
486610259
60339361
48522544
481470383
54211292
14615911
536142475
537796716
479212524
223481781
28722925
26579739
158829706
479218659
138318710
357270190
423611370
408961347
484723886
403680691
497192978
282200382
500210351
326130216
471317507
15781117
468706636
47705588
188309119
225867295
347332907
49221717
441689661
276789720
223205139
540879500
504505584
192437743
399136239
15264624
473485361
318821715
14797399
495799994
509636970
503394729
540945909
29489194
16307818
434733844
14884041
248894615
17859426
36571934
268401139
25712114
479213561
33419028
104240346
390951292
11108242
437768084
534625949
35958451
543891705
373472846
206718000
163535738
50261821
44329657
408769142
377588870
351819991
36407844
17142944
166020028
44017763
387328303
334003662
10265522
16676458
32298407
254333837
51080840
19265186
26034081
366167409
107563743
256113470
68919847
243719603
272509776
399788089
242573651
100076513
46794901
55292186
17268418
71573191
22973790
7494332
21705336
143964215
27496771
35415477
14300790
23973197
142746680
274793711
31567833
345056568
345964308
345468173
80746530
309125173
309214242
63761314
348211958
243327928
349934914
164383045
173672670
303747137
61490678
170088525
296634273
15603672
221205023
320822449
26210601
87579104
355823588
119076444
357088111
57499225
251003558
271459091
358359116
312384751
22573937
7099712
35048177
361409331
36101852
363903957
313487595
342224136
18564849
171901125
21432996
230842969
26756774
301639500
365760762
19867477
352730269
154722761
90117467
172491076
223691917
369813414
370271358
292988547
91264050
356573747
370718439
238346250
57445558
197370272
352066012
360072157
247365131
24424236
373547131
356283162
309973864
75652787
365659279
283284649
95491740
76194104
14999824
338163776
378598545
36155005
82440270
381506182
329588811
25815911
195728395
9202792
204555364
300098588
178525160
242848574
377518020
23758424
357925862
92666066
386761122
346872011
21060098
149162374
356294667
389690725
24765045
103886223
94134000
392729201
376887292
372185599
370151771
131304014
318028147
23594872
31043651
297550039
388883299
105888743
316186683
321098680
209466200
388388278
245703958
36963391
356636724
21172632
23249858
94119909
28298700
23454450
35497412
110437732
197200813
60713068
41721597
38087609
7057162
32522114
202922592
305896094
258761360
286836829
91757397
223920563
308564727
372565903
15194972
202320845
395566925
389090339
359740229
46233421
191713840
53416633
18152982
28207437
180327352
15600903
20409148
185903495
269098370
278966511
17236546
348679074
35795507
119086583
14666777
15311022
106523484
179423033
261908545
246058007
252327705
23672469
43529352
336644583
16623483
218726421
20412898
174275636
130934428
65657626
23906462
19957277
354655631
64052973
23718367
327591128
34294344
128162589
287803967
326798107
313940537
56898210
45256857
14446816
42055163
22097288
75890723
343883609
218272654
14607461
354330821
56683466
133016056
105952026
27151117
30853573
22485885
202306720
33924050
210927652
153362403
23339250
62862447
177711354
258155576
256752187
279091696
285907003
249850849
233638879
150010093
19164889
239531429
319821417
30840033
51513498
307252421
240246523
19538358
161053800
362064761
21249567
90002760
333613533
29691428
56825891
159207837
182755802
16348099
313958143
57306899
148308958
226336985
300689451
373617905
305578781
34787513
202364142
310812222
377712120
348702645
85739592
23328878
46441768
26967682
43608470
63607958
245424983
64259538
21763879
226409696
78040065
335701767
105873618
223721588
19180758
339313457
23943552
157515257
304010676
261813563
344289912
351275964
20821069
210211409
26276182
113832263
371524750
27138922
79011908
351186287
777403
151499498
18695936
14232363
21041553
30313925
20437286
252634665
14199378
272028877
39585367
15743206
12413032
121537720
97456931
29725730
82963512
6299522
116324294
67727882
201882918
182005056
115911638
17843439
15094659
123565032
16405372
40124188
14627106
14416109
59507002
26691778
14569056
21708822
314175281
310079286
117936540
315070963
10308892
221875549
247794386
149231693
317348234
316530819
138530749
30093342
22230784
48345316
10298552
313357629
102432829
296288727
260891849
57053430
294620599
174270985
320545949
175964988
63034623
200844431
258145100
44481556
321990774
78964429
318445924
168583654
225571767
109287068
58816508
322795415
104710821
322861441
14126464
133498078
275071757
321105717
239505749
19117603
308803534
321483007
318627525
175523931
324640673
324988674
18537496
249890757
248272916
248940381
14210764
112880805
265591761
206389420
61678911
61575797
191931266
245609356
70452880
167800274
239170789
14347296
226691677
58302648
15895083
22180876
57033388
19660561
12733532
16872580
214176697
270861187
277565449
245780051
274540279
85159015
15825359
269897738
10695882
32534373
26299078
15227241
19148636
16404980
273454836
286127928
172536166
132621511
86424421
207785279
277003236
89809850
45402309
255364703
57714095
71838383
40066473
315418325
307595207
200173918
53431200
285973967
18269436
34373549
15460980
13503162
26118199
70799201
19745931
16783670
94191559
3110991
83769010
3666421
19233264
82380942
14767679
95478283
15343439
99041923
190366630
14973875
58839737
20555043
58503597
16086615
28849462
16874091
194408091
37716611
152525977
251221892
45731504
6715632
242365620
252039678
246767297
90426228
156538059
30109799
20512929
15913951
23214140
14693622
54624571
16713720
28486146
98705778
112607888
8381832
100332475
146615778
249470142
28921314
85664274
91420186
117252513
20003705
19375194
208607949
305782712
210216691
149775865
53293290
221369084
12720722
257698714
87815582
111053392
298163127
24199001
129895508
33630419
51873057
157194128
222917492
19824536
18109424
234945340
133008883
24758661
209150087
194956061
28475356
17223549
176932622
16307712
82176564
116828777
239171734
265012754
284244995
55008177
92875674
289041652
104239079
267512087
90024475
30209077
105357322
73975665
102870507
107471548
275072563
19711940
18062347
221500053
27100919
67317519
145263152
610803
124454357
185256682
70466735
21453542
75093861
133020661
19369984
103893168
104689792
245850941
17846892
23451082
149235847
15604407
36143928
49024620
9462982
42991365
284251396
44417968
241687046
134583863
51999923
15294727
61670694
64883150
95941582
142275063
18699082
10678032
17045694
14734445
95488919
16212988
38410422
179673183
156417523
21318504
38725584
206348165
168882665
124569535
23674492
151733703
234162723
64945120
117004791
195800980
182023122
196215334
241196379
160413458
39529370
15652662
195538329
6221802
29904690
133366485
14610224
249680376
90712573
72701731
37201960
31179523
116794182
28566875
259346334
201829413
71531345
262865914
89188660
19656253
243319037
104636424
98683214
123746439
265826653
156681476
119186110
76207267
254096296
67118125
265069978
142376552
93562407
20155760
19460691
19729213
97060074
213363845
14850456
16869706
99769883
14755229
60784450
17084742
47224853
34337387
197539592
16783675
27532664
19311539
186554901
15802805
199611783
15118525
42489092
118168118
48233725
22447263
46398762
17272440
170155951
19761773
11726
23454625
195767310
48052927
51683450
48620086
104817124
200571518
51230578
199920975
41478278
171733309
35767055
131566968
39072487
32291774
130723273
121457381
200988405
203332544
127199244
168094459
74202440
41859973
1189581
56450024
20741882
186753873
207351792
72569323
48036690
199848513
230915294
215380023
146988521
48221039
18670107
234500959
227907585
15209135
230876351
236747056
194403861
242085383
238030719
124786359
100017104
240486426
239506416
160758409
19455487
203622107
18991192
137215059
214688138
88760553
26928955
23834675
70566126
100818788
174671240
183024713
2327681
155963042
197508739
110576695
17137116
212000618
217147097
6432592
3522
122185643
210522936
129437539
197203459
85895281
226706289
231222394
177087655
19083535
20595696
194671206
234686211
125712275
163600266
33735671
178409595
15982301
236917331
58666763
60185950
234634916
57176139
14243886
109320416
191624297
193318094
231516556
228755505
232047885
215149478
46232440
212430788
7196812
14311656
57602185
20010231
67749267
17221306
97002407
19815302
53906842
33026764
167167969
89673182
127102913
36704521
14367725
206317539
140480444
227507364
159556442
16848260
27454322
43646706
23052313
9912742
28784823
97751108
16806391
8873942
210720880
119491728
220358584
28428685
190091961
84517779
27081171
17297292
15704582
22789766
36862950
24806994
14163972
104175612
9158962
97469700
116239575
116957262
18323793
38483838
158763779
104036021
166722146
202299422
209208907
195844526
23959413
27965145
123969783
41409173
19543732
14147479
46038835
14428736
86364947
14342018
35258207
24341467
39755719
20067131
216126553
30000286
123645828
24424581
186699957
177617094
43134210
222891541
10682462
16869351
49593124
226742942
54081174
8550102
42883134
36918909
23392187
37040024
5932212
100161300
139792996
147069610
16336624
59771464
178274171
45960281
44453439
18079989
96033610
15456128
187792543
42399147
101732968
34882598
17980985
44711678
209629339
208720091
214192422
216109555
153674358
17146431
222812461
55223345
15840088
35821820
21011098
51293086
193783785
221068485
27751248
84653539
19927012
188408542
14364834
21431993
159131520
176453546
38784416
200881905
82418239
168499382
178214167
216080585
209473517
14966427
15081620
224643094
16445182
36084273
12729922
