15857005
1456140842
2875918235
2984197207
4189647140
619830925
325123441
3400148180
1150024489
293578815
4333022440
13880132
52088205
3318048421
19320466
118278831
46903629
127881681
292773890
385460980
56699083
482133423
1603439773
269858714
1905278437
2601976076
19754094
24439401
3092256856
109062332
238308510
316632855
2412897384
26981447
78357555
381631725
2471920152
54730258
56508688
3927010757
48781106
2665344812
783789300
2874636701
2233292875
459120920
2420798070
100686872
108995096
259547274
3699707054
3183459445
210899228
130931066
526747419
2479570069
2827745645
1448927960
1349402088
16935092
2451994573
37710752
2666969059
2729372027
45696373
109011645
212062497
36132890
343552118
2915980650
3322718052
1319129509
427958206
3433324660
438689677
243324496
16178394
104308359
2551055478
272228797
2916153444
87205530
172694825
2285165916
176463583
38190216
148031377
189240250
386179249
317277278
2511027495
556594913
398298941
2535250170
1479731539
2992307711
1071803701
2790275154
2916106794
378112303
557748802
18290719
317139568
15942016
145692441
3321988853
46190055
116469425
27424230
1623119208
14132853
31308810
27814665
83022693
3185662362
452514980
1398343970
277803855
192942213
189364634
21866534
17463923
185682857
120136701
55534292
260928758
38146999
16029780
13201312
159462573
3459051
16958346
437652003
522343404
15639642
30821435
20633239
1062123997
2793918032
121135097
2754243824
110039306
121777870
18047597
1629676314
2384202924
2334264348
1578247849
582889932
28021587
2795416318
111661620
313046429
2368380620
230857725
2925263745
310322490
50404736
2233611907
2792692048
132071718
14289221
283751403
144998110
3031497885
405124799
574799424
398358145
2902656646
2432986344
16730731
776767880
164421022
49044207
3192825989
822647221
133458374
25560731
16892896
22028245
887405430
18625021
6975832
21966695
124289557
2426934086
888986803
397814407
24356458
2970247951
70461418
363421917
41153837
2332436917
17644108
23854472
284136802
263408081
2885586594
120821983
60349138
943887055
57580220
116556857
37980717
303243170
935727662
14667538
232342189
2898618549
635481378
570402591
78081806
562399084
1531497324
792681810
1947391110
745641176
55248386
936355801
921759169
7215512
94424519
229240846
2373089269
2305002805
384563610
38505977
900453318
102776283
1891771688
133806972
481769752
620611986
470537795
2548171494
37836050
2272500420
2379598772
8653962
1263011048
887686980
259754938
541837789
114760121
2814161294
280716675
77331971
1375612255
1691188346
158022814
270232343
2307789144
2749201741
270438991
609408955
1161143629
197966247
429171799
803825994
2727686017
50516203
355428046
497996842
304047958
1371011383
2151528079
43256381
2287037810
241353209
54270994
2723144411
482337852
259330618
250247851
21933125
126023618
593850526
111548816
410139546
151143185
2159265500
1480571498
14443412
22705078
10109182
13296452
18340737
521783123
955491308
168857946
2560505000
925635254
1197760315
193483797
2413255327
2355264493
912983484
1357661826
2497325413
262283601
2479165494
2257200829
2544114914
1729919850
2350677506
943503470
1876313539
2497583784
370104003
614478256
138027035
201122106
1918697988
1392610746
1370009701
2364211662
18666525
340278160
613777380
237330000
2365901407
2497402826
375227729
2460376346
1465591170
2374726856
835695235
305027321
141697926
163072293
581158798
330039433
115102726
2282802846
347155524
15713562
220189825
2455893217
334708043
174268150
274739398
133389033
2276733674
2416381171
2204866399
43376623
409125120
49272359
2214888954
2387963072
1497949304
366329677
1113313903
2509854412
11771562
487814471
1022724804
716514072
83661044
592051986
160069115
75391954
2463968755
1891906165
1449781819
2194319600
1354487976
618647594
1071550357
24250884
1621956379
1924224000
25131728
140060190
619855140
252718941
67533376
1444386469
45439189
224700450
124776946
1208041602
20188834
371346012
49997964
526493582
14150661
242049255
2366010493
2349980046
1091286746
20615708
898289233
556345017
234782444
49587925
272555991
1090317444
546375553
503332005
426832207
16870421
334792558
1352069743
40142607
117544206
21059152
34070537
519885368
14998722
104287946
24990215
390153285
1505335273
214180887
20913035
216249102
2321340091
91677492
1693863547
340049944
180798696
27934941
37172065
229601954
263342628
986934798
246641399
17990173
134555743
59460397
65251293
17092597
595181636
2305577466
1630973040
76623935
2419853725
2391692166
30008585
565105479
433083358
925574490
29222237
2166983888
420537199
937499706
906993470
462508362
49234563
468816475
235588427
326297289
49036738
260001508
524400776
1689449694
2419223743
2326080602
785739140
78767466
2476251
35868295
18050416
226662318
305277457
1173231918
11991842
18852628
205032579
414030014
1638183078
1228037270
2338383915
1132146242
82173060
169136367
113489381
991589743
514032838
1589400373
1241634649
1286899333
312399592
515706353
245418986
13799502
19212814
1120026504
2376956767
1488587754
90485497
37940507
226819919
14921361
136031812
831905587
631084637
74089427
809523745
413176907
78389627
63809273
176669122
109560609
411124959
15515420
21433995
2363330221
23129237
582340131
24215427
59686058
75742264
48847011
23038831
46089213
16017521
504803544
182471029
234902098
292141642
260773948
120897038
29490009
247401363
1418178678
21786618
29791649
1454505764
2221602505
279198320
457870027
132542318
119838139
268386552
1109483750
190276639
2155386870
17210707
22522476
27161215
23075284
1855736520
177275441
205777841
97247430
75161891
478741646
28066607
1979608087
2289890552
727865330
107443586
87729913
5988062
2285669670
291332154
273012474
404903093
16700387
14569796
22214087
14677117
124516432
18390151
399601722
27257367
104674131
60612097
631301289
2235239673
249187824
262195111
30013357
69344109
1416174914
9420322
783006780
83456838
1408366435
62927704
474986645
807040184
209269624
350705871
17683482
15473639
15751851
17596622
196599991
14634720
142779810
20248618
20582958
370290330
23616725
20061523
21756898
45577446
86989960
34030502
36722950
18056707
15193285
14079041
28606045
277146332
85596915
1079724716
236869046
314770633
74143995
64933418
1611661650
126313218
402202146
275567414
370802560
1330319725
148568391
93066388
263484892
393412330
553257491
339360723
249038519
1379946732
88070325
599717636
301653104
10076252
61223250
16220555
28370071
66496796
102448827
166796740
14095367
48190181
151494913
84321709
92363162
