981758244
4124889444
4206215952
4115910492
157140968
2974168468
2299015135
3688981537
30534749
3420684718
3320060600
109385949
1976658926
241382835
2282685001
3187742912
3192592092
448700595
3180927470
1963590990
442181891
2491561596
783763632
1300175570
2847126938
2811823620
365783550
1091487025
28382729
2620158638
3060746330
2390304343
1895838836
3039784168
2185202298
127715961
2982478085
961553070
441230981
2762583407
2168209698
1661144641
2514572222
1554768734
2943170360
1567180231
924353269
295205275
163204856
1908070268
731505690
326319438
189248614
2916003152
2239384832
2330869797
441555259
1016581303
1910011892
2778673140
617463762
2603664775
1671683340
2821051001
2196894578
2803873593
2839565724
2444761358
1452373543
1064856158
1636762676
2564329572
1438895270
1467488094
377600186
1519581030
1160329728
565944336
796489753
64555734
338994439
66799001
2298762726
2411150544
2544536288
1095577837
2741280176
2364574063
1425883609
1965792248
812164549
2730120117
579586847
2753954145
88073128
2208396582
133880286
2686601480
429532295
2610451622
2607911330
577495027
865181670
211425966
2599269691
1069591442
1927531638
605694208
571896196
392145440
2558104729
1586907024
1591931052
2455259130
2548585278
2548590811
1123812398
100889427
1557102181
30412891
612911572
766028365
57428663
1849566025
2207833626
2493010471
20106852
1523584172
565877261
709870567
64582565
2284493582
2242790846
637381565
2338660712
200913899
261938287
105947426
266336410
385019074
324185619
353060311
1935518551
2309321461
1414536116
80715834
2171190457
31641658
50515656
16008484
1629494184
165278268
67418441
43192807
1244840401
66069019
347884379
293100149
2370954595
1865108479
50374439
921210470
402994524
2309515117
153629442
2368324118
2371715416
24852465
2259265657
2175045588
14920785
58528137
2248081694
1140638712
2261542909
252310169
1347851292
2328060745
599313874
18055737
143449957
309930569
1571154691
357864860
395690743
374757280
1672167714
636674708
1886839838
1317249494
155326674
182138492
390468061
1928491266
265826890
617613742
2203948700
1948114956
1671538441
1898394960
2317754016
1199484138
1641381547
562405112
2312133838
911392080
381578349
356515827
1494603049
717517836
1849736101
757839354
1564129044
2180599195
419173040
451866142
2288934720
716486924
752285132
523752729
1210302666
1567540056
1387086336
439494573
822629828
261064350
554881638
