2720877595
999959809
3889665196
16707495
599784532
45491021
191068541
19393128
92126364
209472059
145062108
260472941
45879154
49427323
18994878
46440718
1530674035
822338022
12166822
22816548
18049605
18358952
158522193
18229630
105590714
55601349
15393226
41385305
11263102
20641938
15585285
19509237
14862723
309425789
17630419
15674265
2277632947
17466375
11326952
16223632
9526012
1248421
331659804
2153743237
5620142
18408506
3030922321
30939264
44073696
16984977
8373852
2815077014
22213177
15330301
29661283
11518572
760428
82364810
98073161
264501255
321164722
2882893927
190754693
17629607
243683803
21815759
7739722
2781430855
72030668
2902658140
14642896
398087684
3270678680
1477712862
898805695
29469671
68746721
476582730
46959157
153196789
50095170
14286412
2981968107
2956121356
197313522
130745589
138840988
2573466488
14986849
29843511
1442906958
312468366
11064542
575555115
16689471
25136114
873592850
555031989
54680395
224765197
38790830
23648764
18539631
7648872
51263711
20280065
20348377
259725229
15865878
43593
185898176
1585
15308469
29277052
833071
61233
15160685
42480399
14434070
868637460
16816193
14333690
14278978
13334762
803694
15298751
15612251
1735241
33042238
2529971
12615582
2670321
13492552
348127618
1175221
22873424
14109167
49413866
11272022
15808647
1000591
2893971
7712452
1900351884
14125792
79543
3954570197
1269383796
1269440827
2891423524
1270312236
3014369394
18466967
606776750
2916305152
10284472
2735123220
42300065
17532098
25717873
2543220949
398458656
3379030462
42081491
22632092
304521922
957528097
49530613
22833469
76968739
61290495
82916196
75062648
1244961552
309824548
20668369
1565256427
22674817
1562518867
14066472
36153601
7542902
247943631
78729443
26000689
8143682
15937226
634406525
18805477
48008938
114485232
37434214
2563575966
2511461743
226660446
54720494
256133858
861765444
168525081
45845904
18213541
1958584783
1114858686
3324695653
3037666187
3098137389
3248359474
3105080672
1344257930
3390010827
3304554025
251561162
137247768
2685648516
1137438540
3069746534
298901801
3335930511
2493927128
249704264
15467267
23220871
116881315
276733016
235782999
377371240
87596884
15504596
20565852
113042038
17835290
278185944
275489543
18370732
74543
15209501
28141370
212275098
64482503
14184671
19557404
15615271
850118292
2830254912
353713142
3393947631
3091307657
3256100561
3307947693
2557446343
3377424323
3355031117
2525094800
183467007
44606764
23074840
19906615
209168612
2182812798
112610515
158789494
93686703
71532667
82368523
2523903076
239439036
15188612
2315624731
140893518
2208622915
65308213
213607172
3102003778
291222300
2401599727
9308212
3018841323
57779415
468960732
33786195
799637203
292041172
1189847623
92572841
161271563
1863948296
122176426
362829597
253194994
21101545
1954686780
18737563
1394892392
17395241
1413181
219812391
27859021
84093736
589231464
2998949162
575674557
3315530649
2838176703
285499386
90240472
79107467
6958412
14981204
37729698
2426686809
504848649
1217387186
23447063
18613539
59279507
16243732
376782305
261932454
90646485
48565271
2871864134
117236699
23781988
45117732
31689382
815337504
19827848
14486811
3192402548
891028046
3240737620
40351345
26104299
420408101
33619883
3355264072
3355469308
544585961
2311983432
3364617623
38187092
3363059495
2563837561
606588730
365436644
2532942559
1173013956
2396670608
89371670
3329807788
20678236
22513416
143196988
2898672014
218122059
3235339552
113022733
3189912717
3221753584
3256384960
802398684
2426122243
14170736
454691780
111283126
22634164
14599976
471453024
2889174685
3084383627
3116523416
2615919654
2937589707
464390688
107253123
569890048
1560830502
385029990
1505214517
46791955
2370436458
247110120
14773649
1728963602
2809113025
18013439
270569708
2437792460
3092437073
2962220303
2380514660
17601064
2867234799
2123211
48087463
17219219
1052221
2375706109
182574229
64496701
25420083
258700620
14225632
38339769
17834001
937687812
39819781
35428878
368707658
2157382905
466007883
602353905
30313557
253651875
1915497042
467891332
197633296
23555323
46945962
262054553
166743346
10075872
9507702
2814132558
77832963
16535050
21774074
326761638
259362652
50096544
23113328
958587145
18244332
2874107368
357861436
42011614
562780960
3064439045
3069819359
3065954567
3062541291
2272901096
759294997
2420236676
1071861373
8629
2836047989
2488774495
997741376
16272222
2872156241
132737300
780290
194787798
18897186
1107755046
793517
206283535
15376357
107522451
85476250
153350471
2170971732
149120416
570913139
296735649
158498198
1709159203
1848037524
16143105
76622319
171037589
5439642
2222312184
115660120
588366471
48823524
61302699
18393495
346647095
9651582
204914337
213818318
3140831
75585288
3014393895
18306089
24672000
182699104
139811295
263108959
43821108
243285062
80867126
158106469
17560863
8630302
5373072
2973042856
207559556
545481518
14574857
14009672
295517913
81218257
23438678
1648853647
257642411
491316960
2814476470
16097801
5385032
2827069807
227672051
23341395
79440047
85856407
2421997843
216939636
2339814349
6270652
92598387
118263124
14076943
214294808
1581645991
2895770934
2334129246
153439378
19527424
2485229282
865622395
212599491
14867044
608483765
2252720137
15402047
14075441
52880030
220008269
54698716
18421092
125822301
10239
17991320
14813790
153905656
13075702
56809666
79389301
91554937
23244009
3577781
834685316
405124125
15948744
469405173
241223710
16788716
13777992
116069021
370409954
2889219773
55677993
527119125
37536731
14914457
16820641
9316452
198483889
33836629
14707949
2739865943
2585917969
2777103822
2272501398
25752218
50240660
390233181
82131783
4363311
1246336886
23667725
43499515
42159493
61053093
364557525
708361766
106201560
471766012
51091274
12688062
637108210
803146986
2635241
50431603
133391271
2247355933
14800270
15754281
742143
612473
16343974
18222707
14628805
363405134
88219894
2361108068
635882261
2459670499
168345184
70673897
27974512
195291312
31734370
88635853
123850117
14846380
14935521
2710843818
5995482
264942723
100178722
14278962
2163843028
173849101
60065276
559745389
17732619
2507015035
18104589
15708299
2817647385
1009842535
844415971
58066501
17396121
155572186
790101487
529606757
567533818
17053097
24785599
123213638
276895537
52459135
57652640
38398940
92746664
211717634
62571128
7669962
946917787
22783590
56690593
32991549
2344881766
14789255
1884191208
2582719904
14836175
2881636310
463701014
499014749
2812806481
22595859
16023586
15834122
317005063
2295812502
582577132
93950513
224631899
1307614093
222620707
18295289
239970216
82147443
2245759994
14595061
24228154
6146692
2509680901
376618837
367873443
18372260
269395266
14504451
5274241
44690011
167346791
19187806
14458327
5082531
17448055
580240697
1338100908
41852681
197450751
17522755
14139432
1318985240
16880220
14604269
506
750554018
14923444
10451252
8564482
184543773
633
1051171
14578294
3183721
152862026
17427564
15166546
36653441
2413997304
124222607
622519917
392952176
18279744
47209624
77810367
823957466
18463930
16037320
57187580
2329921
759249
20963651
5491
77712285
15008596
237254045
355016568
34255829
155240092
17242168
137712607
16692909
2482474291
24280451
24817772
1377400458
28651258
7445152
17794923
36937448
69133574
14072398
18484769
34677653
379923901
115494880
16067035
17280969
3064594997
97284530
2420432857
2257630052
92345478
1469421637
2888882327
1121028973
2235560467
1420773672
237703228
532325475
137316420
151404868
1624181479
1431255469
17788126
22191337
405608099
12454292
197288656
468327023
242434318
125758783
1135386464
219393775
533478055
16982393
191479346
803261924
392753093
334692168
9719522
103661575
459001427
318165907
52689556
7880532
14641590
316590692
758478266
2724378607
221873535
15470955
113555023
104211492
213592633
63109065
606548300
14590971
16143817
306176700
291799976
186718830
384626828
2328714937
700733051
856128990
239083333
15042680
13762142
17996127
15839499
19289985
71530050
129942657
1584520873
235821180
40168855
1512359820
57550872
2170444165
47667972
1201186872
37152518
18794523
8472272
497959627
10177792
112464786
19062322
1072508497
12447792
827348754
16243515
18080585
17350542
20884891
12599552
1311288720
39810894
201130645
1287555762
126226388
16778626
1687782967
30313925
2598162997
229638179
20520190
2521001863
2568680452
16573941
2285509723
1508595090
1281695226
745672716
904713518
16290014
2148408602
278307836
2893320310
1683165499
1176559771
16944972
38110586
3007247275
16341065
338707265
16742099
3007318786
111743
2876541730
1667214625
2180870413
116498421
1041977810
2211680239
498720509
2863165046
1096682274
90213
930249554
46370540
87021748
20484212
23735237
93820487
204452573
2327556110
609187397
554428610
116990479
847601
298673723
43489217
301214647
59275999
2157495428
1090368278
16823784
1019947290
50001997
1438350336
17777590
20671814
1512066816
51172067
140090882
74482728
116792723
2307042361
2390873120
2347629806
712000194
51360810
2271413785
107372976
226543868
1523650544
72570014
1513723128
2485875427
1870776288
2349097754
2255433241
418423588
2355933207
135951890
2572996111
217027953
2387157761
498404822
2575926414
418974295
969430279
2580884256
2734124796
2238853386
180163685
2534688098
620256740
965935904
203263122
82190629
157105645
193269064
508316747
2796528286
1734976842
2834010100
216207093
287886942
847056722
1120436066
2459321438
212911979
5449422
128609758
16154629
1017668516
134230547
397365882
2840817788
2925178025
195941807
294206842
358618603
2474820182
2899281220
1595728044
1618698308
2999339011
219993010
151728988
25165065
1317763788
348991645
558652396
2818072130
2546810941
3030025779
55137824
12160482
2381933521
3040988998
2521030569
273239400
164775233
311613062
20476532
2797854450
1544327005
209092806
14948021
987391748
861184892
2835163258
92808495
2231289494
830545394
125723797
2856161466
903628728
601119617
2939384171
1260012025
267390486
2759157810
1270025862
425907178
8841372
3049706800
378356562
3052278951
55587483
42417984
3042213849
2853660366
125784964
1255095702
304326532
243404150
2351689033
2456674142
19658826
41089626
190801837
88934653
7681972
13027572
16502577
47596082
543598566
25718714
348736282
40644225
1617314359
754710770
78969930
2303751216
120794494
24712293
2281595036
35610153
38268143
304523605
26970530
64331621
153811467
5902972
14413229
15232432
5440022
15336340
352686442
14436943
3452911
88727377
295344317
472283555
14066062
304979036
936361
148185884
20235453
251816878
16228398
84351228
334912047
161539552
40713876
17843759
14704253
130570965
20562637
24752484
94642927
182828968
759566131
269250729
261455981
41626400
408440808
43900873
494299228
69574976
1128372432
253664991
19365210
180500274
20621579
1132876218
15782297
166216871
2174450946
180358517
312712113
288924980
22631958
2281132316
499107187
18629482
26545672
92116069
21442370
237413764
26493482
320914218
21922529
18914917
3801151
14945250
10565902
705287821
32312903
20518767
19573968
14927009
14060372
20453726
18920390
62316970
10915042
805323
18910824
4579901
593921333
7104402
13850552
28233875
440185466
95711125
2443192459
16037123
905661858
2151582157
2445447283
1834576148
15626305
1318914206
2214285223
2888583159
11069462
405033226
23009949
32083265
144592995
767936412
2600382882
490621794
2734466983
68678236
3709051
18068926
25020767
193030139
19915112
16948477
200176600
757146289
1537400136
378941823
119704541
29649822
1494327637
74523258
53281785
38371266
250257799
20851374
179225984
20852569
108471290
41780060
563808322
82287927
138271896
2882557621
2899317952
23792948
240875531
77639821
2179240802
111407412
36336234
1946102822
9802712
15595875
16060978
39730284
27203725
158121366
15822273
26770977
135945569
14657246
18367054
115377319
39197910
1193470394
102427645
139748240
309007739
355541062
20390169
25213966
27373324
59550874
2828514852
17285310
2914143844
113963
2580655156
466955552
632502502
177541459
9767702
2748813511
2885855847
1620774595
276161525
24257941
1616386736
1134349284
29735775
15299357
317632729
76117579
1187682750
20748873
196838916
621111679
15201362
17412858
14572992
799712594
1157573107
538989108
14420872
1259043697
14792516
2520999920
534255106
1227698863
214122455
471550563
14284157
454384379
2341772972
465690605
2288044220
8963722
393033324
41788528
66064895
31746671
233491567
473131419
153154765
260909325
1126671
112717095
214272214
256307008
14326090
551075574
773661127
2665480165
2583938166
2599649946
2840447491
2687593428
2799626938
1431616082
770057
293795264
2345350227
2200629018
18813909
56057876
351930287
14433816
93940549
495727712
2346122682
1426339717
216633782
1122179965
1510612531
1141258524
1495083908
502129165
84043161
1255448815
122538868
938898656
1112696238
229444095
1953648950
343997330
1194696751
526142315
361729877
232854836
500711542
2291303186
2335819230
1090315298
2438173117
609003323
817521084
1323816074
168857946
2170976690
14847675
2352325464
11581462
119802433
534563976
294405972
77449588
108286674
15639202
2456191
15662446
26913447
28552351
21566520
14845642
14457688
14166749
194081605
31931149
15374525
17024842
73147282
2573096520
2615152994
2591506890
59918812
104615636
22363802
10876852
7400702
216323857
2603706841
139153520
1482958520
2318606822
128883195
13348
1113541
743913
70748431
18343
18159687
33383
23048519
58441079
17688537
1532061
22564297
2507909444
2428770655
2469174914
2467803662
14554287
12876
18388065
894057794
15012486
20646711
16153562
14700316
33933259
2361355243
14159148
20439102
14612192
2316162326
2445521683
132051240
255437616
19403075
2425838270
376051531
153729505
56819147
1731790656
44932663
246298960
1366600728
1887355436
14063887
17463660
2225400066
121383592
1845057114
298899556
1481253450
1262844692
303687748
47533098
501968170
22512172
458647237
48733185
1962746131
204865720
539296619
175282603
798116
167960058
80422885
44906914
2397858864
605602813
199959370
2981431
1392826357
4898091
17163609
969542076
488417933
28357076
2235275287
2271804222
312973872
2340241651
755163511
125567504
2340194929
15379361
11595422
74286565
2803191
19881931
47207043
1583353117
16313140
18928144
1871317728
16581604
370808273
16534327
16134137
203095125
16450071
103667704
267908574
267283568
17911125
23221629
18318677
16061930
20167623
282282694
161801527
50393960
15234407
17899109
14761795
36843988
1435461
11348282
20214495
18949452
14293310
15492359
14511951
21982720
1652541
813286
21581503
5988062
16973333
2735591
16896485
87818409
788524
19407053
16672510
2312348329
1265324029
2276760961
707274786
14477420
2246681424
621218592
425907208
1555536834
40869489
16017475
14839109
14344469
765548
120283497
288500051
16134540
167169119
1344951
131904084
1059592478
17455292
2384071
14055092
6629912
1943456372
2328793760
399480083
23136101
1689445200
18623405
429135945
720782269
24609329
409256916
2249121151
60959947
409246841
1281092346
21103308
133490927
1522698907
400189636
1617603914
545115810
23751864
507415544
705790130
476700973
1069101667
705174631
483607754
14174897
437459161
1008658832
408520849
362379682
832847497
321467738
17449590
13839372
23483810
20148922
972651
19663059
816653
17512276
14885549
2306380945
19712106
404526275
7905122
14245253
277954760
1000310227
1343985883
257927396
310861640
1062617552
1849349096
1086596593
141333525
485661489
193377433
91478624
426611758
3108351
1511325566
292230256
2149029380
619086497
1954239889
343992713
1394879030
1650441644
1241665524
1524527066
1513020254
1171834290
1261916983
1949945708
1510709365
1068962870
1479952849
1136780761
1871692836
1510965194
480458199
807095
991347036
488349425
873603990
412162107
712759142
712743582
593638026
551012010
292232999
453890156
292232055
596499713
333516125
637168917
1299787538
1068966188
1949343247
1017796069
289253409
17973402
335581378
89440968
53257764
15890254
39600478
78373037
64368500
16971428
87019958
43878033
6024062
419639256
250103509
16623443
14923504
38670441
17204373
16907121
292232574
