72857474
18073211
3108016909
1226137267
426327131
258695150
110630128
2903669142
2833835975
2372884218
1677416082
1139199414
901226395
2783038357
2868129182
2770840068
2903726886
2828260766
770614386
1639549794
116447588
501884162
733297008
2616759866
2808830115
2903781018
2717820847
2148835770
633607942
2882941499
337189195
2903750532
68498731
588666603
2227788744
2343892099
256545967
2878476750
2796692279
2883065103
2213979456
1336481366
2883194260
435846708
2764307890
2883244030
2883214395
2462311586
444497035
2565345585
2361642348
2807216707
2259564348
2250301870
72061700
2740175068
2251055474
2647803909
2883362044
29786482
1896423685
2327628997
2574011594
555474958
2883357561
2904044401
1358809729
2875620116
401195093
2334349998
2710600128
2801146887
1555418858
611387673
440353159
2896858254
1202360725
137317599
2443394642
1324902132
2448332095
247715263
211718637
77733093
625069664
931329890
2799597198
115175957
2904052028
341139889
448712721
263582184
561137613
1235026602
579200736
2899119452
2161107155
2381306762
294037828
260588925
1928272070
828195476
222523361
2891709889
2262661423
401057350
255325772
206403592
2602169337
493784965
420523430
2152040538
164132004
1281987750
314426369
603003055
1918793431
2880349170
359695362
177000978
20606072
2903776158
45154743
317872819
323534536
1226494879
531796990
1711678668
2363471120
531579683
2691361344
884854656
316198883
307153682
2266411244
1619545404
153669803
1071999206
432142631
925270068
20076882
2883322833
459964073
134959645
1403794710
240875455
588477626
781700270
320542717
2695289413
189806208
2336429780
2248212662
140554575
510835742
150373751
432184199
448499518
1652141965
427659416
565907567
319421069
2341046371
1370489360
2297588189
96452788
414471843
152540957
2453458711
294126754
1335638336
1317442501
433986334
144000412
558312676
312815365
1915860930
2904162481
775195980
115530997
215831896
379422277
604161718
630228130
232695594
2761407240
2904142472
2904143444
1032034944
156472246
414631086
2904194893
237063237
926752008
2606961428
1293344874
598113267
427254565
2882312217
108712374
121240675
316953358
607763049
1296515072
1035614088
2343980879
296613242
2593746155
2884074699
2197253582
1857271519
2869181156
426863192
706302426
570736779
1940706086
76455949
2850668626
544539447
993175362
2557103233
295037867
2732064781
1208953664
177395680
705560588
110452013
2745722642
2865307838
2545045608
337691269
215741848
2814197647
2899855134
2321482148
625735934
2754859192
145335515
1187467014
365886860
1569274424
36557255
2381964456
2864111543
2820111480
2398571646
448303214
32511939
935568036
133033045
2774482108
112305628
598878504
636600445
971928368
1730685847
2252499907
569705063
189442622
1853749285
2307470011
1455346154
560636013
2894159330
2903918880
2855076516
2854041393
2868273297
211924754
423541531
25447461
2884875111
1464819590
449913063
275052725
844712756
43742848
507814230
177698143
1650950922
1444503788
217641614
214715838
2506715870
186814754
1489429590
18534773
2875951401
2855446800
2763659116
430151494
179934592
23732121
608949786
83436773
2881506243
2833942444
2886241761
2886004355
16554091
2902799965
1115295349
2905370172
425272704
2544970080
2904921895
2335902690
2866155931
161598938
347483844
2440712150
274786989
803189977
21901871
1347795919
2886399292
52130875
321086440
154337903
2629319243
2886183448
473228778
68613941
597934473
2463642161
2750821390
2177170739
166135735
546458771
1954937568
413532738
2905402226
2878142859
2371677764
285370980
37470009
2419774813
155276161
258638330
455260781
2886413807
1473221040
151078897
2905466869
2886841484
36111834
418366969
185775034
2546446235
338590181
2855552254
252415438
635092031
351625448
1489325954
2216565547
2401460426
2423201862
325840870
1874929657
598932809
957478939
2274028795
2337759984
2886523649
2905735178
2855439899
2743206818
2502857942
480997775
2553870283
21538417
2906486785
2263857535
56507113
466969254
20257935
21324077
2999164142
2316213790
1655739235
2827320836
23274494
3178575150
3177697085
29680036
3126672776
1733531756
324412358
3136328299
1045376371
480694545
28839099
3142682305
406045240
3178788157
2775774355
179620674
28418642
2437775814
611108564
562314588
206980513
587080872
3000439642
2396842916
2349629945
169536672
3038658704
1107752780
2418229370
434671669
2423325914
185569826
450219998
438825226
385176298
2384508936
2337767910
469885224
1977208285
177446682
2286265507
251778913
168937715
192950955
2705303872
902511470
244830942
2856146749
566428650
3142855302
2773928723
2369437477
795189265
91038669
3178895118
176691808
1003532545
2275790934
37849105
182237114
1892238410
1002471834
834293990
1966746140
3179393191
186849533
1296485167
2407472323
2790609018
2863681778
3179030575
82796285
2209230752
1253244829
2292380604
3222140920
91005608
3179452099
3179661799
3140497414
492010225
3033309286
2842413637
2393723725
476049131
3165963199
3012872000
26440457
41564728
108020041
3180047221
2997973961
2906596939
1508537882
219829231
1593887090
356676604
601076762
12714962
172160927
2777493097
18375509
518208489
3177064820
3165946470
1378570423
200361454
1223403666
1260563108
1924370532
1039014294
235038679
503738030
2490615290
2989017983
1061971448
985949480
476471113
239429551
29910265
182010112
2856145889
632738980
887779898
2315909455
384800243
2565660058
339949850
124622359
904899104
2886696067
3038695370
1874425250
2903032580
829199431
737664054
1471340707
2531983106
948585810
2956688528
536932973
2972605513
554906882
605697096
248878656
16576234
1518067464
345128564
290791381
568781199
2991968529
2804207153
2745694969
2838409081
3182037961
3076214013
271250668
794274726
3181864543
1198787964
3180184760
561603393
2193776006
851921024
3150543016
288357157
1660290319
269463815
2307599953
873029960
2560255249
3228606369
3153476797
1671561480
2185576296
3184500902
611403468
3184555885
2212419776
474310581
3073336739
3163566333
479873281
303142861
3182098128
1432196599
379559453
2858784578
3094186687
1380777547
1665569456
948937442
351325941
3186761437
3121140300
2614752300
2792489795
547185507
301397707
3187345256
533403858
3240971747
3188111510
580638312
1891793906
2934100646
2312767964
3188364780
211000535
96429827
3149089034
466750231
49111246
363400706
78692641
1403896784
162843535
312201612
242166458
3214445512
3241288091
1316718410
165472286
136341547
264905862
1032854274
3097891166
142556309
3189928531
2235846187
587922671
2561311371
219280618
278809052
419627609
130600776
2537882724
64911566
1884116833
173390198
2557983305
1180647769
34523925
406286842
267557898
3192884732
496673471
379798909
310602307
834331507
3192884484
3192916556
74666717
1876432646
1167856956
407886276
228615766
2697297627
115219110
2681105431
3247110861
16366639
2459142218
148019908
2874484275
219041869
54701559
300107573
2388159974
2350566431
320001805
2305647434
851958745
577425706
3193599504
324499794
902784692
56196411
3091694606
261470096
3193613834
68465620
2210848315
3193334132
1913038730
367427185
3171926041
262544434
51723366
3073928025
2157717547
33443517
2996195756
1833714697
1839737262
3193873369
1507309460
589359090
99432173
1497348499
442383228
351272074
2263905014
440488226
3183766747
2833304696
2854992254
50190403
361268888
15059915
736103682
2985077821
2737752109
2153476292
3238050910
2460002780
1058700961
29132987
491870005
140891058
2196996198
1079387850
1649486618
444331504
3193471975
3150621661
3068714293
140624799
2986256220
2368255896
635661736
703689955
2562778213
134561166
75503122
1589314429
2936769199
1483753783
2405462473
46581667
1631608069
2894115736
913610598
192677481
41301651
54455033
39284865
2232256020
1537114202
36852611
635158438
590074879
1761145202
465232959
1206564318
2934653019
491878402
316168605
517309672
598682470
459840234
38310619
45194340
2823887881
33056560
2462604312
3193829162
1711972212
1330091443
1370085595
242059275
1397764069
2238384092
311726514
406618226
233309200
260110655
25770679
3194633611
257579235
114632490
353443453
2458367438
3194671394
3194706026
540511020
1447944379
3194403127
17815307
274820354
3021817814
1390702206
2357035074
2873679835
288551131
3252760391
34428770
139617003
3252870147
355701930
120022734
2432613696
552000610
1543978572
545523584
700305487
365847031
324154585
3103906274
1370470022
281799881
1592443999
266854382
2606099042
3194620380
2407543296
1615003142
3142252961
3169540872
2415362305
3194849042
69369788
1062275978
3176879806
777097782
2281342380
346673900
42153744
3195878672
534610401
110537237
2305115976
950708065
297817296
527528726
1978249892
3196816003
3194285066
3194826288
1051700294
1481191231
610130293
540636894
484121648
1616702456
51861738
334195331
2457726637
174949447
83256546
1206402516
2344056739
2606066322
44485437
1803940800
37783358
35432392
12369682
2402007961
2381757696
2515983457
574990676
2835007112
827803537
2171636796
2431406431
1332864248
1058593393
2836388954
2836320668
2767763524
610693857
615993632
436379282
1046002579
506425994
895926956
2799381371
28371663
170920110
30980670
183523089
2349334802
67330793
347408570
551175177
2271436027
2640753378
2270255742
17090017
2788874768
2209862017
376865995
1363538282
332713791
2838666846
411944017
107320750
2513718175
620676209
1198200026
844291488
2564862098
2400595981
86861385
1727774329
196878514
75966210
262521257
478729863
23886392
33843641
1679324732
2811967596
129138964
1014174018
238380799
571338716
54587772
737590021
25704916
1102353374
165087614
116528157
476379205
1727424103
457058858
851960072
54662122
634259511
572163404
555434788
704343601
107201476
318001525
51426840
2563975620
342884392
29088694
340834821
401706760
728104927
839013901
36305464
17178812
270138977
191280905
2336020255
481549513
306277416
1117476216
1041394500
2478915529
343077122
95091034
1818369290
28414963
2390498424
446750938
2439172832
352863032
56303490
1634850558
306465808
336872188
221976514
1579587390
502273230
12245062
140911459
1936794108
584414108
2767798450
325791763
591617658
2354308814
37806651
2377578788
64189598
715251356
1932941588
2837312947
3218954976
713390190
3219970812
961224924
3071523795
469057246
2484617468
3220688437
3188167909
258052902
18479631
546455011
271057732
40999286
2854995271
2917287392
144446293
607799486
2257921514
19005244
2313282831
3028948938
1210265516
3224393551
3197724702
1008059940
860033720
245626666
2542144273
606089724
41225755
2596139923
3019217292
3225368202
2893802858
2903916663
2377979057
1349903887
2813819064
3297003844
3225634369
2155229708
3195763423
440211138
3180273127
2880191774
2898874940
2712248462
2934449385
3225761714
2942046026
2421168253
3037404342
369180145
3082990162
3167424401
281884956
2695579492
349841394
3022082427
101653595
239567593
1723909656
131399977
245063836
2330551357
102138535
2553937062
104978051
546794829
1033614535
2846009506
309323632
2957711376
1384344397
2875861047
847514785
3178250652
1921978122
2425191540
193108962
306273735
1961600874
593072664
2572083739
3229520064
83531857
3303307349
109899042
3303964275
1177746060
3013050099
1125650234
700002173
39780280
629686213
22226121
62454569
3228478656
3232206642
3280156229
3232569582
157383530
2896277221
3045139523
3235560697
548984049
747990229
2697102620
851973666
3237120002
3237243114
31532999
1661903562
32831082
1089492829
2417928080
103683559
3235808612
2267991170
3237588373
1586781865
2703330530
121675178
2434613113
2926463216
2458546118
2355632612
3237801816
3238758001
1571452032
760024698
831788244
754606370
30811480
3207485951
214144366
3312648028
3312628043
724181564
146146647
3220941763
3312472978
3178626008
3240163244
2859686411
3230862146
30275740
3312209123
3240318595
459028152
985345184
1016719399
3185263172
3092092687
376864377
1931395633
633049907
3114182346
480809589
42628901
3240464862
2725481655
3240548844
3198723044
328293709
609615347
2568609805
2418031231
2324576282
3317148965
220585967
3314332329
3322450635
28605207
2463617311
3184726105
3188198731
2543831386
1151301270
3167457551
166215612
746317988
1959593340
3147349202
3246304730
3098175953
880968282
251876759
3238014785
3240998523
3247302967
1935949782
373422918
2244692017
3165092456
3224495196
3248217782
863856390
3249267708
3224465202
2337958274
2519740579
1321147094
1000903591
1389650952
2938542186
973208666
492900940
477352717
3252356426
3240395011
99759609
1699707566
3341232101
3244757946
3253203710
2462737212
1549591291
3254005928
69653110
2900038042
1480863422
3151061605
227791829
867483474
98489834
317776279
70199652
2431634557
1585969062
2908228734
2345751702
2562153894
1910081215
1455211098
2866714180
1398483638
1870026211
370552277
730156296
2152562670
1372614698
82665797
594314803
879381144
2306212407
1283953424
307795665
324724725
2657819504
30245575
2460839599
2903220432
2891816417
2478230768
380770249
2877472445
2459836890
2898537018
94951542
2732255032
2519463614
470874565
2649141319
2863793884
2796783964
891637850
2895231506
2266506913
2887321031
2451102435
302231807
2911224686
2469330830
43766668
765072937
2173945050
194925247
2894311468
2730469624
125098809
50482331
2177836036
1498433456
2218456854
2719781104
2310153070
2203084695
1402330358
2896039215
161766648
2282762552
61372005
2912984648
752443266
424606819
2911538978
2900801136
1412098958
2786757607
897836689
150845001
2711518794
2181520780
2393841306
459625571
1253775818
2898786693
2914402272
2751329128
2722098116
2899059089
2899315150
2879300624
2615930228
104222223
2894557349
1655423048
2861822790
848540359
283776901
2799470596
703205555
2558210288
2899643194
2573632574
1385339461
538677318
1688875405
2769224242
32709143
233815391
829445376
2901877517
1319501432
2859732537
2907221527
3256815450
2919959982
2896733081
480215854
2531406705
3257340547
3258691136
3253926234
3228955571
3259722876
148662926
333788442
2959108852
3239641735
3266763402
3267329558
205385173
3224909307
3307460765
197477318
2494563332
3152019214
2892562392
1542557556
3231382789
3361986346
3361902921
3269581033
55121922
24496256
3363275187
1854025957
3269482346
3271294562
3271357285
3251173423
3273272552
2270512508
1318820322
317324677
519082099
3274771639
2149787125
2599180374
431313468
309945915
2341376766
2222288335
3158355348
801247784
2457608282
2562363889
2379350353
2943104550
3356566247
402495556
2294817776
3276304742
3024398673
3324490144
3275173843
363234949
2868742493
3278199488
3275528802
2173249592
2834548976
3277764996
3028652787
3132246679
181338745
268559225
2903039882
310133851
3244000999
3343724073
1012352288
571266062
3199842203
3278068304
269147471
3279682537
2378265452
1475454000
633858083
2944608038
2400247988
218317951
727498830
16712283
18514552
19257498
111931266
593458929
312326588
1002729150
2456683586
520030327
2458283886
328209091
215352610
2894730169
770355524
2330495922
188843204
2220305220
30113411
1323563353
961741550
40657964
22790313
325369496
2883330579
66205130
1380580249
25843801
23359769
206234006
47049301
885627511
105960833
2153809994
1110739542
40429923
2466930860
32339318
794656945
1324064431
775279890
2922217412
3142791219
3254741406
389467815
482641859
2208316154
963667248
3052035074
1529659496
1100026501
1233457099
267437630
2994168212
36495769
2320018812
113460418
254032880
567109578
346088546
2287510196
20394244
15906490
480945326
1648909459
1145711778
29497383
389683295
2904618129
58255954
338063089
2277899623
2881246479
713807129
300649343
245631013
3336181396
443177987
2329006698
3397338070
486620917
19513510
3287792102
2928988248
3004769901
613216199
3305637776
2331036734
1126999963
2276391782
78978640
48990013
355677672
862113115
487229528
3308234354
390467411
811463161
920191640
1529647346
1616466066
235382677
40807697
39631428
3280047278
704563873
2276934086
291342742
414615543
19618710
738829142
427827233
28168637
289153760
236136464
432118249
1935804625
1319256344
493985399
349088806
2695757800
61366106
535746024
1954454084
3236231738
91723999
1431798762
122087309
306380132
2558244647
1240102458
1686228474
390361625
53303878
2778610911
748458434
3243964568
3094881332
272273592
25566720
125143322
3189249366
1562396526
2715815089
280337355
358477521
212059124
17037647
634282784
32825875
2218564488
1607101423
1158723955
1915894130
210593241
453648189
2567973259
2778149971
3381754587
392854001
3397692639
428736480
169160156
3196785157
2493633366
415791808
3401690985
3305356374
30477919
2886847998
3299217552
3300892641
50247498
98182751
168899584
3097375259
1654689565
2598582642
275272187
2586558188
3392083402
481361840
1656526070
3331674574
3392479336
786163598
2736175385
629857113
40412212
3019088564
1496336946
3291044742
1703465124
402223427
3284761351
1426701308
3187758638
109768037
3260553926
1126830937
244970133
1509188258
2578649748
2758345067
3267357816
193869993
1027030801
3008008913
600472411
3254731427
2297423454
169845690
333640168
2939024846
2941450602
3391217121
1120753350
3308385385
2977129602
1947523441
3383159992
309117974
996019560
3146551724
579465422
1877885642
1020809432
2612512284
1581185167
239721049
191175399
626615907
2184713653
2281627392
2784190676
2965287654
473997606
731431124
2730439703
3121297328
3357594777
3302843438
2800834021
2770614249
3006044136
2779694982
208813841
3400175115
76930926
868273501
380204155
3147556670
1105013966
1112595217
3298877526
157744479
465066547
64885027
1461506449
2496036956
3000868963
3283670874
2942302351
485312203
1883056386
2901899313
2271455100
199278931
1069315495
126110619
3192739783
1263251149
151614389
400401377
336585357
3148717790
3134753931
280289694
2950175257
1936658689
41273887
3314217160
3317544375
3175191490
1591385497
69765672
3221790337
3306755479
3310773906
1703018466
3310898899
3000676857
326100135
2558820757
3385160759
1700181494
960955008
93767649
3056391
3374886891
3179342035
1033508058
3004428630
2921454260
1542829964
321737417
3177426996
369254315
2809567527
852441913
350576935
56888204
369393532
2364779527
366045359
331303927
2850550774
3041633470
1431957013
2253262494
2970420425
3251138090
3274918093
3369917441
568808487
198034619
3302024118
447843726
222871118
1489204830
326615003
15613352
2923390658
996471289
318739268
309701015
2470919586
544686866
259943454
16923506
532777264
108680470
15104420
1597088005
585091095
397063660
3390463822
3275240066
2904271574
430226769
118261111
2849215668
1005161394
734126168
3357525101
477196806
201518092
3248178566
3238412444
2906398573
3290556330
3291724566
3293746922
2268509652
22810299
3293982788
2238194586
384432017
3277877780
3275162107
823546663
56381463
2896223689
3355939222
390938434
2699537318
3295950750
252165725
1872185947
2990353603
167629502
225689526
3259009891
1380678512
384322627
3230696299
2939878025
3098599746
3178292575
74922750
2854980390
128023410
3375288010
3054210828
40597139
634038261
2423711797
2924001238
72068946
630450080
2711228878
486346246
2436247039
240859579
1977064664
841960406
830246382
2799059006
1642128080
2888426033
2223729811
3001766932
462466863
1115626609
236059329
1403056472
591472132
2379958778
2424978501
2804367559
1400180232
2418921104
2854872703
513704992
255226140
3334369960
2951074491
2908540034
185898176
396144300
276838930
2852689627
1173470730
2904298131
2162778913
123125919
350881039
1048765417
2843933555
364630308
362741340
3156858462
790337714
134181991
348083461
2833289479
109684175
1909502827
2928177342
3161952269
259481787
3239964445
3181459787
2986753618
24202733
53820901
405008697
2491559551
312777695
135620587
637221526
2468292409
21968029
257936769
1668690354
36820924
2506176841
1566200587
160719449
504945898
359662529
2753724123
2172489414
400197179
2170572564
23282823
1347624522
94191227
2321688183
368039785
201456807
53838199
76809678
28669792
592309444
117280230
23451183
3035954482
73742585
2531736196
2909831109
2938299419
2278793756
574822449
595122487
3322175770
448677960
3283539854
3387615483
3291474499
3289899078
1426561489
2582848834
19087357
2447866219
250034113
584422235
1316888522
1282065878
581279047
1191176000
184868561
1426275908
788185897
233874607
1870316114
941649740
2540150821
2708157626
933523796
527948558
2731745272
733518961
2216200559
772193216
844652568
616443449
77087461
1319757523
1953160922
17140575
1452199326
2556002427
191555835
285298842
100695493
35488218
606071038
1279307701
328490740
463425048
378847499
457143982
3067343898
1144123549
186248808
78847431
253357727
1952661656
3322164471
753701724
1191865742
233704974
422220059
1958991078
2199995377
3059303389
1376034307
2411280936
2231292982
129686362
3072876843
3073458072
162463784
3081980192
1467097405
2958383333
3091020343
591213494
1140432583
1296464256
441638059
2571872893
355647320
1385102702
1594581217
2747434528
450217943
305743677
318470316
372599438
945039091
2576701936
898782866
2534655317
447618183
606807900
727521048
27648781
440248296
1097158578
385029420
216190595
989852539
150515398
102138959
1634396916
2196884520
286545798
635897833
2227379257
2241423860
2201671124
465258783
2311377642
1712252520
2327395054
1337999005
350629145
2452936496
275915316
199317006
1180463270
72920041
753555913
2290768471
447574548
199907727
76822449
1623487230
335458788
622140622
440501481
1003284656
3222388939
486171697
81440006
16272137
1856340996
230104642
158536858
18259892
364735785
94174257
2775433778
1027630110
3025872743
3295591908
54701851
394508346
776201797
3139293841
156359145
53766941
818930496
1056959887
3013804428
1666029026
2552791146
2954931431
3023860043
2959521660
456421132
1468154550
44563799
32540134
520054731
826188888
54038892
362288949
2782719783
579498882
311060049
1517779597
3302807664
2677588529
3318317722
244258199
507524916
3287056668
1514306815
3302621323
482273411
833725608
3391811608
3301032306
3293714568
3289567646
2784654286
1596948169
2180273227
560083342
1587048109
19383126
23801011
42975488
60829918
2565694562
554864922
3302698297
3302595582
3302710519
3302628108
3302729749
1471521078
1319520500
2329291878
3300050108
3301735854
1028094846
2439315380
3396546507
3395167210
1521082591
2359655746
2438526717
430211775
23263205
1129755674
433082137
1243049684
373090484
2981250011
166759640
3030619412
3146038558
2344933087
27439619
2157751398
3288549397
3160254648
1967007409
3241955359
3301053541
3070564596
939421430
3301073485
3296106305
3066928102
3123076410
3300873132
857404874
2970919853
3301876818
3396218991
3299927173
97380871
16305330
3273872972
3392841041
3138176436
2752762563
2953439867
2512715541
3148633310
2856018094
2909427087
2397926951
3202019247
104262882
2983200166
962945029
2942011270
1594592388
2377240891
2547438692
3086602160
3025105181
2265039528
1672051248
2882646682
433864095
1047992876
3253976244
1313643450
1481347728
331359305
587033027
268136460
155634323
322614670
377600134
778891590
2316955686
328358520
29843478
19576058
425527964
1368754466
535943796
1956508225
3272290176
2225890519
2751105163
1969451720
3146886181
3014913897
180054855
2754171546
884878627
627774692
45057766
3290028896
431620245
40166120
146975080
124435027
2766937058
48840708
730887974
2721994048
3384024676
1028403738
280699300
3009578770
356952396
498943357
360262161
3292115065
248912167
3054435980
51936838
3176926550
1721514812
2568572057
1034068789
256648868
1007579258
444081911
2436271014
2578895215
169779373
143083349
3244625089
2590204297
330689223
145898541
20596680
3184692248
2344686481
2969795221
597578585
262188578
161182669
406664204
2330999664
79667954
5535262
1250869370
103619049
211955364
2263823809
1183740252
38465698
348759311
1363248780
306465652
39092818
1178034740
3125289986
834430350
1938547477
1656270823
259893986
707062907
2376059887
1041242143
2937560658
290916392
1393866733
2799073950
3242443026
3366270939
1003415323
3043723172
337476669
2524044386
206865036
167493064
98955996
2986538285
3217600096
285495453
2278230854
465139625
33833119
543248076
2599037077
309922358
2558061386
383466721
2447926520
2335627459
24873767
60284582
796709257
626218729
59780295
422226767
43245270
267114307
148456848
42413878
2442397578
603918519
188535296
1319180107
1182972409
2676175441
2738988725
382492353
2240628114
439699391
1548620004
2347938143
1682339695
105614478
2497609466
297459224
25542643
304274993
14617919
1670059184
1941893244
894677618
746511116
1006525994
194240855
2274720775
80438662
82956984
321032780
1861902104
193532770
2294220736
186527847
501210288
1710935358
605801676
590674356
25288880
590976063
1845465384
701976138
2454245888
2457659737
22889847
2521004134
1123631660
49731520
2229038546
709213436
2338610839
2500383770
2303931036
1895825288
1347951229
2258778210
79465406
480917941
890070800
723217938
493768207
559223770
1475277108
1482632629
321790414
2209713362
603345230
62800395
2745183845
3000749107
2779214017
1621716404
202670773
159804441
3332104185
3368104769
3274545427
3256290202
1134629862
3251797760
169653844
3296512046
3240311400
81875563
953048702
3279927906
60954215
102275844
265251507
1207037869
575466540
278596403
51455430
3242950080
1228313060
503462427
3084963297
1615760954
1950017496
969364494
322384295
1539489588
2881719883
521427807
2284390062
2493266905
2708064346
61303409
918377462
1463544427
74268982
1006145324
2531584846
554594834
2599812437
3091371276
3270673448
467212496
3236566652
377569444
2876008998
2604899148
3269162454
44290936
1918544130
15852372
1478898877
2779791915
31662734
3265676274
292923790
905803962
300623137
78670031
124381345
53357620
358092176
342866666
300632741
373135384
24400109
27500091
3372295583
381197449
563091714
2560588812
571414022
2297264283
3253855002
3177467099
1247713280
42835545
112851295
83409725
728920892
2617642946
2558789166
796017414
2982276658
311478802
274685282
520057254
3157761285
498288432
165220594
2252425766
2167395246
471651076
2686892442
2276749194
1607860832
1315468124
2307406981
859145022
312920124
1104438126
617449061
2566329206
62223527
75114134
887252323
840605540
246531086
1198103088
516735105
22068034
2792798198
250947674
2925877879
929247738
560538218
2279459774
34047021
255079873
256563070
2469340638
1623570246
35134718
284241195
24932952
93096687
2788792717
146151330
19252723
3074545033
69852272
284721206
3335057247
233321052
383431004
1244674381
3271692066
493545142
18195110
3106262416
29250666
2316733103
565851352
713907750
379888984
1402908500
2651302631
2315719838
42192795
3347365138
576153474
3184317852
852071376
2437610162
2905297220
60194280
3072161008
2522816401
3362580915
1625705989
3331383531
383415692
165445539
2903044578
372029705
2290709108
1385021156
1228820714
2989297178
17954832
621163558
19640320
496679072
410330129
170945230
938372065
15111705
26100372
277334921
355725815
477045739
125840777
487071011
16206628
2803762042
1163995609
832187910
2847826360
256625998
2838151123
3182931036
2499828960
3280461007
1955434194
601406109
2792604343
21357883
729751200
26619723
2427830635
3254249875
1442378402
352343916
2908500949
182958856
3061956313
3373829513
3079070207
1534246267
605012115
2911650214
2740364277
304674115
2232045926
2937764498
74285874
270936624
971301030
145419201
3103436274
857251844
3384045591
258844359
1005312918
881473418
2250964578
334681878
1340335543
1003065590
23446496
2557607092
3385281459
2964584465
2380623400
2549218063
2573508991
3285117523
2185630952
86853156
981749126
2820869319
2372312116
2865654613
3384648562
1466120358
2477643834
2155734691
3219953707
578336753
374566551
157066277
595074385
3296925447
3061984004
726621800
37998905
2873820096
265683059
2207729299
1150132842
266762227
45445081
735529364
2916851394
299982588
2910256660
2924597478
2357167238
2849292966
1611647544
1623932071
1614330079
874842966
2438092142
1078544316
2880636251
2908545080
2950841329
1692598902
41318052
1383600901
2216318731
783301687
1494065598
1352450406
2945854170
2833112386
541307527
409081041
3041865819
2434631395
614729470
927045308
3050557854
2344556047
124163683
31603574
800742068
2293679665
248024213
504880328
3138204847
2453360749
2183762618
410220175
858906278
3048909020
1600477164
223666229
3118760832
2259470478
182236474
82017449
1096025724
1116395095
2909545219
1499045822
1018899541
285778843
2907176740
1115715882
3043012612
474618047
3154790828
1165066490
1053309108
1277197034
1661755908
2314915123
2933005397
1075607178
2760885965
807623845
1661137998
2961698546
300898320
3044752203
3046206911
388130290
2622779438
2906374001
2947323042
1006664880
187131627
2528623508
2295328459
1443033678
340181578
428484375
2329219651
70420252
627365888
32996010
2932713253
621321850
92628011
2381094730
263170386
2212283153
1537509865
148395106
3256299324
2499962809
1314802994
69166898
476600764
372586375
346932817
2888144585
1214836447
3320264392
3240382516
125501745
933107958
3142855963
2351605030
2912877305
249690709
3371064081
3376711253
2718856583
2302044181
1253096192
489689671
2274708421
907358815
170760808
2656819197
233392617
52209372
724829064
2759944271
900935539
137556135
23692622
65765146
1670739656
478597737
37836873
58711561
1720288453
2686093416
2790557957
1315220712
2822827273
299952719
20868206
2405474552
2155448138
1396009531
1325886662
2411134999
31531574
357026254
1549890578
114874200
2285822521
1500542839
2910708105
459761208
97380768
2928088703
2346227744
2656124171
128962055
14688602
2944839889
529504440
2814887648
2657588528
165575567
2906031697
2268849734
609526912
3092041824
235681224
3180716000
31587962
3232871644
779144754
2269383936
47534846
2488871288
153555645
1390633537
1517947608
2501797596
372636658
954700584
266209188
2231990802
414291230
165086807
2878547227
2887433194
1486833871
2366587933
2402586169
2358756416
18991968
925839918
2576615690
1052297064
412114383
270038283
536999836
2955114144
2761518431
1489248344
59366943
17297707
2332740612
283567160
3048502334
522511534
2608732687
146892030
238719671
3068395541
71842469
3064909418
1916280192
17584557
42663654
305814185
21840191
143659458
43023896
1594482152
363501586
1164529477
1078779343
35474570
2910396311
794660635
23857874
491105249
230410886
172532124
3164573898
1178004787
434453060
91276963
1938731324
20892259
1589162858
125829775
2189537160
25194941
125290605
3094257037
1531185990
2465288702
1321415821
2468435324
172210805
2886632094
1649343397
2885989517
191105103
266420236
3070667574
225833396
1059847040
1862563111
2532309527
376519974
297127542
3294009927
1274325798
200496089
453821510
2375006478
872903827
1376047064
1168294064
2731490810
541261129
2468140944
325247419
3146603784
2235481374
43163211
480930329
3005069196
216116121
3184473930
2999878922
1164746359
298704920
483127629
721299044
3190216826
459913661
2161882789
2978807373
3237360515
2725810232
1708473626
2652179664
40425854
388668660
2657473901
713272658
1894919754
2337650450
41746399
55435968
3232228146
538046815
2822623628
2836893740
1318769732
2779656914
1414526005
262364369
83600536
1692825038
435412847
228968595
29927901
2778313997
116839904
3182427126
1937879702
3073355400
3267791418
273360402
131952365
69587261
33733664
2400159360
3128702960
502576436
2345614639
783244706
291473689
834529506
3061638288
180266006
429596882
308598150
253810310
246599271
85175894
503457182
3001512202
213040511
441659947
46755445
2381328084
1599543446
826658748
1571798977
2302299910
2720073164
2970917066
390083652
975836911
1461134888
562605723
1537699724
377312156
232261152
2364235891
3315046197
123961936
136523980
832132328
2298443713
178006470
128320787
285356227
168763120
796839482
2461996598
400645555
3291664479
3276390618
3355522919
3368770539
3231528601
3125512215
601239521
3227265799
396064733
385164472
1547400678
2307226580
396820787
3015824262
3102166776
3240926183
972964662
474654869
780677083
3077497726
3195822739
3002338639
1129052400
1150296529
24517961
3244006369
1569327416
2765556164
2546374825
16472254
2207866603
3113562271
3045300980
83288022
1645734240
2661351084
326530306
2758368005
741185017
2440193073
707425842
2360066526
1240665841
2479150837
556366565
2377776919
1119659568
1932798907
3231945432
421461546
458484729
2722967455
438712827
403772366
2254559107
2979573141
2851194380
1004488627
1140976772
3074611409
3230322954
1656335324
333425033
48841558
2408096300
284596624
1355586290
365047092
240304268
3260742744
3242872931
3250774255
1203215995
1196159970
3217061969
136765458
2889296322
3356240746
545386331
250824486
731504359
523624306
3366016587
1393770985
2183363910
2728063059
2350862138
3364519606
2611783305
2945373811
126768397
2548946095
250311135
3122321857
2955404464
2995241611
2300945767
3237581323
3188909584
2668699480
2321606036
399743722
902884814
2481451626
2388133382
2426475636
3218941016
607681232
151053896
3242596164
313693974
399184878
2419944642
2324431286
3109314978
47478288
1011846510
3061041133
1273166870
257741652
855522998
874825380
982872511
384391666
231040341
2887469462
408836368
318632894
121207211
762301213
422669575
2759798893
1601599470
2451904842
231542329
31906969
586241253
911252240
389763974
136026714
2555579282
2978794460
2697691260
163551120
225889841
3254129436
2789053567
271138857
2602161632
1626516469
2398729632
519073076
2966766844
2932833420
389253189
424556600
490685287
1559028211
611187068
316457499
2741408618
173280771
1305344587
1619431218
40869983
3181015069
2859335699
197488209
157466144
2969455053
842208096
2907561640
2916009863
518146901
2385914156
328313947
498276488
2797430540
1608542976
2421121940
161619630
490575663
63389260
2401639080
284766214
40111567
2385801504
2909710473
114896084
1273177460
205319898
865246224
3237530624
2409362515
733619946
3252151001
3170721624
367524389
2808096327
1052376462
2550068012
750303666
3271126508
2175082905
2765514385
709436231
862377090
3011274027
3271257854
1409476418
1611528230
777329174
888159002
139266691
2330074575
3361247901
3357112901
2235126178
2265170514
18545545
420876302
2949524242
610259389
2957760803
717292426
2160513417
3363643090
3366529420
708076675
2978516902
619378397
2573082584
227041374
1335058248
2764533896
67865105
112241365
2987813111
201409948
1847122368
1364275370
924701545
3307827093
336239148
3124171312
3236720829
2412121783
3065668333
2892607204
2328451880
3326057609
1924152420
2695801867
2481459192
523373619
2943960414
1235781583
3091954734
2914906256
418338226
2753361248
1947735781
1093586744
2259589525
3100443134
2772633860
1717759261
3294274313
1199447425
3156018476
3228322680
552823552
32190354
306726889
182373328
458988156
2802721674
2192931773
1419246301
1480192261
1398291618
525927423
389822291
619738658
1317768930
2893535769
3237607183
382147811
1925098920
3304163626
1414690890
3316986658
34618982
3291446943
3241436544
3013510235
178554062
1967808397
3241714850
37328386
307672116
958860020
376080567
3316306426
1094315192
2609571514
3243543206
336616302
3243631050
3298701993
3243432355
2393136860
3302119769
463993035
1387870921
1969011080
2272006501
2944335359
1911856507
2450904505
842771622
3325641867
2460439376
2528470821
911132582
2792783771
7174552
234562924
3324206721
3236029289
354498747
1390908326
3331176891
103162915
2882154575
3248104706
2610318823
450327643
273662195
1664173189
3128982433
236837102
3303805785
2319787544
2341308620
2865954619
2890278466
1146088392
2346016602
529668850
1387944710
1279389571
3337285713
52959178
2165647913
3240513943
357432696
239680603
130039418
2906996497
2190301604
846579042
2464243705
246021080
3229033667
3340189925
2318012227
29475996
2366865061
529598800
257054365
436569394
3238513357
605833356
2832376056
3242669016
235740956
538312784
135217932
2500359626
595342981
537773456
36452555
25864682
2340733651
3244567848
106326529
27597562
1486720063
1653547104
762950180
523791434
542604289
2688871106
2465807162
77048862
3254027400
2384147876
1061812412
2214624680
2439265849
1684804430
1664691378
1263253777
2782091206
2348249131
2474409104
220261638
2481264338
3175107553
263933570
1355012454
1412690509
2315956243
2893986944
2649085442
2247570854
2290328880
855657703
3004526613
304290784
118094364
1312702651
3222601301
60394941
139021065
116938314
587714983
270174501
483680843
2238818124
434534572
2959868082
3222655254
1072197722
3071647669
281741827
2980346314
1559476830
3260102438
102527727
104259793
2224018226
2964147644
3260913774
126504334
918346165
264516570
543087670
329941059
1018917218
2629215957
1576445648
351707876
2340300995
2722275653
632400607
298387383
3078651284
3262785416
380681635
1364984394
3069038980
150682622
1125667050
2207991445
369481783
2255934967
621952450
1716879368
2547509774
245207179
1951941049
2325960903
338426148
3268153458
136024443
2951499355
3092566626
1553854280
3235671979
2607716735
2806510946
796435297
2524206015
1534770127
592556349
299857579
882715362
62580044
1024688586
3233460152
450276299
2169398544
3252981433
1658695040
3045176141
2243957410
3154139181
3151960932
3306093495
732401514
1909839632
344439235
2216625264
2858536808
315101229
854103384
151281204
452429745
3043626838
525364561
2274732510
3231068674
461883480
2842310157
3035681970
2988474663
503752243
16989556
54114090
48526013
2273216286
2427023155
87957969
241776425
2607703140
524397289
78199731
590889127
2788319187
982513974
1238750785
15892789
404177407
1478155922
973264369
1732442904
2422705014
114314860
1395792414
3241879036
277127538
917215591
2468300185
483757222
484689371
2815132560
774865616
422483646
105398655
731006480
3071093278
1431783997
17219122
195130486
437048770
355744879
556615473
281268327
2432897371
493322075
2806497507
39500170
370061191
3234442512
3074166578
34574279
2344426165
1920118592
619993046
2908754604
411754874
2874048517
520145191
520999239
316473447
45470170
419960445
466901950
2451129150
637338383
313532397
68772325
211588597
2774439699
465089449
3023846201
51888046
406742074
533764280
1335073854
55198772
334065083
50972783
560657761
619687364
36427341
1619820320
418525406
2777152056
413417763
511385055
115525264
40623412
288035361
14158853
2896913868
2332530361
50823851
36799136
452229210
42813614
340357859
117293279
57566092
756272592
302041681
218758579
186232331
2356907228
3164888587
35321003
3333053979
104616810
1267729362
2252600376
1723798182
71559757
1663516116
576289042
2332231974
1100049476
1909514556
807386767
2748541087
503431506
2999916248
33337352
287770330
607644971
1467668341
1416239036
873017358
379330301
3241967828
568575694
2729277767
17073935
278631455
170148699
1719575534
1317623526
513718530
729934136
942090426
501576415
101837409
3246486019
185579226
169402100
521025993
31078583
2809345616
922630903
2558027593
146086622
52109762
3159240804
246131865
556701450
2335346964
116004350
40874240
480665385
15202692
3099076913
2781164071
2277519631
139852216
131675382
24317132
1116070795
2581006770
835786237
17741758
270943100
2265111415
1159071252
2606892864
153223882
2891215596
2528326545
3100043597
24975060
2502433878
2470793470
2748304827
2500627524
1305100838
167550796
2261034258
923744232
1181029004
1013907042
594400813
3055846132
589791975
2263086654
16809155
2840634100
78846926
61210627
109374201
183057172
799016389
248733032
406343139
32234266
474411979
372918267
490834193
145737029
29540425
118324985
229841541
2176986259
52144780
852152192
285898012
1194938647
128262854
433196538
361938134
126452298
2546463358
46298188
62052825
1318717327
3112426631
2358519686
847315105
1115748768
1271421307
1451178811
191094261
754003789
3120356739
1607235679
2800560472
2994551949
2203873665
478359055
334240248
3232069451
2735178207
3012547278
1346194748
2905870529
365076726
2533322942
2423074584
563697097
2548605481
194424422
1475500056
41367583
1904269182
3029982214
3024916095
2889927632
993520008
1883499115
1343319570
3157981486
1220647746
2238223092
1716484842
33994100
851937504
3043447599
101056684
569714032
2393401820
3024957731
2872684272
587361654
2856449530
3045103072
3024797679
3028541799
3004836230
233319049
719274828
703937012
469388901
1213982557
2289892765
90704023
1135387555
117508524
512495576
3180934466
76497080
450390246
2235178092
453692081
1714622024
108401744
3007715285
106339670
2994094503
62617094
300788098
450471719
204918905
2344399148
387321930
2852518450
99057484
30011458
3330414663
1359444834
3097189175
2967573332
2836773587
2244041587
2220377288
18269496
398354613
19779135
3000776183
322429019
3312744411
2254502406
3039340571
14787705
501818191
2588141216
364066099
88222637
285320485
321049774
258541203
2468448812
2776560124
238798830
242697625
1114572014
320519228
224538852
40720953
3073555076
1183535978
21427807
2663421916
332639947
1885725758
497130665
487997114
1679838936
182818428
2732069610
259005086
120794698
1445273299
245200873
605931008
77336039
173184227
2891530553
556325260
75304619
7144882
209089388
476708745
360821629
281434757
257464897
3033503267
363684420
1478844643
38557052
3138326769
2840383455
2840272067
2840308347
2855879372
2829458192
2840239023
2855847254
378303115
118053676
3018722754
3101037944
3048999666
288339494
3024326880
501524096
264117963
273441609
36008885
395411605
1246484233
3093492217
2159374788
41829280
2387416638
117995238
93769348
179257412
2896163043
2681443379
52688767
2536147113
1684011800
45545110
501526623
424352962
396028737
2993706981
51266184
1695175698
2948602174
109901154
462648842
36561630
2453076425
154194900
119039661
2803040324
922763234
446340955
1055754415
2628239679
24081446
66792218
329525868
2967443909
2556064754
499301899
251975305
149996237
96480822
2884793957
222101897
1123937371
2790401056
330503316
338637627
539485511
36590133
237050779
2500286972
252806908
52297002
1362198314
75094226
76532437
160882483
443068422
2443143144
380912710
26072600
495996883
1389909716
560055663
461225445
2970933455
533347839
533518238
2552999234
133392817
361097088
117147119
1289968746
39398771
262382832
1170458132
1966792501
24265110
966624967
318321166
2903084865
1328549226
510593870
2453590735
328802742
1290686670
22104134
259460141
34201501
990910681
171111680
784680361
181261232
2683135712
2300968813
1028805578
2684054743
393579945
521074987
2166012576
259066557
181920248
364036279
52001674
492716306
549864878
2832560720
42523276
2182699490
191595698
402876102
359863527
103067916
1049301416
2455147525
1633526834
284503958
852605971
168838825
2402964690
3255134945
260859794
409663824
598751686
1030163413
435369106
958198657
1387808132
139343814
2539794053
97505495
229273130
110763641
1025104058
2164430936
162848820
1515438972
237433707
3139457675
264089969
902428952
2607007764
68553586
1564730946
923793986
3074369187
234151167
2350907029
66194335
2300003342
170089758
465850341
2842465811
476704156
98198307
121659365
47759111
18974412
223560591
3042386780
2178425953
1661942096
71463811
34446725
50871774
166443964
2633894460
887704477
938324252
39202056
1542930704
879155034
257780763
794281614
1115966052
586889903
1312021446
2267704806
308907148
624306442
598002976
421701271
286548966
1515300894
231394243
430108287
558977834
266150765
51559335
312495041
554843886
872165540
31204248
105907962
386723227
942188983
275757671
190104015
396937729
160048087
552468598
449210928
52234217
16356499
2824644577
223571845
100720149
432124572
2742285250
184301810
22548880
297640128
1433042436
401726670
179210616
246578334
626515073
414640018
177883386
2392562743
2193787205
2696800476
267253189
1044991334
1927567026
439238692
417438260
2821103388
3105666029
2817351244
32438604
75161061
732579830
1549143464
1485811434
123929742
1663078530
2348857214
61313130
987187688
2257706117
2269542536
3243665543
2984601405
101274009
2419856479
2667523562
118054101
475671706
14649144
541112999
2761656947
2634565885
3291651081
427400365
3248290195
406783632
2377030926
39166602
1543924825
3066049233
2204524710
924222457
3309194633
89253951
3009759277
802476242
262594635
194389810
1885553526
618541920
2444251633
142798361
1959620228
122234584
3184534497
589500090
248445200
3170410611
2908514044
2894863966
205108195
301173001
1852427293
3309182248
91135990
1912042076
2203408938
323515127
591211554
522597443
305037754
68558349
1705977966
50940533
2237379685
100781308
1092089610
364544742
2559251372
2984336836
2906518142
2845764363
637247217
328318920
3240279022
290854551
727815602
1621405584
14993272
3060589752
3167902036
945119148
2361160938
3311853580
300843291
2571202909
52756612
198382286
50560537
263348949
1946416669
61362163
3025661390
1921897358
3224494938
369705071
342975593
821602999
816091296
378518751
23492398
53536779
862198050
2541450604
221262699
177380040
595168471
2835473897
2343022050
2923306885
1724442049
1138511886
84602512
3247993823
1945239104
600856767
2369468508
2392132985
456381770
279766660
544487335
2372370584
24368374
232699312
90804267
185302273
171300476
180387231
2919189548
2287832779
391240081
1599370494
568521482
74286817
415305621
2597281351
21049148
2342299687
3236077011
30763914
2491817137
561775964
437529117
594978238
132681800
139038691
18057450
2724807835
1431820130
151563607
2423166631
18378334
3142775864
81853924
3189586320
3166311575
80621488
971878063
2201850816
2689958113
2561312453
160930875
2273798784
105754098
619876080
3025800884
3068289874
2175957486
2926746575
377718470
856421780
1808945306
406747188
1928987790
3042324877
1230271051
276112552
3094776668
2461942465
2710090195
101464065
332536138
3156346877
2960105062
2949608866
1490447480
2812040832
3035032957
456957462
1607173465
329168289
137934832
96052904
101795405
26974145
83541860
1489451797
157874984
425510484
221992032
3033690970
2411372797
2524051861
608684222
266367415
1034416165
1976919872
2732275079
543444372
390310439
41927175
179723370
2394965036
2568549379
24362901
190553861
2822671789
156157763
225413711
3219043441
1011413707
2789086615
3226547042
2826472817
1205911094
2245222483
360298974
1427027852
1578463626
1686885644
211712063
3227618659
611197590
1615731026
1669522003
131454484
1685140928
422388245
2343240119
269921202
525004416
29861741
1181437825
186870125
511804626
447838327
216177570
3159420529
332033585
83945235
625429808
30788660
430526599
116113149
3048546380
2188551000
2274092179
1075403636
2455843824
100072081
492714975
168985578
3195844029
2881160350
70572903
1909240873
1160987682
464139728
275079986
3033883698
29671480
323312737
58777358
554492534
143225621
285175597
55674746
566817110
20655178
1963709540
219553334
275184947
242408288
358179545
341730758
105790677
188157896
500105719
2204352932
219895367
1324896446
376309806
1070835650
127719093
348914235
3222703093
371499116
34548527
3221168089
44573289
2995528285
2871263182
165537752
23752159
1342601220
90366301
147609274
2554033387
385531505
411262482
128777337
2857559413
545792892
249371108
288464143
3010333362
222660422
1453911726
18340526
243741139
439848285
1191948697
2262079554
282153711
3150927026
1286964769
2859611745
241406731
474100041
1176856748
59166643
159047737
281767951
41872899
2863198084
3241482495
745801442
3145436058
77103346
25782834
315719271
33056151
1243612141
289240654
2465625224
396169676
1130201630
345627877
1155813307
1615973466
315841342
413075317
1489238930
433474122
366677841
3292254819
2245111687
249056082
136586782
213371710
282143876
244278345
2575686301
456307091
348745966
2172917080
16546100
189006203
408586241
1586924900
120816682
2421722063
292654797
270729206
334778854
1700493583
2832866793
3252827475
1292493650
491072344
913350823
243459716
1167435632
1526318628
1323462001
33946390
100771178
579231950
277660392
140777715
166021340
321041075
574324923
19639949
168240502
994622857
2546570038
1659385561
2501101939
164669205
22683251
311241840
98798082
267649281
275849192
790191924
1051571893
2865098530
981892291
1888586893
3222946651
71003499
900754536
14949191
15093696
1319462413
701690568
528254214
1850298104
1541806914
229907339
201147116
185134537
199730805
325259632
78948112
2349374068
3217213113
1429391436
29637312
316170296
93778625
241407624
1376453491
555682975
605687186
76992520
113584702
25539918
313665900
1713158023
1053844176
822099349
128802269
299002106
243525765
2818047838
143111739
1129692085
637225214
40300830
733915424
196357885
415883115
29638102
1957955538
18424799
1852886190
63819427
1276568964
1002846300
1366565360
1075511252
406914961
356032673
2524156707
1402078561
419138345
144981077
1050802502
425443914
541081038
3092735152
2357542646
37793967
1599639253
2196361827
180926580
237187970
148369198
3016067538
458655234
184979190
813333780
1051486645
262419177
189019079
176120239
888136494
238122830
415813261
33360100
1008090162
256624732
155654634
1141308186
101422747
84756852
180520350
59557214
2434153454
82185101
73502309
2771605390
1297647367
28227019
1863439051
568828119
2247665540
806118870
2210893422
330166082
476068752
18649663
601880058
14900157
50460953
557516781
1913374314
479863849
117028971
2724955808
1882137234
619376461
2873946762
283251686
471342135
43695144
350660899
2891695545
965571182
856812774
457871777
2784740521
432074041
391600273
380758106
480794140
21141857
592389051
21620480
108475121
34513122
311129733
803200170
51974779
40726636
974689111
2549064565
68031552
402272028
2875804296
17437319
3187291616
122886256
79249707
620433572
81472200
50122715
197451466
1088172001
171248902
54267128
189741493
242121637
2874596991
41267097
328776743
69656209
228981819
168805207
1240354627
1057407913
393667507
464204783
2536083255
2853518827
2966930103
2911653203
28752024
180846436
1717036921
19004515
180712947
53311154
1456021824
188028342
2529023604
280845253
531330579
15049393
2869187863
885361376
3129643224
503407616
62659005
24378105
161203945
224948150
421436597
151957607
1668457932
79070940
56032887
2283982572
2797746938
161097278
727496749
1066749277
589498496
2333020974
27664863
2426071843
3028790125
21823311
22846697
2165776753
591526904
2691582254
456726486
1407147020
86157587
3234792703
1416916160
3062742188
339645026
24049165
2856274556
1936002528
76169363
87107652
2717697042
349762499
1681919960
167574695
340474121
1455936362
2955262807
2740862600
609742172
1043951282
218697108
118669450
214800926
1909961269
750074017
886481390
278222218
115702732
21845494
2460360349
448703696
3296474464
354623318
252734726
40796453
463862230
31526319
378628526
490646666
399119067
412735975
144172193
2203865717
345763919
217891029
256521012
393733920
19358850
327203273
1025868751
179676239
1343558462
299519836
197861500
44216731
455443423
76202009
315565340
1279547868
305223999
598989532
1115782458
21057794
25235690
507569734
33732872
283306173
766080726
337478623
1279811228
2810074068
1894109594
612390429
92713671
1630604042
584442322
616853116
50735431
2856925796
193478770
24816147
336724033
78840407
396806544
2429504570
278364946
754726928
259861152
221867776
99776918
2870499657
37781511
488542042
432363838
1306263439
251429839
1491815276
24174095
160056241
213176697
126993878
537563949
85601230
23980016
3157966914
411676947
949612717
470909049
295306556
41504807
2811898711
445876399
1689870128
162820219
384058134
59666924
32312024
1185437460
317603744
2287221474
324005729
1319274554
372601614
1954633086
1260751974
2600349828
2878732305
764927970
23690988
1411421952
301292071
110271195
43474463
333792671
1601515332
337392985
553555460
632515195
456895613
114067032
3199939127
3131696813
26560524
573411243
1915733623
1601278003
2417912288
57596688
29904324
328826581
49822192
472280781
414204484
2800709773
138841219
279751773
738083198
844944097
1077987980
1334570762
2569380385
1586423226
443541052
1542373740
1091216816
230323478
102860874
297591025
841000808
1512700219
292582187
271689432
328805801
293743973
285409322
127734719
1515400368
297224865
20820308
168867542
224643040
16480736
178411241
50716238
117460733
2347107830
38877257
1573325670
2736673585
264234577
2584725756
167436923
764020818
3041789274
23389244
3105951750
22940690
2181230005
508331261
1243023062
296991118
703382540
2928157826
3192239569
438544624
1863587016
267500723
460675203
1551084157
215420860
65745551
18815823
2535396338
192253844
604311870
513683781
2425127634
54138026
75961388
382826343
75467040
151680843
1703343144
572704004
24794919
1149568189
252816637
210748042
355027521
313578331
49150480
3123884414
2481278122
3126866224
1257645007
2262466525
304576678
214673546
273088358
2503287824
1647306926
2424011196
107223162
82131217
553665823
1061241576
2383950878
3220647967
198371463
2612088145
96848521
117063797
707163152
709270289
3063968547
204362651
1075246915
478964473
137592829
35968998
363908305
1959140240
2203652526
2944786064
2329897862
1436761628
238272731
46467776
17139191
276584954
850248402
270738604
158774508
1152227202
43137327
827573515
238688109
84243255
142901165
998442270
429424208
2202867434
256636870
38444467
1699929840
487438898
2414769048
911850932
1110691176
55599244
1970234288
1957478144
51179653
73992563
161887346
2537930306
16898660
139007672
67502009
2979448946
22297479
138241817
1167946422
70818582
355192080
2546262402
2903029510
268933979
51652720
204039660
276316701
615494822
845983963
558277982
2245065870
190771051
1316672972
368988374
235691987
1542279031
189134281
851832174
2893030210
57793021
184222346
2384326501
29724754
999453985
3051194244
2803785570
2187107221
393817477
898397238
1605968448
514808191
2191183904
2453296014
2283776580
2565541795
2453373049
93782437
30503799
2538130744
76569323
220053538
494683353
2836476892
2191343468
2525796032
1462306544
297524465
712361335
2171722901
272496432
53982613
204298054
82743746
973858400
2325819290
314740051
1372476151
2161843982
1729682618
260781332
2173355797
184603514
1957816104
247456271
2412723198
103466969
860984978
494046345
7344572
6463262
25631102
975314676
598832554
27327170
79819109
251041635
22919650
34391813
468823556
543067559
3014295030
516223272
29658180
21278729
53375297
2285932993
21841580
48420447
2927100828
1253300143
213172274
756034394
188034135
95544761
2983328168
382534906
942122522
2304323089
22427523
53850268
2273797556
1027946659
1942373209
3082678849
29865074
23947024
210401302
1450659068
1194244776
351313934
47527068
2271879829
131450289
71365556
18043332
1410839964
80254024
538642514
2735159418
52643982
2703188684
21961462
155367820
79344969
197213588
988886058
39421811
1099161469
50754387
3108902994
41678790
2288706264
50946023
3107964793
1706857003
245110864
1223224597
850440397
19948204
1259517588
2262185683
2202005515
1016410057
187071164
2428433803
194123402
62618541
467103358
2757457271
463401736
95066830
506895720
3190128460
46337707
1119582470
339286324
500996233
227838923
169865623
412674005
2329059161
356533646
1657226300
636753666
245262792
114309749
126514054
22751254
54709804
332636965
2972548276
1087725583
3173375750
3062026278
220462601
1101410442
342930174
2283231534
24240854
312669168
18012362
1898469320
710058606
1080959462
38296338
2893416907
3008508307
125553443
399093097
89023286
870818706
3018120526
238257618
2869788962
30609253
19845583
836930449
1038810806
2506233439
2374434254
1644341432
2544569022
310995379
293197464
45080544
422240999
2360244950
2829934590
3056458174
2872365302
342474207
731150761
207700576
28679285
136443907
538708939
634257633
116562406
390701367
138854541
351116433
137917700
2768720978
125176246
2358789037
16882422
1288172930
2188101781
260123219
792937219
2870948625
37551938
2794508666
307493623
44680384
1378329470
561645901
93711213
171786048
247062314
1579195110
133203435
487805578
45172574
52790364
212477166
725018629
9296562
16473043
67068838
54238464
469073114
499912004
1544565974
1078122528
391220235
2222010534
438904869
149339446
1556712180
772787126
2177374546
3019032943
43275342
138531656
36219095
375228316
14731307
52126126
16649881
1376550410
1332656455
295854916
214675200
185506015
129660973
17972839
14574476
169674151
409560371
329806107
865418449
213542698
30823979
231478564
228579070
2968185758
212225144
1716436303
1543894597
2957624968
541758712
1382148738
3087657186
2281845920
601416667
1130567540
1270558207
2721309863
616904830
262994764
1110396505
2454231774
308182245
578484823
1468700058
107149653
1343659916
883417094
232213784
1427102760
65808113
345769832
394289750
26405498
2450907661
2870024123
17183211
228532071
2444881946
1216958276
30588049
3159815376
585239358
136401958
2917094504
2433095052
522981501
21064105
1542374653
493713025
482774519
22542419
2258558688
272794826
2729552112
178510272
2751057319
426890993
331792820
1016306089
501239042
250441196
2881365356
2455516040
1506079182
35216399
99666856
525554725
3054865178
25438893
97318503
61224462
328541542
3017573598
6987642
3062115512
1514584860
35353055
32548402
2729322442
1110475417
138560581
1709196187
2405341116
434398626
148188016
838956194
1471516056
496532513
2278101954
3152187774
232755852
499915910
1915735392
21701028
406704201
2167411272
1523981438
2814373808
37359903
1967040085
2187745260
2616250046
1562313763
565275944
527961218
545534537
2799308938
1614137322
901338488
475055929
371632169
558221372
273807677
922042710
1352464512
1548981439
3081269175
3175759023
34374298
1095067296
3034967770
2309072702
243084307
39665123
248250159
185353367
260115894
630544030
796928238
2525095547
76491764
16341636
22695090
270143903
545526535
1181147652
107543462
2779344595
2756796671
3013769095
604087698
27509477
2992925347
727399177
177320650
2193633942
56774294
556499307
212783351
1220013859
581430418
988087099
58875257
2852405760
54412090
110094172
23408939
1092868434
1072519950
2815497198
828310333
193559579
2302133180
77527617
2393641140
547228721
1586917831
3031821084
80667521
2956506228
16105262
3042653706
2372310535
1368733242
106635330
120602368
23564725
2997558282
2922066666
1611018997
164107467
588009825
1698304885
589441254
509198606
2462506542
67533217
3028373332
3163041302
175585107
202010642
1054194067
1345876699
589431782
1186991478
273264970
1187733769
2823526614
273797376
2345901764
1268915293
218037163
1629565010
255351908
362237499
95723628
228813710
245747831
327774216
1087103660
1193188663
985580779
122738427
519913078
2850568264
380657241
78002303
1869822242
279330606
2389721789
2740704518
2405600349
2975406591
893125940
1123800349
363304103
1599509718
1376935812
526735139
2866987818
92198959
2720668146
2302105199
39184000
232627768
74287665
1923805596
1328732263
1945423351
2165408259
27833978
139774466
89257954
35940048
2379819702
1928913998
2418060338
177354343
2344609429
28424289
462138334
22370686
759936480
2272229747
171192397
1410666720
1057882938
2249662320
26956864
328214455
201305251
1030524404
2791569609
2213885196
3061389013
2569963615
53436066
100316371
2967028202
532887593
66974475
3098833615
20938499
2153955220
62627733
394588131
122752216
841474724
564889529
631126419
769719002
3047511121
1216574460
191705910
106699323
2192344268
727392756
3151759698
370519587
3060650312
228886592
81420544
1253254070
3023214570
31175476
1276505479
145735355
1593379321
409587827
34560639
936191047
278312149
3047818356
85159685
268480663
131360518
341931526
313093173
1962962094
2358848610
22424889
277850760
391268428
3134155388
82992124
46599306
17719864
313725867
42609921
134291324
3115856869
1315331118
711383480
257296701
28660103
2866359840
1244862864
127151369
307475090
821894161
205114550
2437843195
238646801
3014434213
1719126098
239909442
87243164
830558774
287428933
249015933
1882190132
186832407
116980043
2284591074
19881332
128191144
125895409
96501819
1931627246
2266983679
443342901
743617032
333800787
58608988
1682486268
52916931
396577487
380089956
704440746
66093734
21552380
582091236
176937535
57418253
2364798925
57476574
146566294
1969052263
111363751
1614510960
252942925
38160429
540462501
69367084
53736542
96280341
210972270
707560754
1363294711
166213210
174504568
98075550
136614682
2336560186
2471557792
6723232
1365158796
78481893
2758943644
1355541846
506899390
2441949697
1700108580
3128756618
28054961
2209913329
702450038
36477885
1253139140
49738421
2844250976
1493725926
2914150644
541228465
307549500
129400485
163661666
2287454832
3096413054
2165721199
468895298
26078362
1057282740
2944347762
244807647
552994308
463232038
104068985
2464242042
2373401527
33435882
282314756
324661484
796552808
365871521
574084314
61202159
423131587
1332259969
2379934369
28163548
1328204558
2975949616
2173988189
179039420
1341628525
2779841438
1064462245
67422660
156692849
253898985
844695324
1625097258
1064069118
330551397
313194233
152565411
26901956
848795436
559463046
21797101
2560146131
2207117350
398962804
168204551
789970400
55639285
317615609
266208791
432103960
61100923
824529614
1887126655
108530335
498485680
2971231562
408757007
2322648529
463544542
2363530106
1094693611
1607509556
330687064
1242894272
27699504
2602995403
1672264290
379064132
1970351521
855778957
26042709
65933854
55286252
1048888700
213982140
2950562084
1381116308
285804621
2534637610
2892561966
454268882
2180791153
154856360
2886180491
2731043556
43528615
2716254434
50587185
105360218
585697322
305004077
1363076869
3040307815
1540942170
27778579
291980291
2903016589
1206697777
252845735
166866146
6983822
896225083
499588925
1673746820
2774677761
383323864
1418343732
138311671
288065198
2208727170
2919417319
1404399961
25745742
38761017
452065485
6256732
2530129548
362912087
219226917
94425525
625348446
2283007940
545646681
195198804
582529002
48710389
2354455860
988395547
75204916
17811853
622111976
58583340
3078420887
1343442372
25969387
2265126950
261029690
232473979
368154359
409397102
101673105
459296718
2246117060
2259975170
2657970294
43434342
1716350450
1964173777
2458267608
2988326528
806080868
269373278
155343171
112360553
537429104
2158343119
440210563
57541655
1631565224
1358229960
242089164
3090579723
66188368
2550215347
2987868820
478792378
2882945623
398526280
87080279
351713515
2882918353
2809825416
1350382801
259960861
16131538
2421656143
30297095
17220791
24620756
1016278358
2255304240
1961424506
1198699531
18354763
725638596
260908674
89398596
64649657
2245942640
2883607200
44512948
1225863158
335638460
1340909952
31693202
2180528868
2283093702
3107869339
2329335144
61829295
124443669
44493860
547810724
124276945
130687955
526463447
248440048
85356794
1486089456
192937241
2375907512
2949542149
1888149758
1475381382
19763347
25462379
260595000
32127962
55788647
2213180504
2767089452
75320171
873063294
1191629113
1534241564
1714793274
73513613
22066530
24161200
2875748756
2405225600
31307539
1080354535
425526626
989169312
721008918
748959852
17432705
20203496
225475227
475213998
1085715090
341290703
476255661
3050888396
205070874
1236822402
197960355
101580940
102881493
184498025
2150157182
846762259
271796504
225849324
1181134778
619518103
549499518
17717440
882691950
801626150
3107568931
228259198
297055452
77581357
1591843208
925934341
2781354392
2794229935
2174981058
2964523478
2390162238
274175091
2218649514
2436344821
846227918
57587273
85459705
50765501
537142655
481809303
31598736
202526084
38717203
467924977
2614832958
54981066
263808009
421500083
2459393179
3035528784
377200937
2314888736
87554613
236487902
574207964
2342684460
1703768160
2975453514
22555168
380600421
598805045
1335036794
389917468
22962054
91920393
29344251
737304175
2796983354
567517338
636586407
2400599226
1639867566
1021177232
58619344
1237060332
793979263
2955440844
411985998
1228954802
245132011
1440125431
172117514
212745529
51064793
17081305
2187783648
83746966
1363077133
22162509
20421173
196269444
22319816
195245033
135189128
413509875
23612416
35406768
465772880
2712658237
732242869
41231964
34546427
112898825
61945926
512561113
31064557
2748304092
323504049
384735991
346812242
2402530776
135226354
162418912
417632604
1592162274
592933862
299296030
2903190866
2986186420
1589073452
16195432
189210595
449521938
2190470047
2409505986
33533267
2724607328
2213700710
635894368
388979633
56677650
154565042
1533254690
2910562220
52457432
249412159
2417916824
110915984
35110962
180907075
3103920932
19726275
1451809033
2201761442
631279350
2707630880
2159254015
597583519
15964451
2224259336
2436411015
2788141371
2165413598
21368373
2291888490
435397882
1041100946
262476957
114965154
497351881
57416355
183898982
116250005
731092765
593091367
192385616
212485944
2462348508
1066399248
1281267427
178564154
284621333
2880995892
2774833402
338767652
626248314
230903100
96278396
2352634988
231914303
501422004
1484075394
553839427
347433954
2463977072
2911341720
331791048
1674157837
1199589230
528604864
2713021525
470832396
1725837930
3016432702
363019036
25432501
66623184
1968126133
23720418
45862482
40140510
247926242
2344832245
348295684
200998116
143317289
1256772422
1012442101
126194545
2709783414
295928842
122478975
66234756
118246711
29359691
954936276
62120257
563268634
15673547
2556789771
15336940
297758134
317278017
166942892
976951507
201706841
2829946162
112283848
2337486282
31641328
49189352
2910446840
2495338004
2340811879
3120087229
3107946114
48894898
2688458699
3005343101
2891375054
909627636
423159266
270871780
724638877
1881859584
2757542684
24847078
105038148
412016588
2867904686
1574064728
438823181
216198210
34715365
232120931
74902459
65460139
2596775071
27533210
19011596
2526572269
775100168
2594062706
229433482
3016357006
1618299962
2163173186
2828507276
2973120494
1612286742
2332925124
146270627
224714893
1262281117
408187718
78451924
635039657
36226144
489734443
3036779198
290897687
586943621
2303533182
173412329
1351214232
2271252506
58248154
2636178753
29841858
281682873
17426310
292562880
9466582
23477064
21004449
91171585
548513785
58108139
2916180402
171238350
2866618818
115860349
613230999
263913649
328303857
548905278
325342141
217662483
733839277
74794255
1423479673
1285068068
309731914
99653920
78838531
1061747700
708430520
309544534
1836797269
116279656
97096923
1230582788
332887800
863061020
1297009716
2188784863
526500664
2960340126
54677566
737438304
3072190208
2332784054
1891922503
2247621834
2583320174
2353687123
2393123673
1065682345
624407938
408542276
2288924232
84502174
808137462
636811561
22936398
385455509
583932568
1036340772
565988388
440528078
511441067
97558419
885577224
326546240
27334821
231584200
118836062
490725038
2973405943
432747911
14793446
14652452
21632543
25996524
521050576
27334949
1289612898
907775492
3087355346
68371816
40162740
754637562
78448960
410648466
376427652
614338903
2368236259
1380774835
505282383
2562587650
1856232252
2503276940
190031135
37841226
885426769
329940517
3029476875
1115568644
99386094
2564328953
2802454448
21069868
1589618588
718963902
89471923
180133703
297445851
2736569305
2296416094
40148780
55012131
191525135
93777871
1353037014
1109914243
1914804822
222717800
383449774
151968177
342562070
727179876
1217780756
75082019
631488266
57194290
325068949
545506969
19805391
51646105
357707811
2595459757
323033165
1708123344
178824083
1206557322
2940281958
3037021345
1946583468
1671331904
231691127
629733873
97813520
234658061
131305222
384125743
2500025557
1629297415
37874725
2929198862
28713086
21932454
746145608
2817255005
22450870
162814209
244698664
565821750
2540162732
830236170
2228928978
3108568916
473052639
20122816
37103120
273065515
547972823
1434049994
84676081
28131515
1526784242
1437294378
256611869
903162031
277816850
137401894
1890620143
41682356
128894014
32619944
620381559
2897597028
278316381
2786562705
606859368
1063372524
291421323
2827466275
3039237235
2886795272
2470217566
1153197348
269183665
39638934
3000733963
3066929240
27512938
919816316
398238664
536908686
470941741
2305479236
35005290
435880805
260099568
21990909
2404744122
546959906
2474978036
15836297
21383173
277743512
3087648332
314896030
2223866864
481873514
3106102862
2690240212
2580647682
2658011917
316002026
3004935088
1649523757
2914075777
2379698719
3087306284
2680724358
21066963
2716417087
604163569
497292937
261400880
1373793721
2542726094
49756584
525069716
771227304
2238736855
45222389
2614915820
846657710
2764669759
3005471906
3035303790
3085966375
76557134
2849187674
305268561
187382834
88587418
1463391468
874214670
24042600
52988979
1851634555
64300545
1422205860
1082256416
276299297
2959432369
383585095
452312323
2686772383
585264218
184548803
33953034
25928069
25573788
423889826
347935835
277842120
133111184
2675253337
1721184272
1696554428
1537779650
536949070
153307118
6375932
16622183
761528736
294655347
437962072
341976617
19733764
37929727
244643591
270474402
817906201
2165566140
2220327180
2890017043
64491797
2698227827
2424859549
19722852
2410051711
40606316
46985892
185374248
1684596050
2367339817
1565103908
2878876881
467797991
2801209530
20802211
107569504
1468666868
1578830671
945168211
1684642387
58839326
454263425
28652747
28724496
188950997
2848266847
2347562768
2793116107
182112788
493859060
417571583
298794506
352019673
25966063
703331126
475249329
64935288
2757858844
22517866
177198606
2394680480
2334578683
332214805
979175270
414164548
422630890
2810654473
180459254
334562363
74384490
2261039239
40931628
1408822159
1703553619
304202143
81693223
19580360
244264678
2274310405
2189543449
2183160541
2511474145
2216914495
28442771
2369486420
244814385
491620251
993432901
293364240
129007596
111807464
65236542
2419795040
20391967
90905113
21784477
129720064
236983388
446655519
1270411854
795908203
2446414400
799445438
3041951862
34746869
1534790604
1011847429
78227413
489888790
1081873950
2466702901
1383486259
118745173
1001878939
310463664
116997109
41067438
3075706038
452566162
40338185
2926182739
39584830
248485315
1334532780
331724998
27917356
2426190620
23166599
1305254641
28236197
2317204634
190871764
581623653
58868954
2960402276
126533708
409684090
2394682129
2743921862
1108262460
33869713
41547769
928290080
161821048
2895504926
253850560
1489036771
113216852
1581337525
2680406978
3029091388
963463788
61366374
44501850
44169000
229361093
2761481258
173631392
1476640837
2990466457
2775507392
190532123
516211331
26963133
1150659307
430247297
832490227
30342333
250692338
104701452
566902785
2868364702
1183867496
1309039440
289645903
2227608222
85968532
40530858
502252544
1373691205
99234035
353553221
398204809
257788281
238084067
987444126
1703224062
26773125
52331739
826268988
34967548
131779410
53004765
2721483379
29757800
22536575
255846423
26529669
79248836
54597108
80807182
2984233323
322180774
509239614
516904580
315226622
2978126370
29928106
511495971
17286982
2888893626
520417873
1493817662
2328270038
1548108654
2393938382
2993589512
1481001499
714782295
2164140966
28432534
1710790867
2852466170
2676212532
1267391053
352022432
351428925
35381096
471392844
947176836
1727735054
512317118
181360719
2206830203
3032123922
86405360
2193255889
2375644831
462575326
727663772
1048407865
362286986
118688107
39607658
2424488172
902362256
2442711308
513982376
134688918
428793092
207886189
1630654980
1276150945
462556054
1017767238
23704630
20403910
333263258
559751459
87808792
286905447
310434477
42725529
580714071
43928894
222955053
18924339
85134436
938021106
386180817
23627942
36921017
110453808
59525599
3065351772
154012996
34470871
321494106
352591232
2763602524
70180872
39128073
85235264
147340636
607357080
2530874690
163553728
2337388753
72604206
43037025
91104887
2804890609
1276841882
101634308
1386209394
106011780
1219509722
37273012
22060084
933187531
105560657
44304114
1158682640
522638111
1671570782
236499743
1130058008
254109559
404582247
28918980
417539035
361156809
1007541762
47164901
19148978
122148662
188095917
2491670646
275574715
124799619
553180562
971058793
174005332
1442490402
18168108
32604603
127232211
2686551672
1276972488
147439235
2368408340
498993196
2366323280
360226175
389775086
1454572806
371120114
1445166686
1404084439
807049310
18962204
97343971
996695382
93475085
40798738
1233289046
154903762
38570999
2450565163
421356880
622110793
121534103
2938621099
2195149094
2995330988
23529294
822806335
177051548
416032417
37987781
148240818
313589964
2717276596
44811114
1268419218
446754177
54943105
144710183
17171574
1678856420
221832692
290310039
19606511
99586634
22659466
1892180893
2271084384
389242860
2950755390
481387813
1174004946
300057701
865902780
34121018
57447740
1559741864
18484709
279162955
251316960
419096848
223052316
21329760
493608606
29057658
53191177
61002941
21160543
20463594
175817674
44797105
23389692
1454791718
1583817618
862411520
25729249
43563172
82235308
11776292
385104966
183985016
887117510
39285447
16835712
103148626
29291366
968991332
894031370
21964913
773116988
40963519
2689353343
17583529
1029760020
38793443
45965991
123901948
268055276
1335921830
24122822
374318128
35675407
2617646312
30104322
96658460
253819099
2195199817
35569745
14850079
13460112
422326265
556352219
33602577
496336232
34000178
35120520
280826651
582671291
28166836
90379747
2344060152
27737705
