409728049
2988467312
3384719230
3285613682
3379674563
3385904613
3385987954
3386483999
850750009
3301688518
3388020388
3288525464
3389461829
3389319903
3389979287
3290700349
3291706722
3293075276
3293040162
544470488
143952067
3305777795
450920121
3297331382
2857471600
2577285596
3298433460
3299332236
1101327318
3393398373
865947140
3394170933
3301245073
3395813513
3298137901
3396663425
3396632571
1611157554
3349717793
3397804709
451697740
996314982
2478155950
3398475575
3398979767
3284492485
3176413041
394925533
2867993092
3304985034
3401739316
3402439696
476034411
3402923835
3306508464
917155592
2463424866
128522409
1667202842
86757776
3407418058
3408050207
3226525165
3408779799
3408656638
227815231
3410803577
3311209638
3413034549
3389713996
3415531019
3408045663
3418118230
3418131610
387748559
3406424422
3415454663
2575077840
1062595262
247883978
3423087939
3423099813
3411019648
155528292
3416597205
3317730188
3427982835
3395507385
3429763277
3306731179
3431382304
3431414674
3431942392
3431833365
2323368967
2450227000
3322484508
3433468529
288378452
3435649569
3326016373
2562264897
3436804379
3297669712
3438161901
3438170241
3335132952
3346521080
3450086002
3456272955
3358128979
3431681428
3466443863
3372953894
3471977303
3614775496
4149937965
3929303542
2937619445
4120090466
4112851761
225568088
4128147678
4134264732
4118750896
4121526676
4125673349
4128919073
2900592380
3311673358
4135542585
4135603979
4137678916
4137575715
4167858560
4143521175
395420950
4151631711
4189205592
3179938770
4158649515
4158882754
4053098908
4205057113
4159875556
4114369654
4173198357
2830023903
48932450
4177895597
4180679429
4180620723
4230351252
4183608023
4187250676
4187179708
4189361188
4192824749
4244011754
4186018624
499913852
4196802291
2944066529
92969365
535934533
299269803
594111036
3432319841
2513476825
2342184345
87018420
4148212703
406838379
4202189962
4194228917
387890570
4204438907
4205964135
3105170675
3842668575
4212637252
3953779462
4219848999
4146424492
3304141277
415083709
4227706996
98471133
4231940830
4297758373
3473277497
294809929
2612077484
2402389614
2782408003
2893087326
401271434
2416221314
2786184829
22782846
1962084067
3379444714
3379472812
1471316948
3301173827
3310958001
139979929
1340797638
156032814
65808668
3351531094
2249510137
3282015312
3282640586
3282687373
3342784565
3282599358
22942585
3189491622
3600254787
3287894586
55378543
453328531
3508491193
3283554644
124995384
3283613521
3382045036
3372391900
197758903
1714267207
315256569
3284904294
1706234898
86118867
251859893
262941685
594094028
256794838
3285794054
3384983884
3119332624
3346057936
541354761
3384904107
3286355676
3248434566
361040115
3286892720
83758800
938212788
3386973004
3386920715
3385510557
564174157
3358074893
3267855074
18327053
3287855995
3287744808
3287819036
3387738947
290902168
551384341
3078591137
3388420589
3268303897
3388481050
515146052
1852314678
3389481203
19234783
485500532
1432104517
435307250
2724179531
961152906
220429296
522069122
194419766
3271704914
489588538
3390859157
157271965
268514490
1046972738
3291204714
3291276734
3347733929
2810718534
162017150
1977858110
46282520
2616698017
32783733
3292147280
150982812
2809626732
54980902
2809674126
3036532827
438364023
453982289
131171862
2811137516
2614736190
3295589780
309272837
705297074
2811722282
233746132
194823621
3296446975
3296435810
3412398748
3311312996
3412556163
1423015753
3298422872
324569650
3298250246
3298195356
3298319287
31136284
3298301246
601380019
3315184723
3422334123
95149882
3250282844
3313595335
16397684
179005416
438452390
2751416775
390207949
466231825
1429241958
1206234548
3430535447
447050590
3299744467
3299633274
3299647164
3299751685
3391962383
480140812
2593709852
3429811913
159709534
3299867838
1599108356
3300037320
104251815
3300136459
3393069183
2156149450
2743103152
3373499894
558095775
2903058408
3373662144
2770662105
337104315
3394116279
3300784183
948874322
3300751310
3522950243
2933096329
166883069
617613742
68227747
17949462
17214448
17220817
29864436
3395766951
30035976
3301743248
7702592
3063127168
3395786181
25208378
2391538475
31196202
286356309
18146180
15679729
3396698481
3396748559
553012479
169549583
42715048
30590334
185879290
170912109
334088663
571179009
175765395
47181314
406607879
1248294134
209285711
3303222954
2830475923
305791160
3399355102
138356754
15856674
46316313
272175563
2336405705
18690761
304655304
3304030225
587254012
3400290791
1613512610
420728036
1205557795
40177643
205830006
2786433573
784864254
22842121
31114530
99267505
2757712770
2788307831
1651883198
626010198
564827628
285986683
101377201
470219160
3401800774
3401829803
3305413506
539466128
380599387
212033427
437637326
2763423716
26066806
2792206613
3402700979
182011277
16567653
251674133
3402758134
22613026
3403532495
2830279219
2433081837
92746765
1902418016
27083998
2836032931
450982916
3306744968
3246624003
596158776
81851369
585578725
181967664
3307209962
3307445509
770318102
758666689
229952778
351822878
2168799813
21588027
3307628468
952035104
2801761586
34617229
2799251199
3405891628
216267301
349671918
2890376142
315292407
283307381
601146119
212367690
253752285
3406496253
15155882
165930558
2899050776
44253319
18070745
34019697
95218006
338664769
287404209
203443508
23727071
374276530
234516181
2528675658
2805645383
2801018068
3407376069
3407480128
2840612928
3407425439
3308968003
3407436347
151574762
33792017
2930412805
2930635255
402222551
48241367
17084495
91385896
19648353
374433545
287172231
18518083
3309530402
591676321
3309541466
3408475096
3408425501
74734869
3309843144
3309899810
1202896682
3409032778
532618876
563797323
3409524118
2989037102
501648902
506146216
3310122229
489689814
3310264020
3310362649
3409927834
3409877981
3409878005
3017218367
105139060
41415985
424045345
213229695
2688474071
2406439202
339018887
159964184
3310935691
3411229739
3310934941
3310841976
3303180666
3411559151
3311041819
3311042395
3412029861
202564544
50952449
3044691944
2349618091
3311764639
309447405
3413263469
3311763847
2503190484
3413801572
3413807938
472215540
367912265
2798375082
3413767025
1543658341
160420572
44002750
2578076276
183526971
35039575
3122624337
2329798418
408617504
3140735840
18157565
716925890
21461570
509031131
565459598
184120996
236184182
118452376
16028799
411977811
92146872
928255574
2951998922
449527977
2951133460
808997096
2781155334
1184546582
2706011370
2952330633
2952372197
23108153
2953924684
154330768
3141046586
1661337474
2953895229
2903096899
353529495
3241575828
80417924
49884938
2956338767
2384265818
2824164488
2842751486
59261528
62863537
2832033244
1025119939
368998744
633343616
1241803027
3269538314
29991832
3269520162
726306739
2680150694
3285040087
34118447
453495231
3383997389
3285408806
3337562895
3291187902
869061170
3293994056
3294064008
3294221034
424691264
2836501318
1067388224
2211171744
2962873551
56549385
2964041663
2807585293
73307828
3309271902
2667619642
338899687
2962193978
2910724712
428653639
196381420
299299449
24081673
40760324
40991907
20487870
375691186
2868473077
25688275
129645270
43575850
2966622503
2826699217
348036851
396544516
153133110
2307489283
30281964
206726849
19632462
16835932
1236095220
39605129
865602469
2871281354
2659517563
921526242
2971593560
34358228
73984670
34982981
38468610
161146904
301061844
2842370493
2312966708
2448456803
578511170
428210634
22972634
301741747
565963329
249395499
27176380
1390177597
31345889
1488024764
1433780425
18535410
416350692
138879928
2877842803
1015528945
432085638
161870424
2978280258
2975735475
380587601
2322291626
2602970832
22695315
548877707
2977752418
79671143
768159314
2982069120
1529742697
1278827174
2880060192
188766360
109579402
2489418776
2157365292
475757358
316782912
99963539
18034273
1101376921
588851024
2980636521
1536211526
370566272
2881791019
1015700612
75001512
42725497
2981697772
2981722090
2497338774
2941097000
148752901
2465524832
2968040136
270030198
787182156
721861430
105889535
457167803
236906565
495600013
2854121079
59591441
538338355
785300761
25867875
69654068
22104848
2986370710
2986328985
29622264
540111520
60064961
439355467
308710644
21945256
19132764
2986973165
766615255
1105398427
1127956592
1208701482
14314883
16621007
573209589
67984016
19004194
50757773
36129375
219665932
470705837
93957721
495619067
41962111
1710499308
493841992
154120471
106991634
503633271
32540474
2859016017
1725813822
37513312
27730044
2181069452
18556015
305241300
525036883
23888835
1344795492
40458151
2861262453
2735488648
166214691
627100984
2996922275
762644869
1161970405
2995105566
2917896446
2997926739
123157926
17224469
1161160902
29370222
133182225
1311410389
317979579
2999152457
38712765
33683428
57981798
1554062407
423769197
2345045211
33871145
3000982967
130034459
25728391
1885057026
353843211
175651314
15638496
258042733
253429965
2202638428
948117912
1454713141
258871212
23777169
2891196992
216271468
1597521878
134381007
2238090372
58853007
46914904
3003790282
22555552
41147593
1038687992
168540417
2576851717
33874578
22830760
2314673961
31068738
423346301
487268013
618006040
3005703633
3006094679
542067409
130179587
952821367
251423758
3002794002
2449686152
7669092
55966244
21688902
128330348
2437921177
1929085422
384991535
1895281274
1082141544
27352474
231748948
2369097511
1676604925
976399464
633430536
1356974564
216504219
1122467233
18414054
417735877
870911052
1714490059
1352648064
284066460
956819419
342147828
25750846
250619085
137158281
370826819
2857574988
2332404864
418810824
543804176
329864833
371535562
10146742
3018291389
24004828
2467620928
245381530
499398511
901382958
2615164484
2458583537
130033510
3008485310
2348833110
28268623
547905726
2811300830
780748165
2251979467
2323199832
2785514458
2785743526
2785084870
2833230259
2833392230
2782801415
2805283106
2785744421
2721579969
2833856514
2834467669
2788970915
1490785560
481927420
2785687804
2328338254
2792674433
2813755603
2792017482
2795575689
2796719776
547973032
2737724951
2719182589
2720250289
2738561337
497432581
264134318
2721779222
2738944415
2726043327
2723685984
2723782668
759940214
2734222641
2709738278
104042727
2741356905
2728246705
2741433041
2741466159
2741084697
2720322071
2725269492
2740481189
2730697410
2713479980
2732493530
2675906083
2733565838
379171542
1703441880
2743863521
2709771894
2734813098
488957974
37206400
2242961941
415843120
2764422368
2148775227
2764855950
633822790
2765142170
2750495093
2765377938
2420338186
2765985979
2742642573
2766264091
2766395486
2662966508
285233468
469814171
73840025
2767682887
2767957016
2767969052
2751304816
2716233742
2760877832
2676655830
108488429
2769340910
2769580544
2769842467
2770060525
2750641197
2718854688
302399148
2756860837
2749811388
2770773031
2650436494
2771527159
2730618945
2752120737
2173999533
2742844827
2300073926
2767039154
2737325503
2772705656
564901116
2772959258
2752134923
2773210136
2752467687
585691282
1536842252
2774420917
2752741654
2385972158
1967650874
2741014892
2774914772
2775448220
2775479683
2775671437
1609582147
220966852
2763964820
2776050300
2776067880
2776308890
1580102220
2754260449
2776183262
2753211111
2776863054
757594970
2777154794
1941614294
2777304577
167429432
2165901210
2753932515
2777693612
2777518578
2777798910
2777850451
2777997384
2777991000
2333779884
2712470749
379053675
629245717
2778485670
2778697141
2778631032
2778814315
2778956276
2779095848
2779145035
2779337545
2779338055
2755241619
774985837
2779722008
1672882640
2779891368
2602668122
2780259288
2780257950
2780485849
2780563854
2780725058
1964417083
571200780
1415929537
2781070988
2781136494
2766362166
1202190157
2781270768
2781396846
2781609493
549258360
2609758883
705895095
2782282933
2718062347
465196823
2782551871
1053709698
2782700635
233072939
2757477483
2560217564
2779624886
2783208391
2783367607
1588867214
2783698256
2783649145
2758058099
2758023839
2748047601
166983174
2219677072
2783669310
2784628146
2758603023
2758641231
2784899311
2663846658
2785049833
2785116848
540941369
2785310617
864046177
2756895771
2785716044
2785723550
2752009660
954783342
2786110441
2786198144
2786279844
2786279016
536955149
2786532212
2759655021
2786685235
2723186984
2759862855
1671202160
2784304573
2787063392
192951220
2561362740
1148972101
2668619455
587833125
2787891986
1849700978
2759371127
228237235
1481369653
2788224374
2788294890
2788295064
2788467817
1184868032
2788551631
204371204
1338151116
2788639051
128684433
83753574
2788817797
127338459
772053812
2788929954
99339131
485607269
2760975641
285260863
2789246312
332904291
2789550228
2790140636
2789846754
2761253879
2758533566
818646889
2790171703
2790264954
2790568812
2761460019
2790704120
2761543774
2790828859
2789521296
2790931003
2761599771
2788926067
2791263290
2791264016
2791454292
2791706052
2223428038
396880046
2792146453
2458791403
183353612
2792386700
2792453466
2670692084
2263235346
2762483705
2793028832
2762396566
2793177985
2793315968
2793471630
2591572232
2346748893
2762721267
2738986692
1007554177
478806366
2794254422
2794369374
2794648975
2763175551
2794814443
2794906514
605649976
2795001144
2763580919
2464997966
2795309911
2724970339
2763698657
2795560393
2795660088
2762477103
633896034
2795994560
229999265
2764077065
2796389310
2796594547
2796426348
2796706531
1197716311
238763693
2515282436
2764410975
457882973
2797278997
1955190504
2797379564
2797533462
2797826917
2797941954
48027864
2798117042
2796673400
1632854148
2764892296
2797011187
2798640684
1592051173
2656354335
2798894832
2271812286
2765076703
104643726
2799377952
2799408878
2799589848
2799590670
445223859
982778509
1004086956
490977888
852548810
958201153
1004276414
1004336845
906442706
239973434
1002196464
1004503189
1002421974
1003931534
983677915
1004658620
1004713723
1004747382
548670264
1004773470
987524833
1004885515
1004936048
1002356635
1005021440
840622868
1005076699
820378728
1005102985
1005122413
331071099
1005187094
521818128
147047369
863849749
1005257682
1005297715
1002606697
770802248
22578771
869158093
40271735
634960801
994668908
439398026
1003376521
276785819
866436110
1005793344
1005878322
1005958994
1005971252
1005115027
791210366
1006181778
1006192236
553439452
314276733
994588399
543781797
1006300568
914026614
988668450
271874601
1006667396
1006322167
1006775844
1004530370
946397437
587435543
1006967095
1006956780
1007133685
211249816
1007163414
914105510
1007285316
1006576657
269476077
375561335
1007458075
1007476452
1007558941
981374486
1007588778
1006087788
1006532630
972737281
445132149
457042294
394953850
1007397594
1007765930
1007762768
24323925
1007888527
1006745642
451095409
1007983153
450611120
394094086
550929536
1008090788
508609946
1008178663
918340130
1008214428
433091637
1008306426
1000749950
1008430807
1008504379
1008504943
980303329
1008552888
1008614982
1008553784
599946224
577103284
1008546493
362499147
1008764172
1008786470
22051344
1008934280
633152966
1008991712
139388612
1009089092
24912477
453963360
1009138688
548553556
505081914
1009326247
1009112240
1009399934
240486764
1009480220
181422308
1009550214
1009564963
1009581786
1009643431
993638562
1009664964
1009716745
1009759357
856053084
1009840087
954218982
247553946
1009874030
1009746080
938090196
1009941020
1007724810
792377144
395418752
1010060353
1010044620
53435270
254306206
344836123
40648235
1008260214
1010164110
1010184769
457943886
105935842
1010188872
1010209986
1010246822
1010271056
1010325151
1010342766
970952395
933575832
292194469
1010468538
138158203
1005902995
220820070
375688036
1003457341
1010760986
734475667
1010805342
237539970
402245395
628695917
960522900
923675827
247972142
880045686
1011132589
636885695
493881551
1010987785
882315043
1011300828
1011348528
1007368212
1011366750
1011450380
22447425
1011333072
1011548042
1011638772
1011639432
331292338
971375569
1011851132
588501223
1011874982
1011913734
1011940296
1011999235
618587637
611163059
1011845784
842752225
998346146
26450871
1012133713
1012136940
1012146734
1012103244
1012189225
913733430
990184002
1012246483
597365048
1012254319
292412821
1012236744
1012316004
1012350080
1012354753
52391248
1012343665
304517780
1012469149
22730688
1010249856
553996218
317605246
788248716
391992016
986160145
1012710990
480732526
436890860
253912359
265538732
1012867856
1012633867
1012401486
398279288
1011477361
449975099
1013081029
1004056970
1013113686
1013158494
1011971184
1013171311
982305162
1013351923
1011669486
996742526
1000710506
1013409692
200500428
290836998
1013526163
965583943
1013548170
593835160
725154067
541870856
950192588
964935482
1013726635
74790033
1013752268
557426931
1013921900
129599902
967710362
1014000356
1012524337
967059794
1014043831
180002246
1014070051
1014147001
422328984
1012294760
1014210907
1014234864
999362066
1012674529
387953393
1014327600
1012793442
713481541
1014415712
1014404294
1014446448
814300044
839265247
1014525792
1005143444
1014564612
1014491252
1000901582
120895676
1014685136
43653241
501028493
1014610376
1012817510
257116898
1014784274
1006380426
1015088646
1015101500
226072777
968845446
489157073
580878377
1015265845
1015257680
469474236
204409239
813876186
895186788
1015369004
433837813
416555226
1015481192
1015539314
872370720
1004193374
1014280782
43633327
1014098989
514620128
984615294
1015885321
1015889713
842774743
1015970096
622253104
1016002298
410185586
351115658
889842667
974617382
136426767
726155910
1016220756
1016321257
97556994
60118731
1016357665
1016198630
1016393035
1016587813
547438993
534659359
1016623874
242192266
1016648443
459087606
1004958962
553388446
1016672126
1016890778
1016931691
209023879
1017113258
1017125179
966583886
904742628
1007249899
288771182
1017366457
726887065
1016107686
1017546812
1017465524
1017579678
438553383
1017616290
177037504
88495131
569341539
1017897187
818312641
300897930
1018068193
238605955
424917386
1018322497
1008221786
469705003
222895613
1014611137
1004981118
1018505047
1017352712
1018530600
1018553371
946762520
760105856
1018657315
1018635450
47537134
955199982
274633952
1018832144
212714957
349477519
855902815
1018988959
1019048137
348452194
562435070
1014188594
922174458
83183637
1017872636
1019475378
1008793538
168419381
550147282
1019356086
1019722358
1017543548
1018626692
1019863176
1019893136
188989115
761349426
1020002882
1020008304
22913089
909123163
1020113455
904324747
996885618
34186837
1020296454
400100666
157401240
359396889
1018562618
1019854207
1020414631
1020328026
1018982977
1020460092
1020284786
1020441373
629279177
1019507040
371724037
815924966
868458571
506073550
1020722137
180063500
728765120
948064308
1020822974
19867372
145136564
714283616
636712813
779095974
1020946381
35289604
635405446
67504239
1021072080
1021088083
1021119902
1021088454
1021164602
766317889
1021047709
848764260
1021275475
1021302470
1021345321
1021346647
584339211
1021349460
1021399111
75874538
925581295
1021569684
241816017
637141051
996446281
304287830
856358131
980120371
1021880977
1013965884
1022097798
1022171616
552693406
356467323
786023431
731540516
1022350057
1022335068
572546541
25440599
345656045
1022472355
108373090
1022533562
1020950533
1022643703
450795920
563948534
1022755188
1022750810
1010323626
1022861162
994848451
1022891574
382218268
875841014
938352044
1022203286
616679947
939949459
1023156276
508089610
889887852
807141625
52377876
1017991904
1526205049
778972560
2163399811
2166185810
2164990841
129610835
2174430746
79421218
503353846
322806691
1491395910
2154478449
1838147282
1348885364
2173522287
547031745
2190877843
1971874820
1322917572
1700990522
2198336310
1636936015
290083025
1705319827
1618836686
620325737
287627841
2192099740
701081653
210126853
2213927016
2218967665
1369070317
766014186
1539197268
951908221
1416052574
497850368
291730068
913256965
2204892511
2281910801
2269529663
1624108813
2295818011
1026811604
571065522
2275378427
2295941522
2286539528
192948413
700906374
2298223159
358860805
301262178
2286207612
1665875142
161746785
1120450195
124141531
229569941
