1234111566
3305796659
1872483385
858008472
56670898
243236419
377270903
2150990724
3014759117
124800656
1469041842
17006157
979213423
2354120915
40450927
2974695761
59386332
871820418
79163086
117027371
385397831
15846115
1926360631
39596022
27806734
1469757426
621274127
242772703
444150954
522351107
3343713159
51283955
360645219
3431120265
3113014805
18251844
515431540
35093552
245191224
3402488433
3054047078
22581339
117499676
184725765
159945705
1920128780
2977858760
2858411747
162427574
1618112851
2167564446
3096687022
28092347
14118302
17010198
1731314083
495417788
1234639646
942304814
50003640
126315810
491297741
32352556
96861734
1612550149
128209962
173823274
1562665970
60087311
271982575
225804608
296103946
47899409
428854213
33099288
563046788
624650855
45526406
1667818512
57064417
27314433
17833557
394683255
82683712
126256491
602626619
36330373
85331879
3096458789
473185962
43674570
418152332
37876601
44466367
316383161
3033496487
38421714
419103833
567915703
52344859
1945153500
14411080
255628022
161616513
191025667
198260782
428352489
70665468
2368749483
2863714984
75742264
202576132
39716962
376819013
22362552
378433833
268357486
1075952402
42857269
240171419
41579454
224240042
860034384
31088274
2878011147
160967461
39060802
526401874
3042461884
308735442
17220934
97282045
223841564
744702211
515774820
19772596
2802079422
459120920
2304544134
45919516
374459845
112813602
811677463
15066760
18609590
19904252
51001492
102333165
192571294
97951253
14677919
403272223
539327279
884199361
487044415
38493594
84679163
1089779516
2296122254
18387289
30076976
33885551
34696385
33467543
92727851
473914976
37676072
55541718
103555738
243662948
39966546
89172908
22920732
27845999
112428297
807095
268497470
578359011
527526077
220938339
17781576
40215521
23046509
174185083
23600610
740526594
297421669
125750601
374402229
271367322
23082924
53125401
55940991
29479859
855947869
14291777
82325555
238308510
499211936
18627984
14618071
21695947
21022281
352534464
62266883
46081160
381502681
28110788
49073990
37904694
45565446
36041901
28103763
241959982
14291504
36015085
80888986
19104623
478540663
39459430
455587549
137075752
1116871110
65306306
278198360
