2326272180
2396580356
1566463268
88054465
2851667032
2624403040
56992811
3290318251
1142799554
329025491
668423
28494467
2862241270
3011792381
2360511
15662622
631489436
212795728
202230373
3274888813
928279506
237449568
346026614
92408779
1130009594
528590347
1490298092
793830
9453872
2799883460
50090898
196782695
1202090827
13334762
1576954508
372475592
588938505
1425295999
15701321
326873228
2860930491
1578098150
14148308
21331767
2701232089
2789973487
815588623
3001392138
141113671
16468446
40049457
1705202990
35576772
2396051970
390370877
382945534
240254617
2572131907
13029342
10257182
14399709
2427639278
569217646
1007155250
499123556
1425993918
245661179
285019665
27897058
17033946
15431118
55303101
523249065
25589100
37806143
80042061
338993670
2208206448
827964919
14660297
48100125
887215592
15399822
1092908449
80186879
782909203
15736190
724226906
459275531
3382151
343515393
790510992
632527417
9070452
890962220
17633960
290864535
1307474714
354847710
15007870
875771341
1073371932
18337895
46277750
22581570
80843262
556176909
6368672
611823
87709774
20601983
14344284
17570048
531217352
91985735
17794723
37207412
14718780
14579367
54681071
22043483
14823867
15781381
6684502
78789634
618593
14354179
437549332
24280271
468669995
49121864
455964661
14378113
285766850
29255412
157442008
2134501
9533042
415932255
44744034
92317625
6186692
915091
123323498
388472947
238479807
3116191
7335822
152284050
15148392
289443232
32409105
26754835
38835487
6708512
5025281
30756221
244682985
292976302
12605112
144894853
248815441
30864069
5577902
209711777
13332722
18568244
14285097
10997172
50393960
14417004
15875576
196404521
240784001
16891384
14561327
21216057
26378862
28876249
194657365
10165302
12699642
14526430
35432643
14047283
9696852
14158259
15930954
14459462
5356242
9505092
31215168
13479972
9924582
15949924
15612149
25338609
8039442
16665197
14238462
5676102
1885221
14076724
8007442
21323270
14048978
16894031
752673
7564092
7935942
17484526
17156868
14454642
56956664
38527452
48599400
11572242
26374681
41754227
7060312
14814400
15186468
20292263
11173402
7255822
12019742
