1438317726
130681675
518106257
817146816
248312705
329541366
1898129114
2183493225
4203849376
248331730
748304936
373539616
3331820896
305820020
366637021
192018076
3942277160
2928124344
1862693460
753978822
272523654
2921092264
3296306588
843848210
560804962
2617242450
131752870
26051392
503243284
3166210811
86145506
191694704
37767236
1422533076
16933337
333168411
2409257900
42666033
54369309
799358136
2211570437
951044509
173885542
2351234328
2209701412
2329649780
154048214
619572055
2809377225
2453136431
464298640
180098150
220226782
290572766
416891791
909528698
1564250047
121900952
2864057368
1152813816
2738803068
384619115
449495159
1335629761
551690457
951042476
407366497
1066846278
939007627
176560341
157515654
252372462
219844307
38540670
381753473
2354167100
235813729
493727072
398320533
185775020
862069657
2788278199
165999107
83448245
177448881
411663007
2351341123
551403705
621217487
253688578
1107613844
422314197
34168162
295465119
1548977419
2385265027
273018598
2165651892
2636475688
2381618353
221624125
53552841
257302717
465185761
96011194
416090645
109388402
412434573
421080234
22830962
949200625
305712577
241946670
1546385760
2348989903
343132137
253813502
1093857732
412022338
327768845
53478400
136424564
66147225
18493567
354085779
91421238
310536538
948786456
554850589
398682973
283205274
625080569
1334380885
576616697
45437742
1447760306
556304633
55425512
285408729
380566246
237355657
598599610
346664058
537842754
