4209977511
353459296
4347785894
3404159777
633944961
1851904662
596178928
47210949
35390885
342131310
82430398
3890712449
63273552
33956655
96250693
46873234
980174851
18648609
1479936330
1473051181
969491856
1902630218
472314695
4387252535
14164297
18270658
19308959
147799644
127929960
26049310
90472093
26427202
437154911
19988458
182441611
32453930
953758734
48732959
1421573755
326450140
1676972539
203207697
118227366
802547688
378222973
41961481
703561088
63796828
17525171
17887939
358464377
1639154678
572357041
2221588698
2332135842
17749926
342601720
36982750
359631030
617853906
26660626
1563458881
1962117006
2452895023
403942389
376692219
192874886
566104393
96564060
362074693
165986330
1373724186
94717863
21559198
84806538
111179190
729078128
2284129982
258527170
2517499850
210684204
65563900
14641650
1112514396
805230144
68360592
28096105
18850586
239255306
2456223144
37787129
1108807484
2458367438
2363300779
33923443
1686020359
2517554893
231852779
2765273006
3065060260
340809431
336902969
404532969
454889527
31587111
2357484469
389946569
2382853022
89769227
3188262614
856618064
234202232
2260150651
2265048648
1398654900
2252787085
38386328
18953266
1591687903
35593859
135456764
218697713
903377622
3022045469
369025757
263918540
223988827
575457119
1070242490
18746811
392047970
739828292
3234424123
18782063
94607882
3004222278
2950484781
36241120
732713060
170139275
1963729255
2774592114
14691605
432258165
108192135
19339460
488857671
44359264
1020355339
24032933
469749072
2764065358
3252887127
24024918
65361998
2214559128
1586992837
1409124344
98169863
20834303
2868889552
460366799
53268566
20695497
1003979893
2272056577
3320820839
1713596563
825244741
374068733
2811626892
319696356
28192211
2502384097
532455155
16227643
36763171
2513659452
138134231
600467878
324029863
48905211
237200585
454980237
529488353
2457343677
229530210
23513653
2739528042
45933121
21576758
1260128821
28617535
51128435
308512532
1967015768
341096576
559862711
42808589
41439466
781055402
97221634
72691385
44982218
2893490133
414351953
59612459
157700536
2816927420
31109176
571835845
3273237750
2908354734
550980448
2913397629
82411518
2480107110
22874129
38953280
2768110018
1263052088
52153721
523625301
16041224
1090237705
148063984
3392487676
305318339
463040087
87792464
362318994
138636985
14060968
31612393
3428425511
155376722
1506097992
65804275
506367014
2654797442
3300773138
366142421
553343553
258954991
84144632
166453519
2998991867
364516871
414244466
39753104
18277753
856641
2403342054
3065656423
240487249
3025958039
3312428617
68467674
225163623
1247986009
1141454473
36127035
1392145856
29274340
40910336
17205074
57983541
112782471
45839243
102275856
2922095658
71445317
140100515
106018580
459304843
3309007414
2812202293
35045961
329162144
23046991
2713419425
123653107
127474251
22008355
2302575684
1868550151
1095881570
221872819
15039223
542845152
3427979412
122437899
17714774
109641536
113755137
1838101321
2996258698
761646564
3043631489
26403923
255574443
1674683528
200168251
3587301432
43242365
167953737
912858588
205475834
233279875
1965112782
137901227
3428066952
18558398
1027473864
3006205096
437853319
1428710712
70483346
9545532
2846388083
829826906
220346735
3244331469
3195519780
587467082
57189660
326964102
129093734
224304656
41563219
35146142
1419378602
375865104
23373502
82114479
901876759
404764688
33502398
2311099490
2433601897
498737431
43540657
3431547587
2424857018
47240532
29361960
261555366
59598969
211233600
240477953
123657447
3051497371
2974829740
82523822
4025144313
22080883
3997915581
20190507
2730264319
146206305
17331053
1897347114
395308279
5808642
107722396
2398671900
8816242
358058728
48364045
20177607
73932548
62089432
49492230
47064286
2268973330
3506691143
52109145
2799237664
19341894
486102937
117287511
3294663113
3087638920
3237209210
3875376621
31444754
301851240
757729790
614796714
16822681
139103913
40965246
121819727
108376218
313881267
2652016367
1407685267
390154998
2880884292
2892296954
54592826
338743271
80323677
113483176
30660656
414271246
3380707265
48206747
49818764
427150226
567253535
598706386
1726561729
371920105
72179174
17013191
26952773
159300841
29486531
3316165248
3351322523
215462214
744376944
570475946
24959441
3302943785
268868393
996464012
22209201
18435438
3121853077
246103
2256562980
1959180462
2687904984
1699300711
213320007
2530812860
50227175
1286364661
373131818
66924445
200499431
1353083004
14142787
3241506157
154957743
3492194428
2307656165
406001201
405803538
18959564
248233587
185328668
28923411
293315600
2963134060
2281684087
166228727
422861162
1713358850
3823336754
1295966095
2282028768
320826993
1571653993
1024389338
73804218
21876598
2493252240
149119997
23559416
791292943
77946240
89114700
5436292
2186323181
54299656
16252985
78938966
2928547687
161693506
18068260
470326528
19965948
292561026
22263561
263887543
457805830
154216981
16585472
294669681
115492129
364414421
27124269
351066903
1873943652
408645278
11267302
27962969
151987497
935560465
232426059
2612583557
2948318248
186478529
44454529
308575469
33142966
303023258
4216682412
185789961
191092262
138418838
350802962
163068388
1397602038
2155788958
153556557
174303316
14411460
379856356
77936851
23713942
309385534
219847952
2265790533
2424289099
510139136
972509797
3337196583
261530630
2245890909
266922495
1499577937
2799270878
2891138504
1390360044
2769396040
25282365
1037312323
27452559
43343566
2678113950
42156939
2988654921
1403146441
390753817
3300697699
2326688452
2421204673
1692328470
2397883670
254304033
3370031069
3336014356
438032490
407981875
1507589209
55864426
56544119
2317289493
2222333124
25362782
77341283
1500303494
355091471
280652901
17915950
3233985426
715081048
135804257
63544891
703196661
128215330
15461087
2716171211
390808044
1520324677
222551540
44834594
391806696
350007609
26761409
2815747198
68866921
18790650
235460858
2645144633
412450436
2551275056
2897102028
41825190
56809821
115637932
2467038199
1055653662
611020857
2276591052
237332825
328733609
33133988
1857943544
2484143712
3102999358
469076418
1045865527
2778137187
2528068428
485784674
45319540
174953869
48939286
27810354
1455920473
983154798
1444614408
228102036
2628632242
1944065964
3237378294
2366562100
408750486
166241780
1773694350
18895192
2959249175
3317649485
25312452
140641603
2548313096
21016187
1102054976
302958300
26239665
3389884613
15001174
343372095
553589404
183047814
18192986
349208859
3270167898
3389758378
1911425660
2925232816
17131750
2981372446
3094015501
109012885
3287573556
3406305093
3253203710
3087248923
20409589
52500054
27477283
64800187
13976412
1324636080
2444498900
2964759073
21601605
172102740
1355661020
1225783214
919298082
2181138915
3309780564
261895179
3040907758
3121427254
3254121522
1573839756
3408184318
2286880020
3245482467
90521350
17492506
6211582
352893059
450890604
3410307317
296063775
178055526
3249212476
29312081
66819494
3096168872
2769907524
187409210
2268047956
3384742071
3311695728
40262500
238328863
313052223
166685118
2425286662
39353190
3422373725
2216408417
2457967778
400710042
3002300806
191193460
18092636
376718557
529031636
2861809061
393495876
1733494447
122770421
2824143442
2355984187
3185261019
3313983469
2915355636
180954109
2320812032
42742080
3428234165
2582968403
781778797
2271347354
3405637901
3402177851
2832419536
52092460
3267798738
450225658
3424016050
2848146172
29175277
2828178947
1170759932
426843242
163840822
3319341805
3430171095
2893960763
68384454
299652492
201376790
3321718410
76944894
595938989
22571485
1016756263
348083461
2709993242
65155583
312248392
3434146497
88965701
2849135856
1890107336
3395598647
175920359
13950472
67694244
2608785540
3435947320
986382019
55449046
51800259
79807791
1155262916
42517518
3319490839
3424147209
37307384
352735559
1424002088
2203787031
2977336781
20325861
3429824277
3366581601
288344206
341762189
557363372
2887777358
3433582749
2726458741
3447997287
505451412
411232233
1253400008
2470686441
43226767
256246075
412001441
896296410
621412367
2565945212
307466137
625058043
17455019
1910212650
237484400
3350972765
3405682509
2575886748
2180301955
30793692
28535196
55225782
89887215
3436605293
25419475
1537517154
494409208
16585529
154555353
883396856
196621716
1344978240
1061253302
952832281
22560184
30434729
3116947547
478123800
3483734722
2961602933
544220762
3140890360
3348040673
364566816
386742779
2250071093
2307660800
3060753164
81285482
2844587025
2994185267
3301883887
44385796
49181085
3430586284
25851706
2492384340
197437843
3314799290
221130709
160342934
2726523618
378567888
2622779438
3546564916
2367825526
497548528
2399295261
264248108
1117647944
24073015
48463128
3496954579
28696813
51491414
2990023474
2391667573
28236338
965248351
3623190075
2815842159
3140781387
1386149533
2636464049
14579415
25181713
3045142885
259813058
499947532
3322412123
2559901922
616111779
202783185
66583848
1478882815
250166431
1115661847
3598542856
2598271142
1549053337
2533012504
2423008525
78582854
3116789685
459624881
30834082
856726723
1132189957
19093900
1732643718
2328458231
1485693180
2842611563
517981632
2504125049
16459900
1696447224
2534472563
149227600
630991186
3494179276
3653394737
2282607607
1015279250
3689087487
603891926
260590025
1345626379
1135622029
41592478
3420561419
743785830
329975813
2342965770
3385276342
256649444
718832244
43816419
2535629569
90928492
15271175
3164617388
17043557
329240728
2872832805
1488436663
52358491
1357359824
338012052
272131049
2948592958
92998675
2882974665
3642264972
18500081
247895413
196588526
27312962
493530087
164298772
3006224776
3395894123
2155301257
502488777
134513525
20606569
1607000131
3653192059
1392768469
2890935029
101917032
117222124
28349856
1669386120
286017746
360726742
310015380
266636002
3324865607
316409607
355500281
3285882656
2657235572
3828500488
78368777
37144893
23954327
70251582
54013720
50473205
24400022
29423142
3018572687
154225072
467972805
2615766067
2798555654
3811069394
2842075139
2585928960
106811968
19341224
37262251
2219797657
30349066
1123712966
2513125960
2781343875
2911124323
2511106219
24455705
252717593
294294136
633011715
18261157
156015178
848495262
34629888
1382144324
251905245
3921921569
2909533628
1387612153
320288911
51430726
842039401
19738093
560513866
3939829696
475955430
2756375742
30156091
2565867463
171978180
87070956
2655224841
3165456890
25591077
43775509
163999674
2617950786
450035368
218657078
19844211
2242921189
3784682297
55121922
393658775
2289051681
40027198
630667406
553650112
31639111
18282606
316296038
285730015
579303984
601448080
560195710
1554224654
151967576
33525761
1394763032
276322611
19135658
1694716872
2342243521
2183249813
1617722304
3855739152
727599403
51844105
16166161
4064978249
50053146
28940776
496376276
165065983
258144830
3500876173
2462160031
73888094
260321451
1170758700
29978202
1141087489
4069715115
75299927
40395816
2823078892
3301919101
122036546
163623289
127933906
47431717
134837880
80917007
1613875188
1434534536
5547052
88312843
56367879
1167343820
873608436
4137644782
55849813
4131411796
21251057
4140979334
4123542387
3191150108
4101299236
4138267523
52134109
25213937
153512704
90206807
301800836
102770567
4154026403
137481094
3588887080
4055095217
3291522846
2586062198
204318618
430749539
56205518
3647750415
157645221
3236144688
2598889356
78699337
61611885
170307631
26268445
44037522
2704085976
4164202444
2965494707
17902967
100735669
718245677
3848111783
197517854
524579276
3021573779
2623829985
23156284
1192858614
19995253
36231083
20490840
39356017
4225509386
2211809016
855627415
357658544
2851555575
357249584
2789533708
3366877630
49317223
3080829096
861435516
18941502
1400384426
146237224
164050153
43967741
253072664
55812315
257629171
56070518
267177726
58488799
59558906
364872437
66374774
442185651
69039429
633235941
69052130
757132502
106164971
1410094411
2285181511
109643656
111043813
153624818
335623608
2571615493
2529987468
23807540
2784654170
2763123300
1631241524
35029047
239111886
613582770
22518816
1378713350
308226281
226617576
21411737
1582100508
2795699890
28896306
2788979907
799306117
23231720
1446937009
119792576
321687750
17066131
2707116163
261869320
186322413
273560693
2569112861
605586903
760310562
2853302671
372326456
89847043
1450150033
469962551
2300656674
2428960124
2812425107
1513717388
2857474868
2305139592
1322832630
291508480
63764910
55529993
2799239441
181016187
2791801535
2785967637
2841306556
481362058
35013598
17131327
2803613246
1567891873
1895531233
243790466
847858350
2755513577
35449967
806793138
2507477345
732938545
54774781
2595866070
2863866860
593969543
2863913040
18854850
192926537
458154571
1158235334
2853343983
102415355
632926928
2881414358
2849005450
2342614350
385772566
30673007
2389777444
2776932682
2693228874
371260801
2701527098
2825862893
174434451
1608013806
2857639385
366063334
55837376
104362274
30274228
2353619059
133803604
2404816382
1652593748
65436199
724120740
2323935577
2848839088
2786486977
2724257564
2670312236
910536224
169272033
35616666
135539437
2821779061
40344299
1083285330
2515840899
145492932
2862713542
272141779
561210340
2717680555
20417521
38193055
26124638
411503278
1509376700
77583365
2693903196
1133526979
35748059
2903828847
2902922650
18293302
61116914
206787024
2306942586
1851793590
2732986154
2898651605
2840587413
2883100863
304445843
190296389
2468413645
209665384
220455907
2889197485
613068175
16527803
182057396
2840586423
25545209
15383246
92796387
292777349
1617880646
558580788
3069063124
2675033288
275692283
3333887722
329151267
354848896
3406125293
152696009
3246046866
44705349
3431950287
3356135507
3421066535
2547365834
121862010
3399282466
48882164
2414457033
529707032
1079737813
55320328
1530842719
50894635
3056001910
717100525
4082096114
4114613121
3438287817
440551449
315876279
2270511834
222767531
3144765686
3141539321
230074880
30236338
11309682
2986246212
4179832754
3143189438
4110442175
208796576
101406432
2400310842
2593878324
29110865
118163444
23819676
3092742015
1378992110
14986530
3153078608
2305589210
703852916
1440275318
50034655
2590097486
16784030
2260513471
175551713
2316058201
3415861059
93992192
33160066
19256056
195928439
558195562
161409714
250425634
54657664
871909387
28399372
38932170
18268027
22581990
620592095
374335714
416558148
1784269033
13653552
39294060
95697528
45109405
254749747
965142457
2510799852
58694945
966577340
193522549
2737656922
1006412694
2338857684
2364204366
146099226
417459447
278096906
314839574
968973914
33396486
360587350
278024108
175131510
20641950
34294764
2467441346
219750890
54918254
48721512
506105830
2396200292
77209601
2712759380
2769931825
24586477
425182835
2878636938
206570659
774080552
1703177862
2268614610
768245496
22505028
2968149477
2774155504
803061818
829253587
2976691492
3224634417
3004264810
3335652449
2791746867
28435420
363853729
3016854522
757413044
25318525
3419087404
94711640
22075828
1651070005
392495557
2194998060
317550416
606526855
439387553
211197050
120008831
50482949
600077567
78137072
3021558292
3027481521
3028857347
1380640094
21408657
187051739
286722996
3033063341
3020748501
2427962834
1164199105
40900818
1733274007
305798668
1593739664
33969761
2895300665
1548198385
20875462
15696129
62342098
2696291956
88952435
2563490046
3038316537
2881338841
23608159
179045469
1198194708
37430098
2499961419
2306860242
2284006915
37935413
3024166195
3041282591
3041165351
2864179439
3039350272
2926986735
3024300163
308126582
34326583
3040193614
2823982240
34949925
23486396
1548861073
3011142835
45583665
3044657609
2804032454
2866391855
462045809
1265557868
1284006366
139823882
78770209
22815527
30071907
210273494
3009283272
39265686
26788620
361022019
3028813785
3032825792
637036662
139892432
266707207
395139620
3032925295
2866563598
3032962760
982905006
1911422077
1177084819
2285900840
838647265
14277846
24028470
594582469
3005976922
3004245442
364519315
38084060
2260430412
524022648
3057460551
45549431
32305532
709589979
1025537605
136344563
54838688
328673472
3060302626
3040227596
16619708
29726390
306116796
3063223594
369188720
63960839
246160575
127733541
76440614
19083899
104493815
22423452
126398501
2984738175
16719995
407726577
2922429195
2993166579
299644591
21732305
424397598
2432549844
2793259539
55401598
190376520
479586326
227418209
3047370042
2153740677
442626399
478142776
3067139253
492351689
805004869
444043044
2938827672
95067962
43945628
87506414
20490327
971298636
24885371
24722858
553463846
513150569
2176995662
197842699
72280028
534220730
32494415
3066503280
18949541
465648588
18226828
213377496
2772185676
3075635782
2824012552
3064603734
25143306
2272184596
19208051
21042146
3020328759
3065725285
19558148
288756188
98213383
309213732
18142612
19374052
21959183
2188187914
2401672537
105231565
545357553
1344440851
37706096
357510910
31196429
2912817584
21705179
16076678
96392013
306374188
58179354
64861063
14245667
2693592132
29249435
73954746
628075652
2813844625
3076261344
1380656210
28760904
367776446
23188983
148832908
2591963713
176540776
15648461
2601819817
3078712759
22446276
87466691
89027071
49497256
41631251
212947037
97056482
3096916806
1452139698
21631981
2691496424
2508086574
18393321
119814860
3015058505
3098365777
134634560
1274068898
24236480
1122596634
143075827
2849169807
127369696
1648491174
276994084
479552547
1676002970
3014505655
23265082
1884543595
1152459810
77810535
2346114554
3105612757
44358761
521483045
240297041
23013928
3103808268
2899684978
2469540965
3108336496
2546416880
3103425466
1441617234
2872603008
2454715070
158831488
2711603439
3014496860
3111479781
3104889085
605558297
23711528
73492133
2349687296
3112007350
566328589
2891098459
2169954753
3043037271
29474708
26250653
2897103001
2832347043
278607769
3113339945
21360280
49758645
39894385
347417793
2431107380
3120787245
610888723
2614278704
3094580122
502710748
1692491570
2366750023
256611322
3126780107
79058507
269314519
1381823335
3118374404
172381818
33908800
404271103
3115854416
2714374745
329467001
309671009
14814118
18922871
2453403876
22636462
3123260205
1548176899
1094149598
27949916
954001056
206658348
2962536215
2605720231
2472964454
884365488
1000825664
322238699
487906535
19194046
3133994719
3107905088
3111140416
1352095794
213362932
38938148
384359538
26899270
133943846
2770287440
3135493823
615746961
16268105
21061577
358231653
586580288
1330027346
314841589
27656559
2339747087
270366250
778611486
532315301
274682328
34408341
2312494016
395459876
2951374796
3139474208
1024604431
2188907149
518087145
2369736522
480508271
14257533
1676498209
2370769304
65591263
187263483
2957098541
141727006
2291635212
245593069
17546883
224677469
199226402
32899937
3166539189
319214234
886043400
3125405366
547996949
321806845
2707070664
54278389
2915011187
616708518
13759822
206767631
48040340
289120118
105920014
23509748
160059185
201117635
466620266
734979961
3165463723
57688714
2906330085
44616330
3184774552
3196481038
16948424
163404180
15560050
428729434
3179517562
949010102
103084814
76945709
823599068
28450164
532048539
14463848
39850323
3201628409
2149334545
45489366
265754315
142936667
82958712
401107594
2449463599
454939408
2966770391
21945456
2993288485
2451325681
103051410
210950346
369742511
18058317
3209217311
16607099
3171549289
3172696548
109430259
137068824
406703177
95339406
3217009107
23651822
244266650
1472740064
337306809
903013238
129244777
140205935
551042399
51151066
1487819983
334153057
232901331
180501869
525725211
63557766
333367197
3041410354
2564418908
373397618
25295137
314950403
25571744
2705054749
1578185138
463002042
24755300
17027102
405950688
3236290421
1232528635
3000958967
199348322
305843796
19283564
235295538
2280284303
52103403
2669621305
1256298433
596942853
2502813227
47226335
2822147853
14160792
2941661081
3189244345
2471323747
36144317
3242063103
889820401
2235523713
199167042
421625384
3107718664
20336044
2960228689
14496542
18399014
70800914
174355307
35278755
1480233002
2933553891
37738048
3245218091
37669450
3192754099
462074824
3246307041
36263656
75873258
15606203
323820298
401093781
194757785
20473157
2724109031
526858482
377283768
45890008
3188985408
402968461
60310575
192209368
155962028
89014991
2454698593
86178332
3255068253
1690834711
64826387
17136237
59902837
79880116
1142563184
3050703443
598772922
144362287
180840700
2799139842
18222469
187243670
90364766
3213702498
15371609
31493564
375846832
1959641286
3051451562
64016933
3220500349
214746847
90813029
3220372333
284208447
3187692123
632026591
404809498
3161300449
191867524
143686056
2819445745
3089017287
3198237621
2258189550
15254057
2267733399
101162733
1688995742
15807888
41228046
34616678
3292298955
2899406207
3144108963
476241509
15678511
27262808
1599610321
1446382514
17885850
1265482580
1414018338
44385102
49721491
1005008256
90753540
321470810
452662348
513656197
2707227175
27223236
20635261
2837748081
583393662
177641630
2172566917
2672311205
111124378
603143715
1339236872
1089146586
2690905350
3164166053
836074602
293310284
3300757941
3300770920
43651920
42807925
1428372373
368898072
2732168144
596617015
29388909
40063888
23595620
38740621
461268309
222113300
17064644
75671059
3232259696
2657545314
154627250
96442790
2425356469
939592302
43091370
66998695
581489230
3073940101
170120077
319244739
337514737
54547816
294853858
3139631376
22184185
128242439
1279337072
2255764242
3299658112
17448937
273807024
3244328103
1611953610
3240378679
2861795482
1670808457
2781015254
56918532
138534022
32335078
479727146
17427026
2443305980
1615634107
3312500337
15688704
38860110
309749423
3305679783
591896615
247523636
328735866
18160997
69975143
791549862
2510706061
3317470637
2352052442
102476663
2459785070
2987457399
35495703
216190585
59855935
21775419
36410426
33505572
2709810240
3246133135
2709462228
1242312002
157862717
601372761
33002305
615618983
3330220942
223708813
3328640799
3246521341
148772631
2255085464
2608068547
2376096001
169222376
942867517
2741288409
3316433920
3328352105
551933288
98935164
3335274975
74377361
1669120400
28704601
2153227172
3248356225
3291303346
218400846
3249978858
2950782979
44640797
402801477
3341694916
3341505148
29512295
826263122
24878189
2307481122
3333336383
30149540
1431632156
2308537993
300435279
2859420134
158410381
20654194
15255734
3431626000
2247074121
3433440791
2862608628
408595714
724822117
302800119
3003880966
118302597
2800759163
1671820039
1250382276
106141289
557424796
3313902582
705120171
300207260
2302030375
21705678
54871275
3322367347
972291372
3226391368
83472895
597726869
169951638
28785021
3246828812
2541818076
22628187
18220809
404383337
3438308926
3097256133
17426417
1886877276
1090692558
3122846591
284391024
82774009
16476409
2882651977
131885009
1493017332
3438080170
54713427
293768205
2995215653
3431932647
260853856
1888289532
179350909
195483631
29647612
386023382
76738276
3448314435
14424031
23443433
18140150
38516217
3439493811
189645272
567604637
1644196525
53414985
38791065
2674885669
26838951
202793024
3458177297
3298287804
159955452
63606737
2151632676
3414108790
7891792
180454369
117613887
3083461644
2741421508
37720694
366113700
275279295
330382839
35261399
34712403
826014307
21413079
3325322961
188995213
1316590884
91183313
19052065
3407270712
22000811
3433233736
34362221
19605809
239878116
1135554750
24529039
3422494187
2935766488
715327802
3479616743
208414595
32936636
297137445
209640562
3190164163
187892181
3505150834
3514430243
61018648
320523646
1158923706
295131468
344264904
55631230
45845720
33743510
757403970
3300335896
28693717
2328599465
3406647808
29026030
3436973898
3566403995
1536940628
335587153
328255580
106993612
49158858
2929319055
400953393
58922212
18650105
2902986016
1202536207
521105658
408630940
3608985681
1081402556
69471074
394903152
60958701
3599086163
3383967766
3341475394
1161043872
188158036
1035667430
2900168212
2376039164
316831167
52505094
77841951
37721636
3520826712
27930508
229198576
81989842
3191434392
1620297901
786118628
960726902
5952852
978723096
25690455
197626068
427665779
855590701
98024588
157800886
21480869
970796539
267319693
20446992
346319470
3656260995
3332138418
587709216
70427265
2521036309
1140331543
827751114
3309973789
330448830
16043600
2170233923
102648546
15893159
213349357
17042484
3355372453
236357422
113140942
16177239
958630735
372050829
629577022
555431861
70457640
3260576856
2665968571
821011741
362740624
746166835
53525923
2439995133
3536414417
476220280
15597352
26377539
3701790736
24432463
104874129
3291979481
3698346616
3084335751
353773360
101360346
414372126
245931448
2578870970
328759393
31971525
125211128
37127881
167098328
129582106
69915055
3630424230
3530974708
17242800
3431679137
380019253
3751538776
17145125
359333852
531303710
2388302065
104684802
597027606
3565633332
185817496
3600237513
253831601
2504019531
2477237631
1691672125
106257528
54086583
3818807121
2645916319
3347389263
1694715950
3306510000
93913362
423855792
2188700593
959809524
76124996
432125587
3305873988
3269326045
135521444
325764351
950253842
20417823
357694649
3834537873
1212780709
3385914538
210271545
854472157
3825646595
235230517
342982451
3664759701
2712857120
540570933
132807316
18992077
381532636
3355397104
3784242089
534746813
91372948
53187289
19711765
3840968968
35939212
2796958455
302355256
125464610
3165497723
3102875498
342169079
63298745
439708386
2939602865
894460610
1588218234
99816276
628800571
1355172596
3815669176
385072206
346964654
43774628
2308990502
17268968
953292674
3241924816
3494366480
96792992
936996152
136694009
171301417
1594804140
3286874018
2896909316
2257322756
1425556302
1654556402
27051160
3891391055
3901535535
550677233
3904758976
3765798035
17169685
351219879
17281284
16057319
1347848383
544837194
2525449369
73470426
3092451711
3301318427
139936116
801917084
45055330
191219394
36399811
110347833
52579439
900896683
59332917
2264515642
3949620017
24957831
122598319
361891937
16926194
2745488034
207549939
275113303
1321146434
3150289086
2416008776
1395427940
1861527528
76064988
285302076
2182143350
1931367960
351906443
2720572939
27821747
1048832762
26054334
288026456
3903690854
360360371
368380991
3296072402
3969033076
346656479
74621063
2277760615
227715744
63207171
2538191233
763715443
145377864
2459315959
849687583
60104055
2891573785
3507568636
1579992402
183393958
222534188
194419870
542793644
2369300364
3443206214
484143668
3972966856
3027005369
45858911
48648250
2749673536
2674845103
59450792
24713327
3719899756
90548758
985572216
2151343141
3292463759
9136182
22482593
3951162373
241421900
67824384
4019359396
29336037
4017380068
318383192
361563239
3632539696
3969341600
84707060
2164877533
382526871
457900599
326956916
703074986
23651229
577559957
19424573
215705550
24134009
482314103
2882911925
26640975
427944618
430774674
2468186504
171828737
121305860
3232551337
3904416270
3551997916
113390942
100767876
1857796428
4050696263
15428691
164397041
132038306
223257327
246314078
4026294013
110547073
66297057
17622211
1422241538
558220594
46663822
14812700
2447820691
344191937
305054477
4027270515
328160762
33542488
2866333690
389825367
3428889808
223885276
2655465728
42329133
377084944
2821270101
2400929525
821776116
250244182
53962880
3433836554
3073754252
2826799130
2192949516
3481465275
118391717
125431565
2626265146
157101114
559220808
94235825
75156206
65719478
1158259519
3507301942
43922435
3596108777
3873551473
1043366660
2468606242
31442892
342554096
22068478
62989717
217556967
95939226
27991356
4104927789
2924654672
41677388
1089476491
39286260
979402656
17860566
181220448
15039436
3119935657
4035295097
82441936
2533759874
3373084305
4118633954
614074554
4108981883
363193421
478749548
1378643690
17309722
3808402873
3799530736
4062005445
1906556461
2217760706
253720920
3369633869
603767537
4377231
2546363942
460788591
83448875
337408006
15614998
10904582
2306990759
1433926676
297599184
2428788473
42332813
278738536
3418469368
76966092
21830946
2986132275
117422003
2300076645
912636248
887660666
16190478
31004726
31773209
377687440
550410607
41252587
409473018
119452208
275891049
14878469
60463047
275660355
223890696
926371098
1288984412
16588157
467017517
829992217
414565020
109619362
1306265928
259839086
216504427
53475080
2340774422
22842014
18403533
69479009
152815547
382366304
2767970212
384492126
332111971
170943311
2195746384
32001372
114730205
43432158
38288004
19001298
264329600
1446547370
374672331
219152896
2495568218
95094897
854179646
156154124
2859816627
36772738
3060843775
32646705
176405492
2244184698
2866766783
24882273
356544342
561591671
387977467
171933469
38519261
274714964
3195043948
201113053
9638992
13264762
817581637
17991584
369196249
954108968
1491110172
2664112361
102564450
1935235201
126304938
65379675
179558875
787769185
506650546
370776693
370156554
22372010
2440468638
16818325
342766852
433406043
48794355
2314429705
36140226
2307486678
2722862665
25541847
2986217361
214352951
488197989
380305983
3364243779
39622184
35320379
2758476244
2148169712
62018928
633563504
3431969537
968948318
2714718494
3271165140
466655908
2411377845
2776978154
589565983
2645850744
237827667
15330681
466054522
31922085
216362345
1296097363
19164346
1448743500
1606466120
782744952
92173142
3411518825
2357346711
3537511757
322984842
1131027888
1678711502
343739692
2848211907
3215975934
247485027
1537255765
34613234
145060367
2284251885
19518631
3214784266
574105748
7683152
47514150
367330957
88673686
2747687504
24082458
737644993
560424026
2869498713
2735213224
3320776027
2862938323
220737754
618376306
527890914
2468046780
4138831816
33595209
237490776
53986412
26663400
614665111
3061526257
3272086502
285672153
3807795981
2336000976
22191751
366154590
3972517421
1387221858
2966607093
2571536383
2760020665
12778922
1945261724
1375152264
34513854
3143031091
2870971421
3331434765
1016720888
3060165484
3299688329
2798227310
2548158888
414347604
2711749181
3110617715
38004905
3252375571
16050807
2561149437
3060290287
250689400
3372740171
922116470
25305644
65026647
1491791480
609394984
499329900
976217472
3317321375
595807118
2978292190
204447244
3019213157
3299802935
3355221171
309210063
49638419
188761603
51330752
10771662
3666640107
2847827355
287911226
2183042748
2276760986
2956057138
1388355324
2696090930
1858609675
3095394369
1630441598
383567334
2842789655
3087151338
1293137438
3234226626
2347491590
372017639
1670701286
2310738409
2922468892
815817974
2209247298
2310126932
2582665099
2310699535
1936658689
282325677
2308784124
3044746163
603693983
2956738582
3193744633
3384721702
104600580
1260260358
433885451
59547497
3293119178
3415962789
4061699741
3366169505
44085619
23557965
96898312
525728817
2310119006
4002465202
1643044572
3402994301
115326578
243231610
330405096
4045857255
3291760415
4055316508
3020543244
469070007
3747342680
2724510752
2553216440
2714355323
40805404
455431154
11850692
3903075632
68996756
495266642
1002035582
45822488
1403853270
41036429
2742543853
350988483
411166348
928589274
50167219
3960899962
2372153383
55191051
242435419
243349313
2800836545
21155483
846829170
2821984455
2446061875
3194078877
3385054665
3225334170
91176357
1414929294
342042669
41845117
2425807777
2497449098
29098984
551572560
4095580398
151282033
274020353
20657465
98440832
3111009699
227864291
188455468
577337789
67742451
3413014391
2593879014
192220773
2928886510
2355000739
524804639
4046697496
72295156
2967995717
1107626868
466710090
196474148
2573501755
488558245
2372714718
489073015
4060521197
2753339349
2851450027
2184198878
2756502825
21246420
3319301714
1941261463
2536552602
2686561322
762245586
98157644
2490607806
3966091518
160423001
3887062892
249965688
2904939687
341045101
4006273275
2873018739
3915915987
2882325671
2415220328
582067145
1096874564
3754959735
4001696123
4010837098
124208061
3401267667
78437440
313759303
2322806828
4011738130
2167861202
1491684450
4010442689
3976043173
3979140312
3977585840
2360690662
4012233225
157822424
216137500
2245569490
3233435935
1088062718
2833381608
4009757033
4017466407
3739625728
262898774
2215999081
2192776110
529705715
2679944780
3943457299
3984595812
4018589661
259224707
4010062024
3421131647
79762144
3301049166
3982844892
254789059
4020227961
228241639
3982120392
30141162
3368453543
33494491
3974346793
4019974996
248768850
3216520632
906622962
63211545
3431381486
16801233
529241875
76449502
4020265397
894134779
4028230282
319322099
3395595172
59279886
3887981540
318839170
4031931759
525295518
100067006
3842619165
3932643253
164826035
18656198
3966989774
2867337007
4034658143
56181049
3113318380
631535482
4042494544
4041767667
3497109204
4040100257
2199585873
4042507215
4004857395
586587973
127753284
14186393
4018483274
137157015
400406597
1281820188
4043438422
47185031
3146034249
4043568616
3600980958
424046207
4043751910
206660575
3161498588
3249199004
281764989
4048938213
4048896747
2918342228
3290559346
53389261
36116203
3161178536
1284321973
930437040
3974926983
2747946846
3889575979
3911643137
4049397677
4049769015
3395594427
3021453502
3870603232
4055167169
602374332
3937096634
21606457
4037773106
263394384
778885008
3302866162
4055801423
4017463840
4004746696
2536812930
544467090
29625450
4056569482
584686114
24748247
4059746476
26499537
3922261955
42833228
30214546
516659392
132554717
30203699
20469298
32561758
411873346
300198217
151432667
1896954768
112925025
4056074704
3699333255
14866874
28240293
4064543061
1272738140
497950864
4054693272
62083091
3606190994
3308717679
3320094029
4056035127
2790480359
145250003
3034626213
4068265949
4040027119
316548558
2582999844
86603706
1638651217
4070762050
3279723031
2440951578
4069538608
4019583130
212963561
3293264934
237851376
22870443
4072004908
65514904
4062942794
449519261
45756347
440931003
3211077569
4073885603
4058231485
4063574652
2751412510
4072859847
2186001463
3304869758
80994991
3397128579
3407834357
4075734143
4076273968
25371527
4077023320
4070935693
3305441606
3353987507
3376210216
2974941646
4019123898
233954722
851086699
3632695757
4083235455
4070140032
4083800723
4061394073
2571409351
3249028081
2778663157
319100065
3230162324
2280424761
50055663
4063969727
4090693659
449782856
4091529196
3392285045
27873674
3874161443
4085685418
3144749514
111473660
21839695
481586803
3996889702
309215115
4094157142
583311757
1470705733
571397376
2870553327
167605514
3154331181
2510461465
4098331535
885783481
3025928386
374453701
3144771469
4098254127
146493553
3376410455
113261972
361044853
4100533522
3312519875
3910093996
4053608957
585111277
4102118782
4102282971
174089951
3151792648
4106763442
38380338
16071835
3248134174
3881845221
1654535430
318820248
4074572360
4111738655
269021020
724142354
1642519183
3661051573
21351172
3181070083
3148196512
107537045
187220137
2902198693
2986468881
97518506
38022061
2915741300
3438615791
3415912061
3039735521
3045553835
2756046179
589577390
3766911797
23018032
27451525
3091317755
3779606722
3735994815
35564276
2283115399
59855581
2299269653
169297595
2287887180
3295057068
2746683782
3618402374
293250504
3799367548
2585063173
3439133385
126910122
3771469035
3716157492
3782318663
2382589320
3012706554
66246449
119018565
3190849685
2789914898
1012919630
1242950562
227217822
708482580
172031770
3305456556
410993108
2829949518
722058872
2850766605
2653647523
245186533
28266811
174713699
46690994
28451660
80579864
930371580
718319754
183403491
42349091
16156347
2274832837
46902612
491985170
109326253
2795915333
2742343322
632376573
2654066488
18614827
2971986082
256311211
38087257
556467751
2979342909
3001709266
2310468990
791054348
74035600
29518938
2473536511
97674488
297021214
296013109
3006734236
302162946
16992027
1965124459
192219740
19673642
917099467
2513211601
212204316
891344526
1859321293
213119979
1702842678
429879327
3042275347
601835295
1399695006
230930140
145925543
518112394
3095227282
3064421775
277303053
188092163
3133537841
2842458176
905150629
288493025
3068646278
413483738
192021613
3115151681
1891175298
159178867
3185352349
252372026
3161606162
3104694958
2810377556
371059669
3022486062
111225697
121656624
2418510337
101395252
2732546614
544526516
3010777755
16003398
18396190
265771477
2541091830
48360726
865636782
2674755025
3017122998
162695768
28337554
1428703674
114478212
257561890
243308919
128897921
117512114
27099407
31583642
1852386540
33944717
822663973
1008814070
3089189517
1433991522
3068578733
1933042237
1383012254
23153664
2980552498
249862904
399477851
1550729527
3068396980
721200717
2984257778
169586790
2765143211
2990326158
26626636
2557759332
2546186847
20547809
2792274106
2985929169
1449990151
1152267792
286209959
44154197
23608047
37836873
340770354
2904655614
2498815831
407803818
33956572
76208773
627484860
279081888
437802482
72874929
349064167
2778212386
2873098253
14519144
129664246
97984011
1912907496
16133674
2809339961
2821861882
43047143
2855811943
2477516502
1139808937
15519518
2177884721
2786263577
21497129
19878831
435044137
2780442835
2755368120
851454925
2796823228
1158343466
518162076
2254706542
2776758714
14548308
2761368757
283691022
2596902858
2160105211
232555400
1611239714
300354485
233262877
491342690
1864684182
24178947
103149156
2377605426
237044945
1682281934
27549246
1172359962
82275256
17633761
887754936
2245216143
39639480
1198937214
283550072
341841543
2769987271
2462735413
2710097570
391619559
27354031
11307882
716495354
207111477
2291742773
797266543
59045009
525005120
17095138
385125725
1000318321
29510967
15234579
48748399
522563316
197940472
19499463
84199651
2409937765
2515536091
356574117
398583039
577447148
31546254
46119989
2440504609
1096655058
470636004
2192874606
946363056
428305720
1729657387
327525739
22832303
997481624
141311466
966817866
2626723204
175105586
1191872292
2666946878
17084624
1271223192
2715102168
240810075
2715562615
706005672
175815271
439929717
627332717
2419762532
1446268946
305198779
2688332311
1453990572
532611966
30040989
73704754
292396236
286183314
229874260
2572226646
1584729158
1440037567
1176988430
379336711
1969779732
58702708
316569982
2396109714
28610177
190402477
2691216264
25667363
2729961437
154392045
2265406142
28022830
1894862929
1934646979
405040895
78076919
2287065082
950594204
94168199
353122436
2211133524
2427404409
58198730
2289935068
16363618
1374399835
85231235
850972447
1223524920
2251930951
381683967
2553503342
56272221
2678031427
261393222
1152581785
55364344
200742696
2572923171
637380690
1522726087
2561395394
2561927156
2564742000
2602287215
118611326
2573485045
264186283
1157475906
63506866
426163612
2402464436
119120870
153058577
392733288
1567438140
26734403
36879617
2187284504
2355748068
1525342994
199107638
2205051914
31353481
2382491262
259613476
46730353
469661725
455797564
185497414
1398271740
363101712
2444397259
45686602
2301673591
98748217
2322498539
226028401
855605191
23961123
885926022
20160685
19004906
209184792
258833057
250457167
67437701
29344373
17756524
201756126
2507396595
2216900234
2170120054
47647326
2446206894
2344123951
316387708
145412490
1359290964
2510473598
2462410648
2478606366
2514224252
169312125
1107929995
16845736
388948890
1426302097
1246768040
1905007375
31402455
26526395
1596277454
1337804538
2560186047
2538719502
1573039086
2516158890
16801736
1042587355
2171021402
17858741
1281122731
24122822
54387096
405060059
96232152
258222191
82687781
335742537
2464609424
37052944
1660051092
223965005
32022943
22088050
22674057
886841173
115487334
54192449
2272293750
303655801
2290091744
187893622
24186319
549587666
840137504
352702658
319553278
77644463
2523573875
37599351
1381670568
2168331208
109840630
1733688494
1944177338
2185248516
21588316
485079302
323592731
2214280544
168014307
33204897
51662793
175348332
271349966
46533983
212638721
195061156
28945215
19801956
213805999
347303644
154155859
328672935
901929638
23333885
1681212607
2155216800
343068712
175181659
51227703
607257061
17277164
1696080840
18427644
2370400652
1092586880
26114824
1661326700
169563726
131880239
155944608
18310954
396832145
288967644
61026522
304642145
542205809
246540433
1475840924
2249111180
104225373
952553863
23251100
22860615
254950671
2192249917
20732140
64262999
19084864
87240602
304462238
1063678885
2364011138
2264473723
360174746
19119947
799323824
347733217
2451759518
2400814320
162224128
801157656
16657036
14421866
753603884
199526796
2155548760
33244996
2209151335
24796902
45454682
550883982
2437587024
247106664
627817955
2158889797
2285947808
240504023
180587275
41941532
1528376870
408878045
346524696
15538580
59651496
2271035800
604911709
393561745
1428742758
2156561740
17645079
2406417329
33311750
30721176
104870188
191060375
3268121
1317387667
321423359
89309471
2270656566
1256251489
481531888
1350032611
23075354
2187391021
63641169
2437361545
256809615
569205137
774984361
379508299
2267452640
2273182862
787113324
1943968111
219085830
433853565
71690810
29034512
208000051
1279624999
963136322
2189431298
22433853
67148419
53081104
32928401
21776702
250607837
946798422
179190404
834716378
19535737
39909279
2406508469
314683277
114595470
314190123
15020408
48321406
247437412
14285194
1056281256
1704347958
602921826
867202718
2427245256
46510345
2265260190
2305210184
71857556
506892334
347912559
124648424
60415616
136538953
65850710
40250113
1677086408
783440725
244545490
266946869
379824075
1326463657
408612805
551515241
815951162
199241740
45139342
208579703
488057451
168505303
562859446
2326147819
55877025
1221318252
1151177796
1881705584
330504552
341013967
2337014022
2318159144
1636028378
2335603286
832650660
1219817628
1019965158
15520209
728817764
1016034588
42502991
1134699775
23682579
2389867100
2391289117
2393639366
2394752598
17295644
575939463
2332543896
199034720
398180341
2374886480
174425069
32471963
65031571
1921164571
24017531
21939878
31569061
217322572
40980749
297540702
19448745
74532200
64754657
80063725
489446729
344961091
199317006
218178307
40127379
772373234
50442043
21945457
289092760
2361933847
278768649
20831098
2374286618
45285656
2375318400
21394662
55389341
398115426
942015024
112090028
2217913842
1155784231
491717873
1695015535
164285792
2265973938
14482803
89602713
89033916
25273207
2355226010
385410204
1704483096
1855134482
2182391567
573803090
2250492769
79755947
197126134
196729136
190284306
285253129
1904873047
529618280
1898902159
48834856
1277728662
1385375473
69646577
240706288
730523036
1451768072
45142747
795109046
1914662005
102767865
145670989
30969273
76049365
574572673
1597714699
125723286
293066451
1927523305
28671624
2228789155
159276989
772143068
46131429
33784977
228960004
159113107
2247926713
1624243740
569403351
1605873679
442120615
355254934
2228912718
207608033
1055748798
61703805
15968617
1002221490
547026999
1973561460
2230778502
2178877599
619299244
173625599
44038109
792257545
325897055
1265584909
1365356869
27476809
22929270
40119263
118057985
22298974
196034157
26755665
240404311
135044065
2350785758
22306217
1335510126
213639706
177682473
11063032
436908488
48743950
26690306
143935402
21866718
345371470
37309623
771966318
87335832
758164512
20470396
30877086
464872349
252769571
927775230
20547849
2294659638
1589063965
2342125668
294062626
1872457963
247301812
151556149
893768209
265622909
60057905
546998239
35616842
43121222
45299859
39382082
275814987
86774648
335323468
14085040
408556739
39297608
69942213
169036297
159565005
423605264
1012350428
17833883
604131647
392795177
291705909
2268087652
27888179
191394730
51649691
15099483
752259686
348277878
18248053
344813779
272222225
237492396
443078259
175765793
473153518
383387977
34996703
176628005
61011216
35396272
41890529
308232736
225239283
331046873
71510115
305586753
209986115
109435092
335023522
2157824344
1363127011
14882388
1151251177
125777239
1529383075
580227669
198263916
35938098
436382157
587704989
33052122
541262934
372695587
55074686
416220635
277528908
569126852
617210410
714396187
426705175
16351765
277930301
540201416
709555568
489691647
771815053
190752794
809207784
558094169
1340052648
459939399
336377205
467051737
634995184
66066930
394999724
940162010
304808969
419164726
193317687
22653568
473199911
191582198
317165653
1054781768
348156933
319487686
22140309
968250734
772807741
1371127416
386204597
1486452914
222298190
194408901
112347637
1280189880
349438327
574912402
1156941348
15948897
85186888
35893932
153591245
248839777
46128666
1465356481
35898822
339785538
2172232222
1050149916
417635779
322968161
107177106
2282485225
93305360
153474949
876071360
860326112
89090775
15640950
21174438
141010019
225630549
16896616
19367582
128882329
1960982443
766682916
1604485680
966847082
1622468604
5426672
141854664
64785149
179101788
16556528
50097116
96194529
115705583
155205857
206909408
270085078
297523134
314565953
394902992
424464903
873594720
1504030740
22846100
28123774
52174693
63226714
69141559
70736850
205757271
237358398
241365653
242756726
258181662
281548015
296430814
343106798
482407375
494342350
108983122
473309899
468916175
237430677
230615322
159884173
116864449
38532810
235798103
219496700
168669429
134491098
155105082
119834114
22315252
1449858847
1418857928
869520367
1259391878
561558476
304607056
70812274
64363401
61277489
48160300
30915274
26122639
15932001
12672352
12333652
1626574573
1616064973
602126076
588585896
292986504
50085869
25710599
25523530
15778722
1369542727
28110275
102259254
20782250
23008665
20781686
185271054
43736643
29292937
15252162
17520649
496118702
434587460
48762460
20004230
1275851240
621151628
410228266
236963494
154059914
114237634
533264165
16472828
1313424913
361468994
293740224
221454090
110254641
43677186
1372508455
553611308
726777584
398504667
254171858
180536708
102418597
49424542
27338457
42481696
1671653750
127038124
398800650
470603964
59479845
15791491
76384467
52165167
23193275
17429660
14204486
10674832
928743698
594886779
558850780
221978069
252542428
75136656
327454119
287985478
189718357
66140336
36212154
1261089414
939859825
1043396022
330397275
917258502
790014319
889024146
1323210714
318144688
23383075
1279369572
2167620428
897824066
611755377
846313784
893648148
893338705
381248674
334241684
211365776
239497667
235595412
115475507
115400791
48347920
8795782
194159438
783539730
58847841
16724361
14344220
1944987026
1676343428
1624774022
1724304301
12701772
266902030
48598890
1342626918
878589925
385436458
347023720
277250519
137882569
524974622
477795399
713396036
392941628
369835782
351320830
365517526
74964917
66213212
61566329
25081542
45579590
18783819
21369523
18464818
835234932
616395854
591863347
318860586
308965637
281117125
108112178
79911700
55671524
34724381
47785921
186652102
59872846
197749137
22910392
19976129
831538345
437094561
605099202
831558151
831536484
315001019
28576220
75137401
66039551
24057380
22171728
15219770
1578107796
1408897844
1372808665
1355983182
351665037
234833764
413192096
904970196
356347575
290773567
357544862
169742072
124810502
418333671
335100981
357235763
30673492
296002107
55689990
95455546
163071279
60725400
195062516
24818696
31013809
28696142
22199366
1698094387
1676824543
1154837329
510635595
501163118
453530271
131197181
37950969
213357723
931847293
1532631151
1160533838
1596705235
1523579436
1449482875
971339724
948305593
984790812
1090020486
852251167
883670046
986693275
814503000
720235699
597568925
608821628
700164762
571045351
494978600
53948841
384941851
443771574
493150967
411850797
477043351
378778660
381614099
356837016
361302999
340403341
346336874
310353650
253179151
63373140
320919864
228080242
137214209
64386354
296648994
72075726
82775881
208719402
239817843
294927495
125131114
210670860
27166879
56920343
28919995
42023244
28801723
26639651
19921912
19604023
15510402
15447580
16203507
15087053
8555232
990351914
974904397
970955636
1119325710
1513665883
1369804824
572697252
584182975
470343958
544675988
467152812
536365679
457885565
430520886
342840741
326442459
324680566
266745852
278307238
309850368
273495332
263429653
1514741
160665950
46788665
222285233
198587414
202168195
203347382
160667662
154169398
126004066
191134564
174374205
166967894
151049208
91198541
112978973
102740738
89005280
106503346
62534885
40942284
47944305
38036744
42156975
66261639
82683960
32882864
37720138
18333737
27990211
17431785
16261754
19574620
18612273
1373039780
1247372436
1726066843
1401100357
1561740169
1281634334
1347397700
1377803246
1074686276
1068777090
1080375396
1058059885
1011159638
944040380
777126223
617154570
516875843
551449133
432963898
425300805
544511072
381443589
458523406
387340306
404207687
374809839
247353370
280169090
315015348
252277059
256815999
202271988
160624891
158812634
147411040
140983020
107149882
94243192
73218777
73017476
48718462
63631260
42239709
48336213
36565376
44813932
36037060
35481396
29929815
25523945
29531570
20866046
17294819
25226477
25209877
18556246
19978404
16290562
1725767390
57192120
70414566
25042467
34553380
29324336
29068230
30932145
42269971
55637726
50556895
17046753
24813019
19349260
21196854
20588331
16535575
20588739
17093617
20484409
16502931
1640649061
1606603790
1633980889
1550724972
1136255172
800792857
1226316062
716688769
415565687
465664619
396296075
443349829
311237914
104041053
267861891
267422956
920916110
489917336
1007405462
449072223
270746248
207657163
310292348
728315168
431228455
306274393
821146824
253358368
562078060
1095663036
733510825
304730655
210541111
160669592
109340763
166984102
127712761
160594507
87790515
119515091
1385678804
1299843775
1398649160
1588580053
895803475
762135822
1087889095
427156712
760775034
564180321
1350894139
439817920
475354554
1081527283
1320218448
418688740
748287960
249692222
398725353
375924132
363381977
348093124
324469938
341136032
345397708
346729886
265430934
61615060
249019680
215628684
182542882
224702730
200995800
130514819
212058669
217537840
243949383
97791650
44756155
28858196
40283329
23865134
18507986
22807204
14093547
21677962
46424167
15000238
35880399
30096539
39697114
18857778
18271261
1391871
269911417
449204745
114321217
22572677
58903969
15235948
52827091
49850838
40945876
34781689
38518979
32922524
37101639
34424762
34299138
104794934
1655658553
612754828
94840831
15726481
15524229
523739680
448495132
349568348
393617971
21115632
19996051
19242010
62839776
18021113
17233536
63597938
28027296
23536653
203582097
108069257
103829701
98976956
170362630
82506692
72532383
74804903
64943431
1581449490
1300690272
1166656939
1128781184
1080102404
605879768
579519897
276725992
264382954
269107716
221585318
221811102
158090066
851127229
819923846
631284809
540472329
394145036
358967454
249274267
267262235
1160968735
847579988
241041648
556956212
260062769
47866178
117406876
54360609
54390545
22371729
15811443
57978499
1405277396
711034615
172889061
141268666
168310639
519609146
78894569
61796972
59700758
56777798
34859931
24051912
25836791
25022158
25152524
21454898
21332949
20089952
14708602
15845571
71897374
1426407019
1416806636
1323084170
826001221
373665936
163964149
60922654
300153726
38380964
33634502
33179432
33114359
97459882
1681397514
758148817
593230783
374179984
439543320
173990518
239638929
78020606
51145886
64786715
122495829
132247867
367247994
17022540
16892182
1729392817
1228537057
555463461
790577978
558212647
277993673
41361984
33765774
23706764
21817105
292367611
222266163
178042356
25632140
1022270851
792386262
622073561
459362054
436335782
271194058
322038356
317589768
231094448
242618658
275536225
319529691
212711543
329655361
281630129
158691443
206951369
195963329
163123885
143525311
136337303
133076534
133022865
18854013
25927615
25296537
24449694
25446006
25085804
24672191
15747938
14831642
14081133
22763447
23820899
23057912
12084342
47540313
45186008
44410762
44917831
36404865
43474974
39260864
41136370
43654761
36232215
78087055
57652284
55882303
57522533
53217026
52050545
22613640
22214972
22168753
21209087
29753150
31076449
27774542
26575613
28379748
27041654
27457454
20020846
19955438
20052710
19990724
18941920
19240604
18655484
17027394
16054602
127529780
111729901
89747840
102482925
103688089
78418130
1930390782
163597299
197017633
119228939
72473485
15763299
63145004
394844361
288241633
34175683
718804824
372555541
18739458
17154895
29073744
125637896
536928809
23011851
410957901
198276846
143563631
137438290
42970103
475836940
47961633
1258468728
189693636
41339624
474927729
20948750
15671604
249831776
26927319
829061804
19793777
11064462
23660013
21781549
15641893
18222066
17629860
18218143
19407198
874450285
23632864
1210449163
86988848
1115569892
849186008
67143433
16132453
580276362
169072915
223732691
1390840993
266338493
264902555
1365584592
1327553150
398717701
274656068
790763528
95929092
566445645
1264718186
108383425
22194437
418218528
717011402
26484087
404213036
14910978
251229493
192871890
60752432
21760755
195736942
334603161
481668700
82972068
53157117
199451056
124602260
16669068
159259276
372904944
1095686318
349318164
774168576
23008510
1700691571
430149473
587613168
868219082
24906749
116835825
120188352
267340409
179660198
188220320
1704870318
117800215
357251357
359204649
620514214
87956002
45418360
80720981
568648672
718031036
1574119285
1345626834
1690716258
292936681
337990971
279352086
19493235
63783999
16722328
42911831
713505217
32509878
452496434
34147601
710085680
1635847478
718692223
25689501
16196491
248192138
39840212
319262995
70568606
39469211
340623288
27065716
454275426
30598512
107862234
22690358
835710787
21870520
24417712
35187230
21906187
177744119
36264361
1668318475
486105076
45439376
605055752
194619305
48799761
23263526
21313743
84174637
11672342
336680499
82702958
20317002
50425319
21928265
325084231
633215256
1362349975
1315267519
81164001
14134823
35566561
589548867
27991457
1024716122
952531051
15489157
1074120174
888959408
32485519
169689111
1544124320
1375224685
28869531
1596390938
27083053
119188521
31475315
591466790
18244990
38254732
206351906
384998646
1006395138
1422126799
17444825
1554032142
40136559
18488911
257086746
27930074
328162982
14110938
82622682
256141768
325790727
18464457
112074091
606549224
39592258
15147370
137794015
28353774
625974204
816249398
757773697
281550201
729243002
1359301178
21160774
15063461
17467699
250868109
968274174
32435253
113455449
199544674
52619429
135265376
216375315
14382909
253599280
19792085
386038876
324607592
362790555
322304031
150423340
23373906
25755932
179140823
321453254
194602233
38559072
326426434
110891854
526002687
33447326
1510462314
1158258109
576433218
20631387
189171338
1528710866
370998018
618600670
21297975
26373415
6235392
976655107
917644656
562258957
76715076
465046002
285188772
31912074
13066892
411307012
375163637
1525381928
17706348
418035135
23409268
547839797
16171950
20031296
297466603
570912490
1243688802
25168491
44894886
17414192
59587528
312121354
67026930
973436382
747871274
255622915
254593232
571295888
275653762
382235939
253563556
102478113
101343896
10673732
35282542
517143211
230195173
23254554
279725538
1383010758
74008683
93108865
410234857
239616251
24363528
43385648
948757388
1137754208
606540139
1367966702
1459578732
35241769
1031414395
949290631
752703
110233169
21935347
78403521
168546524
77259298
79849331
301503218
256722889
43411818
90646090
179179672
161304316
614063
14789392
31941520
23072550
14445897
410050564
427584012
19830393
32882388
46027277
19656933
21240269
36725354
42204560
21040094
478726880
302223365
418151328
19339778
35788396
39299730
28173504
37989499
271261968
19156536
382924947
31005278
14747387
1259370955
24887083
287759295
141647098
25891864
53490336
16248047
14581542
29994950
373677023
32520728
242140438
19075796
514554432
54968197
232279032
1278656377
930125762
23622615
774803011
78042526
26534343
478980948
32211078
861808549
287522481
198974997
15606755
