3254900703
384615054
4164780915
1950423186
2697887830
29744104
3025800298
3825707477
2196664698
442322415
2490643419
300519835
2704554588
430359063
2555533956
4113946605
3236090625
286364518
308796680
3337944627
2447267883
134122572
3062135408
2576292195
2546210506
1662675390
3024473001
1056352946
3361825029
1852291668
1687427544
2171126268
3884954243
2945261253
3806685561
1278466872
3836129729
702969927
318133180
2636296609
911218375
1679877511
1579602690
3464135605
52509678
602975062
584861984
912691898
828651914
2969168259
3031389654
2601480047
2298038265
2677283692
2296746057
757268894
3290709171
1296414104
3348351555
378942688
700519681
3432134512
3298625944
167859785
2367458537
3006777095
3022666041
3073373267
1514338914
2277121180
2580864798
319392414
145341698
3330823582
3232949887
3060073803
2294413019
2468611425
2973384065
393731821
2492451886
2397609250
3379627462
162967276
171337448
2728725280
1673607942
2353281777
1402853178
3359220004
3000391731
2498283238
2752654790
1316775126
1711134230
131643270
3314026557
409222475
2938761554
3291368387
1551788370
356632607
234594514
3222807397
2161100727
1309072622
3192527655
3108704050
163316060
3068295868
2535099863
3202501037
1417071950
1614599419
2621459931
2878506845
3097856331
2842784246
2278450715
500121054
267905292
2592068459
2810444925
520739316
2908228450
1137955116
3097746815
2416237719
233463386
109413479
3078790606
88776264
2508607868
2542076626
535622586
427614005
1737862664
179001297
473085720
477362541
3028491241
84771151
1395062905
719612690
262753162
2302157895
1705331366
1601943457
328165072
308823007
2893557838
281320346
1406609310
1330956073
2854308238
2889166613
2935326221
2430351286
718565024
2481876334
1396038798
597690304
236554286
2458769015
2312529442
374226616
129411865
2645718027
457953677
1358202594
577619408
1419330512
1526005530
329191654
169755182
1563369078
2727298793
2735729590
392934511
1250207641
898794482
2446040564
2671097551
1687449781
231272484
1080626539
2654634724
1348242930
284349783
1576692026
2668466317
1075101296
1650931038
1891764092
2178867124
369758730
440864544
2361389585
2162433141
2577684952
2463612280
2648322945
1478614914
2198007455
589652951
1551755840
329863369
1054185769
2624316285
1658916115
2205433697
442046499
2495440958
2499683981
961574791
2621765656
98646127
2257434563
721401374
393190045
235782607
2443610266
311089863
368431599
554011591
1699041726
334371702
88090369
423942184
449410043
302358394
2236715139
1240499215
892348116
215164614
488073381
