214187530
301981490
120206338
296125407
3438416009
23223886
3018140115
856317967
183866897
950052206
5225991
15987295
35749264
40902905
81865769
78874095
1968684776
34590070
23088951
130564073
3948054095
41769286
3428971942
613483284
345714819
576990893
19066345
58448800
20769858
458474511
288996327
2933884215
182407547
335504665
17093617
2279124804
26268870
163918594
3421692035
3414471339
3401110618
189129508
33207582
932847696
3319058706
868543854
616951084
901617884
778382083
990830034
20663500
68187604
349772800
2470734750
2714300593
61459067
2893191113
222476659
448801188
198571360
89731654
93707061
2457660152
277393927
135273851
21744554
19393236
115097756
59780450
2748257776
577121538
575208132
1147673598
35199423
241179410
2425750634
33856511
165510762
150036660
150592308
56368450
2202651865
321455045
169999427
272501132
1109304924
142707466
6705042
2579540142
355583147
36686778
313255854
1222377097
81802436
17680372
71522553
302848168
728871750
615448176
1345405429
199284530
7235612
2335766641
14224706
47586370
12870772
390338305
42622744
78593378
48400758
215396540
23094856
78058480
273984889
637087464
16045268
2724136502
766127880
47305063
377400196
307827607
1612364382
3220627032
356420017
105810697
3151701947
2716781431
821140776
34908361
46854930
614246029
632109907
241065432
245875796
82960348
128885886
1198510885
2546258378
218179230
282504743
328745222
2566641432
23959074
581301968
416338360
1170280729
564200898
1895397547
1362076987
1259734860
775907893
185397767
330509397
1545988158
2821205879
18491626
19088758
176417651
531002858
293526022
2361335541
322088304
2801786469
2157277149
112683317
1899999230
109320416
2543649946
2282414522
839756995
1266823940
3186741269
1648038656
2297840687
98426367
102669413
2818825925
1316897599
426132610
455110234
55227337
43867457
1225565544
135554197
49733413
19341622
20593971
16434273
1053724531
12134862
108493356
130135493
21855014
27654368
16806285
628251837
839893122
20993729
588999245
501108101
18036441
15460048
39585367
5694822
18175018
550219957
394945640
19837528
94191776
76736624
3131401875
109215470
1368114320
73220776
2548061250
174573719
304886474
26203004
36943804
19401276
33697736
177654409
18903739
15353955
96741105
20427406
19760151
23426889
24723695
19179395
60642183
22624441
15916215
30196565
48289662
33474655
16973333
318988824
23602600
305646525
114700306
205644143
2391062042
227021376
53374143
15147042
1650187201
2964255862
2929559853
2998625069
575972417
722620753
2656260282
110394955
19180758
94197182
1947120098
80850138
1146146844
2875482557
135483288
70985872
1602731826
2471181978
333405810
1451623718
2814340749
3031086040
539964202
2324481049
724568965
1346682308
3002907723
447101972
456475368
43542161
374245120
3047374192
288903787
2838044111
3058736836
474876211
1923672901
3028137946
45404490
3058889387
2894935469
3056605523
2919392166
704571606
1286592650
372328064
1893610903
215621295
2683262425
2448216072
359602399
406945217
63406968
35748798
495138470
39020903
81062486
1080064026
114707315
107943025
17837941
506455967
441234397
2318699246
224692693
2414648779
26720637
350534014
2303716214
14069394
20806464
2778730655
1648602619
2867106915
2688505857
184910364
2676743068
219893433
3061805918
548469810
2772126602
2985204365
2904883126
796727484
179488222
2989552744
1855532022
1523708000
3096619425
467649108
251774790
60130772
2313945114
2885119213
1596968954
1923339524
1175451031
753619718
1090148646
2976821097
626910042
1340024516
2582330713
2886169593
2994146669
3083808706
326160811
3119992667
351022111
60117522
2647899291
101792320
26367447
28105302
3131620438
1453702609
2562977246
355688206
264352367
403092629
2174503084
18699082
381526308
303718832
3092552099
717972008
1274404952
2865766029
3167201145
1446084685
329161047
19288705
20262258
2590144724
1168903477
764260766
339629332
3179293193
455513301
537440181
6134682
2223680714
701068436
2194575663
347502933
2313699698
20523099
242727646
863405239
2335217159
2839990923
3091256457
2188669045
240767472
1073805626
808644252
2231802043
14396151
385923157
1055231498
99895700
2439698929
935073036
16895274
8963722
15110431
21581503
17089636
2797795558
626463484
24948031
334151730
2656215793
338431104
18779089
2256977114
544201320
861084488
733006580
19834221
22916527
619283145
460245667
2272777838
253167239
15862891
487833518
18700629
32372834
19402238
19658826
2253692834
2819600333
204370454
353094706
199763814
180327352
628765360
625629780
2415670480
3059034653
759335666
2374036190
845681978
17865542
364791203
1085918052
33552794
233915069
66138143
3032258115
42652632
918929317
90957947
119343431
158755275
84115312
21742690
44874400
17939037
104786280
79997785
21576334
161691982
169934676
273405670
214024085
19178857
17843175
344743817
58431280
72536935
19655985
442847698
185597746
58190012
14711491
60057276
2827436999
1017850555
618167713
786779786
33205305
1053481081
618222919
231928459
1690573586
90965117
106730860
325116618
505772786
281005286
1456281277
1583516130
504294041
1135376420
135583203
435883230
380898195
40085649
408326935
1613201947
246764921
123220773
2833785645
14224719
398746460
13265
158885886
37972712
525307378
61484453
143381041
48391336
221702605
21856390
197378511
24907913
621563
418882669
3001936259
2906144331
1588346334
61172258
123302266
3019895734
164212972
1540521948
18973501
354880191
951873373
21608406
2491487924
2919432820
300383228
1482779239
2744249112
267094769
25337267
208996041
330631411
55815666
43411774
212298649
123258740
229205197
249674430
2788085594
2214132199
243112029
843667993
2714520902
163949344
224655400
34940114
19900268
975889717
78519237
2216384311
84619537
2611160760
136001762
245499504
351147229
49465094
379156490
122096047
2163114084
795884282
223881230
45872583
193624909
19976630
171000782
70915659
19760125
97858519
228824171
34858955
317405206
285681876
150687438
19972613
14177497
365627981
1083965222
65357102
1672914002
757394390
25483560
1243578792
333733433
1425205081
2336465087
386053530
14498926
2421823238
989452274
2385398370
604416116
14360170
890719388
104857104
274596885
136382751
2235986720
41098406
74697858
17248121
28543386
456176965
749217480
242908331
34960648
23747149
397490403
475682061
27847455
109078538
238181585
252124716
121814319
143039548
278053417
799710618
1114227883
579792548
17533471
315128930
218440355
108396328
21078789
53579052
702823470
826848181
376699050
173744910
226118508
46947488
23577147
23439714
1733170068
133236916
20159816
815399604
575388998
22626892
220830660
230025585
50709157
61444480
480460766
28314946
1289037060
92051144
43941053
78586254
64715663
76630015
86160648
2410911878
163830733
20429157
987018980
424642818
277391629
190994565
237777449
115348455
1670382019
2438626843
2386999507
296341344
1039437738
191372722
996994538
33503281
19240424
782058541
144802754
20761759
22610072
18240194
164266745
200635398
392813911
808598030
318586108
