1732160088
2525706538
3601007355
2352423936
4482542727
2365884776
300325684
4114648677
2837407605
100573691
1244130846
17572133
4449456803
102090840
194899934
4258847357
3198219472
845566867
455666116
64421092
775962420
1150742857
2821205879
291966211
574508945
46075636
24189023
4306935683
188034298
1186304689
274619552
3089783957
211986535
61222977
78340943
346569444
3685645037
360454490
2425453188
2981481352
1176431977
18282606
41218092
20125015
551603983
302481872
124129591
611089877
29969196
1340281598
2214025884
2285310949
135269213
14743179
706707166
83863700
995135652
793511288
3078982479
336849532
3296395391
798004184
2906144331
3121748307
1412819761
3221451314
101584104
2841062728
2728917185
3230559203
2851818279
4059996681
3097595998
125769579
19408741
2836521760
63471960
3160847421
284011134
417391319
17659982
2880329484
3028909804
150159805
3752018735
90023872
56754236
256192933
38212717
402950570
2986168223
3920764398
579677522
2449313537
2546258378
233660679
710697889
2604785043
2344888821
1593309450
3075250019
586322651
3711874637
3019816461
3311355724
1615488811
9207632
3822618076
1337060215
40071024
1321671811
308385003
39103759
1125036690
635604793
25232715
1958796254
3000201053
21125870
22397147
544272475
2293976578
254873869
2299669747
1715091372
3343972444
304854934
848112380
301497035
202377004
3630201796
19815171
18490963
3238219443
29593971
2589900958
1488793326
869631762
903898009
10297
19158135
2965050507
1729767636
3335001939
500199040
46970766
20283150
3312376216
148496132
206661388
469605969
95455461
3523292063
2397407472
2280711708
1314657060
203236351
1072083618
16281307
233624558
532284837
31770138
2288252839
18971536
152785310
348534718
2782004245
486158109
3092518517
1571270053
110171914
2414040625
2447396006
17899109
596904482
3414543874
1241258612
24199001
2472160849
1305940272
785568067
82963512
629102743
21744554
3298502076
43147994
80040195
1239302874
430613358
466858695
1233747336
1051294292
336175486
575674724
962944632
2884956472
2350084886
3190336174
94537134
3343070541
20553818
2611160760
3272986743
503581872
518929582
1678741196
1498357681
1201835653
2300241964
3246668746
1600665390
293816414
713370155
146106274
2786286895
15408724
133412154
2462013806
55248232
3017191288
3052517936
2817055909
2381053074
1245292034
143051308
275493926
277401739
55301363
258443653
14833210
1335870978
1048757774
16695534
2790508818
2178765000
14055283
386229277
1024971930
2278939556
1583824903
2703690051
2394806297
186172016
2903183172
999470034
428004928
614246029
137111479
1337472134
17615345
2978656803
2484627986
2971767309
2999520129
1578152701
1921177688
2211150652
3116208599
260419692
362358250
1149102020
3119188648
836119291
2499475393
2885623943
597713047
41587429
397172428
28060611
2587506226
387247563
2669356539
2726059983
2737298403
2174320751
571862740
2168426457
18761413
1917862417
2800611671
206639775
921801660
2784660098
2265116079
2991924040
2789786214
232614556
2478159955
19644937
976593558
563990687
2596795488
1926023845
60912576
440336265
2182917405
2335217159
403380330
2204921279
604880882
25879424
2239196978
94139973
16912160
26345379
21321994
162044153
2889301697
2831864756
25127716
2839990923
722701886
2318506895
140608538
1089692839
270459817
2169074040
253536357
26727655
1161332952
13115502
230025585
15083347
175845885
1324785001
1238847458
20365005
2850421078
395291560
1542533869
263747225
23836412
808598030
235693032
377336326
386715442
231928459
17720465
804160680
1191359605
408361228
369405466
105305259
106578674
618093986
2505412418
358104221
85885295
2864265355
1161266892
49397758
859815768
2596710302
490350179
1089470366
81795173
2577536726
137838014
2168039208
387593978
573569536
84284067
2229775704
74446706
152775372
2777603973
34027748
64471749
927488990
2533121371
118850438
2254083629
382294562
161801191
244604533
2590173222
151402193
22541236
601727155
1662828115
493179747
113018843
374137630
2585218303
2781612933
19356064
2179499404
64591392
2784111583
1449101845
278392354
1511046306
881142571
44613247
712539647
1383735560
134429434
1632891
24223641
871287871
2550971953
444675356
29469227
19535688
20144107
1496939748
216768483
2357835259
2737238284
2159835859
2263221620
142309190
21384302
1042750633
2524424327
303905601
552628773
603858379
2731121141
61210238
18341453
2575321695
19240424
459446685
322641013
2491487924
1408457989
24142010
389035128
352538333
397814407
33249457
139193255
45534335
44578328
948483571
86160648
128885886
42924633
577121538
254709958
379156490
1652541
2541958050
416560214
16361307
2180356070
502838054
1173425737
1464206629
1467890508
592535320
373526509
2271467391
1901588556
68484408
66503181
2231218225
447985332
53714639
13804812
2180546426
37228372
72968446
19857088
2570751540
1342012614
571181211
756754039
2208671045
207050344
2560744570
428019827
269395202
1213750657
486897912
2348819747
144202153
2166995671
212291296
862817443
838464523
2351946540
554484638
18273207
2440730357
8170292
81613701
174210269
22411342
367628836
481149748
402209787
322743739
2456826662
19961822
1161735547
17851117
332165095
471899622
1271957246
2160226389
1079236063
57304101
1255105849
45100496
186372986
315781841
2482498717
524697681
527835895
360760315
1372624789
16955991
1224641540
1072162801
548587888
2183124970
770430786
138863773
2352764170
506298750
19398727
20187583
730588040
239885144
259724608
198911524
237725816
205886596
2438626843
34244519
365712899
1189660045
424277262
373337919
118086490
15943690
2199746825
196418938
1640750240
1713694628
2390967824
164305518
21052228
1978874899
411658174
54656671
26325075
1059273780
84539939
154616044
14370358
1020220561
33937907
1181989315
473366651
2336366264
728300395
2190799958
98982632
370249248
1610289752
83164076
592565776
314185569
42602773
20255610
217118414
2148000331
2298468194
422681893
2354395207
45339236
37371921
966985128
6538722
1134967730
536138568
2335766641
2269093894
911991967
275072942
20617788
355410879
411198730
894012876
20303768
418882669
466568395
457422895
1053481081
454407935
1077475886
2253692834
76642368
616283414
475156073
809579088
130463869
835377572
1871309154
61180959
197592220
1440730370
833111766
221714905
1139858354
1676691804
301053364
2383452690
1425982441
2202045757
2369113504
502196404
529541341
114685387
1293890515
83906995
398746460
2337249888
305504676
2288627443
1186812252
867004675
27498830
1104718471
244218640
20172451
19561663
249674430
382766508
456072208
218179230
1927919474
1419188390
489374719
20968518
1395315787
43822377
92733167
2161713002
14906194
47151787
333216955
269768962
21252122
108425079
90965117
119945354
1060010336
107670954
1385041238
2309724198
1333503158
123560362
13305392
400333531
526723487
253494285
82097756
1273162171
132521205
20312513
1077151435
131265933
27618701
745150856
40648992
616951084
1275636692
52541153
6059462
2241970584
251564034
1528825526
709572865
582143434
918846134
2322284186
19486712
1496518190
2322536680
174230277
8496052
53374143
190041878
1582853809
20857273
2245481804
105810697
608317124
19349287
19791146
552274206
42087235
355435964
16083160
9994802
25505180
599938383
965780173
27945659
1048366346
484127377
513592407
20279117
282236899
1617620797
274190638
62314421
346094043
149261853
11902142
221230182
2285170975
2280466106
14143403
376699050
1728713936
350787218
547662053
1468947330
392338454
16404092
321351177
177118090
925141296
2183143495
593997113
21645289
6371622
24016935
616271281
865352768
225896864
6210422
36195821
18716016
1397275916
133712988
155690477
19291485
482902927
1516920002
71608632
2183017156
82062509
117590354
240364967
230189834
5814
1900338114
1532275236
1913285912
908405130
20547040
311334895
1354466604
1875795098
1444693531
23775274
2244662517
205869889
535689363
21084103
266198044
594422721
169291609
1277747640
169083205
625753
577406977
132552366
299724138
721384269
393973636
14085096
158277502
72831048
1525809726
461075104
1975089217
115652359
417413679
2242597867
251853919
205414319
776180718
974268697
961967971
938028871
712819261
284137630
394945640
122185471
22263901
343300371
15492707
14548913
19490491
221710101
228707917
2258761044
14727207
2238340075
1013061252
10999502
112474348
1492960597
1553450684
22745646
104187553
31131590
311977927
1860911624
328167110
20394782
123857665
20937146
20844992
610897088
244496992
1976295812
1431327062
20337178
872489510
1592713362
140918617
134072350
51403755
123623378
60334069
28444938
32989723
365627981
217891000
21400767
236420233
409869881
1655446639
330630853
153910566
504294041
1427645696
375625020
429953974
18458327
576208356
906342878
244102093
1748061889
369475981
166499003
20993729
1694687647
216390602
116871879
1968633811
132303396
1305643632
254613042
54429309
152643925
537518809
440519278
79301650
207244231
220237660
1076673878
49651634
229441348
965842656
6892312
467507215
415881971
173081049
465894507
234441291
707870195
67433765
29769484
534075762
26492874
18491626
364251202
371212819
175089187
39721282
306720395
1347385993
36671938
1962193159
21742690
377883260
1276971968
103577017
1962206960
19582633
987018980
1560209899
356902541
15571987
135892276
25382562
16400734
14360170
1675870836
262572706
333405810
78586254
332819299
2231576293
305198069
1404466788
59484137
226320142
300309031
60861710
1438133335
118464444
609401723
944639852
289929687
577347993
913052960
1897376611
2180566835
633142140
16563967
34342722
198632650
1444929457
1260674960
71309865
1358646397
2171333902
216421721
22946377
171000782
339876375
191954076
988278104
227344656
570427812
1402220598
458432868
289019202
351491891
351576961
47762013
1356740340
459991920
712103954
107943025
20599686
18958396
979545181
497223779
2209493976
624585864
958509696
1916911957
408686626
271850376
391917708
344346496
2175776861
1112597317
19359185
40025121
529425182
917219335
2201816365
216368303
203527555
54561219
295617844
715110598
18722615
550390041
587309618
1810310306
20309732
1047099330
1013797867
329646570
179103448
935294514
13326692
392234268
15860808
337344503
77986647
315886154
22050679
203099350
356752586
1631561119
49585215
137378702
1512950821
19824351
215764292
146574470
485171589
434454442
2171327633
455142088
307250960
214504632
1235300358
2174503084
89520109
601191089
1928456268
133236916
241065432
243866693
467367820
46083619
27440712
140508287
397490403
21655680
92776929
83625926
21862223
266989156
19760125
238515963
1029238146
119625403
434495726
165867407
23501123
529468647
550856785
367360404
2169643037
134831701
20464641
19972613
12127612
589375890
318910982
1481790786
221326775
2160694559
1975873308
1641150530
293696049
502038176
135483288
370816959
1265256882
89814353
1143337843
2166208877
1052196582
298020475
575287546
382896851
287310874
469643874
617781615
157722942
241994255
320879262
615495839
543427947
1144450934
221729882
616926912
59010637
65045121
130557513
5402612
303316151
1289899398
963184962
20032912
207941836
22314440
978908012
302829183
1280081930
2149341163
815647262
611773899
456663117
370575135
592154114
159239036
217834461
719648569
102939902
20732866
983562338
300383228
149664548
213806334
18982388
609826513
419318792
965049528
126288248
200425903
289902303
203513680
234512847
1829530292
1128759031
224027358
11841062
20356850
92386305
225196043
7563542
138169641
708344781
19442713
7460872
217012830
1239759632
193228783
969820609
272367255
19065686
440722421
619179674
1299561
19588385
21560089
534910838
776882845
132843060
16406879
1343895584
191372722
310886253
311382372
1924358168
248347495
319836421
379723405
14334895
440089424
79737242
348533825
1878858930
14066082
26333385
346848975
66953032
559367667
84609296
442191320
1917564074
263146345
316054761
257488312
1137697068
552234067
185373422
502118705
89978766
21454187
1898609706
1284314354
190674658
450047342
22286400
1870998606
147119761
442092966
475682061
1058745314
304544909
14616464
18606889
428411826
138534100
353094706
1324344397
431574247
1456281277
23779157
1552788366
493994972
1704841086
143039548
114489889
525749100
15931104
945664819
1201661238
1551440634
19861106
794617446
47317010
57311402
499590887
15197321
14074967
1060578475
22419487
615148002
621523
1260544987
1729477136
14086158
313432447
479447837
572475977
27530178
202125243
37238862
243284557
322815705
337837511
894006620
250777659
275099903
787194127
257521545
276157497
360505719
256658795
243692865
188056680
1183618388
252203625
41660516
376407024
247876334
23934104
562223513
16085745
198584761
398107992
19674394
156635905
15348883
366656774
152601415
18331985
1726322665
895817023
318595254
1364841019
20944185
232812365
355420054
1157980676
1397979012
1270344092
140502101
20856411
774054175
1275324774
1651083056
453107625
218272654
1528195027
545426509
46978434
58277576
334920460
21007846
299609883
19977259
369583396
300805257
1097704380
257096916
43774275
114417078
30048455
615564620
211511217
806783131
461222439
1683767358
1485358524
98680196
27313788
277126690
458601788
1699239840
630420760
532188961
1702146630
635707494
144484812
393367911
958650835
416350616
298226257
90627994
269870247
14725848
472944878
30017772
78677127
203671697
247703350
1470420252
70624964
141263547
222144194
31513536
91274737
91769627
6120542
627652588
1538344350
19180758
261762879
1369545756
860252216
1444546608
23479817
334151730
283640557
308207547
20168666
96839201
61172258
1693515914
21445689
1555298514
339864458
15324371
36823
19533817
323322449
576047461
1346617056
138376538
724752540
62306952
130975050
366242215
19857449
22012341
89663825
15206103
1377659214
563079178
197127999
1189649689
290644313
777066162
838643936
761782992
69112412
1220861120
48203749
408653741
20090204
39585367
235470890
563736080
276045104
20074314
1265630377
1633324003
836353801
1117395422
429254989
19990065
9161482
612549089
551791518
1142512351
18636743
222833842
359616627
562743021
1448333372
787663446
14803486
217794998
161045957
5410882
116287712
625432532
1684154546
1482779239
1072101553
2093691
51923666
1553849270
60399737
352433457
355778143
232359996
759469640
168444353
362746700
786431102
267094769
629585162
20193126
14722354
130173848
275615004
217049293
504890497
79401897
447168203
749371922
843906565
228824171
135072225
84806635
1265115043
423299557
236841577
152419061
50624721
38638175
328125512
1094790043
588999245
27892256
364243202
613446992
1265612173
6563602
4132841
420335277
47418456
371875487
1001579532
791817140
524442123
136638934
35415477
1646261840
269897738
281244418
56825891
145600904
57658692
507984806
442748381
57622184
206979770
23346272
392634267
1365433975
436659501
368535966
1464939230
51212418
21792690
363573130
1283970247
1485447024
316762255
298944625
22626446
748881739
448868597
472302826
23309364
316013660
126091340
995915138
556111573
325577856
431900771
62277531
27322825
256901879
1322345124
1120214695
20799726
186489881
565542435
532145395
35047254
177926991
378543038
615292223
114015711
14498926
32493647
1352815051
996994538
53489675
173150937
19684260
108419847
1091349704
30907078
1550340710
1022888078
422031589
131035262
455500569
209701146
619956499
798541310
790072010
18389166
11937442
354797403
1275500911
23327703
60776962
134751620
100193836
563870153
953259030
475645337
1555350048
1545988158
375305302
22543327
705483330
47298419
261148150
281005286
308417695
615029030
1558774417
158207707
97292607
73904357
23329479
144618499
955541196
255945854
138559212
241993032
86389792
20873391
416338360
1055231498
20262258
467686434
22840313
20839563
6141742
410532970
14138494
167792017
247445173
21024372
84619537
395820117
228784017
84842105
159112530
785371112
401378369
251311738
17762060
248811556
1467257611
135273851
505772786
19644592
110426389
18285182
628251837
14126982
14289835
533583624
46047968
16206135
460934041
18662816
35330981
7095342
487099480
482068008
150588511
291409212
26448152
61159649
629414861
117189136
185397767
260210879
113426423
92787955
83823622
148851537
22256645
165510762
18028509
17738779
37425420
104190221
320229582
307287372
91870534
16681111
174736204
220830660
1679181
19966557
314483971
1256421018
473311965
555314609
349006737
388894057
87532319
17852322
382591492
78270645
208169887
237904358
69009086
44874400
632109907
2902901
89150216
218103245
382094413
53098058
1537073214
56461930
64241189
144775354
265030790
1073290928
491389949
1104575712
168737450
5923092
574584856
1314258938
301030629
1487358788
470490145
146139473
757850731
110272648
17825445
175475048
26802475
258429011
45359536
978027703
20609518
38696517
42652632
16308828
52426895
18332376
177898719
35199423
15629735
823905
591324048
39253357
525413854
63130652
78554033
114476497
14514804
69273223
115097756
325116618
17889970
150036660
87940762
17194031
1143031
13265
212298649
17795536
43099009
49140787
1246139167
1447328646
87903271
291838882
174989179
1102291820
1198510885
16997808
25813214
278936350
900201026
1440515702
21129459
621563
1349941
21827584
221702605
197378511
87818409
19915842
468484773
609908378
34858955
54554478
22465973
1289037060
282504743
20881058
97858519
68774516
426689320
41098406
208996041
317405206
15749613
18973501
99895700
717972008
102669413
153097903
180327352
368947930
408783884
303176433
67401423
376740606
27443383
412321557
929486377
468703756
24907913
575388998
420366322
96230203
18809812
23068708
28753531
130135493
938654804
109320416
28404552
106730860
971658422
335439579
20246268
63289705
109080285
185597746
19088758
429995714
173843344
222102050
849453541
606368124
88528177
120206338
830543767
304062006
38379055
21118985
35933502
334679919
82960348
20446853
23094856
105454770
80559938
163830733
88457900
18726043
15492359
19534873
20032100
19826509
20551303
25657401
19912068
14157134
14376953
461299374
36321263
461334621
24705126
21856390
117366399
78433570
1294741
25984418
33852508
72515134
52677972
6705042
88971212
13759952
53887085
24915943
16139649
127503320
19530134
