256495314
31361423
497207729
17536486
48148030
19050314
1522696928
1960789190
389764595
17586756
2823694738
61731318
1933042237
73591918
509637782
40551290
2345685458
511223459
49799110
63135089
53090314
401775393
259649352
137384014
3002789437
2328882966
1263011048
25202268
1626294277
167058821
309705905
401563492
410070653
381872892
1122871166
159434988
75742264
15219770
16908775
3304666341
28689319
239875056
1536791610
2899155225
577953106
755710165
2594078406
19417197
30815935
242822343
2266375637
39918107
348667570
21198097
1994321
15808156
25928253
77248880
3146435056
3002240960
19676754
21577728
351365248
226890990
211863320
59179684
37599351
2423489323
316611721
529264718
37787129
389359161
2770770442
2217968958
80883533
153966123
3040858284
2339155086
83686808
2943157256
3040799317
17881816
592844349
308789303
75086184
6806612
1702148870
876531985
247240645
250495841
516434125
2916106794
558852057
2877815384
132572636
43885159
300755895
20741481
1947628230
2564846623
24826667
1196531330
131198453
59272572
1412642076
594268375
2432126065
2850001282
424711422
2245875254
2981578354
81126713
98210147
158236125
22735686
311154294
109288334
315797670
18136711
20619155
17798031
1393155566
72665635
105832910
200785205
153160988
1416602466
72454254
126223865
43656541
95733637
2927401254
18138592
445209684
72884783
1187947322
366517094
279585613
718401961
192538987
99651811
17260074
1640578933
267449695
1264688389
2411817408
63224490
77425319
85729788
21312961
19683166
2902046294
31257471
2919362404
1077872654
471258123
259674489
615206047
831244502
3459051
2264879042
923278088
46671396
262618124
2800291684
2786988640
2856543858
1890630757
21392684
150546196
733617661
249889994
2707322102
57497901
413593863
192942213
454939289
16145097
41806795
117104543
15175819
916560306
1724062170
15066876
83448141
495464885
14486811
83935643
1625887225
469814427
431186439
120028223
66128084
279655508
138822469
20222744
79715929
148224229
714626442
514564994
1910569500
717291428
28350927
19784906
1543324334
1339269476
2448077035
2894612289
118961714
104674131
811942160
2931128048
159111501
104966264
444490685
2902193470
265348061
123926189
2389336800
104459389
45931083
58525147
88593181
232550149
2902167817
187613519
1266281
330791427
53589899
280826651
612931307
2390946492
2673549714
1051878806
1422015756
392921518
490585993
24961826
2221525081
357895797
50254699
57341314
172846897
146181560
32187100
24290265
211800056
191849753
101756062
32896052
2402148228
872423437
15177871
60784269
20515090
71165327
934338110
427958206
15695513
17463660
15746084
23008116
352405236
62188205
160047813
200454974
16248319
260340277
256628776
387181116
91942071
15377115
15882393
18867844
35767916
34282709
376448253
19478383
41608591
516781781
417269448
951972434
169364387
47931015
88697946
2854357578
64677310
388864062
92576336
93637779
2565116821
83554234
1714506217
424083365
383814143
1019563982
290061912
263083479
168674628
39279821
241318160
2806448031
234733309
406829217
312732180
619754744
16671007
101184138
14592079
397019851
17836135
1567900706
86667359
72950550
23251100
83185208
42208855
354582942
18238688
59386332
917901427
2881618871
60531157
235102332
1132189957
259349567
187796215
1064493270
839790062
2234119734
1917928808
2784820064
337770742
46444980
2174453773
293121508
27699644
2895920191
15063486
1206064758
173064517
141137711
582707918
1938663272
2209606452
54295699
19150863
66390342
152311372
807184478
1551257160
326665662
59369435
2413050392
921095474
2185081871
788125123
37219294
2288632549
1359980808
87818409
352349320
2175021342
2309130643
54865891
2350889000
39922594
28484970
53017384
96801420
15728275
14647570
18225368
23946671
545823350
16544818
517661405
268357486
72952911
48779872
17004618
157009365
559652727
73385609
17463923
970605084
38146999
84679163
318677850
796385838
228417172
23102456
32568836
74485055
2353075322
18042754
41814169
460163041
17965523
143352091
116763916
2366706301
135420706
11290882
2826933918
580612746
86478153
39889387
2689193658
54245524
27830610
121407739
163066476
21394379
36767737
19386622
38410853
281627499
26322969
30864583
430235090
19939139
155569780
250794958
357571779
18142761
266635682
860224856
2309156653
175082335
73481525
113724622
334509072
33933259
1511018348
102726161
2253142422
1551308672
135765904
19236015
432294867
2397721136
1552045182
1615463502
1576828351
418712028
1515098382
19224439
304909941
111416652
236526490
19658826
133067266
12415722
111896955
362973399
20956102
17678529
360173263
87710468
2872586024
611053423
490397571
518873513
46955805
38214128
155628368
378401999
139020999
1934428261
178088717
261080474
342775344
16584730
22312331
272561168
563873251
44393030
364761686
1244137812
36327407
2574072036
19649135
2163293100
444193128
2780884614
2288342014
127375220
259111114
264224758
1324334436
2869191565
253007643
15164565
1269695654
2617649508
728326802
85089837
252018855
735839527
492991594
61373849
2504239417
285222905
70461418
16052930
14159148
14499829
25390350
16686144
20596281
25098482
2228046800
75989138
406434434
2477802067
15754281
39240673
77732185
1072993274
240649814
788524
441636351
742143
2183816041
245687754
59145948
2541363451
134758540
21114659
26792275
17006157
59157393
130104041
164213375
1346439824
139908900
251197121
11348282
122994639
250596169
199922520
2530323253
23959413
807095
5988062
813286
471741741
20609518
2588673431
69181624
97217966
15954704
278226549
219617448
18839785
61126132
310844627
