398458105
3097877110
3006570486
3312535320
316790871
4255830027
4358445432
4278159585
3246323949
4378189215
4348347629
166627783
4494977238
4250329024
4550751673
39283980
4447468515
2879489415
2431546042
3126156256
2294239772
268965413
212363638
2468403156
28383904
1007598176
3015309963
4055292133
4045449304
4483106717
3371762045
18333880
4511738473
4483819828
350032747
4334300661
4348607835
3070473323
2995020124
292975564
2557313299
968343038
4434688039
4104500789
4370540053
491950106
112527026
1644530972
51917935
2250444985
4476039680
89655680
3314232007
4458841467
2151003396
4452274397
1093370617
283642868
2872234323
1006859581
17673003
2548583844
634706543
4537886899
4463210309
559946136
81674838
4460461217
4399219587
274784829
4482499579
35140066
603263977
314000048
3903270434
4410221537
472259722
390801643
4297785073
3541750521
2347680739
4206909073
3038326639
4533555794
25925323
3245713117
31497027
57776726
3382293364
2469569489
4530403692
51811124
4450474973
3017609124
236807898
4534067486
3375619785
400600302
3993963220
4460781214
228551662
528714660
396480157
1420054999
762169650
4373120434
1071233966
2580811552
2829484328
3807616042
268807968
1463524345
2303994618
3136347682
3292426697
3347421268
3347416463
3281931026
4026890714
4272279377
4278167968
1624532064
226728793
1540892371
229518077
71657680
97182492
885869952
252801689
4360368675
239026003
737031626
102078380
516121143
4119148648
4475632945
1927897801
3439138213
3535371015
468224900
30510182
4326586697
4519429932
2342622247
743444390
1180901654
963327896
4534802478
30617197
211806043
48103726
306871433
2451753984
245659950
3023227167
251632741
471110957
3942328333
1367780042
779656015
30940936
448382676
2948810111
1691374860
3791918896
4184231653
2424312529
27134626
4241631796
3602122882
4179904283
3191829741
4264497557
606347386
3366052217
38895992
2980744670
473884744
3314220522
4195745674
4249472361
2706934152
46458386
1525233944
2706810788
385523689
422209342
426578451
3255881312
4200969856
104665921
259476156
2275032557
217984542
4276025596
3222674856
3301599236
1073511206
2850725739
29478897
2852120505
1119452946
517815959
3299228215
220544938
3457898356
2317680320
3664560854
30171705
487251147
3947305919
4030207873
3301056694
80074726
1237032379
1257107478
2986631679
387206293
394583463
574669359
433718040
2849322491
4330788133
611453567
3237667634
4331108358
4186113133
2217585584
525883590
3988840162
4296839899
4214808328
66688763
154588673
16379772
3179749445
3724302674
3528339855
878277482
484628769
4341816852
26034181
4265167282
1892009576
3376506881
4339986014
389774517
578752269
75855657
219157779
373792785
3299852419
3376398743
478138091
2969065809
1693734295
2160597090
2437688564
414589656
2433481219
1025487600
193929227
140000023
4150337241
119163661
3064616728
18123507
44551449
366118968
119089674
19667709
238168425
4339832900
3395467648
271009170
2394360163
3239624243
397363821
252084817
46428936
175997627
2867199413
463228715
3097328992
167380540
452399118
3309041861
3760786515
4045667243
134567301
724533432
3399247527
4045419425
3337989586
171194303
2192099668
399661981
4248997397
4249138691
2973023242
4322934739
16264803
406496440
514862374
4010487327
900736206
3381018255
1467287779
2803829035
2350894955
876196874
467589447
4258160549
4258752315
421399480
41311546
366897543
1542586027
3285406811
37288276
2176713464
2292155305
33923443
467874537
2821175524
1588523221
22549575
3918578955
3247550585
371434948
4251635380
4252609198
3701800033
85666223
3668123608
28230251
2155124738
3795092714
268965563
3887073199
360714260
2907408710
18129960
4195043908
4181171554
1483723387
596746031
4264853834
917354732
1279350918
4227420526
344092989
3239791418
4172936092
315119200
3317343104
547718956
4317842893
771292686
4319084418
2948622946
3921941057
2506696908
3816884112
112535566
4328823314
351280855
508882122
2291705034
562242338
18957315
28515818
38273709
959299033
1707999446
637212064
1731629023
2865803231
132364247
766544209
980509855
3093678003
4251134237
4252060701
176835393
2775672205
1948263991
316581761
733127076
4310298373
4310220012
40264727
1698130434
1930812506
56959278
2911876416
2895952285
2402334907
2935722627
2471444125
1702414710
592945058
2591894448
877650336
3306681833
460740932
3284050328
3158182787
3410635090
1210705753
319852252
860725932
2353295196
2290463317
68123622
4185374404
1590080389
3302449021
378687685
2227434521
1034835223
4195936840
705414455
65931446
106227086
2308627887
51541647
19002090
228942695
606859939
363346293
84072624
2908309968
1941383528
4289930544
716044325
76395101
1045771764
2209648034
425055272
391129937
64286082
430110427
309347533
4242782621
56390696
99874631
570582096
487070615
4171504221
734547440
2444424978
2563579283
73542180
2545026183
119481481
350589794
4227153431
17311499
42734224
2887155479
3711102374
134749268
3718271239
321065238
334708352
2230574678
2241630234
3990682278
2666910650
4224078851
628886318
78886268
20628282
416222154
327907888
878646493
27389098
259900868
3436767789
2526768793
2882765350
3492161173
3726618614
2807718670
81933979
1608703543
27923986
4042455193
2565901566
4043064203
17959312
4040240593
107177106
2310415200
4196574891
3808895352
397165645
361565284
393170220
2840790013
600420581
2438858546
807749822
604517361
4226377756
373079416
2339466272
2664799167
386626489
27949029
2241543351
1578431312
199941213
2383722321
1563938406
139347517
104221009
1629346136
104204939
1852676989
584650781
1560866192
2467409813
1723544322
2363893386
964446092
1841674398
2235212871
2749009475
2783539136
2784500904
2758836484
1856887896
4225216125
1401415502
1960859382
557551516
39506106
1911850556
205111072
105398055
584129185
266858687
2228781524
2238900264
2245119282
114070537
717924355
1341942158
759598002
3891900492
26926382
39237876
106785164
549863764
367923910
531280087
2927436612
1447462236
1752380209
29968469
20428454
563850736
198697907
231518984
298107672
327999564
543127526
101227330
2381595037
2453796018
4065851787
3329694611
68360592
2900463346
3225257434
3669661460
4069390960
3389620245
3731078723
43535776
246754381
4069442594
52554636
85338764
3148391639
523444457
212691638
3427586597
3337450149
134499937
2403245152
133476293
2234928185
4165976172
356359244
2813309555
34566203
1410634183
4271012173
4222089749
2312397548
21678710
2747177198
555342868
2898019110
1595706151
2431857264
1732796563
2671369932
3089835705
3379261551
3380332990
621094653
30920628
3115827133
223708213
1042949677
4272388591
1086723536
4268576358
3777650772
4217120987
3576669676
330162222
2962206724
1260727682
858515150
3563458877
32892920
3320933249
2429558350
629521625
1953155562
3806982209
2536200032
481387695
4063076788
4080387772
3262818050
2493612044
504790528
261759456
3070240331
371949090
4171104364
49287549
1366411482
236030661
1631715794
2921537487
2950485259
1335019650
74232212
3268502832
3908782399
3294201112
3993312083
2657177594
59240689
4202211208
3387339105
28195275
607616493
394693690
104411618
489962144
3434637930
1011759834
3688000467
63778033
1137996457
3000722557
2909054772
3312616890
2211559904
3462385515
3766395021
24016305
3601354874
3549983717
64681292
3314715354
972842826
3578167696
1290671874
4202915325
317770236
2250748935
3802221315
387908643
3285624481
4148523747
177143207
304460383
49040921
371096126
3184921026
144023194
151979092
3422544191
3167426273
3315444158
3065673607
170666534
48831366
502078705
868382822
3910766776
361509825
3256670781
3182215716
17725848
1048832762
76686152
17985353
582138295
85350530
3132137877
3162404132
2430674023
926550624
349331733
781073887
3413105217
3092433641
3322483700
2980749354
23064030
3590025317
76462111
3900511701
2328271016
66216498
3370612624
443661345
23784725
3837323005
3882428233
3281197126
347057000
2887834954
2933916601
102052339
3104894293
1715939323
3306868869
3347799365
3390925005
318588163
3328075160
2618749595
4178165296
4183637141
956065543
23883963
38438769
3319384849
1631120257
3184283233
3465697157
4103784194
224305359
3619800437
2718650416
3958871830
477277466
399749494
1289456378
4023925937
3172359933
3290509913
537222754
548745417
191110319
3196938745
493285231
80282869
4146601089
1536938744
4180196565
339581788
161728701
2566146890
77283035
70570639
4240761193
574239882
560769568
4193725055
761074074
3993180065
1555228543
4196236883
255555966
77458829
3930212487
141812926
24192894
3095534048
3179799593
2353895180
60987536
341751566
378774907
4066042030
131128387
102610502
4187790977
3712657580
2323657452
564435217
118534512
147553924
49404200
151758499
34837893
17871989
16313299
106838033
17274443
300045856
127999957
160970620
1068524694
621502239
2432343920
1058378665
959682684
2570452609
557497193
1479147254
2873415590
153276136
3855026843
268583716
382209108
2890265948
97993117
4052022018
4113537544
1183642748
2651839735
101970219
307492738
3185389626
134747509
3414200655
381798795
3924901109
3030939327
2470312610
416383770
1619607871
23684796
143874510
3871002941
30914030
240497386
3420720137
4203930438
347253823
564870157
2593604712
2498777462
92104366
1314230126
2899889293
28870127
2999519047
551245297
4085259974
2606073998
4170945147
99278220
713147196
345385818
3237883726
3434764115
283520908
4169081357
3299791923
4115077521
26548032
3375153537
41132048
526797970
3358890197
4127520448
3350404085
106388273
351347726
3006102669
240699116
4010301735
173510856
17565886
4109979973
3658932323
3321166598
2799460989
285324466
795005419
4162526594
3751633336
2548452930
911226602
10316592
718812485
442297615
2940475752
3940574183
4175565434
4167960345
2966591099
2307169122
256518518
616785138
42754720
58917391
1365149502
3687218243
990160572
3703153223
3362602383
3229316682
3814592837
3091328559
3207826167
2563360567
260256409
3385983322
700048165
3327200220
1704442602
4025618243
4159215915
537607728
394704777
4133796994
315089907
59347014
512461302
3020932641
3306640045
174336609
3434067298
299214443
80301296
961386422
2955477707
63905648
15993101
3311619639
1397323106
4002468923
3950406675
1292266627
908415524
2825844965
4170718935
3015219964
4042832420
247984745
1495637257
3403013811
2547904652
1854200330
28063359
3579623903
492399342
3194630402
37436256
21997161
4171478902
2785689702
55117623
2150584621
26376389
1009857918
472996127
519016364
153023396
4138705096
2632100489
3027550644
75247025
1375904010
3420722114
1967180438
418989493
366634907
90196047
4197757154
88596749
4164423105
719996635
4099972096
4167209782
597370430
562001571
3890806456
4052569757
24673751
362105466
4056503845
2860585737
3412895452
2458086088
384191989
63705115
4109328965
172348873
3297257551
14975808
4112436507
2742186349
4003134989
2537356018
1521651697
735307122
22016068
404983226
902236387
2568923999
3614677522
473285651
3600481097
546948217
3573724754
4113326368
3949490847
262321668
2306103484
4071318299
121879930
272030771
82702330
3458766261
4151107997
3816561081
3626190617
171099203
4150127671
2369321368
3902435237
1176928207
72264451
61344226
4173095894
258650593
151359149
3796983372
285920400
105260199
605952190
807170905
2963053540
1605771818
3101952997
3220354609
3391472795
755060587
1632102432
3998237298
3325075892
3993643659
3313839244
3377047283
991654110
2814782889
454234991
2950186619
440309313
3299789101
1377326713
204559185
2280982784
67964496
2514565577
224687886
4055022353
4159123294
50138926
614231710
358751767
28434174
1394933402
2354407013
1687924807
311018290
1099848948
2456152142
293182568
20908311
285830593
307999983
2240345678
2724064960
2367794474
770166636
1689390325
2733579810
3486075795
593803442
2366375856
2167846464
3603726792
3236335143
3729656721
1400760906
707678118
4179866832
2159153486
293463223
3613371280
2845307720
2811536428
64413714
756738900
743591653
3709406909
3092677756
253753899
3887379801
762027348
4160566994
66842354
2423248788
3598957054
3807118219
107644537
591845595
4125739775
613684183
352294640
3306473163
3993510382
1695954848
3824115148
4160302093
4153868174
2778519350
3287983552
3306345673
1387248360
3315884474
4073854821
4147585288
1262786244
1063685232
97792533
929013314
635760849
31176963
2472354718
2473245248
2646031406
808929529
2726992073
267352766
124958066
37885470
337243613
331919525
2824793038
782984598
2999331768
3001011784
3073428445
3189600539
103203692
337038261
31725704
2773333453
2838958639
713289330
2333069481
2845072535
2375330737
2348168899
457527833
2747412747
3012256008
14653182
983691674
3893699659
4068091934
3245483713
2385698250
3255143730
2765115838
2968200497
109608562
2919034909
4141599327
3303784810
3299719892
3398684069
3326855210
3437097479
605604608
57661529
256630051
4091404589
137598675
3302496159
3386254714
2593267304
778544989
2685221377
2794604948
2764832183
919928844
2922821449
205341228
3094015501
3242635626
3464185575
2181318641
3722899632
83809282
3815363069
2554560353
1172461141
246835260
2774709608
155331987
3843314626
2584694784
3606591556
2911278125
104599276
473953171
171363624
2701675310
981945432
540471939
564523181
456677355
2938280727
3191907653
315179951
584191871
3776267303
418837599
373964486
3634836913
985228122
810563569
355106378
3920527092
463058140
3401378135
564633141
160549096
1485821060
2982561683
1642748388
3244635858
169203904
565412603
618499592
3277497312
20313884
54541664
3347072205
156079873
3178558780
2693738948
3237434425
237153206
17316689
101308490
1190642550
101242779
39192692
1364500110
259411728
3142411929
2222089147
16673721
1556748253
273562432
4113682678
3319258853
11915082
4019061041
362365402
387610976
2917719044
4138445414
1418760854
224175142
1345259034
1906533751
40153018
218707132
582379911
3317658552
3321495552
3325811455
517795919
2954199149
358544844
103352503
3448049472
3460233732
43834134
2561600371
472246425
4119172634
4107458770
4116522689
2233800061
4133315053
535156902
2982137724
1930605834
3906663673
3525689306
233043085
1632255235
1973229572
3994449513
3340097472
4036370482
116660005
2416456315
724052108
2479273629
50203014
39106527
2736771979
48177692
150736689
26532197
193827109
143884592
375126430
522837038
2551449883
20120099
2849030269
1641291446
2533206590
41890816
4022039303
1213753621
61083510
245384990
4088643881
588796032
4104674006
3274963208
50026376
1545630956
29831973
78997898
2715992076
265178625
19253241
4061714593
703603476
69226449
435317284
3302754098
96339947
278725373
494395696
718536471
1635964207
718303538
236511306
2245421205
142281938
1727841584
519181570
534161277
2519772810
289702869
2869037336
37940529
4096581855
3254309241
2612311915
41076175
4097692401
1393396334
1895557592
339076902
26496850
2893906276
4086042917
2831201649
4104963256
3361135677
2598049087
1276498908
166308367
3258756601
3316557045
3377573860
2546589848
4041510014
3346323863
3594222132
2596388642
198854516
2870041161
1434348990
3750620363
70743346
4102163119
914945852
275385906
88817346
479872992
588338232
1166611279
2486248562
986873028
302892268
1706093563
342248309
3415892949
621136139
2191957674
2194966064
3314187182
2348537466
3335647573
63903264
463205843
957131977
3495090627
553747023
4087968873
2429629608
1911551732
1020559825
2484849188
4042599254
3392878034
2612649408
18883642
2722990473
2716725921
500281737
3888008718
1662485388
84310346
1887819914
4063110448
165880581
1130065783
3952574418
850011512
1382798916
119148082
3317912700
3917555356
3311115337
3715511537
342601720
3909494954
944714647
3688087757
250055190
3862666414
75385597
4026369568
3357507493
40074335
462058006
182493733
376745706
21101992
261899556
20336249
4080630073
500111547
2852899113
2786627128
2943926603
3642975856
275886954
146435219
903916596
387601730
2448178624
1881001759
1451385710
95664828
2609435005
529314270
2203678256
326268322
3382035255
4074594682
3225665496
4084807881
86043028
357347952
1326488503
24172670
2396211037
2255334228
4076841616
2510829361
362892057
957859584
238634938
2654452110
1610795450
2601622392
716266779
43986390
210697056
6512052
2985805661
63220169
191166375
17759335
1355680934
3708140413
35160786
2863685269
305077247
88769820
405685383
3374562861
1525883820
1429267434
3165198841
155376823
232556514
24637822
826507357
2479035128
3299671696
377019839
141152082
62330418
1636294135
352451581
462695021
496112571
4024525221
4025659739
2902430224
3730747813
555721988
29781852
2731697270
26982121
1250563963
4072816755
4080600862
584380991
102728944
1032444451
426184406
1643436072
435725933
2712090851
2481510206
240475403
3237222199
3993392062
532610529
2907514076
44896737
128561257
3668389754
3493372035
3303519108
1571005579
3407111385
1705581612
2429615978
145720961
315540562
313976698
438948013
1127587910
3398094376
3328507156
19232496
3331868596
50921716
2526707005
3252022669
562179539
271656722
3110153157
703756068
3345147597
3302105702
184057024
103538884
2281602973
1706901727
1255761859
239691809
1853572135
2846939298
2669929836
1102699975
2907939056
2875996200
2936578537
2365822393
2452866498
3148582737
2184926754
102932220
1961816455
3304457047
3174396220
3082725528
318437695
3930867820
3198294052
4064109376
4067143391
1352044854
20541150
851798726
3027488945
335943586
2464114146
757214796
24634290
3527999893
2246448411
397283470
2908945488
3225660680
103636520
3457610717
3599583869
3611311349
872654479
1449930818
16477693
1445241319
3169254934
3628465574
3625285096
2868140016
3308946157
538228515
2849228819
431791143
3751017094
200883695
2433618313
267933351
4054096827
243339924
3701313436
3285762356
20246977
256744345
2253868564
3007769517
48969993
616856293
3851762837
365210505
403648802
351906079
14830931
456304726
4057415649
102749724
3372717454
334882919
2239691227
257032945
2204507430
176216855
2574422841
2611566392
3223820289
1230089857
1594185690
476781955
332334829
83581072
72647899
4048381701
2957274863
3800557040
2982303713
77059114
4054469915
208455403
2180945214
2264064220
3616370173
340952732
15896591
2251000382
3739830681
3651736274
2883134986
26973806
3744632903
422072680
170013631
1604132676
1723908152
2302229920
546650592
274404835
219053180
2532001318
307242745
302651264
1638062382
3203140707
3296949129
2836812486
587608353
241192728
3286869848
3830671693
504018069
513502223
206416548
1169845772
1477385358
2249425950
2309593881
203152124
2359956662
2443293558
1665755317
183030615
2808688625
577265588
337826161
4030359017
3621798795
2932166558
3245870049
1001288665
3357402005
3999634590
3804458848
14248747
952217252
2858830358
37817449
2946589299
3060980592
2999127280
4027617016
338597548
2989634391
300198846
65282066
49266581
308706482
2395441885
2449454819
58575305
3413709898
187425284
3352041947
531858019
3312643985
869446410
328527518
1466268798
1608940993
2810716245
256080889
3275066574
1730399072
2305627200
3282999799
350508557
14461901
135055457
3915886311
3902890092
203766758
1090736570
713103504
3230839142
3952446612
962623314
3551734393
4005376071
1875617450
409590902
421187891
171324757
3386259219
2153028565
1945085910
3700178655
25231441
2955749452
3177303990
3244964345
2732683659
560765954
3302046030
2603608866
3631226893
1393923079
3098355264
3817052416
629757602
2835453765
3364549743
1316163937
3311425778
35181368
19928238
1337487782
220236274
1007548525
1423942718
40517648
3854657955
3975307643
3070753199
3290309928
3132089990
3343195306
4026965350
3995791934
3394611485
3018058559
529368514
2745649591
3325637989
3178820570
3539484379
370512959
3318824408
3602362814
750284544
3304874948
3233732947
2788633617
3738109699
3930693694
819257
1735283234
2677585333
186187957
49408794
132542318
3984886579
3550817656
41172515
3066909762
497815194
3816406053
59686841
84500053
3073442909
4011877450
19667020
36883170
62039765
1432439214
2614803986
242048320
2784265747
2856868090
1513727779
22425029
3384804022
548396608
3310687478
170286439
437861886
3792048015
3852056290
171865237
218625613
402049612
1134577842
2392263589
52031343
2176274578
2272061954
32603546
503978650
199168941
560505239
3439795773
3934859356
16004416
3783110414
3961735332
2922348292
2953870186
2841481948
19937720
3123593710
1141801730
3278797339
58493082
213410838
591288984
194568883
19625349
2329865672
286337554
3902005815
3036895504
847642303
2686524674
127996599
130994388
3828576339
1967458766
3006921611
3763878375
3099270597
3267909841
3282595441
483084010
4001199743
938069005
1407656029
209529094
558016099
265100198
452176278
89377779
410988972
55586971
2345212585
14124024
103533384
3065646881
3662748797
82111589
2751363197
2748772234
25151315
51185293
2580626608
563409343
1137749947
398068251
2775476760
2714403730
3749814916
2798596058
3228376550
1976803098
1007136324
2434364151
767672774
2429623687
634599502
3946816333
205477524
252952225
2769404466
416304756
2738957848
365658092
113336713
2604994606
299042501
15676121
455177989
389864788
358548482
2905230702
3836798952
2750731282
1954443236
568128607
3009056780
732878701
2446738050
3857422937
3809917278
2318675693
3893187245
3938883203
3905317051
2249182301
30436146
416647774
1004141089
326263513
3882413233
3326924299
595085050
165884487
265590191
1464423942
452477685
372587117
118129680
3312264684
66453669
3067734121
68796135
3763325355
3120350593
108874179
3826831727
236591570
41991303
3462837912
331693807
818633227
3243888167
20408627
2574698934
44540172
187090845
284102739
2233409581
2511141178
3413297183
3699739934
1327922318
144308335
41584396
3849284954
187328383
2971737827
3847939468
2429642713
3972149087
307626824
583079286
62196099
755910830
21502583
85092114
2809701631
1571272669
1352149640
32340823
3229704720
217807406
118395842
243049367
1466632238
1896406776
553628512
481654631
2610141523
739320674
2679463947
2697880416
2148961182
1730822858
1058379564
2718636979
257593546
19689702
860712612
225936555
299174076
3574249163
28057573
3780104173
1961364511
2745713291
5514192
3816364754
2920506975
3377034905
17545624
3439434603
2293759616
3653927723
2649661436
2795926690
113201620
24716408
187060952
399369532
3689596941
2518053667
2967154997
3388615338
309569171
923382132
1465449284
1964137452
228751760
3861291957
17456135
30065841
3965015313
3900269393
3911534903
3829423393
3898121517
2935869557
121046960
1306825879
3608184135
126009015
3949767903
3718594877
3906911246
3879337581
2260788493
2513094354
2749739006
2191255328
289123640
3831065592
464220004
3088504669
22683435
3832289472
3143974127
3415847182
3392371841
3128015044
240810075
430739658
267135776
117679789
1498185860
3093160013
3792505394
1630851960
2392001305
3883547741
3954953242
19384427
1101291973
3947741440
616053517
75756601
2667569516
249926576
3888918252
84855376
2998041749
381427844
1222778905
3016284372
16864521
2850188004
127187738
2838730924
2942762009
2989775418
3110218555
450341219
1843075855
126847669
278172994
19787325
65667282
35511587
325019117
879659809
856804243
598339356
3121296505
3679559425
3734402053
3918058223
2260583581
2811734438
3770259923
2478986976
70062671
442957193
3875466913
27152547
572136008
42013038
21569467
617333714
60268614
1417714040
1164945871
2762363952
1020182023
1306583108
1337914717
2884910843
1496438484
276706412
561939507
1570570501
3237153060
3656064254
566746751
69346249
3195665636
355784391
608696283
1161505590
3069189353
706900342
524754436
3376575663
3097274625
3133057993
845903726
3226996183
1938876230
2304040502
3271720202
3397074627
3413755151
3279175860
3323356597
3361117280
3328892437
3724707494
74581684
38098271
2218925762
525642845
585111027
919778329
453457281
2668369142
2533325867
2762187291
336352594
376364277
526730911
1551498164
1053395251
1730205421
2571888086
2830582236
3317753325
1100859956
20164144
2841565577
2152994270
2857779429
3796818381
3180048006
1563212023
3328140380
3288111963
3375278993
411340320
2683877941
2766177170
596739361
518152561
2765699668
2784951858
72951878
983231976
2863058986
18525084
1645971722
3044796155
3192033618
2703443835
2758618297
191033412
2354382414
3263068898
3430979771
3521117593
2647227164
3660242773
15964349
3604559481
585950648
2675614177
575294402
132170715
36550445
3380526460
74721018
50372842
3297715100
24250910
344264378
3291031304
322033117
1942831208
110847636
442850342
17818771
883757533
143861562
138141195
843372319
2304213640
3264340291
3408415714
2935771288
1362397836
3051380329
160999721
3702135135
132145017
3294422927
330578262
193441776
2978472946
3027188260
2200930719
185738712
49539742
2312494838
3742432576
375278480
182866138
3674728581
3247178503
3341409113
3120185119
224633734
300205226
1661563854
3754030517
3005432682
16707878
3376284748
3427534623
3439181860
2597237257
942826748
181338756
1278049926
346950692
55181653
921283140
43238802
354600838
3534738675
945899503
3590245953
97938459
362669400
19093529
1356992035
342897866
2457823680
2979047981
461599872
2342562594
3261657582
389521062
52731921
3505553354
195706160
3702525863
3704249957
869258082
2800888043
109798292
3633328634
2554997490
134936495
3609359952
178652972
1194823232
588457918
357764793
47865477
800953434
1232909209
2796926477
1860349536
21958660
2240715242
387384728
3473959877
2545227722
3116302804
3236272358
179609170
86095883
116658451
232410765
310298026
417914303
3699160397
377546781
375858141
781794439
285997640
3503413636
2911449395
1866908966
3651799875
3571817792
3285439603
2570761051
2714994517
3236556027
15220625
41715930
333000958
3403982057
10451472
213639434
242360616
1178232942
1861235605
412172348
267974951
16115979
35409621
1152288505
272016230
3653995697
3429827608
3569189114
418796535
741053191
3434078919
3594663445
146916727
2611865671
573717835
165585039
101869823
2472536783
3394360762
166461670
19815224
255410744
1339673406
22107349
485854437
1607680104
561458460
36402787
852490382
1651432482
603120199
1438927386
1168816075
1451125194
2276684353
1486110762
69265011
411241670
2942760798
2571748643
434231176
132398575
1962805556
1335442753
2582449884
1868232750
2911205511
3103633646
3108005287
3304658740
3255580747
3529696513
3553797193
193719720
19049659
442248149
902512926
3131712793
3128032124
62863104
116662267
1609057999
162027178
575756984
26099277
2740517474
2654591830
828173852
277950658
2175787845
108743880
2618946722
1059007400
1623714840
568897344
571033152
2404929726
3283051895
3229436179
15296446
3501825372
1414451138
600872227
3416640346
17100641
13068932
2886036082
101040593
3297660849
179741784
3109713527
169247804
3548145735
1015692996
3324556873
326764248
3520813033
474567479
489324514
493448950
3413008510
79009030
3304709450
2410020745
18460854
360895744
193930027
30924802
3136835895
3302636194
421677208
2866738636
1137965695
3511586053
3270286657
46675294
3604067116
47529409
793083908
1304223457
1850117928
177377541
58760991
1931380338
2421820693
837156349
2562422463
76341038
493897208
2870402087
2494559805
566151786
3056068153
3089885271
1497260779
15903748
825997310
2521435932
566074433
3607371683
814746114
2801475201
2330699783
3422696241
73543967
189616315
2749345107
129129718
612110490
2524349154
280169616
1168868365
2891238038
2376509780
92407659
3343209262
3326143059
3362782167
3269416014
94751165
2193452521
3169002954
398798730
3174192023
1347394855
258615707
3017273085
308676645
2935151889
3315725302
3423729075
312465544
3466422315
3051702271
3396466985
60893083
1120295870
1354503674
26205932
1665357649
39601846
604034784
3202263749
1968938534
2264364014
70294728
177801453
529067711
1533376782
1374630062
1294232624
264298019
1528311133
931740902
243582881
244073106
1385227640
3106027910
3145684536
1911510211
3419906987
3388190399
415183535
3411060832
3318222428
3438267207
1078184317
3501215836
2996778656
46203666
56490639
67594236
255385377
178701253
371224053
1329944886
21123279
553415186
1929149503
2563323717
2880361977
34095092
29152698
2802595305
3223671144
22685151
3113510612
400926706
28257002
2433085393
3456743960
3436531077
41830783
3232888044
3257845944
598916447
3469678520
65841854
1060920205
3321717034
2498089506
3503122277
3064336373
59494303
236355193
3120842346
26451475
401112214
2752355256
44289983
2921852308
3459438158
155726703
255710994
2995028377
244428283
106651913
3218858360
2263946639
1283589030
2309112037
230171765
2938769268
481592461
2317319790
2467368308
3458046797
3455488339
3430067943
2892359736
1830358057
2318864517
529026467
454957006
95463582
2976644800
627635554
342460331
41195136
2587361744
2750612826
103618959
3436408993
2846513160
39880068
2242319429
1034574444
361146291
2996437081
216558821
38489678
3527664917
3536596576
23508133
51709523
153059377
157062656
128117286
40582295
172673197
115681821
147688429
251368683
69331812
561354764
24201933
2441969012
2879339256
3431231114
167981978
3111675226
18831176
417562643
3296799206
2623608753
2865085299
847260084
2387140706
3000188465
3432503668
2740986396
338216676
1025519941
50461808
36331086
234230938
234478942
59279092
320322169
42597380
901467882
2273890260
1194114840
2478028063
3071513086
21269970
53651790
90517085
3225190973
3092166348
3004754737
3352283428
1952365645
22854026
3318797743
1900298040
54542665
3497931197
50752860
3408584121
201043600
1145244132
20481058
409479998
3054112863
614987617
238768292
3431647445
53631945
719278877
2840680562
96756920
2888184430
1874495256
2937311841
1578354000
2658949713
3226292824
310017374
715341803
787150783
161634649
2868449386
193269572
2984266780
2458500098
375734668
3382206200
614534331
455614255
2823312696
301033085
3287351323
162606238
446000249
258355229
42784217
140785157
227317967
2766760350
570067148
2372640535
936124591
314879690
3258825547
509106006
26640643
2356010467
3320795839
2968115824
3320661853
3286342256
3076836794
42951348
2925683196
3247171797
3258596869
3282280363
3427197430
512905008
238104341
636389303
285290170
432650381
14427636
816423614
244608232
299386060
3403312145
3316419192
309523373
23991179
3346257143
3321074745
2315968118
3325708759
325520573
1395006968
88519773
167474408
3438939699
155861616
1425439248
3439732071
3340342288
371700681
2243434336
188327845
3361170789
862442180
3242443967
3090966529
18642041
95674537
3299689525
575207363
262365718
1386791148
1214500411
37079414
3313741294
262931481
3436799049
2672067858
2685273211
414777345
3262068764
3415168660
3280639171
36067629
89746167
3067477133
2577341324
2427305005
3317443691
98024588
174953869
2835128955
1002715518
1582990500
3222206850
3021525532
881083466
18310875
266858832
3246398555
3309660911
3277156340
2885260523
1264000506
2546409019
2732511766
27765372
563293996
270419457
499342042
76956857
1577147293
2442412415
3093363688
3078480429
45867000
806809675
316454078
148642159
453806279
193420039
3243064847
571524485
24779039
3425351459
51289252
2917132952
3430975833
2339960607
2552963016
406127163
453154979
591470148
142082604
25166247
29710428
553017066
2752899015
2722722593
1525640791
3409197838
3287689783
2591894951
1150866222
3428195433
19360351
2976201711
3307170706
1903448214
431507102
3146075781
766749493
2385100832
51778904
241964825
2256947298
2311635037
3268902847
3268058425
23515621
3304142952
2782669223
1443812634
818930496
3411173705
1353838512
3401517821
2746328000
2557088028
2318036258
704916945
332980424
343870933
44325139
463182227
2646445832
1663275428
1514865529
58965722
126357043
112800006
3252631187
3291068882
177497496
1520087828
359949012
2886609740
2656855661
2178424655
2917386411
261338255
101472180
1050465030
3253932414
2391852735
1932878028
518557386
135900229
244909561
484295854
2740295225
829527012
3117939537
67909736
19456648
1557297198
1299277454
2463600078
608444757
1703667085
3418478489
374616624
48088248
3315812428
3314083070
3420974327
93250801
122043724
3100596806
327785703
2575113361
40461958
215687968
341390340
397514400
21989415
2331594236
2635034381
2963283219
72672759
2397784297
1001986980
980802908
1883744714
2369054739
1411069508
218588267
2466621427
3268115431
35550566
211515068
2825227164
3400784242
378797601
24846361
98562978
2536308432
2951385575
1485248132
2722196307
74309185
66545528
3296635075
26250653
1522407193
1122002077
55381047
3396312333
2267575987
2240721062
3266315540
3362130657
69617109
3311727260
3302156077
3330194009
3283896200
212012026
2379241285
2420648089
880523250
3405913859
2291842717
19748889
3270859844
3386748057
908329628
1453729320
298538654
367761045
3399285357
384362028
53874678
3027148884
567183773
3384594052
89711490
3306825662
3405401290
3404735847
246232193
210688151
3407946743
1588365948
3390516815
3395490351
3211464293
2711983896
2239490178
240821294
3294501751
2359915604
952539721
227907104
1883201276
190905093
307976646
260987457
3254822558
2937060349
288454100
3102612544
229290666
29447233
3391353837
3388951101
795019008
1403174180
2259861642
1456628546
31042637
2725028090
2827056055
3293111568
189619606
3293699443
23334612
3295244984
198094797
3048475689
1510587319
2974373208
147098076
3291719484
949415060
275728398
389168192
3152583995
2851577816
747599450
2933693538
275085201
1359274704
2766951446
2525771683
464231165
379898366
494988192
58317239
2987859993
3383514995
320320782
1722975828
3390223941
52043613
2419517101
411004768
366764053
16177491
3273600500
3258137395
2583307284
541530657
93256731
128148892
200616369
535641109
473952912
152747558
1972696772
21496492
15948779
196696415
2933518742
528127322
3094461560
41763384
2268112926
1470108373
3156956571
1566286939
2268314131
1645040233
2573705555
3300095607
3356920313
2665777778
2286507675
2372868537
2792902064
3152753778
2579533614
2997190538
3249401433
1343383975
3284070714
97323930
1141692956
713558364
2383098733
2484747990
296493253
3361280885
861348403
45328804
588408900
422936981
3375734907
307008485
424174077
2463500425
470617586
3281660534
2804851545
2745851822
563420617
135293881
1371958872
1637248681
419584652
2420084718
403819040
2850705811
2963077991
2681787258
3278747022
51077236
2906657015
1142728159
3278847511
3318053975
2886242063
2929229238
2834079218
1449860622
2941649417
3357213561
3261144126
316468368
2479997664
552453756
3314569066
3346856392
28870045
1733203280
1953505855
2326273082
14993091
2953803404
780675242
2927291185
19564810
222748919
3372102346
282128382
3042530792
3346617269
3272006617
110718052
3133040670
3256070656
118206471
3253854668
3345788039
256921454
925728312
1851943999
488828231
3237491743
3350707091
2301748354
3267934297
475312614
3242476885
270952423
581754661
1656186356
406388091
2584379850
10427102
2518388311
2159564700
236903796
2497195838
217941929
431058519
470984352
138232996
229676919
2780473328
2834713188
2189312113
50352321
106299159
429600187
311240226
228507513
51272130
261442869
18618511
602047043
148580583
2431070107
241932492
53387960
1032750584
1715172156
45953174
326716858
153000151
3245594101
240363117
464291831
14267083
3115884235
314293911
183876681
2900039745
119454249
22373301
815213748
105879107
885856831
276209651
570635091
145015718
17473486
3250004617
1473923580
2453852082
3184458092
2792725964
701498754
2369860657
317864286
250027670
31272193
25272732
3171790342
3008505123
3320298137
2990286145
3064494332
440441433
251497034
2232743052
1138014914
3094342468
932679859
2992470950
571224644
155814909
448630878
428750698
3238000376
394141596
282089095
125914663
229788812
320317320
2585547595
285655788
3011764676
311480314
1531734655
2305514763
3239408373
2566983354
478227767
3240289215
3112786108
351929845
376909509
266116668
243197689
55816858
261964290
2784955674
3258591995
2858166366
2945122205
2531518312
434063721
2167786326
3192928860
502402978
749113
2738027191
2737535105
290162517
23108009
232347324
2674343895
2713037693
487826821
441143855
2760233938
3013420356
1010531628
3069160292
3107898790
1341900913
20446425
53700338
3073429649
2191429724
2943929038
252627837
57275398
2771113803
2864488476
387932863
2425928737
845058152
124182748
2243437118
1481071536
2383031264
2649041342
206226881
446561620
1934802841
