2177750444
1940064132
1531845054
70185336
960576728
3015865218
3040140929
822423768
2157539189
2384124122
65511082
195656082
2827546665
226061423
2825010687
52582813
2669859332
138709250
2520231019
105824799
747908744
79366650
3152358524
2968362101
196214194
121812371
43477884
3107842713
413596013
3005707938
2303678298
23130850
2948401196
1873461127
99645112
39852792
3114597118
3147946367
3150044732
778740763
24922984
506899390
3052621352
2366804701
484689371
385598858
402785923
2829828880
3105199406
2812115189
2595913080
83270866
1252242577
2344641391
2990119447
2937635744
3016461016
1603860278
2435336635
2581947080
170184150
483688095
2497225226
1647344210
3007624379
577151579
355638259
612425038
2990616769
180274551
2856358274
1205265276
48865948
898521127
1395721202
43405941
1158288830
102177254
550244741
2815970185
3031496426
262117125
3013600526
2333017830
2910972600
3005868581
2367503100
147957114
2978657860
22290941
596862539
900611568
1460051365
3077204405
2283431827
137740635
3088813787
895685634
3083555763
3083636511
1537555526
2632636936
553762876
2299572410
504000308
455108018
437050239
3143020317
1174982737
2512033480
181539325
478603917
1362209935
171990766
47475234
3007827288
2790173147
2232314832
21880775
2739830471
858605580
2815999666
231813218
522531163
216661827
2895173394
1719419203
575560844
238221166
1673759461
273118961
1961580086
886210303
280392429
477836098
2605846723
809205199
2812227992
438543652
14742834
2542632942
735096416
2190185787
1967731837
90613781
556018369
1706862223
525932101
3067952825
3121496393
3121429683
2893857429
173559208
36477922
2837334178
2502997040
252817066
25322198
1334554760
1709617064
50836292
1567625316
24734632
318074317
53467970
704486834
887865518
366711200
25254667
111356159
208180172
492372288
2758188721
2276056069
112432501
279383407
358737250
1403331806
48592910
560014133
35001407
32785186
440506910
2295997006
1421379182
263213255
1271716567
145135584
28494846
3039750333
119988223
2644166710
1215916874
54628164
2467057939
1525340461
1098993762
1281667987
1602734420
303006274
435652311
1015658328
135548357
2593913372
1610920124
3133492623
78308719
373537896
114987421
1030244352
110136732
2816790865
627734493
14194387
1114164361
777584942
3086364639
3125410593
2429027815
215278544
954680036
145154620
607537325
109177635
313741596
3017664043
3116273658
71293143
1109354419
3092203582
221607533
245151914
89841391
3125793274
2801724737
2780584286
2549971100
234015722
604704562
1280731620
544597460
142970690
2596050142
2956424104
831562430
378679765
74778969
785330047
2878909764
295055181
2323922402
932787264
473087912
1613143392
93597481
228770191
412537943
3130596629
323780889
2743988938
3123877445
88958988
158926196
2583069936
2414220803
2942142234
183106204
1533357134
1002128797
1557502416
2790175963
2601562669
169718042
1126059104
1714923348
2383316351
257970371
2896028823
2935785942
2802614165
948957318
2168833015
288896023
1915308012
1464470774
299376756
415258292
1351524824
203853199
922356506
3015733189
22126902
141658526
1315425206
310308213
477832457
986036520
2973056428
304942946
84485249
1304762178
2765666441
730355042
815476674
2339320100
1211632429
2341509686
262653484
290139631
148408587
22573119
1388725016
145751459
1184309784
2829175330
177925421
186984853
1934802902
69955904
69411119
387038200
2896380156
2474087539
320585790
140961337
159985149
275247396
118987920
1890498895
138629827
2364278546
373059472
185311992
106981584
2691150558
2646950786
517061708
210910174
416090050
2892388228
62535636
811648094
91361504
2835507473
120953131
69424241
399618390
1686085158
29236568
2605431727
2897612348
377912738
1458254947
271165701
227374346
95410675
57072174
408826848
2601261336
469704887
274654353
575354882
18631779
38661563
387756104
14611314
855076916
254724298
530820811
380047487
26898489
21437892
558940224
137570403
420438391
2596802863
516529422
2983057658
1063076700
2922909269
3044781244
360765279
2482458739
61241094
149666064
2317239044
479291086
2920400036
2847644653
236770150
1486327489
2436026593
1298392874
3034162402
196212940
864084750
2920842434
469752547
363867827
597903645
240987894
34316702
1687922119
851775986
230960761
13891022
27733550
379977671
2496650856
80651703
2280073376
3088963222
2952623440
2617250574
66819439
402129977
419391094
69715419
545305049
326317173
1213377488
2440172357
297915576
480038202
2985443749
963203492
867860804
2807247334
25925134
69257096
2999755353
73185544
276109976
15203042
134567630
598457839
2616901903
127750567
18574839
33343226
2181969936
257063764
475954041
274141647
751732675
212076628
797162959
220886966
468928683
212853504
2702423235
43712819
2379146519
457164241
3063675045
242281123
340567206
555180654
3091803555
553428625
184698983
250154712
3032133872
3067750574
1671137990
548740376
1468431438
1039414213
177750485
127348583
20142440
2870481043
2899621176
2828875869
2889683074
459516221
2416265552
35434101
246324373
2880821299
331554404
1256468707
14355546
796916900
2304873134
551249097
930451682
388332751
57999786
159123332
1278221215
1355714610
634944430
3067479886
176276117
191514295
701387893
489370170
594887667
252351838
1617917442
306717935
25718238
132233267
158809247
18156739
151886860
2451510712
2529532034
2882984854
1614265771
2914094109
1369778664
62364388
972269310
1509083161
2385263623
269646524
2493130320
427575932
2974721521
196621716
100475161
880539378
1464212484
723363036
1458986132
1152229496
2617060675
60211263
70752796
128378328
2874641659
251819719
86918220
386066361
2739235487
1920491448
3033503267
631416164
2745316481
182467615
619566654
2835789451
2966756000
213928982
338218881
120626653
156039562
35829351
212595513
2831483284
275406376
14275957
25282328
2551036998
2492114262
1553303653
2203303748
507770130
2730675995
963915864
790185145
321286678
1925693564
142965641
1135362566
2872732000
1907780066
2888164558
1418706260
895828592
789601262
37222728
103100750
477016330
448645100
3013286408
1418073295
3046182819
3061354780
163923942
2415538593
1219759802
1359013454
94118358
3030792263
599626780
42896497
1845992772
3020425427
78745419
176843684
260874835
3067567971
569905211
106421972
2660392663
2443803060
1586272843
2827372370
258235055
432084985
89194173
484308373
417095447
608989550
1961437608
25443417
46105534
1400011993
2765588951
74207293
156881548
2756927103
2390536410
460108091
38393624
44020534
2738777754
949566902
1865334218
2499145720
3007021414
73405773
206755115
594630648
954802274
44473270
379268206
67025337
2196718767
1338522728
29673552
17914547
2500598116
708147134
1567498422
3032629694
462880146
1662361346
149278092
363400221
50530789
3000096222
3026556664
783280752
212302405
2880442775
168633872
2745185097
2664238028
2814752646
2806960491
91875454
478606711
552619880
2921650606
630944189
505117797
127866579
3038243691
288344589
549489401
2895923806
434745385
3011829226
1637040360
145796781
111381869
26049940
2579311843
207139258
527738668
288244722
112169930
289096255
3034906527
100789665
164218047
2495657718
1511849905
790783446
219389970
2446518996
182969344
2244431612
521917058
177523162
2449765452
383493420
201980530
406621638
1973411838
2847048374
3044312315
1708232000
1583444480
744988753
602906530
98957509
30035707
263315692
317305012
1558157604
18291690
91565874
2372188487
92050628
2665119146
2904923727
244496348
781886786
1858675687
345708857
2444007575
2397709148
260985208
70440673
2433924920
2986431813
243472696
2306100096
2415615601
59078599
2228348882
1417950420
2714645155
108405396
233495572
703186773
442260914
2497029627
2296803947
482054137
2543425651
239765657
746505121
2891176973
66857283
605976446
406620500
18946308
2326757676
463891396
16270415
278792252
22228557
2692020701
2739775115
2910649192
849923298
3006369997
57296936
2159083394
2990407879
206976701
47789841
258536861
581880286
918766664
1435122944
715901978
162984153
327919820
2374410990
1570827176
75127323
263904482
2861610495
2421861992
37068251
254855062
131176484
177099791
2665162530
944317050
2453722806
1956636150
2862352337
2951385965
62519976
283799473
506926912
569369342
1584018012
1577773465
2990370742
1954688790
19444530
101042808
1697715858
1243179956
181555311
2837513953
1187450995
2383283190
2499322972
2826371568
1144634431
1519770979
185112345
285225806
2273304650
451656056
2660413243
2994053057
851282466
2337451063
929479086
2479573608
62785259
20256159
194903273
2914134787
986178404
1718585360
64415497
2665224878
2993296372
105856525
872272057
1684154892
1027205366
2843186289
719193530
1143625009
2763797780
2860044945
11284752
1448944764
550624112
2179008832
2919172017
290921941
1368167527
2390717971
194215970
128235400
240516558
2935800806
2195038003
2252619236
2768049672
214743762
347510048
2357477113
1117777436
267584019
243136213
2938286451
2437448389
2936692909
106140670
480945678
94295552
373540181
19080259
444918443
864912096
2389336800
2964688797
2490542606
165666826
2831577186
2238685061
2860915701
2418375067
2954428024
2640007833
45056783
86323611
178895671
481874509
438062195
2884921904
576958008
2281314234
271944450
924260864
2832687455
17642055
384683418
11714622
2172773259
2933084550
18853522
87878471
397580613
2384211870
54638031
911664602
96930938
2921682414
2373989168
246672596
400398905
1225708213
2609813690
1248561290
467587473
105105254
2330574678
199494682
1331339334
1182972240
411799595
2352042350
330575281
183455624
1646298145
420717422
104888849
249313107
2557132052
2830468242
493066986
131146789
2359202497
836186976
2869892879
2416373276
2444494470
2203771945
27843595
473710841
1585313654
100387423
1544716064
565778191
209675272
2981832797
241920746
371501480
830872574
2635823891
242628454
2627759880
15987497
60780177
1394942084
1969826148
228620336
1370652301
403306576
525815219
2984292508
529567771
266154755
515592637
2738874400
18115983
2232691961
396734540
61567989
2409726529
2438087806
2981575079
542842515
728158200
315148053
103253755
502249615
733136112
2832594227
351158896
2933258228
109900470
89718156
2858145838
97737622
2333139851
1680806810
293925084
13187172
281609359
2182009999
572111302
15467465
54882061
32362350
101403450
169055486
1322922774
2843776630
1943583408
1385664206
98156850
761442487
15261567
286045259
906385285
2841809218
297323089
2933886011
465929760
376930447
2894772260
2928644328
67699958
1519433520
2423384947
567297013
2615940817
85475497
2826702522
372554569
524332651
811287216
143101085
1433923980
481864158
2163018765
407997672
2741947891
2547591889
23010781
2879149610
2896653928
103945272
1350079291
2511333536
18032903
440083413
14152680
2647447129
465604049
848257464
1192608498
140645278
1417841143
1731858720
422763425
599100825
2448762846
318054110
17138132
17443554
2922093487
2748447515
1452633517
54600157
134495212
2444749885
2353173871
2612474297
34047280
743316098
2837965983
2476464061
810071305
126947179
337607144
2369034744
1251115818
1698403555
2358629454
924771787
58114713
1355255738
120237396
215935020
1702677842
2856964575
395505628
845804107
922702795
614188144
1979046919
2944707974
298107361
577288729
1394262409
2401412610
612973524
135050005
316292310
137650510
72088788
40605821
60840394
524618096
126890677
298541112
93864373
386921764
520776903
1005268610
363167023
504747313
94771257
2451464540
792067387
2907902877
810219074
1002663290
445381608
313696646
50686916
594976909
1734475669
488940628
948198073
45800757
2931919016
2697022467
1176861703
475808315
2296342459
1665739375
2431254637
432073831
148204601
2477965532
61428365
22465425
155257013
114097181
44130732
2759000172
2694828061
78924684
164850203
2777479840
2316273717
74942023
2822736382
209597987
2660679620
443225821
2348878462
197744565
111831321
2669340481
975630956
2613571279
567831742
309531715
165594616
258854140
736593944
134677804
634404078
245091183
972680389
174607150
115246772
302084367
259806870
1042185601
2684701444
2679619634
23387115
349829126
2660509116
2660551280
2315239310
2853962953
833160768
124814437
717162660
2901529534
112395942
1613541870
1083468948
633282093
2828881283
854245532
2226891373
311275282
2738268940
69246441
246498459
82574109
152015744
1332961975
2920011632
748051303
2868975987
41536664
243603121
2319637652
890479033
139902502
1024415078
2851694843
419950287
2704876344
401265047
2353688017
509092938
2888002946
527836331
39896402
822071112
19047283
2350847191
20517889
2607457165
261878770
2809566210
1452713737
614409249
115167127
45791622
18954425
378521409
1067348600
270132503
2328580836
398926858
478979511
425580734
771637976
1440701492
1743724094
1743305772
2440235251
618558718
894209790
117498342
557869750
327443107
605173475
48245890
111489373
1121028973
196471840
263144343
1720188690
2305113854
379230865
2687721497
167141358
1527954960
601337974
299629344
17041360
288407148
503973986
52294796
2201421097
711290182
1476019478
2714578418
254541171
2385972508
151578944
332955879
192330876
2903672755
2867191282
2786506019
1857843780
2868174376
2861390141
277155601
267277172
2299216254
111427015
1534089578
482378763
1336427976
153491629
207353728
2873060507
227502781
2786320967
13322672
394210577
594979957
2497992199
2439410396
287779616
778295929
1358623836
2367029442
2365287853
296184729
983182872
507837261
856363897
2875437398
139644454
165478396
726535501
14461297
146478305
528852131
2857675377
200477380
817113056
96918349
389007554
24227904
2450973728
359983684
46925201
23446026
2888915376
748634828
31547092
209101737
42902700
1338958622
2656478506
577531663
2671400932
212946476
2712680802
2835291240
1943714958
706208391
905073708
1428752564
372703311
1142163529
51306064
95529518
831767636
2252983828
221705925
1905081157
20791409
61767460
1399113342
1425931596
2228931003
2247090800
1270592167
594100783
280103355
232985168
2853615474
36481420
91147279
2855425400
34336132
511332909
246228087
555361095
2826418002
107900713
2481964243
2836379938
238375014
185586556
1069140420
441332258
15733527
2375982391
2556917348
2839399026
19163259
1390370688
227156278
526443451
2434492176
263945246
2450753456
1690334678
516537915
168890139
1716733669
2783454146
2805182429
2462904708
2196901657
796076863
2266375434
96659598
388467815
961580058
19587648
553465422
409422786
2652911
2370640984
35753280
604830773
723933788
2700710904
134909772
488089328
107068589
307841502
622123763
852447842
2610464274
263566100
2800262815
153826954
2365898286
46709523
509561094
66633397
2806056348
1596165014
2430143868
449920785
310646942
1630320306
86546315
21742189
1583112350
2748487067
289813023
127830867
540988738
2211871536
527357387
30071800
451470282
716313869
36021642
121399161
27368525
495334114
1613084606
94669305
3224441
2351478066
159374995
2808289285
45415583
380994650
42408022
27073570
1529063420
188007489
2387373206
192477899
312917993
296891403
25765277
19448745
53525377
186517665
2807713621
2273280456
119730086
251899871
1510728614
545363107
400826616
471739739
2359187156
168579976
1459084634
443215756
150683492
1615424185
1603920818
15797425
27705821
1950036661
91269240
2724679705
2635184804
2194167127
2587915496
231723255
28915385
290472203
2314709809
70478756
18182080
387501380
31386149
439533296
155992934
2155220057
1102389582
1339480134
2789391020
1648178438
123569559
1607173465
19161614
247881053
1581679110
328424726
792527719
496307957
183074979
1587238616
279629142
284942731
390642971
400439567
2602162758
814117362
716639102
1333461006
361916908
1875210830
1265927892
2430514218
262118498
124651932
238959861
18189078
25517689
1046456750
594008682
1884569851
1380691766
2585184026
52007128
795521690
499231596
129537474
416597076
527100379
359966619
14859655
336036620
71506747
115011426
1000499148
1189697179
25045983
109277676
408746929
127165168
548733149
197736319
14893561
1419315619
1423517430
1405346102
2718823998
1451363610
22954674
2722865798
555722158
27883150
163659426
469788940
1040949938
63075481
722537293
138026157
2289320329
571597804
286585340
2600564005
171770857
2448865489
2278790094
15074895
279660360
101577110
146999223
1732103438
480491887
180960551
15953306
303712350
15630365
1003033214
21458637
113627338
205602460
622258437
153509038
2394957823
2249132498
301135857
300105046
2261232466
633758077
2278196282
2546091689
28075419
426481486
2361837444
317676998
1898330678
2439752456
2303157073
107922039
618320975
516501739
145552785
1446420356
553862100
552077946
316376052
2642225938
30839985
1117064341
1030917360
19158534
153969254
2360107490
1441399207
372252763
1349879958
1646886264
2291730812
79145437
2280384458
59063969
191290238
67917860
23627881
2596799492
484402254
247758265
16747368
485539190
1246948034
2477215722
1383196368
991347996
581305168
1511644063
523566105
20727762
2552955530
47590700
137207244
2613070278
2658193670
300521627
521496781
541820442
168127284
2215517966
2582427774
2679249656
290759922
19219760
2319030770
14098533
2233928031
2579345587
796682833
285014394
15108711
29059278
394630360
218680489
286331719
172912563
19025138
358312904
612643589
1011026179
268951833
726569666
545823350
153815293
143555846
171181412
2247700376
147319953
147239533
2447364362
122810303
87889131
1064377728
728408348
500636874
91355564
331941121
234205185
2558378019
920822132
278558804
1657794787
94360360
280999057
2450114873
183351838
144349901
453663548
30241345
25017762
150032554
1974966356
406208306
532492269
42026376
582802360
158441543
402794026
1890976934
2279678299
1653807722
283536770
948573114
303759628
526821137
40563520
2289422910
85050128
2325585476
258006338
2242163269
58203128
1539115297
1551518724
118969812
23817988
1484946606
2614946024
330509397
1696845949
439983001
515983931
33545237
594682545
119489583
2436600781
1523388686
2165788404
125540310
155662314
363041348
467792513
2229348312
149661912
24239224
2496867180
22255816
2384971308
2294181454
2345701221
2170806096
1091193505
1078424863
323919198
1078345362
1069819256
51970096
728450288
103522720
2255987881
2368602918
2203889090
479941487
366804835
40270979
2350686230
15363308
450051862
378697967
2581587439
45711767
233590317
1039473812
154796516
342418838
12247312
17618569
742619868
534923058
1277931984
2503793773
2490332148
2491529862
359074674
1884235344
2366387407
20661475
17968258
1517200130
534880337
2476569446
437966557
1179188970
50447748
57635138
993525534
167828859
585853154
105598352
867469716
25161515
1913825328
20604536
297525535
146592429
1051279388
2422238587
206890186
362726701
33244340
105254092
307258748
1697534912
2566775324
190813845
3745571
2409687824
971880288
72552620
186730628
1861100119
2439089596
2287659854
2285385102
590284484
213573552
774089767
523156891
2360568830
17489272
574897096
735477319
557977334
2453803956
2493954906
90884886
1188342204
2374416330
193932411
2340728744
317917357
1068778111
2191851157
2406037386
383969930
257821606
2501124176
1690579674
21973750
296915403
1968798684
1260622482
337763611
763554475
492240809
2527233592
2428319376
2516634708
186686106
198108045
88744052
347187999
214677331
2332421834
2238617288
33561228
139037496
857065884
2370134912
724178954
331128150
2263596078
2229898590
21478415
236531058
17306865
2493996222
2501096371
448179958
547806147
219297556
2442735266
2398086420
381999833
2469815726
2256001758
2485923967
33280939
62538319
2417414593
2508385375
2324698074
41297141
273948281
255703209
606819855
1356246246
330154962
68153916
1066125606
726465140
16891123
2361893197
2493976416
2411739817
363267526
1538632826
459985247
87995095
609820706
97399551
2239906220
238612031
39553219
571918956
248956678
1641617341
18401202
