3097444835
21369113
178158927
256508537
34927906
30388506
3012576973
286789618
3237156360
149273565
3294961662
549137179
2247916459
37303560
3817540407
44660311
1053931
68613543
1710754308
28778026
239543885
2936425923
118359373
1684695343
3041426589
409257216
2293910165
811783063
728286114
380165906
3758937136
2755301704
3662711594
2871138974
176582030
1676997438
45361712
14913364
1449989713
3017880501
734268902
3049167146
127415560
227696192
3435950577
23929786
186620498
3471525974
4078871410
401135563
65073911
52689846
2972056672
2588317524
18873087
177441428
462595271
1258024633
2228986801
110138028
2270794502
395255412
4064687175
834115555
463859177
31314588
143535660
3097848509
414074826
4029977652
64831195
38029067
514368069
4022789445
900443396
2917919408
1268985254
425528043
3250525180
2994185267
421977419
3946759817
3740472253
1244602586
3863868073
273071108
2344013426
18020081
3424998742
2264702750
1628638602
1392549500
44836253
3655604595
45445747
29555251
2926600120
42836285
2872964891
49657979
1661268314
100567766
52638892
1130385852
625847281
29441764
704388258
8521762
538467434
15200630
177378039
21076360
2629105186
19588080
3653269289
3635752576
3329920274
3611061689
244192891
602212306
298749561
18534880
609244293
3107955193
21434672
252993934
244627772
173179432
124044755
85859018
84781220
24537779
68240408
516226380
2205695064
17050255
2307514934
69227601
2186690406
3590283982
2496510679
2549440336
1123966867
2824915063
2926458380
1475121637
439486062
179112161
23032086
152626730
16372009
172830657
282856264
239158661
3254034559
18137399
19170534
2164131211
3047754984
20052487
59119069
2925377556
635610191
15847273
34119937
2549040607
256868238
519122382
38546439
21142500
180562965
221819794
546225058
3516087093
97699086
3327012878
24626740
2445984431
2475752346
26502310
35844506
78733
1400360576
1979572531
27389536
2363761105
17968150
152258667
978251797
2317294565
2310528468
246073524
609322070
2600280218
258581827
41619605
111681071
581712314
42331897
126471273
69777546
620814220
18751244
3078301315
26897807
930759446
168348759
43071653
35104660
2437446751
16297082
368938447
1340336220
90587881
1300734138
22565902
349035008
21352559
75182127
37454098
291212893
199181959
2543404306
869763956
2227187522
2231729192
2600699371
49609134
2927195255
16340908
1758776641
49861372
34083760
49322793
357868116
1281326268
2434595113
67377922
582279116
470235403
16657786
2899570625
3316531616
3194724327
22960461
31259140
898155692
2478653904
219486028
216578770
128484117
331382144
574187522
144563429
2180793037
129616278
2325925886
51640370
3384644655
2998408203
44000905
18573666
1300766082
2372368092
154683657
18127359
3031123833
23873876
9235172
316163832
148152887
87859909
234537178
519720238
3233508328
1849088586
3188403345
45212086
42002120
844333784
492597114
1078895270
557179438
1354061280
55705370
3291931894
2748271847
1340498491
72292431
2716315759
89560854
22497774
55953454
47826392
3343741967
1265545812
59182686
3061415982
81608533
33207582
28595126
2207868072
460457102
494254095
145125476
176953436
30645124
1453188013
106291034
881955542
34181507
121171598
44725113
3037651664
3234709838
1138178016
39779293
2838740365
15249082
101076361
1046616528
422950880
952448480
21176424
292892293
44179265
263711547
20392581
27055729
320998702
61480155
3057749477
2444135120
119466953
3237483125
17595596
2366546322
218504651
727914086
1380628051
466060293
119929179
208924932
1483657706
2921841922
2834223339
823149150
71777227
226281695
15981628
41085106
44007281
3305465362
225845423
3053687835
299572690
2926236348
216807965
81126889
57376536
18183592
86370588
37629766
16394643
96389470
533441655
21003597
2462251964
31343924
556380283
2972719205
53522797
54838688
250208340
416536319
286257396
276227572
60933759
61939941
16195727
22256184
24141582
71237535
13820672
15158953
15725265
179520308
21481785
16633951
511376433
58689204
173105926
586893699
1378044421
331439736
34263742
38367594
154936536
1113904682
23077673
161242537
216207093
235121164
3047360873
315505313
915943502
512902574
138276327
2474448702
2796071876
278024257
339484093
2732310969
245499504
31713584
379464357
84600501
2975346818
3234146156
3367313842
3303300207
576655703
3045050440
3309989049
45924487
2990929790
2697572672
1320040315
3121928675
17955081
156529169
2673905424
3313949362
633726823
240629853
15464215
31118277
76544277
92067070
1561389109
34623988
2432316626
1233284161
18691420
16465359
45770660
2700087450
32816581
231956101
3329497403
330926933
254226686
972018818
227975037
1454562889
23325469
129485874
3297706895
446414796
3278566207
53569692
1613826810
1065008606
3273562622
1569865434
150003563
80635411
2512716055
1423698241
369011328
3226504503
429565034
1360898695
22411342
291025352
5791442
257749870
14092803
3111585327
272116240
14901848
246944276
14070799
3345928251
276282445
3087393893
2928711967
126411049
185657562
2462935452
344307457
1259202230
44619448
87280910
2342960813
518952197
2894667845
423402692
391684374
41033498
176293676
15154258
501235157
343683427
311653429
3033101958
1621236775
128612767
263393812
60692086
80399136
27312014
625498097
1443961484
24516380
18906599
1854274926
16147183
41119709
3220385954
225906700
234874463
357440566
112642183
236902313
469155022
373475341
60837980
447350800
1111327632
242352871
16753826
15450595
375195439
158584125
28271594
605977570
618976979
47658963
218661193
831395520
32700034
1230827563
56669858
144140816
28091488
42612006
2216011385
14242020
33340258
22046518
2906941399
440160351
218723515
248537624
47278900
281599766
33055111
1892358674
73937639
33235771
49649077
584962389
249656778
397041717
143333743
3146435864
1465483465
297119052
82274636
283419524
249917341
2150959268
2160853506
2176576435
438315822
50227161
193889303
129246181
27778117
30687796
2800456815
173283694
2556497406
735154165
350007609
2508883968
599498104
2284114321
2433858018
471341408
2432115373
2526276720
351934400
205108945
3053182038
2549375689
2980247974
2988521667
1117899788
28153141
2208345384
80687815
990048198
416878609
1908973260
35704105
1647324512
15811314
194604260
236399857
3246606453
211414962
38363082
45692284
1963585626
50857613
537584662
426450126
138799178
2355543152
3180225656
18919614
1273865006
2197703438
1368590569
67205786
92077551
1979484936
24433848
2223860267
103883690
159184990
2726522922
356441961
101078006
1663809524
1577706050
21371755
1101816564
140257389
453524947
1553125932
481877232
78787105
267933476
262422965
335991063
386774864
15056226
31541303
22766752
1462329529
236636515
20611194
309885449
139118162
510745335
201758975
2467434062
587300272
2955001283
1712604738
449372955
207826857
2929763961
54016157
14468043
187516348
1581668010
277030464
41069191
2374059494
3008205254
242618658
633156308
27457454
29610442
2174667168
1115008622
18997068
3108468692
2165048053
326450140
25645261
278280178
927026954
60459539
3099968443
18750157
347806936
2401846196
124650886
2337820580
1183887576
235643352
431476212
871072705
27605464
50886514
38209624
42640655
874949726
1649748248
1455139686
573702884
21584804
436907872
2581168328
58560480
129964269
93542657
2801148911
16838276
1445988770
184779135
121916966
52348362
787781791
38941594
34780401
3067234730
2981671791
312084416
23971416
2910727078
95338014
222750158
16098254
2287235605
63600665
58432995
1199938280
18027109
73956951
1590322975
27801361
50292052
2693281255
1879440517
2894978799
1609138124
2706246098
25962000
2543410291
2528266986
2555104602
474258194
322477402
1849982551
18291469
102790509
211741721
2977804586
44487762
2935416502
2253556104
343581080
24331426
223148638
379109274
562517214
754048976
23530440
67095962
3012716015
17731836
35324599
93196250
30942861
903390708
569946597
125755707
313059171
125090571
72529026
2705855544
156901125
18480371
32403983
1068956924
2778476568
629583
240558447
448867482
2845372259
101961060
146217254
223437958
1854810475
415864236
564476607
2206705545
161307680
601124417
332748354
27322050
22264376
1316532565
82766456
797880283
233037254
760369776
1335228721
864896366
1617876511
323940019
21143893
312419063
42029871
595086561
95153749
161053682
2361597080
1383020022
2224717981
1716483493
147723896
93314063
78053073
46369954
26247727
27624235
2812168651
2386063722
485337447
310103944
151918181
2777218471
2798643794
423841718
72525490
252993381
196679942
