139870521
1630447177
148026527
826924652
2314348772
1232739036
259760523
2314055778
2484796128
16073865
144892700
797473308
88806448
3008735113
3843657259
142447097
2420717275
184129492
4187342052
3195466796
3185626032
320876646
2891421853
1351051338
2482932994
3071589313
3835207459
599017506
192644266
4204081158
3100040220
2980831106
917354732
43906542
15170817
2327172851
2578049046
2574266755
30507120
97117736
2433857023
14896644
111351046
3314715624
1363430478
2878725350
83884216
4119535954
4167752475
4205906414
302132403
560748808
3752323060
735798354
1849322923
779377080
104060755
608178033
440318111
1219548006
1308543870
181040530
1088408952
3323217265
835299187
61555321
455608719
16033205
402361607
4246347256
185463631
1540148720
4001775627
4309648158
137387272
46191375
2743172450
419299448
2240386664
19932961
1619372688
1300131788
103066449
183117175
16972146
4311018569
3720031212
4340174365
40943685
2460699336
292052822
619877314
3948607047
3987916524
4423264831
157799906
43432280
2864155267
15838770
15819236
255862377
14096413
3309126124
4053500338
3227381012
3636472579
3413189054
386186910
2680614126
3054323485
3096733722
62148508
104978222
1471050476
14159148
16679529
30313925
10228272
16190898
19397785
27260086
17919972
813286
15846407
100300056
4532891
14260960
1513811953
243778649
30247816
186927500
1690021310
154663235
104470692
134255537
588699463
3105677046
221519496
3732362479
16727554
1317399427
116540238
54931559
333545183
1192570374
63164634
404360309
1432103828
29549702
42754740
36116203
132655244
218326721
212007023
57807576
3148303098
329196256
10475892
2752775016
199495519
454385973
3107005340
946468321
18149152
28671535
22460662
334180026
566062800
32201563
303862998
1064389056
20012156
30026027
362000952
34351086
25378790
19415097
216041201
3271229221
60709500
45699160
889937419
29280519
14632934
246512031
1645581091
20817033
42934413
535941965
2870151151
82609758
22508964
77220986
20222332
211905063
216044716
30732198
27951771
26588851
18732993
302162946
382831266
221890109
84616050
30331142
14239123
295878273
28171340
430608416
253168142
3300212036
748318298
629849444
3196649664
2233907425
2742291760
50729077
85732762
27911944
18192244
248550387
74244916
31497170
20677866
78208471
3236302198
3233480556
2584442810
769945501
394382284
1652118878
2195887807
117970043
165055415
334062988
16409781
338291855
262482868
2706545322
478208405
192958497
39482914
17795275
28393093
15932004
16031679
22842421
23443118
28197486
19040451
10076782
17835445
21093474
46461735
14336662
18995389
17045060
14942612
15526913
2485673857
531454226
483510314
3196531030
222209880
132829774
389270302
528685883
2990902793
2983394497
39896426
218266837
2549486387
16365423
14803951
1541381058
17517485
3191529668
31291665
85471631
1620724189
3182467520
2181233851
16877611
367144387
3224509075
64303088
2777221169
2327647399
376992096
2616340398
2949605693
589991401
2511277304
2290135609
1601766740
39328894
178871659
1148469704
1358484180
124381410
44175312
17629488
1902009565
602233120
183351038
445113075
3119051237
2172687770
113241529
554911072
817673516
24068998
2184747390
196288518
250008672
2811334807
73500803
420859430
146043177
1271556228
305865374
635233287
1302110917
184031451
23654759
37785849
214507055
17199883
701603760
68210294
21425517
165924290
1454571
63241127
26089139
28612106
123150639
788591468
260931811
17872692
282189177
8598692
888007964
838464523
17541185
15745979
227389952
620012350
21788713
333358161
2151914066
235502841
1180469419
394466622
2452380199
104593812
94618543
41137468
77711880
15775150
114573522
92241457
132615314
112756074
625544587
34317032
101081754
605960106
16017475
465255113
34913825
181912222
193841595
11178672
958774418
39957764
15489945
22530207
16566341
299639883
97506025
378703672
405438270
537843070
293111928
17220934
39704326
326139787
11620892
1341233137
16042794
515511443
1467609360
183898082
1576072675
455084468
2354013972
63919171
16434312
607867793
1449022357
17396170
25168865
1245104060
2202888319
41924163
22322194
764204616
702793284
81103553
14807898
2866046769
39530187
2881236430
2354233526
22270118
935151002
989633635
15289910
124190867
289498966
18822468
2722182565
111770581
25639164
257676145
398948548
14343217
2399456486
2258262637
77158913
156469668
457221943
245500813
16087600
54651308
358435441
123821726
155808344
20475832
284093273
3017447442
17898053
235213723
60440414
22522476
465269581
1700297677
419685578
557355380
1020124220
172802707
99343312
616975254
90452704
2283208903
2553156794
2752374361
107320978
12598692
3066109804
2603712745
33509230
170117986
260050080
2254552536
816647376
19844937
22184425
183433400
60081804
607788559
133893398
1495743877
18464063
100088418
29785300
478989907
27930996
17831464
244201014
15485441
1178700896
9567972
15224867
74563472
2436029336
2292366774
387811524
2559101438
20662469
20701220
111960052
978908012
135563686
184651802
14199378
15428397
23962323
14647570
21901367
45386484
8839232
19881468
89445846
184522415
1284575718
2736944110
487118986
538489875
85424543
31193314
22634023
372511502
268367983
477911965
44781185
15492359
814666776
429355651
17248121
445749337
70503868
25664716
1911041348
219328865
28557583
2161525753
22534335
30261067
237952679
24303032
35303265
22820540
46173011
594728214
174348244
75876376
447492511
496728349
930713028
30527583
27019149
281530541
198927392
14245501
239078078
153639618
31723
627363
191802914
574847878
1151462532
1465001922
1164932629
537543917
2718308778
926678748
268358450
47128593
634462686
45246895
53449431
43718015
176107718
118607612
389894662
79708251
2381229246
2490450079
1027780285
384923143
17030680
231216058
107308636
2307233606
395022359
348090355
2280019405
21214602
102409329
65699766
843550591
155947001
38342873
1146864349
24000965
397758288
90022172
1658069298
479917977
39757920
278397541
27694108
872237090
65144603
19616724
249159349
232656745
87217645
23557959
414991398
169167032
76115277
2577314017
19459871
285802481
26316027
1312638680
1226081544
19716456
2664169374
48908121
20659604
16023584
2573466373
267614466
247036116
240080183
244272632
5644682
2388029222
448583910
130215876
192313212
94033713
1316954376
279132398
385820515
136192411
84368341
19315412
808226696
1293024997
267255143
34175976
366816959
556986491
186113929
1604857146
77113578
21355534
31214203
96960837
8057952
25399012
2550449731
227066984
60830577
145672878
112620655
2474624797
401015098
35937007
213450740
57711208
449501018
2644739063
21000411
279733900
175635804
146351742
491296844
402169706
47909049
66182591
17627296
18546175
53467218
105250413
42928130
80601873
360042106
290747434
1050383244
372860887
23876035
19202990
71390405
206009186
456397101
362238471
485021142
33945790
137771026
18363030
17046063
15894470
371319849
17788135
29312691
16280307
214967305
31250479
26267709
231858529
165921100
377588169
28385531
231627168
16034244
23480160
342164278
208233344
21709299
17334345
47823348
435183116
224862258
50231568
148049853
22176321
64546969
20395112
1414584590
111212567
11094592
46579762
96193628
42672470
22930902
12993222
16426809
382177545
21251020
196246545
23979828
28363203
18565524
31045831
5171
18983559
223906506
247071686
287355906
228042789
205983483
256730340
112447060
28453440
36065771
17294191
240107216
161073782
18329345
24623258
19403363
12397052
103035958
1596771374
82998084
88805754
291769249
313062062
35955071
18907371
25546234
107230336
18394884
43694001
20998647
9625512
541860003
65763380
16878156
320979223
70239610
14342564
111639523
14677919
16027546
1569069265
1019391193
1909461774
23987318
34041396
1071537984
1465520376
805531117
170356578
244263436
64346414
2936811
15575625
870454002
176930739
418072289
166193813
181218445
372509242
175178891
74873154
18235669
188523813
948346434
12074
1564197314
521968047
2303780678
21278883
347385104
47719804
14958317
27889718
234535486
20783993
39671152
60162961
185066639
17951760
151959461
42713907
140983854
17389704
15754281
63162300
872789472
454233769
351972735
305899935
36593169
1543906585
525594824
2431254637
263398210
49916431
1259005213
214097334
17243080
398189483
170395051
26583034
18329551
233775828
202432028
24645943
30772092
47247696
382373278
108466126
391622185
14231100
540467923
1377900258
44769271
183125776
16596945
36398521
340157714
724143642
21714886
84508903
35868295
14404307
2437610215
358420411
69725464
2432839334
39689977
245676481
93933486
161942808
272198712
301172775
189244379
137812117
42816471
7767752
1478828840
588831304
1288748504
91404406
537230946
612620732
793066442
133523752
211438888
38627068
23405724
19881112
302435549
544619544
27678566
399507431
172892956
39133179
550625198
2441915221
22439422
16104852
20419563
254304383
15428715
17825107
86347885
301867700
22651854
789212376
1517458214
817819122
59362595
30013203
255788997
18294537
126474467
2348687497
1546591286
20626213
2269938972
292002656
16245822
13787402
552933290
165153129
15725969
2177387641
65468699
926135665
28651452
50020551
203966439
407910681
1870498058
790250636
16004472
782997103
220735224
486842125
23224910
37584105
17207523
18703092
505651304
44027330
32722411
456046579
197208080
237020420
253741007
979977223
16985639
101634774
16324671
2283041479
16579187
270424529
343811901
309973527
137887816
28726120
239070213
26181059
225647995
78194683
91134207
17987187
50067875
556282300
37358369
1553840112
817907622
1435722254
250270797
17670732
110470795
461730763
121417367
20751145
310111152
16958077
180000404
43355844
19604599
74513891
183121847
1156164696
19325156
211421492
14216821
33932801
292722929
24048759
19767193
40197123
24128264
239489681
242404435
8161232
28608922
35895403
560400985
26196976
18361648
19165933
73410921
96872710
228532376
23759291
30262869
57154304
16392216
52766270
94442078
19244924
71062792
67446632
52321950
90465636
36490075
62997599
81241485
17165797
73013522
75961753
152347965
102204132
52543159
289998339
101317229
22539349
757599222
21040328
28447210
41468895
195801530
14609722
268416076
279651155
38219205
46487570
171881218
116564871
33835465
83529610
19093535
147330184
70725281
262373765
14786217
260928758
17463923
20596281
123138750
34498491
142465049
226717822
38146999
16029780
138360455
186162744
10340482
23638544
13201312
17596622
33248363
35549780
17970378
358676097
19940791
71019945
420453319
17283008
145419612
121004223
43954712
44768574
21261599
29221344
21328606
7401202
293608233
194150526
50163826
188084448
481601634
203123011
70993366
54312811
96880967
32712491
1586450155
148210369
168737062
62125301
16303106
236429903
21212604
49522286
36722950
69535060
407157739
249924816
16569278
92588553
87516430
249724351
25598743
34194125
121532381
135989682
188535417
17516126
46167946
130903929
198324664
128470981
41155267
20634618
242525195
21822577
21808601
14145041
41684785
41418272
2316290850
24016767
14363353
46207622
81960362
462354204
28606045
9676212
70403330
16031536
10933662
17219108
16807921
36114716
46244935
29464048
25258898
138471877
21209392
20071863
151562538
1774391
19110632
21887420
25472526
41981516
173992307
36184220
16365636
234530791
19367134
18805765
18811025
15066760
182438143
26586385
18035698
196798038
17612307
870259532
102779157
228860598
574641123
17198839
26828006
1195377007
475131512
391524710
27749899
345652593
1692377233
145731181
135298115
612209275
538900109
218143509
285362055
56612604
20774970
207394924
19786927
211775053
238856435
34701064
167191990
193180646
19783607
22731900
19894167
19845114
180819325
34977441
180629648
34980265
266120730
17717538
250738623
34970521
239044308
153869492
15690710
589998452
17979057
1025234480
98504605
1466130590
208920761
594531469
373109493
41479334
1579317000
287894176
63228829
227219517
37277316
204969163
2252894304
19661616
228441101
17199858
67441732
43200438
253320133
128630136
364352783
78156450
863543281
263136639
276733208
33784182
15870058
15859979
61568141
17215027
72162817
829988641
1490737806
222277752
310460876
14855064
132869760
17383566
493593256
18999683
102492109
11856482
348582270
207771979
619800549
19959194
22029553
69907167
33598168
78366023
117155795
55000021
522473349
23018909
27357000
332538094
14896692
34739179
20956635
67186627
582014032
497578168
244274949
19918988
930416420
727705903
206949053
27834920
222249131
19565285
1241716466
15172983
13737572
174137795
26687516
15009533
277507876
14752683
1278585102
132193623
1418955788
104333956
28643309
69331791
40038917
1265892727
75412206
50401603
31638398
153913670
70693316
14410523
122116900
227093032
102448827
612117305
16047793
400828144
202862209
8283082
28157292
1262799637
70203641
146664999
271084496
950514607
196252207
256142453
52521415
22842362
323472359
23244647
13896552
23587667
250773055
301852517
1344951
54904679
15220281
93714983
32515886
18999641
13683952
158396623
22965327
164687686
9506392
18138157
16351521
16455755
15430849
248972491
228851887
34975812
16874265
332800793
25035193
117542094
34156225
420770803
294143900
185325188
24120793
26446922
1174199630
127880836
252590567
258124521
111354503
256248146
5695632
1016870984
15852054
259063663
88255371
94600119
14857525
327008952
469468098
22163238
748611338
24205941
89507026
707367864
32815108
180522017
532002900
17173775
17529790
18071799
259559084
17220578
161358630
14340255
84734556
55118965
17106120
20576099
19203030
108733350
18177392
156084509
214315067
156858691
155662669
71291962
30542471
108690313
25127256
1263804282
146109338
525675430
512342635
958730233
1172665952
241360049
289430805
27024089
276034649
23731163
6975832
96610271
18638090
122282460
21521330
288345216
216522637
1137617029
127646580
1267949827
35249138
216787361
17608972
18222392
84111040
18001007
18918548
14075928
20835999
1588821
811377
6362172
54295074
101667151
20375117
44831931
30051919
25468736
22660358
137391834
138555904
20219851
20564602
151251325
108385847
59906375
249053055
350712635
40085493
10918432
16044292
26318581
31255504
116273600
137396602
279730743
132350816
22509000
18755507
16434105
51176496
37216108
53674617
87436423
111803463
14264854
80123329
27977493
14218891
90246061
150812618
10371312
17780978
117570117
19254216
55975110
230449986
21622756
18478105
398362953
23972407
254108775
14132853
83031114
18371010
39686362
16164667
20815988
13919942
316511039
191681725
8040762
19745405
357180980
32372834
104617736
22167192
15726720
14873900
114828899
22084784
19240337
225579483
108043540
85714762
133454567
15519886
18416280
21833398
48083710
22458006
16708161
266063489
16729945
169270162
219462892
705811903
539395946
430177434
377584838
151235033
479863176
274215117
299473610
19732197
211155205
76480142
88038492
190429166
90922273
145792914
108691744
282263092
70504346
35033569
287951163
144983068
356952367
74775120
63177265
63154044
151591449
82094440
85433682
552985513
34113439
17990173
114846191
22164556
19673700
13683482
14517899
27182170
593960466
474754203
831434202
54455490
31284712
564988988
79812632
61406088
30288944
412719023
17374434
516783448
27084103
14085289
305825954
26525456
298879981
246567410
249513887
282378562
140546445
594388899
130065464
32419017
13758152
32835552
21791148
134623901
228629574
58652517
7692972
22680659
122194011
12946892
42255982
15769858
35399535
14173315
14293310
16211434
266187076
158079127
2883841
17074441
91478624
22255244
340501364
174377718
15862891
30205586
51241574
119788592
759251
14247409
137759637
50393960
17026041
26020465
11013952
11857072
86141342
61222671
16312576
27696993
16469809
17796018
23518723
74803306
16190278
197284736
26228191
563919802
202732873
87389598
284720390
15235629
24806792
20225875
16643805
17419895
120699704
59827129
18028921
16265048
35077675
34673130
46577859
19669161
22052252
14376373
245134182
133151405
26809325
21882478
164455217
1327601
104947753
15579178
60734755
38367273
288336287
612248230
147290253
134141151
23099812
15295891
126385518
727073995
66561957
219682445
636599154
16434613
64540763
161801527
20949511
91499010
17533332
217307715
19768692
16977689
28354607
21897939
70436289
19202060
116502194
19038934
31456631
29730065
148115081
89522068
43542431
107263763
754010431
19618647
115798563
288991088
750298842
421936095
21438292
755526204
500976818
334167546
18734010
285344458
747022392
257049059
14526582
25469728
30973
39645469
145552762
19621110
21113713
21630545
52512464
50722549
294582077
154828637
124250363
15131310
172755597
32130476
14869478
19644356
44442099
9867582
17659340
234566025
17684375
15519430
29471451
31308828
19000033
42496144
14308782
23171416
32141617
1435461
1775731
260433967
8071702
104872717
327195548
479797825
48752208
536697348
245100927
375960096
76456910
292001172
176497221
57816498
398367660
190440617
280606803
35944534
574382866
84175258
311016585
489007292
451186753
205909642
57555058
378719865
599188740
19727937
211585180
298139212
165681100
15737554
304588737
129873899
179193160
620306681
15249577
372951313
617523894
622150402
91852905
56699083
44745810
49710657
19175209
163229019
16674195
543834720
179543420
16182069
5988062
24626969
16889506
87543587
14213006
7280572
17350407
54459392
1223101
16811540
21917054
37719702
96468445
42680375
39791804
26321572
26584632
347754959
134172160
333653821
30915217
18164595
147300083
22177788
109112234
95298312
473998064
29739300
385460221
68738463
18890004
463388453
17029487
17086831
16044997
33920830
28179079
22505409
20423086
69375705
50227948
57394812
85887452
107778035
14500608
30278532
14353392
18129528
90500130
25170188
16145224
114589771
15996830
12480582
21982720
16870853
24816848
216645193
17292623
20565876
147087116
32591139
21212823
18067159
17984391
75111869
19375097
16252784
14763861
108140192
21133156
38466747
132266437
17221430
89265769
20081707
12848262
66496796
26528121
355485671
108436668
221613323
115506702
59376697
18484483
84589003
23779316
76529016
152871942
6043512
15174971
428333
18773831
19611335
103649930
21108073
19212274
222618237
17093604
94231990
18177126
18584848
89526653
197360155
16812081
113165445
18741571
17138582
20105506
21806473
16298750
19196596
18095938
42898131
17215009
18171148
35276400
19780911
15549032
19357082
48065146
17516949
18055766
20707720
54709777
17223399
228529107
12920802
3288371
19944232
37985315
17383625
807095
36406724
16133698
22671038
218215804
349149403
20283932
35818124
108422902
32212893
44476970
133514994
19192729
17170265
21155497
17881732
60228278
58865635
19480656
20794568
18931616
20856441
222127198
60168271
17471979
140941747
16353705
264638123
34661899
267348387
15102327
207634580
23997065
33947818
821336
170086175
50460434
246409536
16286848
113104618
221821545
20713213
39652749
24908368
17225955
20121679
22389828
26136983
13669
48059223
17064733
19281435
27443178
82824753
18304951
14634720
15103225
16808714
14447083
90009140
14092408
26324352
16369529
18729095
14216661
219454365
18195050
19881096
92104012
14195390
9535262
14179590
17499006
30329998
22095318
30615657
31043401
2012531
14863163
17830504
3540871
18227467
26268829
96782500
66736063
263908192
180887271
21532597
291654734
98684783
44751954
17008726
77012859
31980258
18981482
28432125
28417035
17093617
17845257
23698601
18511402
18314048
94235161
19594426
48151612
14224191
216450772
15498895
19044933
21092777
143058193
42149587
20710809
22410308
16909620
21238524
23655688
24700876
17824900
28191737
168757829
18510548
14858856
102124782
16710152
6433472
20061458
56409396
18554920
16259902
13152842
78348149
62593479
20346051
26960291
17861009
23838374
167006921
96006812
92340677
18149117
74679194
21451906
8666182
1224461
112546262
150934029
1585451
167063755
63805035
21216178
17882665
18056707
88033882
129895929
27398435
18745857
23767584
88061113
119521385
15582892
95761813
25126368
17365415
17237095
16872518
19843235
16313405
16342817
125111235
8736882
47292230
40081829
25953968
73715348
17842366
17037466
44732660
45577446
14511951
10101462
17823209
24595585
20211155
17574359
19036071
17410863
16690770
21930516
17214008
38500840
17289530
15526563
26282371
20028418
65828922
18514834
28196433
12003622
22320210
84774902
32560628
42536207
61617150
55323056
17892687
16350228
38555118
29848203
109639641
19240249
18813377
14588008
20635475
90901385
66790930
17663756
96286921
20285889
61500237
22803237
24840785
41047162
14247416
22599841
67163441
18083531
102560455
35989673
17663309
16319598
75351189
67898674
27327953
17023197
15532765
16832833
21241725
71070871
90516759
14269008
40237336
18711543
92147695
37538191
46972915
31928796
58159892
16685018
4898501
27029537
19779084
14604658
11814142
17523938
16937942
13354102
15033836
12089642
20711586
6852682
73229600
18920863
84156037
27093057
82977248
16319706
22927793
24469441
17532593
66456443
14079041
19314850
16685639
71080496
15860542
16352605
52422878
7387542
883761
23231179
14750983
24245649
31258647
17270617
20184582
39807365
24880749
42936899
15762845
31457624
16957026
76063816
77277189
46970693
24215427
24223220
