2466320143
609016637
1248653772
16813261
21925548
45151532
282100083
214621360
3123971548
2954370064
240658783
282003471
947429347
187889820
28504241
3105945094
3081282678
3025517005
3131983197
434196302
2977467893
408750883
180053055
123972070
257173506
2992701615
852640519
2743847433
498328959
370770945
100559701
45526040
86389544
1879482907
283245820
1511080116
2871533031
2338042376
809626741
3068139014
2723016606
56629612
1249120561
95666076
564127220
1528099922
2540665153
1250442282
2301432072
217746188
101337352
195838079
304605872
1015435110
801045829
368331724
51494060
2347057991
2785659693
2824097977
50433718
113156828
2784704258
52020463
1539473623
1448133924
244577254
64207290
2149725732
160152889
271847851
2326527938
3157452171
321070496
555908986
2885150183
57183972
1136861880
507765360
3138962057
257536017
18013439
2544478980
2210785286
1334985000
2990770142
94508038
123956078
80567096
26975647
14541995
23643026
1249131078
23383016
84908229
493812445
1249130504
2737131227
86154930
291001777
2689481748
2814334612
304640009
1008679249
14625542
1114116979
2635565586
3111733813
278123423
14054662
290288742
354489873
47058662
1173619548
82142041
905137321
1391514042
3131801663
2838140199
3107983291
522811855
2972337815
3105532202
2831632973
95912326
1833898532
3092740675
21208153
125651264
2647249789
2653472936
2647407330
519537279
85605634
1724930612
15887030
1608602696
465079470
14302031
304634608
1701883164
1598898054
18878415
981308658
2441931650
3104845886
162726184
22632751
377628850
2435510922
2475877560
1936549112
910399646
2184840468
2870665948
91674405
2164107763
2201459516
889792363
185850498
3009952924
2784932107
2777886962
139342722
2892436280
761887213
372263726
22903035
14008842
30327369
213599118
91201905
14285097
318644520
314463260
2432375346
2425264148
82992605
281037787
2735530742
2749920777
53162121
163534651
840397381
1649269644
222590615
2845766001
15951458
603059789
1231994701
3125333007
3046010124
1537111842
398057139
586645536
96117629
1337080123
79818336
1703460248
2438733345
454533863
132765563
2753008380
14851213
2957541854
1570284019
2321214906
67881762
1540368542
16638041
32145869
20010231
2796749412
3112311139
2354571032
969914598
579348447
95615406
392806811
275540895
6123362
47154222
310687352
216707081
14343068
320653389
339925995
1657605223
2998301643
3112836522
375533147
125701133
300849129
1556483574
2364609006
162677334
2909687321
1109356705
26948097
14048727
2922137961
3135250138
298613143
2558427012
568936850
2918776101
15763973
138201641
175053400
27531754
35740971
1902351086
3015914820
73719167
2237945855
852876440
73076464
256272080
238717660
3057608414
42464118
304584675
2391052728
2775346737
2238859194
3012947937
551586491
1351069722
14634122
1129669784
16613913
2333617519
1326900277
1080650731
150185458
990697074
2307619396
330495688
220516183
551672676
448680215
256433368
93521551
379817459
3016016804
533917622
2732028100
2883853522
2882759692
1398930156
2871590751
848414413
69612869
6656772
1462731048
52774437
22743998
3131605367
318750717
806534401
1667380477
30916858
357575723
459443439
36124625
525010026
2838597700
994015256
2514309913
461328591
898619455
2365717734
622951828
2258831465
376686900
105512862
2694501235
1608809730
272039382
2287150388
1240366632
286826300
3021163811
2501250108
16982836
2240058596
14974475
1608259368
2771293944
453359224
2877132671
498306503
1443828955
205237513
2582480119
526344322
2153980357
2745055328
2895888212
2341838970
1535146044
3020313096
2909718440
3017664037
751613221
233249972
57841830
499070357
176690286
21897851
64996150
2933958899
3041058109
146407103
1637538468
53034982
97323776
3037182803
77045243
19753309
1235779693
548743005
2915302088
174633157
74766163
538429568
535605866
2892177717
187336282
101991333
139835819
1569367465
3033573072
590193110
118876014
63169712
282074521
1349265198
2865651181
155178613
83696083
2909763778
2836592084
3113202666
93643043
1476794779
2464221097
47960642
2237154143
106527969
2879261741
39175338
3026363256
22527814
827912576
166115361
24180793
369580033
1021214149
1336408916
2238203192
15509172
229220306
258954797
2695265726
614002816
1649376469
765868668
280289637
2986293946
2968106847
802225
551091823
1668715525
34455950
227681610
55174523
2898370038
2990457011
546400308
102925099
1326930954
1883273708
3058714313
429821049
1497381702
111258880
2899029690
554558700
808393776
282686727
16065359
115716805
1291846657
557803040
2556074068
73642789
474910632
25194284
316977463
432315664
2983515494
1317108294
33965767
1289229787
987954781
2829187318
40870810
2298485714
3033747106
3033404777
2856993076
3043521830
3046639256
3065876385
2446518996
228128499
42052538
557381375
2596802863
878593783
497452092
1041811579
1218265009
70335795
744345037
127572372
18603873
2973651155
77308955
134687154
2864159342
1965905640
2943435538
2948324387
390995177
16828460
190367101
21725908
1387485534
1617920574
32439375
489591009
2497350139
2938754621
138108406
533213517
1586532482
741901808
2605006939
65607287
64110613
30817117
32360114
148535351
193250467
71488980
2337229231
19701731
2837265531
3106167638
143436187
3001022988
1168220148
596773080
2911956082
631677454
16377511
3121032910
2607695701
3071709680
2151953761
184849594
114685537
125912747
427108303
79054477
3042302167
56387205
858209336
9571502
281562688
875253295
1946997552
6414722
2282075971
2883999815
16637812
1080579986
61796433
1439376252
1913614807
14415833
385721586
532824937
1589383064
194481067
2994517805
261308630
3057267411
1250428562
2469023276
2491571257
163607215
3020134473
1865396497
248796108
67818945
374422412
1523126522
602051116
2392575475
231489275
27217850
2277119250
7574302
2411146141
179614424
20360198
3043099492
156274780
876500382
33492139
531721078
107151866
337529618
625585520
3005626235
535067288
66379182
465158135
909541374
607504114
39472413
45530948
1204476679
3020225603
1725440564
44291447
1940567760
240378475
372987579
2959791825
6484132
446425812
2762223322
32828711
998599880
356620351
2893502151
1966816141
1902322201
375978302
2906592400
2906861035
56763325
18718968
1654990147
2966015127
717784352
2812369938
1875210830
936852692
29034621
163550372
2835307932
181198170
2327432207
998871534
2762624996
579594420
311983168
2871292162
705285163
2539841389
29269081
2981520652
1355049062
26374950
50013926
309652898
21226484
192269796
217778228
2554295738
1479115195
262127790
110337302
1578403506
2788777819
1335689594
303098938
546626859
276230276
405277991
2184651612
87841843
1064949690
293659008
355532565
2934149159
3002023930
221844378
271474142
1639136726
286090233
81866607
321382782
106155830
23790626
121146098
3091402414
2989097116
2561127751
2541090493
2568014334
1292438713
37426189
2236580869
11423372
1326839790
287975829
1271536506
212891684
2321587680
43285097
3064847362
3033205489
2281138478
17296115
2376921639
1957174417
339130321
2979661229
226485725
589783574
373366037
521116437
540324156
75783426
2497189555
3177601
211362432
606493500
272442338
2177702702
125388915
2299673299
2186980543
187261966
2842012708
515418014
1491081
45543385
17702120
2266440127
25117002
143935540
389659217
67054579
532083116
296166504
2757113039
393271685
34127628
537021877
61728127
157334349
145718607
2349901584
21292164
18987438
25811046
4411041
91619355
17994479
2854918422
129142643
198024600
554641359
2796469304
2886623266
1061386316
2842465811
2970788737
1970942862
2270203910
41134144
68779179
2909133801
563224776
2929408367
34958381
386274761
26769771
154111486
2418935131
166744659
2367273037
2866633451
879211855
756289868
2611343822
3075510845
220774485
59237148
39587623
730992733
2902477517
314575393
2727380047
2300619008
2778397052
2773986774
586410081
62581228
2905491749
306399120
83837869
153986733
1118890946
2766569940
1419770311
435591103
328967130
183350486
2170374662
1732444386
128768517
112484111
215457489
389578643
2389309544
183440340
21500156
2597404488
108313597
1238643493
3097085177
2996307179
3033503267
351802117
12373442
557771518
81844112
100719145
988125518
2905376553
1600397822
17807120
2765961966
1373196188
97637670
202577480
2528102036
251905874
2992101615
2773119895
29128874
1537907377
279383407
55318711
5667932
3060676324
127995223
2996477337
1495545992
159413268
806686735
1912575216
309496801
22477880
630825140
1531141634
261889313
3088025604
17792832
902419718
3036844347
2866520527
2917760569
1454058222
2700154197
129250950
270239840
759120746
2995773861
2590200469
2482652508
3015337423
15596402
24231868
119271708
202490744
2308514292
130572189
35420605
31675102
344387952
192124688
1937379115
21986927
476768234
342849437
1746262704
340678283
1285954795
3064500910
389911395
191558996
2891815402
2373825625
116860956
16932407
16183674
884196140
27626561
362680655
48009257
2421893940
218605887
2924364421
606778841
2238272496
2795285232
16663471
2763659133
63966785
2716943494
3033202564
152897505
2401989667
34658586
234422953
2463012834
2870128038
382290292
2801158202
884254728
3065249118
580857961
1451006024
3039500669
2830597393
248810213
2601408504
17115292
223402013
390370877
1921687170
3028747587
1944577370
2492392554
1265931288
273098075
75940765
20968333
3021909337
460389684
289480680
389895669
2709443390
1327513088
2419374032
2238113889
429965385
2811548355
2731240303
1041438823
539743813
2863924726
253660696
2376973958
166132310
126548185
438013836
2572283900
3044783303
501255721
62194698
2155587950
306494177
25309703
461145224
249537874
233870129
16010172
16842025
321940164
2375365752
1077578017
2457931974
794032760
2176494864
2927420791
364337370
41337154
308014657
1666348322
16694841
2996692803
1398406388
624178600
20622167
3041618248
829684081
19435553
286616209
137180369
2801560419
2971231353
145526432
2763528596
343275989
2493431179
2790128094
1855332924
2769800701
3005851468
2497261958
424891545
2795304043
3056554618
28602779
583120603
36888407
1640488326
2800532344
2540062238
2824580182
308483769
1268991534
2829294694
2967109924
476136826
534787945
740875496
1547876419
18963870
61841361
1678938301
2951620161
261637123
2985748311
323274747
2824459532
444865800
240185653
206998107
564916268
16054656
50624773
70829121
2824958945
23373795
584162779
1688182249
760869378
235247502
1248783559
2493431107
1440921312
1921156598
2984022592
2154867673
106502376
20371582
344441380
107194865
91075798
17709953
114472020
2923057408
2341791248
424526895
25126835
119752545
2920827281
256080018
2167645681
2497192051
2938341308
2375943529
1056867577
1213506037
3001614069
14189274
17561830
124397648
286732438
2912134879
2999095754
2797895838
194254962
1689454274
173445046
2939016929
3044557145
18502120
2850164776
6711672
40005087
239064343
880705698
1342752169
36769468
3066692909
512750630
2889575891
188823236
2779040096
66817619
174113104
162695954
487463359
2193911129
3004799035
15780306
18388966
2829379931
3034312527
2565642083
56575565
2657066220
2869825354
3076353124
401892320
72801790
1293522559
39296297
20947931
3000691290
2682217835
3051473300
995918472
2339253280
2720651764
2334048271
106173117
2510173902
250844524
1120421354
2257789335
849143508
1962890672
204010235
2160581431
2893026128
2154563658
2792312493
2915926502
2415495168
2473574287
164227996
269403690
519804316
21406824
381487688
436207645
142383784
74715868
3069236656
560456421
78030559
102927215
2606940668
14785437
3021149420
2768610787
93067665
2997215988
490746529
76067742
532592392
2711379160
349222431
2541194262
211129204
91551309
10598672
969894157
3043601305
1565345070
1485156690
2423269468
2501228778
471463027
1403670918
1532076162
449886400
127178403
522929824
233198927
1122947486
15750030
33850594
2750992442
7944742
635088515
331615187
618512485
18556439
2604902131
3004208626
78054765
222534035
2440228542
2888164558
1100458928
2778617829
282282958
360414834
2267354629
94353881
51016025
486044589
221124046
2230392318
18939842
1449763184
355607353
121812371
1332646021
2260669602
2964816502
2972571053
141961800
213339721
199134338
3033052548
463504143
622668962
2497331592
2786455924
219114054
3044518401
2916230596
187796215
1314241734
951597512
140003753
3057744800
1915453130
2190789205
604849990
395106018
44888015
74949316
15895658
399738996
2968054474
874385394
551614712
151719213
256169510
121118631
83555126
98287549
2881702114
1904637024
127576681
52339727
135963031
21877963
403751228
1706024486
1383759204
1707045746
35223057
407120199
226469924
48329385
714031531
2581577905
112011993
1387941218
430492014
1561843340
2820189487
2820150362
2891078918
1596543596
387401338
2326547144
1172917748
15286912
10831292
87908385
73997978
1292408090
419737839
245698774
1912830968
2213487098
2522142824
312567158
27633423
110147582
978868112
131270135
81036364
49722039
155906278
2820520927
175134521
148129580
2796910367
315460664
14217461
1488635557
2983875974
2786426927
2182342316
15005633
2926297350
149427599
621538941
571168355
2261406120
607034527
40313814
229468495
3050288877
341721462
335613910
789779923
2387105448
2801062518
19253334
3009017504
856393128
205770068
262333113
3044817256
2938903706
25663453
1060719104
359491833
3000183814
1639921916
1266378439
884243244
3000960180
1242814872
508517516
709179900
106036188
633342921
468818124
517131333
172770686
356478099
338906567
74956271
2518097970
291687875
2240590166
1174791
2347194200
595607335
2537575044
2388557593
2359432202
51218336
2716783938
2859342137
2936358484
2226891373
215923319
706227843
2328779245
1335558037
2892422877
3000868963
3000648150
2542409346
2958687239
3017901234
14126483
106266789
151094151
3047074325
3033079832
483294618
30264891
2255547348
709568585
2852561908
1330766557
443915630
424656081
382240711
43110509
2458469490
2445033559
442801298
730664984
2349832026
14536847
3062404366
1149568189
562602850
1699929840
171572535
1077899898
3042928899
3012891860
234015722
379888055
211890426
275824189
1305471992
136494586
299805823
34089973
2877013575
214597276
3051272613
388027719
254614673
767359861
962916660
2870938571
2886194027
2164996423
64930029
34545569
2701840244
251778913
62289625
1924690098
2706174914
96921051
322944700
2384067780
43947127
2273585268
2355088476
150691309
2751816499
480291548
2902223152
2163257281
365769901
1433401728
2688532382
18022349
100095339
285378220
2428833184
125370214
2538294468
238099363
2744521055
2876058471
1954950428
1063081664
2169207795
2936692909
2865451769
2585287004
224092832
1002603714
1314952422
1667162070
1100844330
102376598
885220052
96631406
2475570504
214104165
230685311
36350841
522644851
2954378444
2780584286
138107411
807177378
231726084
2501302028
22741835
551695539
148388154
1179607320
2407579154
753067796
2339320100
945947924
14351199
41831897
292313437
277028875
2704548373
2343992136
475872046
124586759
82336235
101492470
2872308182
2425154444
420793375
1118713627
15104633
2256778676
73276123
41815937
2216572952
364001035
2490599889
3051877161
2556965180
2857426909
2870639427
3019753966
54194877
569977795
444387575
2595834655
3000973926
615427960
277674611
273372499
2216163839
2781241992
2806424481
18605449
223072195
178820905
1636945213
14599720
2413677841
17617125
471537570
47116383
2814643044
2915142965
2599066710
40319403
116417325
218509844
65601816
43338578
320740027
218594545
2492388858
1303224000
1731066013
1239288745
382654570
287346473
2927301033
3024208552
1070907751
916590780
2421909709
45515619
70365806
35339013
782924648
749176735
223712054
52811891
40691011
2994487052
2996474453
604073025
2988120641
1259649902
2555438896
2493013674
803353340
146153973
225890818
2888583159
738433154
1603932259
27515401
597673178
329873095
106049112
381078031
397021930
243314031
921607476
46160749
2291370166
2659634611
39247962
282906048
30155641
1909917253
1887568574
1637986693
1904768552
375244248
2959466290
24961070
303206968
2921349748
3019218960
2214510864
1121028973
2704581690
1393732860
154839019
17174237
1248477452
1950641101
161963657
1049605052
1639082166
241007239
614470867
34460227
398129314
1060765272
2419224000
2916246903
184236666
56969416
122181800
3014605787
1549256078
18995844
612715629
1296397392
2493428743
1579873219
383970335
5918092
1403489257
265829554
2228508369
1008688033
2250506419
1310129222
3005603799
591334381
2542640070
2966334616
16556707
2422820616
2784724310
312344606
2930019387
2966625813
2732221518
1240054164
2942356560
2563670408
16103876
47147425
2529452767
3018478085
200877644
58660785
2300497376
2832265783
409332669
145178427
16339551
1525490348
2810464325
857696238
347872249
262914545
25083946
9105972
1168402657
74180029
39089409
49267080
2238461396
2542401254
1329781380
182087552
485475104
973312159
1122248798
2282504737
211745235
327657504
563854893
2522561243
2527913220
1665788274
2401183663
48092482
1031548916
2494668294
1241243611
474171809
571765809
567070718
190626981
18388036
308302800
88726244
18682450
94139811
68761207
551581457
37452231
19354604
187872569
