2367141858
41900594
2462312744
2177115801
1952388331
15009098
2861922011
180954109
40439382
1377935846
61370241
3191614261
121871394
29224288
55936616
23333355
473089771
506855334
715329906
20748199
132572306
3422935431
473436543
2706647778
16908732
23261913
580058244
37079283
18000402
94244613
1059672860
228258302
41678195
195469719
176417378
15484266
2831866231
17148799
261495879
1450360374
772523
752283456
24543817
275043456
14941009
18972140
14571534
389598425
3595638193
15442150
383433268
2373814405
22578537
2839264934
3312630551
35315771
1411203656
3025858443
20621761
414339801
391129937
49707609
27546473
2335007299
15674884
381517474
359766117
196187227
529543101
55639988
378765141
798542
263485582
10336
242805326
35650766
124268469
156696010
161131493
169534344
170688667
191538603
181528885
206032448
200596433
216586614
210701398
220895419
233305184
247825024
234207848
263876113
268457920
269012293
274068352
271894223
301795846
307185347
308878211
334073631
345610433
357636300
361413285
363823267
370909224
375665767
391081848
476038103
478913740
478987919
501902067
505141301
530030136
559868931
573892537
596081564
602359064
609677654
615382921
633960226
701862333
705895832
748298052
748611338
771858458
787751012
833866224
845968424
863667210
923089507
977395790
1075230457
1095894780
1183273057
1214637355
1231826936
1264734006
1281242496
1324350649
1350203732
1355356770
1359948458
1446773292
1460000509
1462356805
1485999606
1486529354
1491156085
1668226416
1683465354
1733020524
1967867257
1968068430
1971830250
1975783998
2169183001
2174318514
2177087474
2198081792
2199006488
2269398498
2297438419
2298421642
2306003797
2306085787
2319653216
2385665922
2434067940
2474696460
2499218125
2551172498
2553138690
2664070147
2711797857
2722296312
2779146583
2872378408
2873338090
2917129302
2950962990
2997607364
3038426984
3129388071
3166219366
3131616779
3087555210
3169348134
3308872794
3452926032
3568166233
18198873
4136691447
24013670
2653735692
180191210
712590092
182434798
22633410
97637686
23972314
4062059248
3995656132
2476679800
3889975875
137727876
3720385516
891030114
106578968
3054526348
1706456996
3128281945
444830814
1378411496
117368646
516220895
77290603
636963829
92878147
2883198743
3619495213
4128432994
218671553
2739635613
2309156653
2425131397
15707047
2556340050
1084078279
63509682
54558162
23841714
2762557476
14888217
2163369908
41239626
2817883597
26833542
238782335
37765984
3222466069
215105935
10845722
57503468
3279916158
305709857
2894058451
19456795
2883293452
2778348891
42290868
3317908984
2727263383
4049869498
4097091014
24523347
3523214721
26688109
109278859
2543789772
2858538072
34977164
73181817
23639144
52473445
11238462
19089841
15407602
19604690
636318753
3287855816
419025285
3288011827
2816828743
3172987071
3875630772
246567410
3379621343
221724456
785288334
3894961813
1665101838
15329511
123263602
62556842
152001142
16492009
2968323748
3950879656
49961375
2699621
73457013
2601721208
20254120
2411559500
18944397
310308351
1362023461
17468192
2802362479
23480462
3030635540
15836240
27009528
2942591571
41115798
303094978
2835750655
1231830865
134119273
1075527001
24696536
116331114
22152006
44189291
220482647
246112126
15838770
35427495
3793852518
182130371
380407702
266315980
15668580
35962843
82170735
32142828
31301561
3787795092
603750053
425229827
40554517
2924476344
4026168166
15685143
198950606
12989802
114628210
161125213
14514258
14841386
21672825
115537104
286185263
768579
6752232
7885362
8792262
12824992
14223138
14349013
14353449
14443616
14602718
14630267
14664530
14756912
14836350
14923682
14985117
15259815
15460096
15483517
15526788
15544867
15686613
15818355
15846938
15861405
16095606
16171007
16254373
16465079
16404962
16697875
16881041
17212278
16950352
17287400
17333791
17393182
17413580
17460110
17862307
18257243
18955282
19429890
19475375
19633569
20266377
21314396
21612169
22230440
22651134
22706309
22810844
24212399
24337307
24546155
25717930
25792679
26982451
30046752
32965016
46516822
46547352
50449033
51857045
52952771
55732347
56374764
64885944
70298712
81358179
83418785
86960951
89345551
103057278
111212021
118803003
121864821
140179975
136350212
145388522
149569647
153061179
156062466
171663914
170125159
173359379
183813021
201214389
207354159
215103550
259023544
290547152
305414719
313536147
314637026
316244130
377573987
427141675
576984759
807977580
10194182
14675460
15202741
15934328
16423392
17003118
23154464
25670071
23268337
27117749
39393184
54334682
81192122
86090774
100761174
108805575
123709880
318734795
280681314
267664546
322293105
339931420
346950005
464712166
519745422
591438187
1164315409
2266802012
2361106501
2717484421
14297868
3094456801
2397956004
2648676882
2915894288
2926320629
2959805916
2964467397
2153949818
2265515228
2317854254
1250343518
1075440950
1020860166
1004601186
925924322
919357868
911766210
845899604
813763249
776391266
770190150
714978172
634984211
631263297
533540184
602140927
508857272
484787939
453366968
434482668
425995381
397646782
378127117
294306466
293807740
262773903
262512621
252756147
251843881
247364905
233391929
232955167
223591189
223546752
223055522
213920601
151906019
140994368
138741169
121208914
106430940
83996423
78972803
62145715
47693088
52356089
55638815
45727944
44278811
44161696
33132196
34145999
30133228
29732149
21796718
23545978
19561964
18873213
18710341
18293526
18259007
18186567
17579769
16045036
15362154
13770672
13250412
8159802
3146262561
3984439033
2827959831
17763055
23489360
29213649
2352295722
1691259782
33367198
3598577353
283634468
12691912
59106170
2804123186
450812087
856772534
123665680
3905520254
531086673
427027586
19197601
3835033949
33076950
3805187598
564261163
276295823
822709106
917308346
106352176
191164384
1560999841
1924364738
3022988047
158084514
3623382208
493540693
20718453
2991294555
2871013480
284408088
15483625
2241467952
551243792
1281407893
54938843
1135408189
36144455
116558464
21464305
400128084
143381041
207110040
285305567
17305671
17224164
106817676
17639942
2865884779
156772414
1248161772
3003750312
116935830
241247074
3947734581
1002809833
14706004
112814372
48824683
2476055360
563154322
603075267
896548951
2501704124
299204576
182168899
47517903
42956112
2738502984
222290129
3851830215
879367915
2866044883
23626375
39296847
138414184
220556861
24232664
2798576940
39274022
505238909
52073369
2302365284
145085822
2257360085
2657642018
2659838360
377505680
364947550
502140770
2258438976
1921022984
846089708
148908964
25084676
1601240204
1075589358
23381323
3820494973
157436047
268586027
24195658
433081606
94606098
28316185
90958668
987744914
322443746
493233678
20054359
346941440
16578065
10247222
795606
5545982
5973532
7915012
8147062
8210092
8929822
10197782
10956962
11969892
13110812
13873882
14227897
14477769
14659923
14713971
14895818
15118190
15443368
15450513
15470403
15853714
15857747
15920311
16061272
16193036
17280132
17354089
18112154
18523795
20568509
20961983
21873406
22012531
22847045
24310930
24761940
33352220
33709785
43111514
48863967
69318254
87359808
91519585
94614868
98028312
109253093
111079559
155707589
165532823
171208178
213724170
214655858
221051122
221320646
363183540
372816377
465991295
608802078
613913267
620934237
625282510
772076534
892396477
1107875382
1119949970
1451952420
1476101534
1933340930
2253658831
2411855798
2419234781
2482528244
2517264382
2991054317
3682247054
3087364241
203764437
543726573
441328333
831503413
79252495
24640510
3179511292
3313722761
2696306780
3409019652
278730747
3062481133
14849742
24343382
397739683
14348526
311728397
53850307
1192039530
972699800
78482616
834453528
3024823815
75783508
17426478
252213067
17032934
132347177
29753597
2358927034
1130049883
2648710185
2633838516
250729831
256854643
88214227
391402879
450245894
82700022
1000773458
2843582532
2989954943
14804124
29579405
14779526
3807097888
3111243323
326992164
25332489
2149384573
36392214
2387677117
3323026080
3260484018
3243097947
2908620803
150823395
62246266
39809362
164639663
2750816638
2236685282
15649412
3351353073
21094406
289204159
20348303
453422932
314788164
25753768
2391164419
3452579954
3384880918
2344579945
33330562
90227676
1242327625
2986804785
3309939332
65089601
359633101
1250532432
399431929
274756435
3005556954
3219593760
1126684140
815878604
256623336
2813268835
3207438653
280763764
924816985
8492162
713126340
15238168
580377975
475156053
854038117
3396300502
98964533
21704581
1831042758
2867821325
19673950
66703604
2518389584
92201899
3073647832
19245558
1045854992
2921207605
1921244084
615800610
1164154585
21129807
1328485728
409723545
2434434464
3322799145
20434396
359078950
78166171
3328157519
1911920299
14800619
1055934206
18833982
3248136317
15669633
363478259
8393112
316176111
438064091
161507569
305246783
3361661559
357135064
825513037
2857661440
2591613594
16970124
68478263
3060841654
3380824215
740073
81109092
3309548968
20329965
842933353
18738928
571957602
2544764916
297017352
2347595618
3343287832
157142513
27161746
67944828
2374322875
2790129508
928496144
30316513
86166414
23387006
1433324114
2003821
170180870
15937597
264001889
15863131
236567992
219770065
55359948
459520912
3240656152
2979028797
3312366039
1588523221
183793110
25689841
3368038090
50139838
2967822023
276861409
107545825
589436212
2864324056
1598819274
20988389
547131703
885105865
31119460
471415284
214318286
455961130
546143428
11117032
30934424
1909285657
485156000
77411953
251560681
2898718812
1354544882
16373492
609540977
1595860926
868113889
90312785
27351102
3302846781
91135990
2973344797
51206993
2733244425
357465132
2607751238
207842775
15549457
2658278567
23264544
18706520
3223688893
14254648
15183380
223961974
554133789
199737324
17003506
56500479
523192452
2291405778
48798612
1544217578
3224615887
146206305
3223361756
3111547162
840201307
53157326
310486674
2720112224
1219908787
880614174
20169540
712922652
18942003
16915131
96816475
3170498417
2806799136
2899889293
2742769349
242183502
2156199718
2996263397
519751172
66877540
64008708
3193293808
22181630
184434434
319981115
181044157
6826842
2991196323
545556284
191972784
3090252003
53201278
145716640
7598112
14946026
23132001
273532005
398282459
437346656
1099460570
22778306
168827809
270570521
1069089829
19888804
24906732
2828196653
948505634
23437737
2329448268
3005335801
1883789270
585823660
1534764248
19049119
204973888
365685667
170404126
144521797
19637347
281090865
16339845
2363475556
15187394
123767543
22234724
3226248177
103678813
32995539
2459691404
3188214307
2572035056
236009075
39511351
2573395573
203559975
166681305
448347000
2594059104
27249102
27049499
2297427856
417811367
556168181
14318796
117796735
2842739745
2913194317
2440457180
388443367
343763479
1217208205
355607090
900420420
3176894786
2855170433
326625485
477406292
317370343
20676637
180433202
886748736
3169273160
3156519321
45141756
70598535
358612473
2773907799
2839444279
3131488153
193175971
15272122
14563871
74322064
17720561
2967574075
499476191
324187057
2370944318
53785759
587948981
2478593702
2898453408
3013789435
352620010
63508606
36612489
218024954
1120243496
9358042
946991976
2216620861
164226657
335518227
59953036
340252773
140068597
600676901
1335182084
94440447
2981846333
1470705733
17653238
1961704669
478042067
509051536
83520520
33268989
87209969
488048490
7230802
13606392
15534716
15760945
16888455
17123538
18279861
18703799
21055680
27067456
29490342
30861836
32370418
34262713
37506390
40023305
64959461
78435231
127302958
137187518
146592524
152863141
156453454
157316570
175169076
183068544
187230526
212119252
240541660
248807146
326070169
346084664
407916343
429165805
507459208
547901179
602953511
620644297
709131414
711231496
728659280
789980540
809476524
940140014
1094027119
1132515900
1414236326
1489140319
1521718592
1546255614
1586460780
1588833980
1601615191
1657764978
1862034782
1896131670
2153102396
2201396730
2271819014
2303169422
2325841530
2425922738
2443184790
2501998708
2552597736
2680866265
2693833530
2745631614
2815331834
3060609823
360838924
288254658
462030534
198736281
932868296
66939961
16333599
21329831
28302527
47671402
344131814
357467669
411874790
456310078
500011416
532556081
921252811
1007438718
1353076028
1666199562
220121976
386719696
280745235
607447635
426312564
210861918
20106852
24091643
1875272468
16299889
80850362
148176203
177586362
198444067
257032802
269957965
319318150
343549838
369615638
1116418369
1708364354
723935330
1158098034
1604117970
2301943652
14824820
16782103
18775482
26506952
34173990
37836092
112890234
174040565
178203295
178698588
210008067
333539988
347631773
348845697
358979438
369539092
375149550
494510560
569541807
617302507
1329877290
36730748
170199036
3100042371
886737504
1342541772
2603830003
2285170944
2872908106
2480552893
111741593
27711559
144973851
303281370
299997112
2991469621
412776217
39447058
570461104
2325070239
249274648
6165442
145771783
1262774348
3130050953
453993468
579491234
612115093
834702259
921275826
1117197632
71837089
241195189
244635452
325752803
1004419518
1852406917
9157002
17882992
26569351
51060995
52311367
120535684
123089616
148690533
162854394
239531079
287972921
335357142
336273249
382944153
525711912
1054394042
1337306275
1467835842
1473008868
1491768200
1678596649
2149516608
2288564213
2273321270
2164040683
2289320329
2302109820
2330626465
2395099687
2493372007
2698817174
2728011468
2729818724
14190895
82399286
101187218
119213358
136301800
155609272
388668609
705223005
576877555
1010957358
1466189479
1486273537
1925629345
2308844766
2670235080
2851407108
2871067293
2998720004
3037145005
3074658135
494690179
144238396
54925188
138102878
28910894
18776065
529681070
103719492
2536016527
486806530
145392534
18776667
25349697
299247626
409316283
1355660276
452560151
1873776667
403608577
2563898400
1258308325
447492511
772243411
2281198795
2636811895
19914859
20181516
570186104
1965259068
1955319084
103550181
137890616
2494858301
16625554
16839306
58473250
115221968
2197503959
3065853995
2261799199
164127675
5972702
6334572
7152302
7192882
14325313
18447238
18792217
19444251
19466504
20142551
22779601
20792064
20887797
23019003
23669461
25103350
30265114
40711204
42077334
42712952
43637874
43739940
44168761
49050047
2364570590
2845888882
34983133
116801525
179273839
459920929
1636809913
1659375433
2188536985
2381348191
185434543
281150807
3075541442
7212562
2241678152
366619000
18377940
37077603
28518952
50389115
55111635
181701500
224843448
252253453
783065778
2466905173
14327792
15794503
18947830
22803740
23164189
23193042
25309148
29615201
31401275
36761958
59747580
81104611
104901157
122126138
155621085
168523760
202041991
276520075
304083786
322153345
353925065
419133222
466294628
539738166
549627172
556438779
589590355
954753451
3011646278
74533190
72665635
32448090
476258341
786869858
36977172
70251582
114463083
568247551
2874275489
1604805932
2891436799
80878417
23647302
18482715
360075461
11312992
11370482
1390570182
1944996740
260832914
2728496521
2252371549
173914321
1932494190
17798488
113406697
1890190488
2732704052
15112070
635591166
2836756960
1561687525
2699649781
44403624
45884822
412377087
459612808
41225712
96012350
15040887
17919668
204433873
379765354
1905865105
124512169
19838731
136907361
20105453
2814817241
480548989
270596442
28038600
1071370896
16656216
135372715
16831165
49418349
9366912
2553540486
913261260
19641024
20333958
438038848
832637768
166350418
97975640
14322728
24205757
346921768
403462610
632214702
15566503
1718898842
5916122
229556187
14119746
2468217184
17510476
71102590
84465558
100615590
125308123
605603433
820890882
1334278074
1447858560
64429296
35721923
16366313
2808539952
26685532
17815836
972644136
717735075
6988672
12628902
14289232
14438552
14714072
14999996
15613026
16295106
18585296
19247200
21632854
22997834
25102328
25899990
27077522
27865199
58970349
73720727
83237220
85385599
98026138
111624236
158473719
171613763
173713985
176484419
179422421
185871889
357139194
516586981
588627889
1936236900
1949964170
2259256448
2259631796
15097238
94119054
154595272
249284389
1687008614
1861768964
1408209270
1915886479
703691912
30460018
118269391
2178843690
431215934
370955769
614026419
1284257707
7313352
19431023
27658164
38104045
245075403
1220188830
1477214874
2149282442
2563452031
2600699420
862125715
103283886
216882807
92620922
60707151
14084370
533698087
2162002356
16467410
40063888
125669068
278355610
514074497
580912773
2188941686
21661499
59476129
2433462637
635670321
16121039
335940838
61349804
2433749275
2162956988
277177243
52856990
221842176
275683741
14665013
9196392
2369445908
17122848
90522059
16654696
86373985
216831388
2564108016
100043805
19022410
366110956
99789861
1945365282
21337902
454399338
453165881
79305897
9236022
38032836
1244165762
15524427
182207725
2330080366
2462147220
55761512
22201568
30754941
43192807
460190713
2412678600
1875442248
15537809
15823881
16036760
21841580
22723897
64327289
183492090
860237030
512446262
365833123
932671008
125988399
19847843
14385055
66807471
17653817
229345359
2427519728
10926942
42707220
81374693
124278878
168101409
280131726
335602296
405217559
455958732
582092937
613889837
714785430
759375067
89721114
7085
18027276
63296944
33472426
33928067
147576238
27372616
279846507
42638195
945220710
65239428
20022871
42733887
97660124
912845360
1334856367
213950777
22013850
70526849
270680635
272503310
63173027
22182334
29492701
5838072
124552431
46787347
1963286640
587662797
15194217
1541400458
216716219
2359825550
178109493
1219491156
374824870
90776145
588768771
459161511
197566746
457823372
132299659
514452520
490464071
1886656602
314824715
2153733493
9658232
197961864
466196840
508685942
67190925
55826349
214584371
312116254
1599824678
15704349
46403290
1347753685
1252122272
12378512
329640500
24700843
2178187512
227214245
1543150358
171536717
117663162
108801629
107493168
73230758
75603866
65363711
65258793
31373365
34498491
19022342
19790013
17283008
16529946
15495310
15326236
14179249
12886272
15871082
16948890
17544951
36407795
147374788
232722610
195522810
764090257
1187947322
2269667804
14718986
160702938
61841420
1942449588
157669499
173912306
1912504146
226991537
1221964135
1373472588
275801493
958680260
534249758
73998176
50878113
32130990
565851256
20648506
215514752
83002087
75081316
30921759
256768970
135600198
213363727
15729081
21945456
261857126
1072918903
73464677
757211413
622381085
32814773
436086722
31065454
1416983534
133941575
15079849
513685183
312618312
398288116
42807823
380940823
349314151
40150991
460364204
530959438
1669234783
30027617
11420812
94621298
41401375
103018203
85917445
47706817
166294813
22401519
16050319
1237677882
14461795
154683204
522453264
286117574
229170643
242705296
468572922
204454631
44622965
683523
3234441
7992112
10814422
11798342
13032212
14326244
14335675
14611271
14874480
14887915
15248019
16468763
16586626
17424344
17262345
17869154
18460854
19343245
21089214
20985729
21486376
22109227
22853193
25077241
29012427
29986099
43014609
46195469
46222887
55117623
59832359
59779637
69175584
71074754
77481027
75885864
101477465
106324963
128932995
159802135
162093030
163019689
189185882
190329546
219857075
231549197
230594451
224347693
234782435
235347368
238569830
252448338
260887905
261461763
262479609
281695440
311083423
313316338
330762235
345776299
344982427
399616047
404851397
410474306
503134759
474902531
545254148
991233510
1078398925
1130876821
1102644962
44239241
1470754237
19913494
14670825
1281160105
147788447
22174229
219694278
14654552
212211502
104708539
851619162
15030779
39302767
1040740933
1227954578
250868268
437461611
27002573
325475353
114323099
27902825
149246544
1598574672
1172808756
44507218
16985914
223582251
112607220
160673815
44150176
275603780
39895766
28180014
168878466
1347720948
164331723
107214132
109674923
1561307730
15699438
799306117
16192261
257571196
28408162
24810925
418893527
476765905
17850637
129615849
856312507
218365253
22734457
14749606
1066979510
140643083
913391738
334305328
17146683
263174173
270105758
859642411
29751404
889771154
7622122
1102082108
18190887
241634084
17033125
263918540
425143891
91615781
632543964
1576354484
17854529
19628461
613677118
31518990
28360840
272483235
1201636644
1042902421
33616942
36469850
17132938
23344293
37599885
455472161
320369652
14498064
16790802
18165516
21415573
28473130
44691839
60080764
65982249
87231927
108660349
188422136
211243756
219354895
239637758
263817985
296925843
109018532
503192080
1485229310
14856725
19618710
45338274
858927943
492598570
1377208070
1040076320
272028239
52089886
14058491
44390385
873897192
15940626
19667675
346205350
189005471
50080995
291711902
36505155
81998705
1263204469
15539668
17600929
15946088
551184058
144970133
40273759
15581966
38516080
300960724
273953258
453528754
36241120
34663615
89551657
338739157
15654868
390424455
551316818
1137996457
1167214998
121580581
29296273
49704615
160989606
16069194
221228634
52201280
406725707
297473575
237461674
573956600
333270510
68570324
544273478
301753916
157993772
485085139
370229478
225156081
16071315
30349066
16035622
821928451
280678037
142719452
98446420
172436893
822728256
543999294
17785205
270572725
1006736880
60709454
300250566
480560157
352864830
26405352
301691042
22211029
251172024
47412698
991448455
40383726
269938879
77319267
217685498
17583467
17641055
1358470370
1237817282
33692766
194461093
14924432
279687172
374303166
1284337112
126758762
1336733714
17874544
118216802
15793567
49624455
760131962
214599515
17879492
74226311
463064433
83859351
271527619
634784951
327536897
211581766
707426714
102291834
411162162
11386502
580487993
106137673
64141082
3801141
72452822
17055057
310121944
1180130208
519113933
453383813
540378330
14469179
290660701
879096566
14209994
32420636
604478281
14277846
195251196
583383887
41656017
53263997
43367417
15420486
17616445
101034530
196329065
641963
24022227
488794232
16906715
797140692
1125932328
87170125
51728835
612847014
81901046
114308358
27972759
269954082
118736673
24060589
21111715
19721059
42900237
17193794
22153863
34046322
72680058
55025199
17456140
15478458
22171728
36745113
106515859
40055460
29501644
95831545
39289398
279720230
472202585
15836048
465565904
262790043
148564069
71814591
489089599
145255383
34714248
1138706473
17995094
39240053
40926568
5798602
154904577
573516318
722454102
158129535
17631595
16312447
222583279
17292143
18726631
28599031
196752751
733093538
84087294
463124889
17499507
39555236
14532771
14924401
29488879
58652870
437646824
944226852
29888185
230777466
16109358
352572033
56727182
91412403
214600826
281550856
64583215
314578469
4494471
123239234
422810592
18353753
423446028
38962648
26776649
247324056
262708929
87346728
14232619
930264048
37074306
26006577
783370735
492833690
466690699
16968523
714537157
369761792
405714281
479729857
291382297
121285250
17093617
17475281
43702278
222030109
16818325
586867971
16437841
43241699
713028198
51556323
7792792
205579131
21222990
209133416
789735236
425230329
44436909
255566443
90163709
231269464
17740210
20464898
593002515
378425072
17875053
36947388
173247384
750191563
62178427
455342241
478682145
15456810
16204345
15583174
539285930
62601419
53155646
463382704
35369619
307900214
35343109
573025796
101102868
25446627
318365393
15762258
198343949
18411438
103408695
151854185
238639568
349259765
222220790
226236566
472422812
321391567
71289305
446759123
575253205
236010757
189865512
501854960
16177296
33542214
156298664
14667150
26593261
353086887
532192139
35132162
268752934
553622075
37073206
52529779
19210640
197860547
615562326
20190989
16537965
268948698
297021741
622319841
402422661
602888444
44269435
27525521
15660515
11891512
21455579
271008977
24435208
727312159
226835223
108468506
520091213
36094135
47721788
22498525
30453758
450951052
32516316
18151756
487550038
322723573
2243291
634167541
123663224
211859970
19080127
46633016
15585410
104643031
93918611
177316179
48389816
17443121
23994503
15008882
121553351
534480436
16831192
342172683
126446782
182834701
86544813
62855576
142017121
463377692
284590669
17365324
39323281
144954932
41426738
116105074
17447756
609498858
599563968
616457713
539456690
15492263
64786250
17220785
14540844
71727572
300878069
63101495
19409703
89788326
18104830
214353664
34367041
16410171
303565422
210907232
407936779
186273391
147750150
349285093
325207343
240950428
76826334
35579658
218697713
505075399
435295547
82406927
595694544
16467027
111679943
18378733
327625062
269951467
103976896
552928626
420636280
19848697
94467897
26005674
145056472
203445197
14342018
275043891
158107807
329306024
17503856
270486267
175757261
19563969
395373900
42068374
29930477
28418204
545180861
18939375
35743357
17074703
29304110
495546961
138845982
62588003
18790337
174329536
115274644
165078866
276512206
359411392
124463080
185900425
197203459
467591775
23285732
51534184
495359754
15221625
18888465
43282062
87054041
343093295
35193990
124053234
269952476
16012670
296520811
19720440
8771022
16257278
132541397
15678093
12786302
99740445
14666226
15149376
250866096
14802901
98916591
205762375
25536162
15565871
567590095
52852515
94186646
460538660
52086464
236417152
74175429
175576528
26069335
16044223
31505324
71329521
249217119
15778716
23069229
18770763
118719853
32140200
14847927
43357548
7990982
14590903
62512039
119101638
236554137
19146041
175255606
63024615
427603412
22271150
17464581
103621992
15856971
270035965
56459076
40165375
34422599
90740879
83254797
30973
29212796
161536440
52529256
20543544
75761168
3465421
475364667
186792110
221443780
293779110
17077260
16855912
309673402
235456266
597192048
18950751
126076363
46589508
182926996
423736894
169910670
15833031
64536932
26029438
302238918
366431843
498269165
462559696
16107199
234231394
577335280
124633321
102113391
26613954
59002196
70718986
25337008
228823239
88029412
27089202
9712142
58609203
60410775
44679541
16012211
324550508
477211815
26160868
517955921
84708371
400353088
21553660
14792231
137403286
52293641
297474523
426767942
238374108
366448196
20564679
11321622
26072608
37503513
68206034
18890320
334413515
402830606
238468065
219296892
282367257
67740737
304744530
16956012
20741153
15232295
305899489
96153414
487723231
114933998
197981577
194747830
277511254
467759993
190736739
530846963
307104610
454294712
507974491
5920532
170578800
10054832
48200258
42506783
15842588
168561272
143152131
16098050
111038638
27953505
62423
8912892
376360744
14610115
18766019
15092488
150096442
340496114
412783774
24006260
481308654
252807427
21346619
196704105
94107912
43525532
16691306
19611516
10087942
68784417
24816651
109597858
16927259
31289313
284658619
15108636
168505499
28482721
84075278
12550682
174649888
318554792
138976344
33933186
14233031
189427514
20625828
19566653
114333058
381892683
444404663
16186743
14791055
25886522
142117393
125825837
15663292
107182477
36558282
366594737
15038742
19843091
14650898
63160530
16577700
56929066
278387213
35016321
112977585
149253473
297036190
74452613
264897818
19095170
20267632
249559179
16145832
360184460
223713001
104546929
271950395
26962612
418712028
216616711
41234602
436783273
30487634
77285641
95542229
24965361
226334045
14354001
63455929
14356106
378365148
63964057
20209025
172052011
326950995
15020350
21784503
201469019
148167530
366727434
14545455
17477554
49313161
358870779
19030402
11674822
261720715
26516161
106837463
94640386
18732759
89084561
51170381
18084709
16887348
24119160
102194424
83247990
276765983
132975929
122513255
118413048
17475575
296448111
19096371
196447125
309261602
318080093
97510248
51252220
185594200
42139067
174338085
102554939
33874585
381578824
43370226
217391854
14212028
128372368
354137263
290626712
332303219
45840237
321771852
21321133
34754358
14445775
66882072
20930543
121630216
300825339
7746052
14423035
112861579
168499382
272945655
180066380
25374040
284594688
28624839
39298222
30543704
17644563
16513795
15950891
216949188
21790284
133697600
16209537
10268302
15600345
42819565
192622632
226695369
234627875
92356909
34107420
340969456
338726127
19955130
34521979
34580490
67725885
31490570
145101844
37446680
25021285
12759152
275793548
19286347
244351916
217457607
7825052
263673252
133178883
17447657
327248469
106267254
257063760
15954803
60949636
120103615
266626603
273747326
113815046
107572393
236464250
16126957
15485867
61223437
12764202
41268882
95200183
147076615
192615297
17339508
52063112
19684844
21452249
222230096
103652938
205420379
64284864
339126655
324712421
285070893
293850289
178902049
104598299
102853235
115842890
71340781
140096060
182104983
186293728
19766821
223453942
170483241
277301307
182166747
17041343
30369814
11471902
339799852
87272845
83040785
10324292
355528052
268075516
120850449
80683573
174397504
298790135
795636
15220473
14302410
83451126
15685200
67418441
18513172
15535989
42656360
80668035
179073082
33492243
103904730
46615577
164787657
45254966
273088793
177680227
286270345
204805477
93894911
317510903
139842543
84423326
136846940
222156326
84253390
320217122
124910361
260737499
185778882
335327937
54377974
316338221
27856259
342905733
26517375
326743289
14919967
16652304
274209764
15037743
31559965
174748955
91738520
24436600
33025520
25073044
15226143
67611076
261736294
33252785
180945752
150416420
162052960
14533402
114467024
17488850
95970900
324530694
14640587
190924183
14726762
14247370
15100156
51651932
48743276
340412006
14291015
16261638
345155759
227746096
134875982
313529791
313671742
131881526
28366705
147696582
24885385
22150308
153023339
27040096
89183429
20962228
16369254
102826931
12089552
154167479
21938564
194644592
331814222
40251198
14498453
13638892
14810783
48362513
14754224
10339572
18910464
15040339
154390354
133563775
186496402
221274453
257050073
48511320
257636906
244347029
173290891
15707673
235793812
47658620
19421731
61780252
18027568
23618361
16653872
162607416
34505685
5881912
18005792
27760216
162140481
162101695
69175407
46666106
5693322
326343217
167808821
15393033
179150049
17494348
17221158
54548089
80398511
329465726
17825939
16825961
15445154
18199135
98914978
269996178
73112403
28265949
312670596
276708253
14215987
14348469
18056093
15452859
22175927
30402965
17370208
10824662
142342983
236560217
321637648
40054662
16227397
19363549
211360112
16912741
157451334
30057518
131035730
295243982
172878445
19428773
16043308
16904934
25117791
140635836
36568789
52758395
18792477
17543438
299989603
26071813
12753372
31667926
21317121
194321816
211607070
223611431
269997986
225048402
37895093
46193818
17945015
18488535
54107005
14842636
23905899
188019899
14550180
110772832
202620180
163859249
14937173
31572398
101575696
16134177
70465491
162455722
27628698
90203791
28420055
18156934
20351695
124821636
16877448
250785175
29152320
237359097
37554216
19743124
18611270
17001697
33212108
178377172
243159490
21693811
155999829
247471547
20489577
19826674
156830638
18131988
263358300
259018463
211942105
278767932
16912241
18458887
70725288
84334927
26811248
104911207
238256458
145764563
95424915
69862108
9271212
14904123
14571221
48141176
61859714
104284330
221858337
14299583
24021619
9605242
285635110
25126770
18089255
158095592
100388077
204856728
188870457
293098621
17770245
94847488
46321755
14883514
22664094
145493004
11235032
18055540
104739981
21574853
24832237
21336383
15863814
15077588
78052428
109381862
134464789
123276758
103310997
99545496
22973979
32870558
17127416
26315762
23903982
15885783
27804567
23515036
17034622
7479702
5378272
26513587
40556891
116885859
34827431
58808868
222508724
39568359
228129339
20782081
156349552
263908532
225516392
159485995
14133998
139065442
15947380
153173301
16191487
113549980
106185357
89779481
277121087
18295124
28592350
106462706
215027062
14601631
100838474
19080178
121526589
28564127
36069225
17779151
185712494
32699230
18640926
132935266
78411917
80401955
17765149
56692014
30563759
14294650
7853592
47786544
8792802
44213844
14679080
22481214
27950149
114049072
129997065
158953043
18273224
47586577
12813142
233657062
23767019
26545250
15230705
27713798
189280347
144887472
138546900
14252402
16698304
12322812
16033434
14318382
29484644
190139094
21097886
15969165
116481608
229508697
24422005
51825931
21309976
29922504
42346547
37483878
148056924
27937719
23482357
19090407
16554930
261709492
98733611
22188115
16020309
138244421
14317742
24701703
136313517
159599431
194281089
16153984
15175819
14517899
18034656
14256093
14194833
18422619
16570335
100854371
16471088
7234682
6627752
11886542
6572722
23998156
98456864
73917846
59604142
16469433
38108873
97933019
17802212
24692613
20831308
12638132
15161390
16051035
20828188
21275406
15642916
100706647
14570187
17878138
186566354
87604746
130886611
82444043
8062782
127090599
21542816
33104204
23344174
93472873
196377968
14245443
18812795
68387415
15329797
15366424
15729205
14669166
62950338
196308231
191600166
15784742
252731182
72950635
47759008
222551540
170498683
15644788
7019252
18966815
109604578
15060916
77890226
14128602
81233767
6655632
15878472
15470878
40040813
62357751
14222871
17263943
15279999
14814996
21319200
14304739
21796966
17078624
16427854
37411383
14292954
14519655
46707560
150782501
161009054
229232400
86112374
186277667
195115212
15023223
99340528
139961370
125867143
186886472
24899083
30993141
105178925
15063431
13840392
23141472
17240550
164024875
14232962
2390651
94919897
8658682
15524002
14179549
15811608
14424031
100846973
14702884
200651119
183228654
112441079
63283271
11058522
111463665
15488758
18997715
17441193
25534776
15817743
16811128
16331415
75104523
16719004
204818045
16960278
52289199
45613232
73191148
108113524
18515664
93048087
109669183
72736978
15329493
107727153
95532460
158160920
127296680
16918618
58641468
15790000
15223520
14105540
14872338
9056642
14928556
14238563
16941718
12025412
15134093
24195629
14496837
15577582
14376840
11972592
19956247
15293159
15492983
15654910
16720708
19111507
52135803
15085260
105698456
13220972
75005275
27891400
21056514
15247638
22769446
16811321
10226672
16268593
16334388
51253343
54638743
179083387
14640281
120886193
9143932
17963939
15382610
16210893
64330608
45742161
25532374
16434256
18822103
15924274
19212469
18493879
15791117
6811802
17519222
5283382
61325384
14246511
10950582
15041558
21574142
14634791
15120037
25609101
6753582
5381692
9166462
15293352
13964112
16456568
68982398
18500081
55617759
35347466
19035372
16144800
81839704
51799693
10277422
74735391
16496063
221779541
98761974
17022831
16022682
