861504170
3323219084
1119537602
480377699
2726089980
806766830
246917330
2491675729
1705286461
386116883
471293670
367639603
560990897
1855138872
14842532
64695003
3004191958
2617311560
481993237
2889363963
256203095
124829064
791927016
412883715
2930993140
1289889889
2436981818
3062127810
2841779370
2242945850
3268510796
3480799634
2700896623
2856913936
2207239916
52575736
3321088913
210828452
486722576
3004120468
2787780476
365557568
3169187533
59617171
3373915475
2674950086
944517020
935146441
974441220
414702964
389420951
3377511269
208053233
2878086637
140800210
1013121780
2185079189
1352949384
112638046
110946618
2677304461
2208919672
2709542886
2950097339
175370725
2292126297
110963237
3169050840
602550171
3031039329
1354601461
2900535031
2776075119
3328925193
2287887180
2343570110
2358183708
2284555634
3241675502
2338729278
345099129
2758395235
1322125574
883127384
90797961
1049041352
823675279
297704359
2199719445
3218634844
44144631
468584899
2873671989
1118367852
1431378265
28940282
3273225102
91586512
966327320
29676640
436591085
2239938440
2847856835
566702710
211063953
1527577550
300029096
3382235129
62602364
24281462
1261073868
264829038
39686273
1326189890
187335233
457164241
2310759283
2310650618
18616085
3366243603
2505255660
4114242794
571453875
2325542810
30317113
2933027476
631348945
30918503
3318306200
103913301
112957926
2310736771
3362449282
2313885888
180312657
2314467336
4072824627
265334237
3379423199
1365378523
3243737810
1089892357
54882891
2308812157
19362574
3331227184
3577547181
2853332177
3795376949
114302027
586424411
2453664565
1262759700
3104772752
3247968094
5375152
3041793031
3131245155
3327765263
314587290
3355009120
3585611057
20286666
2979573141
964196761
868906116
164304719
2351729989
15627598
1323390174
405119277
2534747510
45805009
843223700
102712612
1277472835
467202000
50551561
3246539610
2279171664
890122388
2310680862
221323070
2893175836
390238989
1433143153
2227526898
217025101
3585393076
1906128186
3221693515
3588518057
1899314857
2410057062
3260862158
882898152
75049621
411620314
850799732
1382336750
122030129
3188906137
755718050
4178823755
3350581979
2785877884
31043634
87411160
56316699
18424946
2583069936
260158639
2814883439
394241014
351758000
1325244324
2310659694
2786416326
39651447
468580209
386613791
2474502782
37769558
2777843000
28062456
69681766
104895807
14124631
333971462
1099196389
161480716
798556818
23846504
2366880149
425724020
2316924108
38146348
264244935
2310223423
2802664478
433628836
158692730
2717394330
1139831502
163811889
386054699
3196157789
590889127
18290956
524641229
24269672
984279223
2318083470
19457875
2588109960
386475656
107782842
271341678
1228383686
473628132
45174604
2869036605
1871483298
2973314563
32896052
887843359
3322919981
168514268
1957208246
2831878856
2314169851
2931134377
832422451
504744470
2906087955
2980998474
2305497380
3322002130
922216512
1538832012
1183108200
1409919895
426090399
270061548
1961229607
286233279
318335959
79220983
66914448
2528702076
2301149521
2400468817
4115175209
118717442
1873897400
260938762
2879022646
15131814
54217516
2928801013
15412070
3331581244
996810217
30315515
403636692
44649720
938330827
108838948
500442807
3382016500
296877821
2903588266
2495028463
211175862
3312135162
2827792189
3195076822
1276451832
395860499
15076583
38623630
287213699
37745812
2201951496
2235082016
189474615
521743953
2429190975
471560358
23686756
3110714477
2571306416
2739680245
1064085181
157017556
4139380693
468790146
2178920484
1531511574
185150047
1616130810
20764373
893985056
89769227
2188169425
213322134
2505187038
633763978
2787528627
189627901
20462868
627528534
2233514474
103863226
21851071
2423766902
299385432
1445636654
2993884125
608328775
1063318705
23522511
3244382466
1491667722
2895067708
2243860400
2965027157
137727876
25914213
192585920
97765991
1853824369
3166627490
3245376630
1257645007
216147418
1406831414
2472964891
533210014
52740347
368446573
232910707
83197153
16391914
491185538
251113918
2564172839
18548136
1299558078
1606572625
3324505184
151903568
2474029777
3257852436
1174768225
2583070939
2235427992
17943171
49003209
167823348
499620168
1463208198
23486959
3430015065
222092997
2307342901
3329918422
3110156379
2888346648
2597309413
402944504
2841481948
215686876
320327147
2878546599
384529345
2717697042
3130597658
2646287900
277538877
1216957902
482126936
206110059
3278841344
834085219
314649566
1382627982
3143510609
976923020
969949920
54141035
3381212489
3375487216
186640704
3247941871
163299688
239532275
428184648
1660676504
245979889
357354603
774645498
23743904
142383784
937977728
2402328356
2935356488
2377394006
570044792
204833926
112430669
126903716
502195996
3324882365
2335384843
110262933
1915560350
1675125758
2282715354
613969275
404720445
3218769272
535738253
2534943164
1908235441
437311418
185392431
1611708830
465092949
2887223681
1404250915
968856324
2578786465
2207761040
2580060824
328281085
1932019164
2905654820
372847440
867717786
62200013
1419712298
2385323568
2984624342
2732584356
1651745263
1693359115
2305753400
604772054
3331147715
219048030
400077108
496286576
186175602
1189689516
2926844607
44291447
184517281
825028537
389661086
477843780
1266989329
3403113160
1183287138
3096227980
240451540
2940018152
400872693
1510233180
2401830277
131829575
3202621383
561257503
740589414
2391300518
2322029732
579150832
2898645946
287261457
3060766002
2577943753
2219484504
449553573
1731425108
1490300052
1279063717
3472785617
2834317636
132754381
393792744
1055653662
2782022756
323972810
2778790146
319901243
200583835
1419315619
87475277
2889200437
61717997
457361103
3395712857
3205951959
459367787
233542324
233070040
3263260305
233213435
2801011811
383380966
2822380916
329029726
3434240350
2415765410
348843547
2837998204
2670004854
318322550
19315409
1309584812
1314787699
838239127
22691934
18394864
370221673
204858242
56980475
326255086
418423461
599189624
201844748
2778820716
2898118440
28507777
87765496
285041343
132172646
2428205239
2701599456
1143773466
28703779
33145238
3246085665
2944773667
1614016326
2300238246
1198736390
1586826302
3269981784
1401236340
615843425
138862578
3165358379
871970137
2531333780
1129530978
111427015
2319352300
632682104
255818437
3283756064
3214492059
1469722238
2824326044
1464177330
39553219
211605838
2485811094
477038952
753252516
2682105606
789615175
2915352214
948206048
2984601405
79784897
979503710
619722771
460711368
778970688
286663419
2512958136
1386338108
2982010497
1967731837
392142875
771136856
535977623
2752388304
3072312415
42034114
2253517669
1162011708
385040138
112296882
2416508748
1228568425
2258007516
988725697
1208367830
1165856904
1239862962
292494980
3105228183
619884434
3402704267
2957136114
1056431520
3044225996
3144842651
3288636405
3360880199
160677386
3301423960
3011559247
2185067749
3336888927
2565387036
135632313
2216150400
2342495076
141163997
961662043
1733065166
64911267
237915738
362955937
129129809
1668660114
55293205
255295299
2890156963
1954560061
353446417
27388992
3397115921
540620095
57102941
1109158872
67096920
379530273
405729703
25999593
122991380
67632319
2986470580
250939808
19508175
615828825
18516299
171410996
3715941085
947591053
1897423562
215456915
1375445539
197706344
2413219051
3010618987
2511333536
1435074289
888576746
888159002
457197911
1104550837
3994617754
3987967114
867835351
3027965754
541452009
28777068
117174721
547361705
2794790998
2312768770
2894751368
307758202
2292051420
759025850
1269742632
1933329270
50394523
3586808952
1653378632
1451714840
3954767478
72919045
3997371934
143824760
477275803
3451896867
3985609755
132245598
3995020096
4002889516
2498326241
125207827
3974868143
3956072422
274628679
19346679
1098958291
18579985
737927700
52484011
199559098
273381850
340442200
4005097354
4005263901
279358612
21329647
3306076548
232588713
4005646516
3242853458
1099901888
26642057
68371937
113624141
3302544316
407197664
3183061148
2407460792
3156851754
3127967427
3309989336
2468215524
3165820228
1593955290
4003854460
466951100
2207363442
958222309
233787925
2940278759
4001190017
3849803414
30192614
3311325690
2593444916
423788198
4011765089
359080682
87597088
2467766509
888433362
2374043778
2221588698
21966832
309360945
231862240
3833756536
16972945
974407400
3286359959
3521301195
3977412435
19877079
479760312
263096487
1072673509
866725093
951415244
703981243
1197436885
3243483864
3235695006
20975404
3807987021
3180407556
55197149
3987437788
2447832446
946507104
3995890287
46171856
783234816
2643889114
585791164
2713699185
753117697
3336757161
2697666090
43082518
4017325276
14539790
3306566387
214237904
2786054467
3530676973
3388732151
305004528
4009763974
36325662
354420730
15721429
1303883462
2205533976
2236487851
2428949497
3195813457
180051497
2360347171
520143716
197004387
1190735540
2797628719
20670948
2408269206
380019253
2439129697
62925702
755066900
1640051280
107464775
14976862
23639363
2338798080
86508614
1525806739
165692422
2231860656
118166260
894408986
302761966
632296075
2584416865
241640955
37961614
2807516089
364813013
174667752
144723896
607798222
268139674
601498723
232304567
3425864277
2547141042
3240964613
245612243
288134572
234233286
1557177367
2915252268
3998593817
2348076618
119344895
2564157101
466890827
144346429
30391113
733811016
16563471
1088841458
3991864339
14055804
181965836
1390431241
59789327
16966104
3064399803
23613988
2868903235
929995831
1463951226
527879928
4000089219
3292835576
2256469700
520258577
14145746
297835747
2932138298
502688184
576028067
753025196
315823100
1102152266
3041585350
82235809
3627897558
947757114
496475320
341013093
629537782
126257198
2248692792
196094598
3246270399
112539576
4000476731
26677806
2485136984
2449937503
861626508
3670394057
29994407
25357874
411573333
55146301
991634754
251356667
1584750906
36024208
255735160
16010056
134092014
364743309
2227511900
2276156077
3224687349
65578284
2961814004
230932014
3876610524
2520542568
2832588030
28084676
282306866
2328712861
3995774189
782193253
2574987306
269938879
60903033
271471805
96851482
4017902355
1154711041
364789417
34732804
1472484391
102654014
4025384416
3503028077
1069137936
80085403
310489586
403970670
23466981
3070126585
621709488
497837303
1543220509
205301961
875415774
20123150
2953747835
277757077
72013446
36429347
164171879
221311996
231618366
1966069524
1109961744
3001127471
2848583860
206257884
2514128228
35436858
28236748
21321735
3018754390
1566164354
211647387
290909689
2290157515
2938720184
140583188
2216115456
300162925
2569920840
176869187
1426406143
23124203
2305286370
17590863
82251214
15484116
51645484
4025325987
3322975242
2856031773
423804948
2706868039
493344856
3990547295
74906650
3980611270
282733844
2493954458
10404852
3982580172
2266439282
50594829
227978329
2970854097
65836867
854851580
100927079
1157516330
319939901
3408979617
4002711310
2689502802
167686055
278214197
3983032809
3224474807
778898904
152026539
1873195010
2921889186
52614815
68590699
247694578
30117455
14143238
125754479
812831000
1858591386
142737183
23300480
3246295888
362745051
283183984
35077698
3912726915
64805747
20240739
495992543
37990712
2330023145
2327024364
76213134
78712735
3728645505
1304709373
26991649
184476781
3306399540
783355369
44449404
2875612546
3976395734
2182960532
2821858859
2615916666
87242016
3080842864
3873656533
99841769
3130975186
37342193
3685983016
3825345933
3312206919
309226817
210692976
3118978727
215950046
3321741524
2558062918
2830092194
91104734
1511888702
1490080855
610355492
465964714
3881531532
3539812880
595533780
1713376344
368370629
2492331576
137380559
1327639712
720817717
350142324
64487437
1299049476
29459695
26468699
3988592961
3283756866
4011560963
4010745700
3431359444
4014112588
560205477
7350652
19068720
17898327
14079425
16494321
28610770
58233608
108698830
280549596
3153132315
2969604611
3223869180
323265196
1048931
2881735034
2707436346
3266526451
536264319
2963830033
1390349509
14069380
1525384561
55666556
3223954915
1129222634
36958530
3223860060
115972373
127904919
349106355
212311621
17393362
16261638
35120520
27845072
30249176
46652166
119100938
142508055
2949926542
2456240694
287970510
2164828990
2793373429
1247372762
1686784296
1354508869
3296876761
3297231788
97884061
341437138
2343350484
3393989350
3300817244
3300833624
3395085125
3301343341
13626872
3332557235
1310995368
3390943564
3002504444
1571705084
167855478
246743897
2841630104
3222198368
2385780206
3409146353
1019474695
2245304770
3318851318
3306559538
2219533792
2425839231
3304719347
1234230656
3094487164
3394312450
294724427
2616153110
616834383
449740234
414757709
427814690
2958384779
2240083428
3249322200
88172018
1533753895
1419968850
3318759153
2362693999
23492403
3250586749
1137320203
3433878028
1464409693
2209196478
152158152
3633862037
3074000088
189245716
2659354702
2344589102
3409285780
257132048
3084335751
916658264
2834807883
3407443054
3567757994
19907396
426533895
2248490444
833547914
169598067
93155089
359362770
245853670
1192892472
85778856
3312273003
2616947784
3441216742
955989925
120905437
18137648
807573607
60569559
169182585
2778878244
3601296613
912699409
1116648570
307215000
604657572
1690948760
3242579810
284219048
3282461556
355620492
356895142
2320293305
2557884649
2305099560
1096527318
380830131
936764454
322253898
2214272993
2253791730
1039768807
143592882
2408206877
1443950486
3319404064
473706255
23741912
314461264
1359774602
2461812403
2757790189
15064461
21925490
2808464084
2230341649
36912401
1480403934
559712190
730898994
1855309962
775694216
3066903816
193735662
13802392
1121640884
390412142
36043046
1272096924
525949945
568024895
1630448304
394776692
306422789
73913922
2963185337
2210171
609194221
2927414930
2343342150
1143587136
1590800186
1121743712
388749974
431117390
189453287
319246523
2421879745
55074948
96842851
871152554
338718925
39616153
90849125
3242317660
1882281708
1439570792
440448152
92397250
3107982019
26962494
21268553
1368236310
301337097
3172321071
3252089414
3269310961
575665720
29072106
2244770588
3344191319
3254810609
2818037942
3263230409
19058949
3242059466
125348640
297458040
2534835840
2454410604
30628871
226253427
18185124
207058267
343283519
2873954841
3241082147
2500704000
1431581443
1369632385
3115107215
2314375832
179045469
1484695387
3364624293
1322691
2498923460
2168332808
71292777
115524923
3247979537
3365862591
2435690629
328990309
14426771
19713521
8820652
116994131
47586577
21896072
446506935
428484375
213119979
308062362
1952076517
2241053310
2816577612
2402148228
14249337
3587937804
20857667
382876323
3434523423
3666036076
90983105
16010681
2952974304
3658497013
115637932
413889761
866349235
3380937815
623931028
2804050747
1252591452
17437942
25635277
2676958468
189938601
16782604
84273114
2609065604
3686752695
2814841131
3020128625
1463855784
215205496
3656048561
2836786308
740418259
3685736896
3236971650
2714874608
949336879
35820122
35408278
3361425373
847717470
3233910643
386169915
937367178
3109512511
194999511
3123410983
3315756535
3326382168
3659635815
2755209415
3602437039
3439198347
3705019755
2342991756
3610000212
1510340556
101616917
1542770486
103562549
3643716197
3039399961
372641906
2709383587
2955175116
1166848296
2249075521
3510400872
133439163
153274007
1961835793
2264283554
33847276
34798476
14985438
2997675702
405334242
459518685
253217218
196530353
3168590352
201054499
2979723992
23579656
164386441
2269957598
3053728714
17592581
2987600780
47702338
2973910693
2292531990
3180303314
481503819
181052226
2864750405
275540491
1018846544
2817935658
210824373
348046722
2151186774
35684543
216172986
16396125
2542665678
9280412
568510137
19672399
32549410
56382058
1011391975
101971780
372406326
1606808928
496533384
135251922
21724620
210381257
38691332
46081994
474154472
65445177
17929189
3262993968
581965835
1170089258
115369328
39357337
463129666
2257206785
234838715
21659631
28457912
177989708
19368241
51333029
17059420
1622450394
56192994
306097253
552094012
471941113
24915870
3167369746
1029227275
598047207
32206684
18514552
1454929987
589843036
188080532
44672556
3239056148
2385864392
2442230334
2803335229
32948985
18924339
1282354970
284598234
260347287
56349332
17431492
8573872
13465862
2985753298
251838988
2778799890
197091680
866219268
42015598
2414709972
138150238
273887958
26074222
173307621
910369076
155202983
16273144
40608011
24272045
162248785
14562685
275215504
418909903
2723221604
2307561326
1335484993
69080516
19109841
2835537186
3611452876
335416672
479758700
15407462
444284249
268607705
592163099
2981476540
514808191
41559225
24895587
2984430081
20768157
702781685
77447401
2304247436
786696576
89140876
64991683
1342711980
2211967739
33697008
37391190
25601979
125233653
2763405666
26591324
377264709
154544883
3377875179
2793501069
67277375
3150587347
2533028477
232675210
3102731717
2598988778
3145871854
1256204010
3230097338
19822143
30293380
292912894
3344607792
19637347
38848092
612987721
18364226
34997226
20923386
102661601
40769584
30344426
456764166
50290834
123707757
2231465784
314174259
94292802
3194708660
36292444
148308359
126089692
27684167
763642
54851064
37544624
105675135
21023834
1643786677
21042383
21320757
16339851
15599367
262495703
75417629
486466050
263320787
114776751
172359524
280204690
1039382912
2891530553
2208435702
5889412
25343565
1227978902
2813396366
1365356257
2953583434
519787229
1131834690
18403847
14475522
2865117868
2743476128
3152021910
42524191
398032897
523467667
33098495
103904730
1138151527
390905408
19615635
112271712
3413414049
16050296
595057453
13900172
2964785098
18878415
157473610
3053305923
42249007
3162742226
80895456
535068733
224539468
18004144
17250561
18806575
14343150
125108968
1444589186
441328333
22758669
289353325
2571226843
945540668
1210492963
1152482106
17905508
1110350509
437706739
1676980292
227997426
133769431
2518547954
33953802
1110061632
16816972
1943201168
2793191290
322429019
547396020
163704280
49876550
2934314818
2190472021
203030946
14521343
1667125412
50706282
41326509
321545706
2428722788
22067273
17282261
343890179
3179453387
287470420
3307013060
2425144070
29271892
2698252489
3323178484
2337264516
2837945613
2796188949
158551418
2152436268
3215217692
90887710
257030847
1897070142
2231504472
568972911
2873686305
322044490
3195888762
18319808
454247754
2952485943
331631952
49573801
1550001031
3045543010
342864030
1410707304
2942867155
766593170
68292579
65820677
1173033602
312137760
2530373714
3293674742
2262949436
61466992
2211373550
227279181
103041601
2210413346
330510566
2827579310
49411326
2985758338
2329179481
1618789068
631873541
3272193650
246846807
2835084657
2725334192
3156571648
3387250752
23068599
1048438008
167019653
46321771
2659480022
3225675855
3290310559
213783265
137081027
235897194
2898176388
3413974913
489239261
2362203792
29160985
3242819852
3499996839
79836376
746177210
482370526
2187364573
3399528252
3368956154
33893612
3082027865
3478458676
3320348701
1917163806
3436597443
3460351821
294174418
17228689
129238979
170411805
872156432
2827796343
2462594959
3019147114
270764881
3000653385
3502314495
226616125
2336455621
397951689
3249080150
17949295
819745561
3239996166
1428014173
356317282
2827080724
2876067303
2993669840
3344611092
3302550522
3338880314
3502675155
3431637777
3363792502
55613924
3429916449
322666163
147521494
2943378601
2190979754
104889369
3504449236
2857794446
3488897477
25045160
732010909
2346569328
120069275
3261829570
2264058499
3494932581
3046867695
505804012
866860866
3494337616
3399131174
3401134934
3186147499
1468106312
3129774573
3404669713
2963403601
2478567078
27723548
145377518
324961635
16634742
602377032
850376874
16907152
130376538
34974562
3010405952
37715053
289069371
1516342638
28131506
180904397
24818864
30094094
30470468
42097930
230180013
77039398
250426127
1434669726
236540572
18496152
791940301
16187618
1223129498
87036164
22943150
18326263
2290575308
96864557
1149568189
1852053517
897594757
141453630
346086156
351012473
2603904241
44215042
112496707
120722672
3341905079
148789701
1538071693
73412195
179472919
42217478
3040638954
757726286
388388380
100281735
139974630
175743717
339465480
3234748341
116766949
6100262
2460250866
251263367
12379282
1560396596
552005607
40175561
304506457
3017119748
806603947
508835385
71365223
317271312
3308066629
3069396374
68679253
1116446066
619002488
471912639
1598450930
3143858110
58779016
1271970530
3394459066
1671968340
21822716
3297880104
1165557588
94077232
3369074213
286578636
55857912
1056188605
283998451
348963601
3071753526
2561751414
3169333749
98341209
624322714
16225147
1590074179
354582942
19904067
18378334
432108815
183719816
444629581
193030139
38452790
3309022101
890759148
221885341
1410369290
266702310
59513079
203201945
151170425
3109691048
3395047779
30431092
95020727
16703101
817838029
95571923
104361771
2950085505
21058556
2973466743
144759830
1498182272
129708253
38105260
26622208
1217768454
3298480404
2334088251
66147498
3298526766
3306701580
498991772
234758386
722386872
128584475
28073346
17998798
3211341065
2762838643
77412644
3243491704
264621490
14636086
22256347
2823746510
84253390
2292860400
2508030013
44215780
158715686
1548601105
127461295
201890581
23251100
2361707564
409624188
2595470485
19708277
307875291
747341820
62133056
2847251573
938525498
1324889995
16977308
3294484393
872850518
159431717
1359225918
299509485
489874228
3351799102
543181566
22008366
139731132
180643865
22983163
3107896243
119372087
3376975732
1009287500
123441944
197126918
2646293442
14592079
259340390
385117220
2733748525
36759756
2903023016
938894474
588140524
717482029
30570179
1194091038
1204776247
12430972
3230025625
1161998358
3421663463
2946320223
3308472469
22390043
550727163
3017955922
45083465
3242178816
3179592079
1735241
1322257022
18683078
2936445343
3236707304
2343762271
1115525959
3092710589
88907354
2817502736
2835912465
2902437457
2722015274
2741558324
3339934018
454562869
3260639179
961990944
798041119
205167810
105669501
54870290
3359517556
2468011172
3106126232
37364719
139493986
931454094
483513096
2427768019
1384634762
15487001
116533346
3328644989
3357341260
3385778446
182923724
119912933
426070342
114721771
3230717783
624763
2994412410
2941388534
3150662830
43866763
266921196
118648805
861141433
3378948827
3355390289
2567960887
296293723
2508941658
3199307859
76915553
15528687
2220283584
133252620
1722244381
1553008218
1250247966
308335946
1403645029
168884532
2841056627
398436337
100727865
476443251
186520409
1139077532
91185484
163488859
3183863910
5940642
23071010
464056311
3303205115
20164296
2903513619
12294192
14144475
23450919
459991057
35214394
15763187
7350962
2535869592
2796334270
3305665846
937713481
33826931
2156364109
74911093
62603911
15898531
25762626
549323085
2811504578
194162791
3268601112
46369061
368683354
2425210567
28496745
3231709896
2287026560
22514438
218675336
350255150
3232849016
31635121
550343318
774476935
2702175435
48829629
323909987
3307321805
102896790
469574767
38913496
831649129
180637195
217274810
107194153
2167418648
216801865
2774419548
3149973561
2302040934
3306108098
2980440054
14518191
32668095
15187269
2788446584
32499900
22229842
3067113241
2593348256
543254812
3081473478
214729532
3243546122
76971380
2581585009
3053996632
241937865
922640804
24378530
1096695584
1370693570
912877014
3181537072
36654907
578321883
2822442396
292819455
2820527707
2382733260
17683047
39199983
39674112
3222813805
18620978
24733117
2511469952
2470102400
2594552383
2149538311
2980733498
3236553402
3270399174
1328170368
3008236711
3399045401
3201134609
3013868717
1143439453
541193226
3300736208
2990726374
20207761
3390562731
97364116
3372368235
3400496896
33881792
267966407
23909797
2372343780
3236074198
18014996
10296942
856527548
21775637
534934690
3015923659
30871594
85653101
336749546
2933731796
34613705
219092636
3259107164
3343572533
21363569
247099706
2777710344
9980782
3269525336
2199524000
394059000
344615896
191958755
281611673
2832714688
3343812981
593286496
1382963569
2889638951
985189507
3187961918
30237743
43915413
2414012077
3300616253
3258861908
2555712373
2538807746
623543
130117658
19018937
2714352498
2573949973
2371810276
3120728460
52204752
142342983
3092622431
13337292
1208431038
1157591702
17010913
3276965016
3245754152
969461719
3091373190
3426986992
3130994429
224705035
64352972
175392093
112729790
978435097
2701213939
931542462
16419090
167760471
52900146
45802063
5359622
26222066
543424047
196744212
822970172
1343633407
297621130
2363709702
2515619605
3226213982
353279506
243569265
1402459171
76671106
271937280
1529468905
635951128
181122515
326201236
30150841
445310225
41765253
98599525
44150150
391805436
313712278
73035286
1566494634
1708217263
961347637
373794448
1071175598
319886599
2425893913
2351469541
29645485
308997977
3300514909
106834295
231125166
362755731
52645368
36242707
201927631
1470447620
283313925
260355934
2157143384
2173153303
135456764
226575049
90379747
3301499171
381620221
795431466
90191348
3048854266
621885557
61244551
2323905846
75012983
355475854
69476176
1278912139
609963499
47404620
1648067556
55801465
2363737356
419121392
42896429
3038966184
2426413352
2840957613
547874458
50489460
231023430
3129753510
17265425
2893537613
108155703
94071528
2698200726
365948305
30841587
462210311
2249340096
3255748687
268704661
298742027
186535741
185500124
219706696
49361935
30680259
65506881
20711521
248922547
23536565
296485231
95256899
28500954
15949418
75729680
151627322
21008075
122554479
70594297
16561790
5862922
53464553
