1327239170
309961788
1706584910
3286874018
1218683558
914063900
3081285920
165144989
204389728
3256463450
71163376
4020433930
186581073
3156263728
4089980314
1166656939
3317911099
1074484597
3949923793
369077292
87852625
225048697
4154129232
107488481
1015416452
147750150
3941668575
3446771716
46255546
3242612863
373375154
3815576422
4154942686
2637943344
106352176
1004075138
3094682647
3335724677
16864988
706332265
3718453217
4346103078
4209600076
1218670466
300930762
146477911
3843354559
3105535019
2744902664
473285651
623348969
3525238277
182446919
133484475
519175234
3394163997
13361922
4369707739
961366358
2821127835
2392932044
3137790427
4345785433
634626559
4329875545
130990691
531404578
37961617
562608012
2879760845
4253930235
17536486
1279367641
2900622537
27869843
2870871544
456178697
2834456782
3152569179
267500833
3301778643
34730520
2936423687
257060194
73647608
215100106
3062127810
309645417
1218539124
102476663
215581580
1218489264
3844785028
18242629
3839261739
2838170567
29823259
2915047713
500929942
534552347
4210908975
3485685255
31757100
241195469
3170253906
2995645414
3834929773
16259366
15009098
290833116
1588773474
3948635115
2743476128
2578559964
3818752933
2877472468
617917689
336638703
3141216702
1218493242
50294938
103573195
17262137
1037963089
25749224
556422395
155928311
3273528815
85569621
4127304496
2736642079
3929458163
3233105276
155824160
2698572919
3955200743
3624856462
83699885
3415293093
3343823861
2800315433
113084080
3957278728
3714447255
140230194
17944711
2832397417
3106974156
239833738
58800718
3112307444
2840952155
3434452042
224726988
3430252552
2177222186
3239100822
2922096747
64792835
1671131664
3314691757
4116136392
218837319
3388016811
3292076110
2603959699
106834295
12797112
4126190234
3126269277
3124211590
274295451
28351670
488152532
116551407
3035054276
40943685
624036196
351671137
2275465694
615266538
3095714561
546934922
722798623
215990674
27686229
42678132
1631970223
240834796
2862568995
3176992611
300966588
4039034958
2981907623
3194676091
4047370033
3029056209
4052721252
14813813
3443167339
1094263316
236075673
250524643
4056179355
3092697035
537467717
38200076
21426281
2591915041
366406586
4052566715
36472970
98744163
19169508
2217013674
70368605
2775902326
21714938
2848609293
3120517850
221250067
53838199
2986338775
3288909841
81189900
42526071
126757355
2722778634
2295029160
234521079
3126901971
233933230
2694632581
39775563
2225995386
2285365934
39897996
3065802692
3293828002
433888526
102475469
1631233651
3069721146
792767682
218570123
115580069
338280716
57325090
3816756923
3813793872
3759796873
3309852608
2468221996
17224164
3118978727
14708625
3243948716
3282131744
3075919117
36703999
2801179161
540406534
1587530371
14297098
434320264
947372622
3945550979
3942975675
1507459464
2484835994
26526677
461145224
20680647
2602130076
3071845201
3116086577
592244584
880790892
2651067600
152403914
267234685
2705805788
219496700
121072766
190274253
19028966
507532024
3321375311
620034646
2742048140
33706237
2482824535
14463848
1500258500
2900376760
2499409627
3085324032
2836936615
3058316487
78387284
3449463801
2809341820
2824210848
3073074207
61320443
3420368795
1040818812
2893061231
2845559127
3375708347
163582516
521017945
135251922
3196475249
2738305005
3321302879
95886277
3790851135
3355531095
479869733
56141542
108838948
210269467
1268126736
2584692230
3843776427
2370109472
486658705
1883854130
1314107029
121823150
3460751
376540316
235226095
2211967739
3763827143
3637934367
2344958256
3234125393
3193763706
1217636382
3772618275
399770709
3665009954
1899179894
2172643549
626515184
2331030739
103163371
517291397
1964124462
3313553306
3746388736
2965951096
339966394
1498388114
280745235
20456128
963008875
508857272
15987393
3242403054
60088288
66023967
3675798195
2800804226
3590241634
2555724756
3187885821
2893376964
2312845759
3406918513
565103969
481376138
406475013
2575270909
3516195738
976617302
868337516
3249974724
21035529
2340675030
1207667768
2907896927
3678880762
143377881
2678554854
234470696
2774712067
3380443005
2252399432
2842877129
2745922350
3632620709
345746906
24727705
2864419073
3279780746
2339283990
2789714731
3590389227
3481820296
1900220534
2951198234
2895262021
38691332
3536422637
1603899174
136907361
1110898160
1475773340
346921768
3481911313
3481761433
3262860480
348730726
1635164262
2152347661
2850001282
317456865
3367829777
381049774
22037477
32718500
619101692
93972605
3513141028
3449159019
3526998088
2166445970
163890738
313090932
3312927444
19539314
403590770
151564510
459834837
2972468227
2215875949
272442200
2364562272
29780938
2934089046
148005961
113036034
3168209881
208354454
3319992589
2227824883
35391170
4887761
447183374
3403196877
3328577539
3306314767
2365765033
1220432918
80602426
27800134
3304960880
139567148
2802304716
3306298742
3306223722
3294339713
3306289880
3403248473
3306332695
704403523
1601587044
2942036922
447553533
1465265814
1470376628
3389414267
92104839
423398760
3318313118
2263129902
3144541168
57744973
55503840
1418647478
5823382
2899406207
3039735521
3315425370
27151820
1117338182
3253855004
3319761156
2661417878
1449673944
209979353
1244523847
2963902414
2456239156
2525611874
3315534523
218501744
2863588865
1942940347
3111070213
2473416091
2153406235
2325031173
50218809
2974508085
2415915566
2232471007
3285484927
2316709313
328499996
1594449770
3289218278
3181068384
634785226
3312031752
28601983
47466410
1253499546
3233973383
2737728458
461779170
2218665349
1860425180
2164031010
124829064
21581475
3288465695
1356192252
3148648189
3229155266
17730180
35016817
38651902
1643402420
455869880
40551290
2835854730
2230772294
231023430
2932446341
121555276
115679415
2709507548
3394487325
1548343224
74460479
3184535677
18163889
471560358
1329438223
1769665736
308997977
209383326
2608956745
544569728
259387703
501010881
1638338376
97000038
14513154
15741883
117603209
3289239788
560790332
2168572334
2444346516
3318368861
458322044
973202245
2254526162
274327872
719359753
3286982899
300277565
252694478
203563746
1954292431
27453762
399253037
2906787210
30317113
3301156967
79181228
18815657
14395912
357668606
3055629736
629198606
3283761079
3112489266
3219969441
3281066731
2351850169
511223459
23049758
887161710
3134888023
3144292427
3195597841
3377508453
2241631370
2784420134
1359090558
291949499
3038070517
432493588
1626842281
357279852
200550985
3318391426
1954497858
2997099314
32737032
2460216512
25486361
3139894460
238235980
231929134
2872101236
3368613861
2154991950
3141163714
303976194
3008788633
3105079378
410474305
340252773
3010398018
881268300
3138155305
851316548
40580641
3235545835
3216456448
15645871
67092667
24139578
191914406
21158304
3039872340
2426351671
305832508
3364348078
3271399357
2729389253
2365377655
2982378755
3270296005
2674963274
323918881
2994437987
2831521565
2516698008
3358376872
322177610
612895980
16295662
3188666373
2775531552
234870299
2437010239
633164182
121946487
3311274015
206351906
3351840023
116766949
16904934
568759514
3319509988
3350721064
2387471497
1284961322
3326639811
2897190870
3237349758
3144141201
2345699581
868637460
2499495888
1337404880
16985548
2744295692
3035159953
2220283584
3337397507
1599875017
2937551378
294553838
1326930954
249164725
744840216
316296486
2909397931
2436468036
3116774727
2918015942
34256207
2364648582
3331516343
66214335
64525058
3083465993
3232687300
259674489
145245905
220540247
506540846
17644108
3230744130
3219995658
947828622
175743717
14873984
25859577
2148169409
980725922
388454092
3005947725
1480464205
3173031506
549602180
606412878
497150000
597759599
3295424309
3059878105
178343390
139827504
3046707401
34689419
576490111
2881116297
76676959
3112759897
1421340528
348351244
438072070
2271548460
16662922
3092300896
3030890729
39977088
14144475
3242964006
15695513
2899845169
2866916845
2815423158
39166602
1651810134
2213729594
482190157
400128084
235362301
300809540
104895807
1066493028
53589899
317208341
20674137
3111190718
2836453703
2258262637
1664335448
308223042
971325319
3225752676
237682259
2411456959
44724582
603497131
3245386108
2584564663
2868779870
3033943318
3131469915
1895922452
2836897008
90777412
2600005106
922007348
3229596956
53210455
66264910
2875052947
3177589442
3241034409
2963830033
820205892
2783429546
2847646308
1621220348
3085558940
126398501
2541090770
3019023684
20442395
2893559380
47336979
991233510
3219644545
3217302223
999656748
947950868
2486303658
18961384
191479479
1037476062
442299168
2891400481
2944944427
2920292435
3092632534
3142986492
3091005093
55305945
813655189
2699730193
2973725320
314472073
338088969
449031957
160781905
240181436
81093355
489177751
2598721676
283800170
700139828
3255952463
2878533622
481305068
731607366
413481502
1266231848
2767488487
487906535
3101094391
29583240
3161438523
303281594
410419271
2828184065
1023084498
2781115008
2895834458
707901224
3124154953
3247189174
460413525
376597267
23082064
2952846240
90304480
2899875403
2510751439
109378091
3189007800
70417852
280678037
3242062438
2804752471
81998705
61706746
1686127129
1589394144
3129109635
263918540
2680831910
49733717
26306123
127408323
16697875
812032411
3054914515
380109984
44974748
459709765
3179913471
2816908421
447422974
3214265985
2444578699
119814860
2230510495
3219831526
32257770
875704116
2775800043
3044813683
3092436808
2778212386
3018974039
94121596
3110383498
418109286
294217851
1400610577
1286758094
2724563966
474147037
49862982
1829247758
392219615
853166924
1692345876
2855170433
40842944
256221812
40736486
292819455
2838345898
2307289518
2998539187
15667732
2978803167
951656690
30237746
2354338861
2364170923
53223520
986676576
3177283719
2854820210
3139900825
2820357398
385148097
48214727
124523575
355665520
3176539061
139754706
3110937106
2546171845
1887526376
531909008
417630757
3011648070
21432668
2864757189
459534627
525636100
53802629
1698781819
2327315329
1977260936
315819967
2496013758
77019842
388708167
429232471
184925492
804998826
2695466738
173167923
3122568745
2952448174
109468158
2252566041
3127795099
3041173573
1870233306
337154449
3146586506
2499076429
3102575107
2814832735
86332352
1305099386
820426580
2384834466
28576220
3025453296
479806408
2907308437
529551665
42507734
2876884604
1144254722
1886025350
3100577174
46786678
1366493156
20267632
2828007717
631133874
197716997
29981296
3122530865
48108387
3130356103
2906750560
1550962512
2896939146
2205347496
2462695028
378455917
72665635
620119411
18936284
2361688350
1012206266
565678634
2593781274
87989672
2924496162
338092311
2256488185
402281649
3132286348
111195515
2865285886
30151131
2307320581
2863661488
3129528845
3119536884
350757083
317805672
502106025
14466526
49511290
49081015
2687869622
319305618
356921388
44905184
2559891481
333223036
3129405340
18752263
343604598
274564953
2685262616
1487502889
3078369661
136309197
1186365282
2215667341
3041395969
2980705737
332792979
3026186457
277225326
532374319
164202812
2964752831
3119200408
2893076684
305579552
3125510159
111513055
956257448
187051739
3024426078
316610293
316073370
2804415588
1606301858
2397125459
704845316
316555631
2212991336
43780283
3092126782
1957087686
3099083906
3063106011
974001031
532587938
3119338906
2511056238
22860615
2715586658
262594635
322719606
165841221
2233399932
1096210890
38671770
2857704268
2937205677
2163490963
2577336036
1010416652
14810783
284291966
25403528
382048981
92415827
2348148241
2267480732
59528882
317703400
3099932482
76944894
2892615485
2465182363
32342760
2874226605
83996423
578026783
2411490920
2645928960
2313453570
2586688556
3085497557
2999983187
417227278
2528947140
1160600401
2785973630
463205843
2546416880
16037008
15842588
3004184403
2177533513
2390822737
18547360
384677659
35871249
106487111
459895610
28173504
3089574907
2927126667
105207569
2724257564
530030136
35939212
57439674
317634517
3085110808
3075526478
2437245907
3088817735
2978489014
60121599
174930501
1624924550
274647411
14861579
1623282044
1679706217
15313211
15782804
2612551
347352123
2526366530
18189305
572151152
14560316
611761917
3066026841
2586842689
2196099210
1178037067
197372250
407360976
94431975
113808021
2242651645
1315752930
946363056
2842789655
120538744
268002142
1444264146
139960419
2469405187
2811599588
3072966573
3009734221
19374052
2284231818
1870137715
26091838
1930799587
2592036300
270651847
1445451
216609458
3073364469
3031039497
3035143189
261027556
1450207256
1246458938
1370929507
2736950715
2720124552
101107997
3060914856
2340966650
2862483336
527334899
2990145315
3028813785
15261191
872454133
2691548107
1452139698
2584601460
823524986
2740563252
2923086216
2464933328
2985454977
17230854
1908608630
222244563
480409114
336053144
579615525
1483530998
328408861
2284066573
304628687
1506869850
112507054
42331866
2892279431
332183026
2565399529
3060433299
16941968
2875495143
217626680
2910278696
901162020
14539215
2776459416
64898430
2279571397
378234887
334027604
153966123
420872400
1599894414
1589078010
412648934
833395710
117477071
108045600
623836793
366323844
2615918106
3023275211
2901779801
105139837
2386108843
2826706246
2855971584
390433999
317482697
2372608140
2465546617
2885788662
288424520
726360486
994293373
316330694
193968239
2205259387
397180413
1173027499
156821279
2970082707
915316328
2978791217
3001746790
2996332779
946601623
2913066726
2977521126
345701920
2848181063
2786444346
80205912
1036233235
336264627
1338007260
32947980
89280654
2189865453
107350633
2755282186
2813095986
23724962
2863230319
225120465
439633671
240479738
2919257502
715411856
872164718
318286980
33906521
163066182
97997782
73528987
520467904
308077597
3003952353
22311903
2614608054
104375820
2401516382
19111762
50421211
50721156
2894180990
265668224
23001804
189203046
51886557
1007109727
2990565741
331157314
1571946236
817598449
292447074
2155369356
2897693669
199937748
890380758
169634370
2533447226
2279614562
415194010
169773548
3015163204
3007298407
1870522992
297704066
1949400462
286233279
2766912266
2902004616
105642058
275908182
21218453
549534818
2709250490
435095877
2980494916
238906960
63147177
1187412854
2923144292
996511261
22005661
224312991
1667873383
1265479183
23198479
547162370
2586242707
2929533269
22533761
2321388062
17061402
2891312215
2995307688
1520241985
2840474784
304151592
16194080
17546747
15560613
25222559
2840097423
234844734
116904758
2434051072
2178662217
363294098
229974529
23665495
1596362600
212675564
608163686
2697757255
1283596286
269938879
1353725072
2481937027
2494305871
271147332
885733974
87071775
1549136318
403942389
51865597
1720365468
409723545
2513811746
2519134542
2812406156
2367679728
2492223434
2588109960
50094643
1203365418
2861605061
24718364
2932988916
2971884358
2561815446
2902154269
93941844
232183410
24826667
563281155
172592924
271761269
2945235999
1339547138
17907265
221115266
2196201139
2883513519
250769035
2960945638
1219696640
2966809893
2796607277
2765240784
1152100770
180835181
2830437492
245522364
2971162352
2462563102
2714968790
2909304186
110007447
188525525
1227662376
2238369799
2706555318
89006619
2918357450
69924301
88015330
17881816
218024954
207301720
142342983
2455830450
482949990
197391680
137144052
964696890
147757354
99561903
2799569484
367319364
2544130590
2912879506
36241120
2248669327
118269391
2783374925
72881679
2951113213
634067195
2951162273
1610187517
76786636
2823586002
150546196
192783666
2475034028
2456443694
1583459208
146114262
57497901
81126713
2499846048
2937754085
2916205321
171284237
395729339
26113992
399289844
58569413
411873384
916204982
388934581
2421326550
889921147
334036628
2715768554
2160856376
50774064
29998847
454448766
43998156
2377972338
279585613
569915255
1017182682
2421013506
20477352
40769584
1458845587
2917677405
1852053517
2590257072
933101473
2806286618
17879144
140894914
2785121515
2810680846
2916106794
208105790
2902030526
2889470451
474001479
37553950
260624287
2903177782
357015638
983436032
80634660
2902123382
2918355506
1713238176
2847697455
1721184108
207627630
2912113026
200233600
2847568976
1945365282
2490777484
2902046294
171226279
2840500413
17889250
992027341
2828450528
349040787
1693318021
148874417
2183853510
24896613
754111986
25112301
56341551
11238462
2677346556
268811693
17995951
50113333
193856821
2791107922
1951926938
2719998270
2910537230
2376577856
18238688
20338242
2484687792
1242145087
213770025
212605553
19608297
2388064016
1849532815
198483889
2417923597
2157173277
1525371044
404045789
613879144
2468446561
54300306
2792944244
23008116
2484143712
2709810284
878151108
593921078
928104595
2425055288
550379552
2542908564
1637114341
2899021375
2333730624
128781086
2837482750
69808202
2555882148
921733909
549515975
42208855
293338829
97390117
714428815
23251100
81904295
1627012170
2541528390
354582942
15175819
145305040
2640894776
29239418
558856151
1398654900
90910518
2345198082
16201819
1948599870
2874299524
2687779087
28484970
1690334678
129093734
408204060
505401712
820872926
34813271
2437411038
2862784502
207404253
792083052
55247676
250764343
45131559
24273319
78517015
1418568277
2678334451
2828638621
2453011616
2859104109
2854628090
905122110
339776223
2570722760
259689332
237228056
2831868963
86246296
63237178
19792221
44653857
16548435
21360280
2811415746
2844392710
16081661
78367906
618595959
76370180
257452661
2772998033
2682369950
193339977
2415585191
73012597
256628776
2869574599
912624036
583383887
2733860016
1610705762
1529604727
2743254561
1965354661
20506122
1919877950
426258507
343758353
355863412
97487983
28610770
2833935677
54103210
379824075
2842075139
1568715151
112970794
40018037
15203071
285747001
1051960560
31491365
2802145619
1221294912
2339760459
59785531
189206513
70572329
39940842
253007393
368998377
613497601
2851191565
2600138150
2837250809
383953014
227637419
2750988312
223604189
1927851414
2587680230
1724062170
162348588
2829582436
2352420121
29015085
2274057757
41243676
1258440572
266099536
403846049
1599417865
2776998453
1521717686
344196512
1388584999
182345452
588559501
265239138
2262827245
22209201
1364016961
1925078713
21392684
809416832
257485788
634718782
8071902
1384900278
95943762
2523756584
458959627
186210515
1559324527
2288893038
113422725
1047534997
28105575
2658707219
253008064
2726452104
1255084262
1918993610
2402361852
2804789521
55848336
2830316082
2581576530
2608268143
16275044
136346386
1312360058
2371993932
2239826564
23466981
2764609111
17018005
872125404
204398779
32187100
30249176
606553392
1487885785
23092200
1638439164
193500723
886882542
77128292
784979538
53263853
33019074
2564289037
832637768
208369777
2761711891
101756062
635024437
444940567
2518846417
2830033434
2539826918
2730527922
2230710120
305277457
42158083
1891527620
378840950
1057211
373562248
601001021
42170658
2568382842
2660070536
31139756
259613476
417927225
735106172
2820190550
2702128291
2230147480
2516072779
186211233
15177871
2502911436
872423437
384361899
56293707
122138058
21535166
124654858
2698867784
2464840172
53112612
1252806792
1668647840
97928416
400962072
83879550
481364537
169215309
2665370450
632157129
16819278
528055712
172846897
2270707610
2648479068
561655444
1101211580
58525147
257618318
72249190
260340277
330513593
61608747
1051437492
15377115
2390754462
366812553
89370080
20501583
846003720
15274836
266315980
159389938
30349066
48771393
17116521
362779971
555069599
2310938544
53434947
2402174684
578321883
379765354
2450186083
91942071
1732624986
979696386
2349127676
1122600787
1656690139
92628011
144657491
1956624822
735772687
455677699
31891798
32040814
17943171
188013000
357895797
985186471
57440214
763929312
2480894936
280826651
156214500
167760471
69681766
33495086
392414626
20515090
103106691
387181116
32896052
35120520
2433114481
2433086970
144620088
46010237
1669933141
2201951496
37391190
2775866618
352405236
32789366
30357579
547232187
35767916
25253084
26227982
71165327
19053307
2209606452
37877645
262749118
2335984534
16248319
169364387
951972434
2264879042
27921228
2350955636
19478383
544817610
2784696260
609628356
42070873
2798367493
2491943107
258127708
414107731
46490560
1660296792
310360275
39279644
142089059
169726441
180069520
1968712885
1491164923
238781613
2792278286
31580984
2317825566
145374613
2470125439
330482923
26316992
365661337
2372558419
2786056249
2562777531
29979138
1364457234
2470717616
260867916
84708371
313026171
489446729
26157066
239495012
452615539
2550527820
1965493454
1965677090
1409497308
2342892524
2675623153
1123055269
2728701829
15020408
38290253
28886582
1375130095
2580010351
2715199435
250698597
2583610278
256834526
495172587
301136170
2745871649
198294931
2290156679
183016091
34583187
32389826
289502322
71040499
8982382
1956542965
308242361
1375599919
198044972
2445577673
19297039
73936002
44024932
2353673402
601270216
309374492
101264587
2575843832
16115590
181042756
63290127
30344426
487040301
22972732
237432100
299445524
139652931
2670739500
2653003704
199732514
2559860532
309982302
2693841493
317168815
2557630687
222795096
980659489
43128660
510533553
282914325
2437662536
2646467480
439283208
2398621818
317364019
39047949
33014441
50000932
2675764406
2715818488
2510591144
2686350872
45105778
174135877
92185496
27943005
381850773
2445569065
2526135134
31157748
2722415607
112308127
2616241885
55529911
77548797
463010338
115599042
262394104
1598488999
508491433
471183496
722151158
520997702
16909049
368231469
851647424
1920912354
34569160
256577819
59459788
614400797
41254347
2653144448
258540329
2557472880
375610773
494263610
2345257898
1383286602
531508759
238639568
1631996155
269141528
68984413
97123266
2337115778
2718775157
18746811
2348799061
97383592
2660830687
527281446
570197509
340415386
724887265
104593236
1442031984
243491802
330131088
2425881845
1925731982
2577191664
357081501
1575749252
18921944
136168396
193617846
138389433
2591648533
2379700903
938330827
169782869
95133186
21712038
16836939
399717037
1643144246
2468576157
2547331069
31257471
251219367
2432060233
956733296
2447881166
2508329582
2391713516
293622290
1363177098
2186880508
2614176234
267935318
18876464
90957026
454326259
371760024
2707353195
7540542
708859658
380586435
318424356
27660964
253021715
1970680243
2161283330
2613842136
2407594517
565933413
2159786299
66733065
208114906
2463494252
1713589099
2427438831
1257129248
1949870876
366329165
287073533
47270438
31411681
2549323904
1539716534
443138935
2273093582
2421027468
81183543
2483806005
318487595
505917939
757511629
16482694
2509477504
2588257986
2525204954
44055017
2583974492
59984648
23536653
2561015697
269876039
2548325803
1309121456
130866926
456742462
1629678848
190804002
598527947
587810318
972223879
175506838
97073640
2586155899
1212224916
1382623171
401953979
91584397
1219529641
28223714
1342226600
2453722608
868165026
2625612034
998597995
248864782
2619075239
2577060258
474998636
45045614
2484699619
16280724
73013623
19411899
150151094
953567220
1949671430
16832810
14463104
468165608
271073826
2227102202
81712600
29206375
1054074835
86037879
66126399
554540678
27947772
16651938
1212749947
116909103
2555369378
881345605
101952985
468700440
461350230
73986605
2484790885
2556644414
420692667
479802339
2476783979
849537097
2561198562
1598599778
24201942
167142007
21753328
23130098
364046593
552837829
66190349
373295440
211886314
2350808256
558274948
2298242418
2319980443
603879621
1457938921
255018869
2540547480
563553055
1962661177
1368478189
2305124606
2179531056
176998631
2515613606
2523196502
142836738
1413147012
26530577
1234923415
1278295363
25031633
2239659055
2471284219
89747840
245453940
213335580
2425955809
1597026668
2420883008
2531872753
2382416042
23498589
2424561786
2204392620
19990724
2192819534
1858655143
278049495
2251659650
213400681
18492255
631444440
1583465334
366326857
366322245
1491156830
2450525066
78586278
60632501
2416371362
2471572746
1649048786
2249245510
387333751
2458241359
20328503
1652010193
464872349
38951171
2192806464
535346530
1576288580
330388791
130822947
33593270
23118046
417954270
951941484
370411048
30921759
1393345688
1198890656
2425414057
240127778
2286964826
603119134
26734403
62929741
2252192108
604186790
572989039
52470242
358279737
45845720
1931463343
394455736
20909457
2499191972
426817316
2496137917
312731389
171484184
2516681469
174690750
45090312
1163006736
2482861368
313887280
347888974
2359470210
7350962
2541864081
2400255242
384965718
2373485221
589456658
69470882
22842014
35780857
496440077
225156081
469414542
1343436884
2230478545
1520825131
1462922648
255182013
1256171612
801312853
2438633869
211344774
370367198
2203504548
411814230
2149149236
1209943862
21672970
219937434
2356800564
45858911
248619301
43716542
2348686890
222719686
15100799
244280163
1056718994
68484930
1612950320
250416435
204172321
2371121161
253908411
70544798
255615395
427531618
2473399974
15397465
19935055
1217389394
436389154
47017660
1052782664
29781209
2236144172
437441899
552877364
592797710
1676980292
127203448
12041932
39651447
1969630836
36032320
267778297
74526911
37798757
441693816
22703824
19422491
15267198
36417162
77222430
439486062
418901282
137473908
2444112362
24733514
290121660
2334300403
30834082
1463253350
39802612
66772716
389978946
17723643
40577195
1089784597
1700426708
784280066
861562495
167225085
144558306
36767131
19515059
69781303
153598338
2450905428
290773567
59872846
2434880876
21527658
37519574
2352569209
569229676
181090894
27323416
315456895
386634086
422255506
124844464
46261952
2416132520
2377420909
48204068
481706439
934463922
462984817
570510719
30328902
32856634
98425584
2432825232
1561830188
280884837
2432356531
490336345
51220493
2317049458
39394050
229314845
2265575706
306961000
21469302
945122066
118108910
133736842
779636335
2397174979
17070787
24255808
21273590
2413540903
2390130865
786075751
376986524
430351853
1099065133
156849277
283082961
282827622
40105800
248077625
2201996851
2407557511
92424269
16671869
2399787133
764644214
21410757
46476526
35067421
545812541
2209744777
2318020315
347586885
1882281708
22795045
856462694
24436600
30297377
84460462
377267499
306899385
376596930
20062705
2166013120
2345514579
163700260
1125405991
147570525
237204164
14519349
1688140128
503551052
2373589446
2361273847
238805312
27710765
38976017
18613899
458836357
484268099
144222604
2390187122
20897273
819181700
43137594
25197389
347600105
313689583
62970600
321545587
458885284
287981596
225833592
81023694
1636850011
220676419
2379961471
2353263630
587821634
726486362
973092660
1184496192
548800205
22647788
251187193
2264637184
16050296
40892332
19732360
251679602
1166898877
26607094
49467450
803158255
913061462
1718896164
187620639
1002154405
197600964
146714531
463346348
890133008
1583830177
26537105
2369203975
17427026
2381387380
774911784
196619311
18213950
2370585961
38462805
198384053
17555174
218544636
2342724338
483846016
747778567
281256208
1963434512
26039617
88261909
158237202
847566966
2363411694
19946372
1277100582
1912664755
1035280674
236556559
39909034
2341083726
2306259047
192037476
2364063855
857503196
26962257
2274122052
631002875
23892412
15412070
1378651783
713246582
1438948928
322184972
41133120
2358653781
26163220
221805054
74458159
364738438
222541479
37689397
2229608232
331891265
2351871772
113788508
2347597457
2149636950
2347546221
2322635028
1403463672
817113056
56935466
41995398
58184928
1962688105
1665913092
134600833
367267530
21705678
293338658
503657124
21429709
39989922
2212616214
867182802
61564662
844102712
416842384
418991863
1722512268
1433689789
1615350384
70760398
1650526321
774412849
355577404
1367299549
1442851626
1347328052
377199941
2192874606
976951507
589247365
260347035
1267980138
285626945
2307310518
182599682
15255734
449125989
2312464922
750334267
995212500
1516804998
898410342
30140222
188684410
2305651357
2301087644
72655360
758253864
222590947
19605809
1961492718
61364496
21324924
103124377
19781674
483771071
122255527
1475840924
40218646
2255959561
121954521
1112905969
49179630
18756011
453527781
75404680
899179040
331920106
22287289
1567008210
484854027
331265915
2276842982
30089041
2258155161
45890008
183955749
269747052
34436190
606515716
506927717
33173672
116978694
1880945455
14742479
32559327
14645160
38811875
2188700593
126673678
1070242490
32998417
426229592
110541730
1947993600
87303084
562335973
1593195907
2248145582
562159372
2209824186
19049666
1660510406
389320918
223878977
19920360
18221383
74182049
394741567
422357193
308155020
1971915842
738969193
1253623362
513473038
586032653
135635904
953992483
838200818
104670010
244746802
249628127
51968100
109182700
358489734
860326112
628520399
334314757
974741166
484088624
1161602438
383269821
16476220
1969133317
206054638
256982737
620629645
1660419372
1961238157
435037012
342432884
1619222257
747759733
179198430
73962004
103729129
389477245
1971221144
1911903980
167086127
324607592
2170279981
2206389313
14334487
21670055
430863999
557476857
65500222
30770937
589445768
2173338436
560490437
1368069584
491805409
307669300
39254278
321278412
1960761361
1145449591
703136774
828155418
2181067254
376198194
1889616967
191498759
1538647903
25811667
225359387
62344245
1975913401
1723069082
16499590
1000474267
617580358
410813770
46296944
2153119735
21440866
122566277
317176895
71609512
201270743
175500549
831892694
21171262
1856114324
43214836
197157154
728180250
50556242
61380736
54950281
2149321922
2157943509
873608436
121787086
631393721
616391194
146948884
1692714476
2152592042
1184336191
811979443
362634584
1638993456
76073959
1375582278
18097061
856618064
135767303
121651336
351026582
17423332
214153417
1957508982
37599351
403831094
1894396884
506046384
577443193
896484979
1701991872
488135185
463484822
1103614688
23613988
58243472
492483847
259434253
932135678
36215708
233193175
209340147
1702335944
1020428509
564127098
1337158178
1692272215
316600181
36137373
32509878
302063889
912617023
132463090
560673930
1329300103
1449530568
317196149
322304031
41218186
17822089
1254556010
362790555
50805699
1383354739
708105799
1206877148
24788326
421252277
253599280
85416485
524486358
1097975324
1356709628
137838814
423855792
1324617870
625693060
80165766
467424408
606936168
1465659342
1246494763
233998091
323319902
333428175
420600013
298765238
234997432
480950392
425911772
973423459
250184418
1219709882
815641117
208767410
32950447
185927978
27617876
323643162
434455961
364947263
29095924
56153674
162120613
247017481
