19556710
60695655
153221181
23091312
29044531
491283096
366329704
2835076145
77903101
1253211577
597993367
340624591
3016579299
23287549
1576674157
52292225
19054686
375574323
1948693632
40606538
427469425
2909400314
3682861352
1859720366
2683726398
395533512
3156743974
3320680226
802842235
2430563173
2989943442
3307354158
3657546563
3329719091
117373566
3727278991
60940842
21438529
2869505608
3322514570
1551656388
2909805558
69442170
2716204867
220126939
3376078033
38522557
2811425006
147510123
3515026816
162874257
466118842
1531084578
3305543544
2456763781
367354519
247705048
3258717084
729658201
40889366
454812715
73738859
3252774071
1459614308
166580982
3146366868
1390230859
56551371
3613399413
2730586032
921775933
3394384575
164299648
3391988373
740651917
2986102205
1263031844
29784540
17535991
3687622755
1487971638
555497028
833380712
2280723650
76903735
3403853207
71435913
3313720782
239001600
2273551796
3448990932
2340033230
2775828777
70372485
319154639
1409456317
1026515035
2547789422
61015413
3321735816
2443810951
125285131
2550063277
3717279988
3510795614
126428211
2520392172
3114203204
28487690
73183381
165495121
3813494597
22405429
3311386046
2885587468
2845207617
16220327
20173061
1388895348
1375998780
3178615153
26441555
212025177
14171944
114889870
21730352
17004501
39652263
2918007403
2799674445
15515129
2940064615
522648634
2777040468
3787050917
25201190
3274938042
2963568035
2821093649
148207909
2817244976
1023391388
390808156
3160535173
2616975055
2283169261
58859503
3158499547
3528336612
1506901754
3185813024
3427770914
3192849020
201305493
3247509728
3411427353
2293522218
3390053991
3109360842
3301653840
762774276
3265702981
21751645
3356723959
3343415267
3484107014
385913012
3167279645
2291585905
379519028
421697443
3411816253
3312777774
381635209
19378290
345785031
310590968
2763254085
2711129214
607268072
2803039583
785429455
37605228
25384119
3251115967
223377593
30487822
1880296844
514806410
2293368211
28739598
265789065
2846185466
1363302042
592572195
1434501590
2868706439
19382041
2785009343
963581137
296611572
16890316
32768375
2290197782
1255244922
1385173748
1395236166
3219931537
51239554
3313719817
250872430
3366678051
25788060
318537582
3326838108
1287197407
1259919486
480729899
3230006762
3398296108
3121971880
249514281
626331588
236890780
1312222128
287672601
395508803
29772611
3664946835
236532235
868459904
32169782
376455096
126763933
3280238906
3434573349
2583368674
44472329
3467165653
19949007
27624067
27807413
26864061
2956513164
198764471
21229595
3064819461
3466994295
3692890094
989100146
2789047232
30133228
2263207603
1269491114
551202267
3345622637
754648860
2587827865
1938714936
3188071883
3257104104
2726023127
3323178484
2809742672
2558206158
235230517
94601735
3412956287
3254285325
20747214
752483576
44389890
315193431
371943442
44638028
2395589078
64792835
3201527743
62424005
3652274532
918910465
527782273
843623204
2803789362
3537582436
107630578
69173940
132456693
399549110
433482181
1114455355
2864283118
18175204
277719412
3684037538
34171044
169213107
1094147119
157025888
1574681400
2151647192
3420240974
2611702632
3172922343
1571341578
57280645
3171811376
2686371571
2841686044
122764149
828396068
2155402856
2900841401
108717217
44912455
1186848452
8519062
340458353
515155181
3372653285
22115784
3634291637
263086028
115552893
1115102329
80063725
512208984
500015276
553464506
134022088
3386542737
539329230
17842737
418679106
146577684
47086247
33267404
901095452
2949792987
506650424
248664391
14678743
1636226838
22141653
111365197
363754748
3012795276
291441060
74824454
16579265
2720746365
622396410
61020378
1523806734
52269338
197942077
3319674125
268455463
128429166
434587243
505272660
785355566
3816043516
163432077
70250641
86563672
41074060
163970557
19731608
3398840301
748762532
101768603
21363824
218811927
3214141283
3344961
476176736
26792613
41746111
393732170
123367128
98515597
382990529
44157138
480198637
483335729
805984562
1374950912
3167399416
3609429917
2593130048
2322482962
582675338
3399332038
3016713518
48138398
3312244876
3320042665
1118367852
3286014493
40048024
19921754
2316118291
3314561190
737335506
3201134609
418362682
41142244
223069267
3029164873
44073747
3349542859
250273227
17739772
2975487009
22645130
3305722202
1009745082
25483483
2879146590
339368864
874023175
332217191
2846096751
243005062
50821304
534879173
2270231233
190526161
329744186
2681189498
61317758
1045143678
1074315685
261503897
2842928726
278145866
620716871
238305014
2926493246
96431080
288692263
2396290561
69762694
253195341
1183487228
1258325856
1251462422
141886994
69321619
2692949827
20572139
120177901
2282489791
741997290
21401467
457955858
2752039399
2661139999
325766656
19815676
1015994648
1603042766
3398577460
3263663220
2492985583
818414658
2599837243
3147793136
2413904124
3258872755
72526318
3431751513
988538389
2539117238
2858507668
626082246
158611308
174406030
2296509611
147711996
125138342
19000612
2229859189
2843084411
1707440192
127895311
2745608658
999998682
3520131806
2436884112
3222073316
3474468856
2292027788
617489910
76790445
2434488680
3163771860
255536307
1852255464
235785757
3110934833
1696298251
540988478
3653852776
183097978
1666127276
551368314
183603318
3292456136
29365133
2982483640
80908590
132451774
112347938
2391346262
17885850
2508791447
3429087987
3177186827
2766645828
1298735444
2508217723
185806912
1680873223
199876817
2948737331
21312997
116830525
3272012502
3295420785
25384932
3087735705
299368816
735080485
3156187832
2493616687
3604370295
48808668
3564791237
543950059
3499174994
236178614
552590408
2989568872
3394230160
3299084450
3577021461
146146148
3246193518
189921260
1482806246
206349395
72578944
3393044358
1449447522
3064642684
3306265407
634687900
3415381726
3620703915
3241748529
59141386
3119904294
121546400
3084576525
2914110281
3624329480
3602642595
2901828154
1501636435
2600499500
1558094100
620960797
2213128201
3335285963
785369228
3434503493
3394439608
575925632
3718015935
3612603813
846155485
3588193933
1527462781
3544801572
243561220
3068095161
995672978
1388699953
64189866
176612227
2956784087
1317055334
3641449397
1095386498
3172873878
2821182843
1113128942
3143956126
347757506
447532792
197482456
299844092
3187193581
582068274
63977800
13584102
258065889
92454527
2635279463
3166325832
3355613952
2389142954
552965904
3301506724
1838118608
2210906132
1568432916
262628854
2437770013
3013516827
3443176997
3256458858
2577785840
3428430977
3384377667
3431447050
3428837891
269639753
1181780713
32077203
3311921281
2795292085
734969743
3248853563
549613360
302515153
100815834
3153970474
3521463976
3081273022
143352313
1267882818
90237234
3233252660
245892347
22464121
3019687335
117501585
601932622
3271289538
27713576
1380032239
3185146741
3000032128
125085711
2796123624
280955068
252380977
927807594
216495307
18954231
3340692214
976898461
3238678139
198252608
3307923261
100193209
3432416379
399504756
2192872883
3407216489
2718130613
2511460860
3344699633
3268552464
3307380494
211545814
2823147520
3301420004
494865546
159907377
1321210424
107107952
519189804
3305287994
3435912502
193824245
3400258509
3144651039
2408897029
875500172
2986028553
2401958808
3135911321
3296452394
1019262085
3027771973
3401065827
3083635568
371606075
3297358495
15813774
1729679552
1151458910
1263995784
2380428162
3017113817
2693954383
3238148786
2885006891
15491321
314775930
388238588
2511048354
3304777692
2414928854
3434873111
3304629768
418732537
2450558448
2860812449
3248023389
817132832
3221192906
3334247711
3302010856
2308989856
787651778
901628246
357168295
35460641
745377637
3379842935
3403786594
232327491
296885851
2552539418
2359365089
486908389
111001424
3205569940
3303608040
68620393
3063330120
383753269
2374826101
2759862192
87461873
2980123613
3214196415
358107697
266815320
3384982743
2734331182
3392737253
81048007
15729876
2761860776
3365686468
152553973
62007907
392553294
516015752
3255500576
3006234659
2848884921
2570996593
754628276
5271891
29693196
2762267157
3226984582
1167116197
1168254222
61757331
99792054
804749166
151120781
2528289295
3345241648
2467246190
709620726
399318340
1024658154
3417541533
45660717
3400594847
259555010
2999730125
3402692931
3411032129
1463208198
3311107025
3038442882
3410148586
3231041076
107448918
83826104
69383550
3327354333
420304532
3431279519
3430615109
48741759
1037888880
3429985497
385573524
1005676165
491527473
466027135
65486224
1635643040
146182600
2644803054
68996739
2878405504
2842014513
3289377239
28189748
3316644679
610619776
439990858
34882088
616008296
33937116
2781553554
604507518
3413422839
313015282
3313533110
3288405131
2368191728
1031168119
1258566019
2538476593
50328089
1854885379
251775394
296287257
772406592
3420824247
3320757269
751447026
1328171161
284049798
969277159
134924292
1362530816
1074305425
112500222
268359725
1065770666
59849033
462751117
2218579544
365312136
376878960
2990750776
2681166523
305507171
2359037912
3275448962
3009361174
17511593
1380142698
1661371400
23728834
3305213435
36512369
2431056181
3375604498
48211215
104731472
3274959140
476319854
3258215767
35758201
3272713849
3269843701
31946165
227572658
3002655157
472506149
2332243932
129416798
337746520
1720155344
102485970
83703087
3254924311
1119945074
394077323
2612899020
1019609785
59823181
3285704954
3105963043
16447736
3295764255
2496501439
2987104022
479032870
33891571
43067040
1598450930
3257544314
21165471
1258546208
37864070
2507104638
2204513832
273625845
26952062
2317314202
212144583
3259963220
2996656069
2720773939
3244880600
3000222962
2482799196
1192050343
1902831307
3304949424
3388719965
1541462179
3386849962
3304314931
2904962665
89439522
121344834
2581089372
3080880137
1511958164
3373928962
2331804021
19950424
108846073
2855800361
2754468600
3422857642
2545695601
2692743637
3002725926
2914166613
3197085457
560507396
3043041109
3384841089
1128255048
219914073
3293802761
3127812089
40757682
130611721
3186943506
305502950
181300851
381882388
634347773
2867387801
213807063
524630389
2926592245
2965602164
54526838
2358555673
3420860290
30622104
301530126
207037123
951919602
87945234
2752965008
373627553
2342042976
2439481400
456111075
1624279788
115111702
3000168075
2256000460
1500118244
2154119524
3046867777
367301776
1217716886
2324540234
1266065120
62673924
2321760091
879038035
270004779
2801165062
14816955
1458836245
3304144561
2643740437
34321211
1919572561
1361600911
3063850923
483421704
2192524651
244706077
159592349
2919613054
355037664
2230556916
223819734
2796259756
2507224825
3417620205
388712457
121014790
3130163296
1154255262
3276405481
3312401587
3380979747
370690136
632875971
3314738496
3329565382
429711657
2301644341
2292860400
132505189
3345427503
158347732
3247172946
2239413745
275556972
48159193
3392253849
3350652436
3382896425
613646743
401638711
158660252
3241664077
596036767
43603537
65846554
3292074144
2850452899
2313446305
3095089641
258964278
3388316115
3232472028
3398310005
2424302604
621372178
2716315466
73657886
245968162
3221494963
2598941252
163171984
2792214311
2891906369
439761482
3420917967
3226680689
2298340872
373317732
18948328
259211778
2350660610
420722348
1057121312
3302595445
2677972699
16862499
3188735360
55868512
181366950
1139831502
558029707
3314082076
2351506021
2343262423
578199718
3279200432
2706175688
3413141219
392673672
3308696713
3313487400
368813227
540313559
2809497515
1594579520
1376872010
3301513932
3296116418
19303232
3070103653
3389065925
3360664324
3396044115
737395860
3389726416
1332483732
24226790
1483125504
1132658724
3374838388
217354017
3279886542
3252075354
594559964
239168881
3334817380
2829131549
3290171662
2855713541
174298613
15257462
2201777229
392498075
3419299462
125116950
2927737344
90876408
3146792192
2335910316
47893340
346443043
190231473
221149931
523764909
480946092
450901577
281766910
258369861
452912079
2973623033
3395828513
90136852
3234108241
106125069
102804384
3369074213
3185676230
3397204887
8829712
455967072
18539840
3259089076
2520513386
1407477716
303391243
41093977
3266308910
2833560271
2713182170
3300151824
3224140897
513742350
3234670263
457973298
2162639227
21068187
1606526844
39531652
247115183
14175784
3352687960
122272658
3128786688
3121524776
775571256
40248390
3281568768
3081905193
2608730485
3312660584
635914696
995849047
1646828636
331498161
3417118943
30719727
3219804110
1540862407
3305131002
3402803027
894745987
196141758
952892676
3267893629
1212994416
2607338953
3233104449
3163427565
3312547441
109341987
349902393
3230133896
535155952
3417371680
3324942435
112872620
3401215245
3336865870
255080711
3107802401
3107705387
2952112015
15678150
423679733
16185278
3417870058
114505928
2931946781
3384006057
20011183
278524055
3261030768
3146181186
3313252872
3243250120
3300719943
3268881949
2740724901
1308345859
3395202077
289494239
92433250
151387038
29923393
3279858732
2704088906
218270528
1253728548
2848277505
839210113
3408734309
143902273
3313005612
455811223
3074048894
602080126
110512504
826000555
2829839738
216932556
971298636
2466447468
15281700
99989162
326096484
633950000
3400514237
3123383951
2766560059
3164523499
3126442289
507670812
213831700
3177066422
2369385804
179940298
521463976
180576084
2864865310
3333899830
3016704371
31497295
1323465780
1391660930
5774202
3166848603
3287147113
51527734
399510564
808881272
97232703
3222864236
3146440434
94042741
2868191306
3404763382
631362569
2338948855
53486288
1388373152
3089324656
3313592880
3409267498
3294079751
3386471763
3222667285
2392562743
1873608866
1099746811
2888494182
3272943530
3298031861
2921589826
147694735
2603111564
3416298089
3310520243
94367116
484871520
3315607120
2743357531
745077716
3313664371
3308401507
264621490
142551082
32751935
3227542514
1062289321
2443391666
3054317206
178359318
327211464
2861809061
84128163
18776442
2904267214
444943632
3313881360
444629581
434005209
412002451
3310772540
3111344127
488821862
3265921117
3382032483
22127312
3416183518
66125031
30927849
1683986978
14919872
3367613069
3313213146
3138367740
353478657
3253907130
2860387594
3239099254
40837532
3413057339
3279485167
3313992768
56050587
3171058002
398032897
2658816661
3196698721
3314060678
3311979133
3308646723
112539576
286528863
1450627562
3361352735
294772479
114537938
978570626
315203036
41366923
402845635
21469175
31386499
474871113
2986085401
1414255832
58527551
1373835020
28806392
277691411
3091945236
757481874
95505250
943394652
2839718671
368889080
428961206
729213
3403129438
190677231
13412712
3290154946
2713234818
316825026
3319180245
1446610236
59347810
2536061541
3025827185
21447017
369615638
2874399245
1700935368
1037537101
3346034121
3224498502
3374878071
2456886808
1326189890
556687785
275256436
3091701693
254801152
415442694
344379081
36340890
2392863019
10829012
2240468768
3302010999
3194276394
203863876
2746630666
962281681
970786694
1198978536
729399260
3308431202
2698920271
3305474725
3289555633
2821766681
3229234465
2147653729
2550898639
3055904712
1141617206
700032433
3305764344
3011544304
556548727
269869231
3387991535
29216260
3248089206
1605298387
1584097388
3309650154
17962270
145732922
932764814
2505674162
2352726892
2953020565
2302044181
27276664
3284039688
2333557723
3312564747
2188909855
437313767
3103216333
3278413087
2220359256
236928298
3152151873
194184099
2685335354
55331763
3030025274
1304431915
3398851990
15906117
2455597274
628280602
308068785
30556547
96368572
1894566612
2207606742
3314768775
3311234100
193215920
3402395361
3154938560
1441047552
396112410
1340873924
3307260204
1731905270
2625882261
1155111074
2458865251
3280764260
1527019356
927886658
197955419
29815491
3372677836
19927809
3281619248
3006234695
324477676
125512980
2371841384
1649078665
2251474011
471815919
965857376
456360164
32218418
3286784143
352113542
2993739116
2570446477
3041025031
3379581939
3391171485
14976361
3008218569
243658174
30868072
2687939486
1002621020
2887806803
1567845794
1694378910
3408768682
3309719642
3303589884
3400908484
2270396778
3396004311
3401333343
3400535356
141932432
3413344007
471044276
121156279
321375106
2839936468
209034353
623725230
69608501
3008486071
347144307
82311561
43565626
3021034364
398007542
1967264461
23771884
3401355165
3391872322
24919682
236531289
44488306
2614684003
615638208
3327056865
2772799418
2745374954
545480583
179472919
223761108
3294798422
3247000573
203839111
2960451928
574638287
3377453512
545333774
2998906760
3288728439
40303925
49424542
20363257
182545670
162247750
2303913385
555125848
3253790276
2877345652
2914447739
2845893371
2565372740
152360163
1042643047
199303770
35382137
2951219749
319858566
3235573850
3242006385
73890959
424891399
116369099
211911427
243264557
3290486941
1670584400
1453247593
1636499155
21201360
3177289989
268236337
28344082
492456580
2846334778
3202971596
1598698987
2847676369
3228196309
17986709
21549307
41554206
252527150
2430651804
3309992436
3122736971
1177014752
399250330
3404455204
3389493460
1914923426
564003710
2826613184
1480423926
1513621098
3346112662
3303324396
2646509725
28595595
3102038483
243879698
3401142292
2860150246
17644563
3290472965
2530924860
961091592
1202401453
3005044390
260142730
2400749963
3288451744
46099672
2690271914
3380202910
34108005
2629336193
3288300552
3344364921
2160161756
186241654
1464043555
1352645234
403703016
30028490
3296302094
2918010897
106765247
3283006309
1324242079
519103425
519677485
3184054019
2771002075
29539762
3378404566
508040529
2546818860
2832466593
52000010
2881207682
9131992
265428769
2792447418
3300679092
1084963206
3166843471
351944329
1581197282
2916116994
3305532914
3190163216
3104428405
121746633
3236677260
2525023358
3247232142
3021297342
921530743
2386496942
43296519
3306530640
1230687360
3242162065
3242534443
2765846055
1578889626
192844769
574467483
3253527280
73309505
3404729271
840967639
463237588
554641119
2896008479
1382881934
498523459
328990309
340906429
343283519
363543006
378116920
381032464
381504847
389297073
396837978
413456941
431117390
447259354
450611849
450789926
471341308
486970980
487807827
498850097
509710359
519439629
519651644
567231881
569853041
583075424
589118341
591071581
601226929
603041261
611986351
618863271
718917900
725625818
726369337
733118202
748625558
766071379
775694216
839810767
911320478
931650301
950480636
1067209393
1133456036
1133863184
1162797876
1173033602
1173482712
1177632031
1192089992
1215153547
1225805780
1248207530
1255526736
1271970530
1272096924
1299927211
1333969057
1407623580
1478204994
1599515270
1632996512
1634493824
1686055255
1722669254
1729950277
1866243193
1890842214
1904637661
1912641427
2149617770
2151186774
2192189512
2209299949
2237170628
2245780159
2262862988
2265020497
2284237477
2289860208
2294553906
2296011860
2303982482
3002456592
2309965411
2313875894
2315414294
2328771720
2336204743
2371121161
2374165260
2385195469
2402218578
2413178654
2420326038
2449690404
2461258015
2473032210
2539642001
2595853590
2615730968
2655573366
2744430924
2763955280
2767303416
2789879155
2801546377
2819845097
2835271178
2839313205
2879865502
2882163129
2886130732
2912433227
2917433606
2922011775
2924766177
37418940
14989672
575925999
1398195104
124666453
275713679
145305040
338448134
1863047803
2277731851
2859435814
26953029
596164164
733451671
3059183918
15706633
487003624
959060456
38095865
1477837994
2816324424
392836991
104093689
576285016
18057450
103044858
84081029
165173323
1969417584
398037810
1459738746
1844804000
2373631369
2857684248
624552145
945540668
2393533334
1149568189
2467556107
17564954
920051202
176826298
882185768
213474805
1155548623
458879543
1970930036
2829379628
2951288212
426388184
918498667
517873342
16806082
455429984
327015442
230813630
209183686
16823078
2713093157
2596313822
2589757844
1398194666
1362983546
487258078
455320421
394647302
346199681
312173340
303313716
295096707
279581173
245731917
182104983
167760471
150712532
135641644
127213408
80650367
80625550
76842661
63488216
16126957
15582157
436844645
68794183
550350011
1730718247
2742298871
2707616243
2557969692
2247468882
2201951496
1887486780
1700426708
1698335358
1696820592
1670839261
1656690139
77340399
71917311
65520883
41605121
27022403
26591324
27845072
2724120786
113176173
18789697
744181777
109060092
2649224419
2710791076
1966069524
1362325514
145827800
66190349
56860245
72858626
178695017
14097475
18240907
1431889213
1471079904
100720125
920324426
61773066
170274097
1319657785
2535083456
2461991496
2449427197
2434861777
2384941261
1495084250
1055969407
162611402
159951714
91685435
81086509
128425174
120939078
44150150
35867792
35099519
32219625
2740319602
2688363686
2664722351
2602088534
2600551568
2561591798
506463474
477044576
467067668
383918891
279175038
253207647
246927220
237166691
225706847
221031131
23639144
777859
14905019
2741458300
2725299667
2700236317
2678073229
2604812534
2458995758
1412888168
1248825540
872423437
837997585
788158068
715797813
578321883
568765221
433845736
423417225
393398863
340164452
291566581
241689056
229890805
76407129
69681766
53112612
36390320
23155646
5746042
320183814
257467966
138864365
701628819
2239597232
177520372
1897491810
220446664
349931739
74797453
16971459
70526849
7825052
7984722
467323625
14164297
1054863625
20434396
283998451
594431308
153703424
2536419440
2390126424
2389477723
2725174526
2722403041
2721307459
2712219662
2695528860
2694759110
2616223405
2589045182
2586345504
2564082606
1449000090
779104868
40798442
40537894
39651447
35120520
33495086
28484970
24895587
132934048
106817676
100206595
72249190
66889818
52998511
50453033
48458575
929004644
106031823
71345831
377861960
20154352
579609054
58413770
453881597
2304987979
2304413738
2298120432
2210596326
2185960706
2169119478
1952076517
1620010466
1612991017
1606174884
1322891580
1072225812
994293373
753149816
745767006
614903736
600457208
585604328
482991563
418449439
387948449
376302246
372131355
367119861
354932028
322250997
301337097
301130448
286591006
262495703
259689332
188970040
188806656
172297338
171607002
247939934
245527835
217411958
214356889
212747787
210254831
19927676
18230424
16194080
15055642
12874852
9951012
91584397
153410497
902093857
84601364
43685252
94299580
14308635
241247074
701014194
21042383
1173314773
18336710
93730653
773116988
298663128
27229383
478878156
623141493
9220282
30054059
300337645
393862980
11891512
15658327
33057154
25116235
417459237
1428121172
1229568980
1108964294
1030507848
959697078
610140647
557561335
486872041
345490498
345131103
17619641
23052065
2268837367
28635514
207323988
15501305
384891438
60630907
14459335
119167052
417862287
2253783906
21323092
78166171
66837229
189947652
17332480
635431652
579150832
31164534
522616249
604505351
312749738
77308668
35709867
15900858
419449613
2308398846
2658493015
2423459575
395852807
382931612
2685281732
2692334023
2310477847
2172234404
2666984430
2611073947
1462285094
356256031
349612966
51225551
1627637959
2661112819
52494513
2218697960
545305315
1680286758
18722310
2226831811
165488012
1342660818
2456513396
406570787
849610285
2210216625
40885665
2381114173
18976259
2152292732
2648763659
19615058
256586442
161745846
972896990
2187776937
2556782281
352909739
2653492753
2325971083
2244243996
2293533745
37438665
1857067518
2525368027
1316157631
540052268
1538783557
2463816464
2633826397
829813273
97073640
66140425
16379892
2295362100
2506374857
2647538732
102579817
2416050536
57252381
16887934
2581563523
1004003221
143297966
2595322608
295917458
18634290
1945064143
13462192
2659345082
2719345853
2651525562
630879248
1679667324
2153019271
616642316
554845725
611514392
2520761994
1053228139
2505310471
2576345365
120720544
18326854
1665517734
2264971061
121336088
159642250
161128380
714467347
2646206580
539931886
2603111539
2666866273
323289381
2666155357
2665247018
1432403312
2715303215
250663219
1421384130
880488062
108552921
606941520
470452317
35825231
443538773
39753268
2694121654
625681746
357380544
375035594
566489482
544439805
1563831092
60108798
1250272915
936109100
2656404218
2590669092
324944288
46287107
2516310206
376541591
2426037162
313618831
741258528
1245395450
397857270
2639808624
37500201
37498503
37520123
2222434976
2524195140
106374504
82750898
281586216
2648856901
2415626664
180567911
367350213
189989545
16407513
1621304166
2381968794
2158769916
2306202877
1531780831
520445261
1060364126
2216055571
1958750826
2445120888
2444616074
90014420
627019100
560613971
588623996
167515520
2595285654
1637124535
895480232
1058642528
156003171
2630572647
130491962
1180914804
1650597522
2164047462
13339612
2690849133
583210297
433715707
265557810
14770715
2488836427
1500750703
1317356118
163301582
14583543
1159624836
18637625
2516312251
2644792016
617287614
2292323963
23224686
2385113282
2208506233
2458262894
2312781690
2472293616
22366443
236596446
2615610787
1546392282
113283375
1582674716
1061456222
1401239118
57903790
42354173
13339272
2555907478
396601079
1289923962
143594827
76086340
57116724
2614227084
1920091782
196676305
2301542954
608998564
15296714
34673718
78547409
15167351
1022482656
2617766190
150546196
19316312
2601639452
170000576
45858911
118791169
28918980
