1382186149
2931774789
440366765
335825728
966893100
17871369
419752807
250238741
1904480719
394255115
468265559
226155595
3429634143
392615121
4164714383
35002050
2729538156
4063515682
4054827375
526871529
297961918
555401351
2850725020
271413771
14511951
3129264344
2340876746
961289786
3801165148
478906833
564394478
1520313217
86966689
465796163
3397057943
379359394
489520422
441848078
813558637
2230398823
43338697
503507166
53719686
40016343
821954864
3654627449
609947832
26752424
2477348124
3611660308
196679937
847494306
14661956
861487440
139680841
491728904
15220137
73508473
64683174
20618084
72795766
61737146
3353938071
210034706
48678348
402227523
893025187
248249974
302807687
435949755
277565041
809266352
19582841
2149029693
703229722
484102504
381179082
60424225
601896754
1122632664
703899193
298488476
598200413
607032830
53486712
3003109431
751673059
2597742319
235586933
550101433
633172246
393577625
390812181
1544137704
548727194
1722162181
1160093010
320302452
2333467094
392609291
27969994
2205519464
187123916
2193944695
2776209044
3017241909
1424834126
631016766
47300705
229267663
185179480
1651484005
293118940
416572348
92162698
3395473529
243716471
2215976798
2333748838
3386991357
348384636
92761302
414954971
3075094732
14857290
249490122
265902729
30035149
261826963
47737105
298517083
20199315
19879508
266323743
86055943
83404122
2862597623
30930353
60924215
380526440
3309254590
184519004
37340606
502952323
1023338539
180873079
263668344
85130657
2164588587
108096054
1268398044
114824988
3301549846
605843065
49373061
48802116
238327212
349155067
18606025
320251755
242074391
1914304465
23468159
85947676
22521320
1516135171
296489584
72337080
6102152
3012270953
25828749
3084196011
626702373
2281899678
3197080425
1513670443
62770378
43723437
541170557
3221862640
479647388
3239483200
2864491997
851697283
606355527
291669725
24546835
2910910173
2281192886
1536321847
461765725
866951785
966750067
557964371
2464352324
25494294
80294798
20527466
27033505
390392023
16805805
1270976634
2226725184
280960280
3225281391
558551639
3211995059
132491467
23602600
34590070
16236529
1542777373
411640972
2732330352
2748291519
2879847561
2339257050
3173268009
1259221706
19873571
47179600
1058018299
19909158
734958506
106797529
394841642
19144047
116891918
1089426402
921814711
21884133
77454374
610804694
406945904
301414001
261253607
130202406
862864849
1112238912
3022194141
341006448
315446724
343434404
1278607693
3110985243
1675317661
913961180
16631172
1109323028
1218375066
113709926
2962408379
2282174082
3081560902
119126057
20182052
3070351103
238138792
174662567
924078013
1530670250
31198066
34627941
3001094494
562920943
1153882363
137508597
212238067
2799452574
45098788
47623862
90209118
1116959635
21003352
21396381
269860501
55673328
488005461
2928016936
169166422
3010030815
180651667
149673831
628398118
1552626000
351600865
20585235
55516198
408374403
1719389000
855218358
2360918348
2917310901
124232392
322585679
88899566
2841210659
253577097
308053901
2750267755
2893239040
263317646
1145576864
553010373
63759125
77581964
293609060
126923693
286233509
250808625
20063890
65000570
287303856
345032980
2846686803
120727249
294301214
229548241
200648346
393642801
268381980
475280018
421167618
2771348107
574451000
233216127
709255004
302186278
422846174
476714065
494419106
304546928
197135395
619465626
90969422
21241753
2213191195
114580109
22665354
468731640
206367901
81911983
302737915
1908785078
1389608239
300153902
24895690
19981845
14360811
19397548
108581212
49733413
27861208
12134862
60642183
119669630
24866167
21000110
24723695
2874989693
2888185745
20065487
38673476
137376526
26485377
15389918
15916215
17865542
14224706
2417915941
2218039112
103076148
24172912
1022299404
2744749471
2365727336
65045121
250193410
2865726885
31135856
604841578
1682668206
2856699981
2820008123
7315022
2375382186
2805308640
1413296196
2277735812
2815139363
562783804
29004683
2483883758
2653992163
2188472498
2731007099
145650743
619896050
2596508384
1896942751
76039999
180505807
1324170966
92727851
20603043
1686002396
395436912
1662388410
389385315
147326326
498732723
402979555
1092114300
334558767
365526495
2603107753
87818409
612473
2203588093
143415291
515303070
887424608
1116641647
1495990284
761918684
601312218
20343565
353048102
587620528
24958258
22043189
27344557
1418123479
2433284544
17874544
31383994
1166443788
518806239
2410829810
574657427
130218372
845379097
1430989124
53118633
606708027
2291232468
1083818154
2173921482
875336466
20138935
27418606
15040749
2319955303
16380795
21304758
1609075842
2291133488
56694616
432028051
22769780
193407389
624856741
2207388823
16513627
1478042028
82829906
1428341250
2201689386
61195222
61228748
195781766
317695889
33478710
1060628209
1498471087
2197524450
2194730460
117120179
1227811783
2149796570
1937442505
1505658176
540812894
1879291999
1863738380
1635263658
1735463119
586671909
74255309
307556440
40210981
185362574
525606346
1578694872
186424776
209522487
164646870
53344600
50995759
49955729
21343555
23058067
24161718
24922623
19141478
16736497
1433315792
274542442
1379503849
420340397
22946480
28534225
27863018
17619215
29240147
47962216
46652809
21388740
20047281
21187738
20225024
25980930
23446189
21396663
22475397
20504750
102019392
20468962
19607618
61488478
15748426
19763309
25262132
81123959
77692824
1450940574
453956514
829297832
112191278
567225480
1215014017
295872605
829190467
85040963
562900711
972651
1377933264
25401323
536447979
608677799
1359277279
1352690900
1351909914
1341830112
1276067684
40257477
1285955917
1277544937
704792670
1083785508
39992975
1228705021
128555095
38431981
1175315977
847464038
1158389071
21202344
125590721
66653969
148525974
1071164077
1139243696
20693661
379782573
18045172
38447613
1134162792
900479282
406336940
968557903
932420707
939327937
861687793
17790274
899957875
474193944
885513350
886754618
878250918
872220552
15297176
17814938
844231536
41341337
39025797
629104181
584833218
736447296
84039461
196112749
808633573
101301041
70119820
624683553
624538450
63442470
163949344
625544991
18796034
624511229
624674729
33309632
17307722
14325919
196171262
568584737
31390656
379411906
479788732
200883387
495493384
442236393
507425037
517500075
519509542
263094087
524648041
543835324
323466991
399393958
420737233
433920520
440320251
454440320
459266807
83255571
106703869
58772630
408056321
255022172
181738812
812219
130587541
5402612
29809040
305255599
346502169
83806631
144917637
205704355
163095249
374998996
56187837
368257010
23319790
25527873
154090993
88903969
20054581
102964618
18336085
89731654
366274040
36307688
81812518
89148569
25061489
25077472
40706092
44904293
24907913
18686006
43128190
52350453
16932829
17849088
36924700
20229607
22442259
38508289
21665905
9730802
23605922
20154858
58447954
23447963
14275083
14626381
19904718
333910329
136281778
3523161
63722383
36070793
309761366
67631966
83178745
240029102
142655020
161704215
225042433
296911259
301001175
62076990
356418137
333437538
20818812
44138225
21190409
24666870
76013976
17093617
236560634
59424127
25521930
