21125274
343251796
2190137047
393562663
4272093994
239871355
2166555164
93854101
3817639876
55838345
404700013
3435688697
988849742
4140553649
217391863
15024311
1358628174
2825998176
14127683
18857913
1690883010
14241468
42201706
153149305
619855868
3117775307
2505782126
243326561
397348833
58929484
14115745
3390677369
2850407680
220935115
450891819
759262472
261822558
2192897085
74669756
59949396
15279429
365955015
3401503744
1701535416
59062157
292280170
2226373981
1359201932
14666934
1102382978
19623009
2292454922
3019836363
116512229
1219104710
3153043546
635174708
39203655
132961448
41569433
50393960
96771544
13418892
5514192
2087371
1888496474
17881816
2316235322
50986418
26727655
19644592
3298981204
199683564
2634845740
849723330
53210455
147150613
1116596042
52673615
3037332388
1505343896
3026603044
1536791610
2811837431
1017208585
435088826
527636061
2919225399
295269965
43042353
404137465
502281810
2386394432
416370934
37599351
3211781253
20255162
234270825
21889608
42117389
3016920483
524255093
3176978944
1103331288
124110347
3086139785
501603904
2218132255
25100685
28601427
597774603
19725644
1633935499
2507863998
409170134
2517315103
434316768
3041030684
20271943
230995385
2818322000
64643056
14382981
3096610462
2856973086
538031518
3087249571
425700353
3086893568
264183999
2477858528
875454786
19731770
123213914
196496209
2149485341
124690469
466807381
75120360
17572822
2918066861
337726224
203144854
17683011
98533811
50883209
415859364
20348431
300114634
500127309
94083452
3030204226
3021648910
357750891
1355164574
2411221668
740573719
512613427
27698202
64770337
20035593
20590206
398806671
248505291
2739397573
15228669
112487082
3002244106
2244002384
19606246
204314114
2422637989
2982406564
263257931
18735898
1960923883
255489332
15972197
62925765
101549204
328235003
17329538
5943622
36730070
378206995
423446385
27595997
268702954
357312062
84324406
122410951
28420170
233885863
2963861889
450105135
2248909304
2494311672
321892308
35793002
2943003124
158639291
2931732544
862614277
2872729425
438362556
253497447
146528754
155324848
398202632
32345184
1236101
2475655048
1976168742
10443502
1354413649
372227877
949747537
1057762285
934907318
832734967
2552155249
2831578750
30352096
333597356
2358245552
420603934
1296117883
2848578322
34894427
59815702
911077290
1944250952
1226145782
1114722408
1250247230
2361252606
63098618
262749725
414888240
26198914
1517141138
56672079
303955251
271398203
316389142
128839335
40327219
110457782
605721647
250271311
2526398362
2456567838
14370584
97645764
807095
23818581
776787991
40446908
2653873093
1474299930
600879113
292955082
1313854628
2428505125
2577007622
1645296648
472166543
500098807
1872293790
234811698
2511364332
353234385
2385272859
396068875
121056902
182576653
90901832
14741884
337783373
265855219
153694176
518389285
453463528
1542533869
126415158
406595095
2734126628
12480582
20139902
5894902
30205586
14357895
54319874
14954548
22967319
119173790
36080231
27213584
9210592
36458541
2537536987
4266261
1095691
37676790
17023762
550183990
200163448
484911062
25053299
1305940272
5885732
2696721114
375650969
2733231694
26206423
172334570
20640328
569569550
527833006
216486341
2435382222
2434026102
2656385628
271102327
24799500
387661355
432562448
992697630
7345532
2656213948
1205123202
2172922045
35773039
2735591
9207632
430173289
454767568
2229211183
83953007
112491332
389985064
453811414
469587863
880280786
16009072
108419241
413168304
540141583
174110843
1676108461
439023236
2470499718
2200778361
43327615
14868798
171831002
411379614
215298873
595126101
34430522
217160945
92733517
44906110
577928091
2429309082
273357068
248900032
37774152
19923144
15205279
78231496
283090686
414250713
17401279
312902253
532106438
482995109
2314486288
222174826
2394341473
12291122
2370504140
17948871
1647619111
19562228
215727049
853594934
388502509
1937131242
1542025010
617299842
718620034
85538493
504390823
56216386
41074176
133282135
96847017
2239761530
507364387
234880779
420892102
316086893
991909315
425900051
92556643
1432977446
229984762
1498001226
554976998
461922813
443957289
93586302
142633061
323102879
15234005
228882117
452031959
27650674
26550734
429390013
49188962
35300843
22446470
802373364
479928568
277380514
219750467
33615737
338665072
130900724
1470841256
1600014896
158768857
14952575
2292641461
1978244810
100372026
2296262264
19643036
145379878
2293276400
44073183
57079711
41168807
292586480
1320073344
19409270
1316390684
73062798
2167190263
18481113
1017300307
315470985
2232767910
308403562
1048889828
2177154539
166739404
89503894
1660468830
2215955448
16388956
2192511586
118618659
222400025
329741162
28958981
1160432780
981387241
991099236
43685641
128273254
433674366
1117559922
598618569
1942198164
1721620910
31699994
369445077
911161800
324869278
87661934
344729723
1316614940
98230479
31699665
553568139
539044786
602317143
16559570
50745955
342693081
20071863
215989071
1924391640
102802159
1620715460
194267393
1450942214
41533440
372618047
299242570
1500399546
87080278
205771054
16109639
20356113
48203492
121038662
1917855570
539148963
50756605
244649414
25399731
332638587
80096621
313476524
1335841165
34024172
1671270114
538340975
28209292
207923746
428079373
338084918
1247478584
14250157
7941952
27072561
118422223
78966374
1518024493
542479591
14423289
182491016
301635008
356825315
23378774
348453494
59731507
234050248
355033617
987042560
15353121
1699971499
20224757
915476341
338152687
27988038
64929124
237836050
1678580563
422895799
987274698
81636717
54424724
59627487
19077044
1545040820
59830916
38833642
1664526996
875662296
256573865
436292177
329746058
124335068
339599283
237845487
262502487
133093395
6427882
27042513
50374439
313681326
195814782
65289126
574168493
104969057
1004486178
1652736187
1225133348
298543498
284134216
536467664
375383001
198560066
53643297
6208362
47132123
282262893
205910433
119157442
17503180
319724333
73208564
8287602
39317886
135462370
32833428
375092042
320751558
411845007
7602792
46891229
756553237
177875196
442016571
800591467
497096242
1554192248
23933366
299902089
792537
117094142
108926571
1541395718
5768872
243965913
1133770645
332121306
42096310
461124633
581122909
1533269120
186466860
344097292
489605730
620273572
1487338646
753288433
524396430
1500481818
87911007
342302056
42220353
39734041
69833958
247668404
1147496665
1478601312
250572591
239760107
205437050
464659729
316506437
15352051
22209176
16425197
74286565
392626625
17006157
17003765
56505125
207773069
15056743
293264785
382267114
133880286
17641457
1337785291
81235913
38679388
11489
17925141
755452
295543119
450851313
19763985
39258654
126381977
66795845
405037255
73147581
728749544
20015311
156022371
20357246
122637432
80109435
23783074
50274027
24342206
553679776
179149890
79758113
1419952808
729101677
1409992627
241964676
94457225
16040968
1364731459
7938112
22370070
33988079
14771122
187975349
18627400
1260366252
468280703
200968852
471287735
57558113
33995409
16125042
388014562
373796956
188058016
1352026304
49316828
185146850
978061430
194714990
239854528
850811906
1248081648
16836380
145901913
1266982526
319874855
533399195
962962850
52551600
1306957880
120139738
29191062
31372759
555589273
1318465950
283483026
27457788
43082401
89767141
255907314
260929689
49633772
15846407
1283021162
634496154
1201661238
448099231
15238492
53297035
589296284
1191511674
906165108
239350152
88184090
16184339
1113167976
570218986
1251136141
106657686
21584168
275686563
254098644
834399206
89665500
631353103
1222699333
18948541
25712237
1180167026
1190939437
1203575558
527879853
1191241382
21413854
28759876
15307285
262088835
18896484
1169797423
17351972
104110737
1086343873
209488058
441195969
1130745222
299281220
114212661
272904403
1143551
243662948
942471859
449603510
20753194
296459271
123081702
221360326
365291778
288333760
543204674
461394075
38133339
307597641
92105624
76997832
129404394
19565259
1059194370
625750081
26465656
85941332
18744957
155927976
65992743
579313536
31451582
976263374
283220492
45112524
881786335
980116704
108093732
266767827
77517753
994817240
742507777
166117008
143244854
234053160
465243235
336116660
1000262514
600326694
130772593
7134692
992028180
78569316
83691240
219603645
980254208
405256709
18360370
114451680
195884279
5695632
262172582
130097242
961006118
899586266
963100260
881951958
951292951
951459336
943868366
24151561
21866993
163559269
334468453
18371803
918427104
23083404
11026952
64995587
167218179
205415788
580693586
190575275
930088682
54165269
43751909
140750163
15429929
357102261
821462612
108286674
21854704
44083364
15048219
14824064
8099962
45169955
215735571
550122068
130776253
110648763
123830454
69544229
88897822
20672551
465763204
269362125
115374809
869890994
16744422
47306175
867874082
14824849
17560096
703262156
16200666
23923340
113179242
53651445
25500928
18169589
24008967
121849647
74231747
21125133
21035409
219205278
22872643
21414413
31080039
80700514
139162440
30364057
22084427
26053643
49272064
557594780
527526077
356475054
130942339
15134782
594194280
311832465
306025835
92528966
26774130
20065936
130122646
120432752
24807616
754803572
16930986
400087398
813286
487325007
408948831
747006199
36022903
589145799
267070083
265999645
27668050
18919233
98423770
17463660
66636496
571083342
451630538
241268750
197052380
366592246
425298981
223048206
407584049
224645842
631219619
326054494
392789426
71861876
28535217
217132175
309206712
612792060
41213298
614655307
749303946
72527237
384298331
110156474
230991103
37877776
61355746
30437721
465495968
519885364
393034868
28573288
378655253
81130517
542609794
10810102
163520497
22940219
6201382
458265872
493281374
605853506
394182099
379989215
522352206
309672340
220615697
4519121
269675232
23911410
40198602
15651700
17024507
601867319
74428821
460346503
94997581
581452434
53932701
367346872
65613454
312904796
94040463
572286855
2478611
15638159
54220150
211115315
66414711
31466510
23553
19715972
78251541
21691767
24727891
192156191
27195114
567709152
88749392
248586956
16181901
155582936
14431832
14482709
816653
19081001
48964037
387403003
543404847
514744155
437688114
506164981
37675129
533432444
205938397
104383410
419053783
524366312
15308080
524282336
189827180
128956175
428989553
16453154
448039434
493017075
36365161
16743354
504373257
14749606
40282460
5943942
9576402
67219958
14120151
13904112
187838636
465777411
37518096
175417110
35936474
72519364
14711282
421137891
47594111
235100274
46377797
14515799
24773177
15439395
8161232
496401704
235193632
28073332
417755447
96829836
419416464
80480330
50811932
48410093
52699517
28770410
132389474
171590745
422738340
25677545
486984205
15458833
42378645
123842102
343562429
16970711
43318932
19017675
20346956
365699021
60981422
16548023
223862125
27629623
479474500
344634424
171685261
412982719
203631950
185985579
30441245
20214495
19621110
38877682
74736352
154588112
451586190
132983270
51056563
16812787
55795770
84567211
252596404
150846769
26322490
276951395
41080108
285332860
48344913
78554420
140118545
409266704
380874224
135105627
325151578
453133602
132614525
32765534
443215941
137601468
190824615
426738834
28404196
18139461
392828856
407977463
156253127
230845588
155659213
434560590
398624128
442167333
14482686
131989870
435187827
385492349
41692369
433822471
15947277
329514321
152689194
75231473
69827637
430864851
412145284
43294191
196925561
398110761
28533588
264701784
301429220
82579259
14160315
32406852
335230216
321341147
3735971
258831714
18199045
271331374
9896672
277446584
399032779
1055311
187507755
32603234
399342321
23057261
415882039
183167021
319256084
66480764
378171907
60101131
147538689
58415837
391952439
65323533
217518231
63434785
338331168
284963681
409091590
242046072
73218364
33213814
63227991
49709360
266813762
130532533
33489042
357487117
16853298
77035320
319579914
143505679
215011243
18139619
165909630
359413220
42065992
9757152
375292843
244368081
382297071
400018899
64958741
48086382
66328137
19948832
396610591
14399483
332456722
394161656
361821680
204830424
380831472
16589206
351815035
14100972
261006257
330387295
74684860
209193987
11475702
156132825
26198707
75974281
108657222
218560775
388797020
38660283
373736804
22750922
76313986
18724095
254218516
373416209
134864659
115052725
16629805
96960206
329603102
347206377
347200276
347209620
79797834
22677790
88570240
54689660
15002890
115485051
41363894
18228898
20416406
157627966
239105208
338671079
361756651
16294792
94115270
356859571
25887597
41582879
300802816
215678645
14855950
15189696
62581962
306770082
28521141
222943397
231056918
69192762
45317008
174181670
158414847
62591681
44606764
35164380
282112554
14339939
339282370
46687235
85785014
10385272
303807755
97733768
326682407
77794817
309722117
107027683
17941805
14620869
22805412
304344435
36645511
114418698
47345044
318872865
24210732
232310815
92600449
17558138
19039706
83801486
15609803
60716064
90420314
16228398
19304794
29977960
15661871
17833127
14681605
199401888
62790141
18998529
11663532
267654548
188894556
266653425
225353132
12513472
28586304
31128358
41888256
9587302
17675445
175113850
50339500
303464286
29754756
24925573
15065836
14761674
160195881
14824072
16924236
283931522
77142214
15486780
150676538
296151227
143919213
18345789
156997958
618593
296757055
18691492
68697906
259647185
185121572
289449121
14072228
180463340
235888697
17348485
19392825
288994997
14240065
10582442
14836241
22671724
47407674
10228272
44039298
48669900
17461978
205662211
18503884
15112249
14374285
91935208
36331941
107362468
8943
77316057
273822503
30953075
264994841
20536157
114749871
15205139
259925559
49578092
17020962
49307910
53984417
23416365
15221082
15262200
18222378
26565946
14939981
226994841
210051402
92500894
128818797
15472634
16387593
148304802
268902728
192450021
25277786
94341997
50272166
19530014
43666203
183539573
213294198
16736293
245967134
46612022
15378829
132220981
14963025
23935933
128554382
15288134
24447643
15485441
73623823
15426168
59739026
34242656
117218161
11599542
16427408
43664667
26220750
15253293
103235658
57004673
54603232
54219386
48083963
43673275
259379883
6233632
16238115
93066376
25969739
27043702
