212249911
1076862360
2288221622
79320096
525294807
188799489
37366396
177804792
391196187
856550821
462695808
2210128080
3405933358
464803931
105297123
132539718
2355812372
2973485826
98864727
2613391987
311852690
602554694
342235297
137225776
319826680
195808892
400817206
128538813
404788494
88955109
328551744
2388919274
3191632944
1283561876
124705878
973794446
79129625
2258936407
198448340
358794197
422365117
145174839
538540883
1875341412
576994579
843112550
3139990501
1582341876
3234834780
3017349050
564349240
339554640
2972567760
127149278
200444716
153702772
543563001
338926152
384092560
2515770596
496075297
2154205699
70318680
2923212106
2961697433
2961469966
2977598230
105027800
2245361688
1109333660
73562170
1012595138
316500025
612326439
511571153
240139982
304363098
591656096
220394476
63641717
41707559
228993740
567952437
719496523
303139944
100147977
159412087
2922374659
301278444
606898481
315752966
2332311427
2885303796
969889069
90346066
217748582
193123575
410407454
130488851
491080014
2877083688
74097847
425291604
1910439452
184005553
489525099
180801722
87151126
249410386
296623811
44315076
605399291
597602538
913339032
211823877
2297082703
237186841
101199044
2657232571
997432874
238875886
66090442
16973333
1632525265
26235265
190212612
583456748
277332596
190625133
1907640871
116654515
2295437461
58531272
2786549887
308570027
996904644
215975844
1030711922
2395789098
1193017790
1180732994
393798156
240621176
284441324
614220487
1380107311
2244065167
912881341
343953230
63070483
428333
834316544
38400130
240255088
215904040
309363893
106669711
61879815
383692031
730400376
413264409
53929985
374465178
503156289
1707855049
40179907
52035597
576121513
182399320
146781275
70346792
865830984
269295407
284660112
551852648
174142236
44566862
2383890403
57149962
22654016
74488735
211098213
244925684
107653349
2308629643
359038753
1075938403
14932078
2249832884
93906778
140750163
404151632
136944068
36273365
1839871
812177348
317724877
161590925
215537170
582415486
122496729
1977567721
593613872
130860382
349730136
132795325
289272399
1222354412
132069192
238055452
457203877
228283838
449472411
359260081
1966184144
607083299
375950765
1145883314
1922614874
498844437
142145051
141311342
86510474
484883149
50016425
900894660
206989147
89654231
16389180
93329002
749952350
155420452
803485766
322527690
994859838
413563533
563613772
36950471
75208338
1389043429
207367218
376572411
102576922
112461061
1411714243
305429541
466495142
312902689
991417442
442470711
321546315
38397551
30494498
1114706580
921388628
424302519
267067975
558797310
1534058461
373360880
414991644
1308829592
463962328
51406202
87453167
509071012
748312176
985172054
31092125
489422660
1349859018
618080128
221676850
249045799
24249674
18901882
34197952
25139050
8684352
290332000
143520265
477541320
79922207
47859506
15927162
806626314
439165626
129508554
1155275443
265982289
606292208
111244590
365661051
365953260
43081582
555527251
896903330
280087296
45508965
516275529
53326651
204262341
1350646466
1298966474
418793357
386962918
139951730
1092263797
236241291
1291564170
1325203633
1317053802
246824458
1179410953
1071132463
150178483
1094869963
591682439
306065355
528167867
237555330
801106064
317596462
223435063
889250936
469620589
367763543
225792732
183939893
17229082
458638776
501683587
164243591
1200389028
366796169
101939390
447168541
881915377
565231474
236521509
547330524
148325105
382040925
419333378
370536393
419344144
502971226
155659213
362985307
143911919
817422391
210684895
121759958
160788306
635378616
350358783
239768867
749448306
955123614
16244881
337480943
299026108
143668940
46355175
700270536
1005565435
340659004
116158132
291298947
90165637
802804112
407558441
522771881
399815217
555490626
883375418
538283337
807126738
31388015
25796766
947446610
244993870
427964166
937172640
775780579
221270058
298966311
348280874
761156174
613561213
75284630
75014036
559675462
70582840
81029760
471706195
337579340
54874236
840485208
330835680
543375104
218719966
130010697
73398174
382176793
78328889
180667253
423906673
34210144
229469059
325444908
100525730
826860907
53059984
409905726
181464018
499588746
93597670
787561058
716539098
455925987
460335163
276962767
624389782
59188691
413660108
463625741
186375312
302689638
392786661
748731374
375792811
421573308
394641105
322639208
603928571
591619620
105725699
127138473
100461122
382456476
737235650
201505948
458280005
194246526
519261749
89146204
172244962
78534503
37459590
249735432
354072489
16275496
47007550
14637048
16782107
130357114
90361119
707150125
111762352
328048653
90795429
298970547
139457675
204203921
262459558
613198582
94323843
250143031
153757060
440016831
629968353
106614754
234092924
554216211
227578266
243116096
435505208
429269933
533930230
431289314
617116688
146049958
207221749
613239522
415382727
613473886
52719612
99986463
116117166
256431145
346005942
413575647
388650576
310051310
352184146
279424945
112133217
575388963
602898226
241422802
42223865
92515391
337093919
600013653
67529022
134021656
188596380
348494821
19524047
39714993
224928662
253464318
76091332
248134537
141479405
409104692
150927990
335013856
134111083
457367754
587304318
580599994
39203600
592455140
592862824
350773698
96375264
258689889
169939300
252406685
569969745
409277264
106164155
580728578
218398316
234264632
57883736
543673729
144147393
15978821
219325265
574740732
50545749
183644634
370489209
184644147
267218182
235493269
96269300
241579035
138061175
58773892
112365892
463874955
29147175
193198085
91067750
403944670
430589246
92765128
277326800
303678999
523391226
236023198
61933952
463524801
550648360
414126961
52722182
134017670
256542488
284506854
103717533
146408202
222880380
549113405
285710963
94974338
545941995
50951451
132429288
355558207
152077844
313194384
284873340
553241762
339735288
293383123
48310565
16237321
86735632
292763544
59066558
447134714
93804415
326719972
484081341
519309031
71805273
370703840
21425125
474874658
207331728
163024192
159159210
290506769
145537590
90691615
460343661
271370828
130723349
318853968
301365589
388173368
254405580
159855824
317174796
87666345
136725733
449768803
17593440
407454381
407462043
35805032
288076692
295190443
270720082
110360900
388768752
76266622
436552980
375184511
67256873
430935545
263601463
39245295
249047192
305440774
7144422
424142240
205629338
392871806
355389394
367536698
226061291
380754598
287344682
350374724
29134450
196934766
337857929
16548023
98818966
237196781
213580845
179146926
354751398
389495851
313066025
73908542
71845631
90444246
249240020
357366883
377223687
371126706
101311812
57595753
71210107
89444929
361065534
368762128
301923348
238181554
367753656
259561728
149458394
206945724
264675980
242102459
324695458
321324356
315771173
249942503
267644197
76962875
57493577
72457302
43735614
66592050
345708425
54138235
243747642
343902424
319451010
131730202
222293841
160483612
187005356
235253878
311369386
253978014
48895024
44561263
212148015
224945934
245175707
49522093
196928999
26974186
59056204
133009678
35464590
228040658
243670702
29924671
105230974
26521441
215229510
298436787
303807711
250015669
203359628
296756921
287608454
155432431
155927976
80037636
57708773
189603313
67169399
288110457
288732014
73420075
190677129
256324313
281915740
245501291
33412291
161132201
218462403
141061718
235912047
95827409
178563456
36040154
145947145
158031660
236669766
150114650
250055632
175400902
249949551
27811853
159407290
255822420
60301794
163382124
267391506
260655789
119996572
163103844
23730363
38824177
77546586
27865610
57905993
120803429
122027651
249562789
158772393
42404874
116928663
261639250
24648801
92924747
50237373
84240527
123469573
246722046
38838797
65304617
260080518
33771164
