94022742
2566535282
1148102359
4255658358
3013304275
609003386
66695578
73791650
87233065
119621958
15093629
604430370
111944435
925094390
2904342006
1934388686
61137370
355874903
2312262702
1320600308
2916305152
16176754
609929745
2597666894
162304163
1130387965
2919390704
50243741
559345507
73784573
74105075
1097553362
1288175774
2377416667
363539800
472962312
1588390411
1903593750
14857290
21002587
16675569
1897514666
70179948
60843563
797206
2284802828
45116820
1220718080
406603208
993001615
317832990
579049958
36594761
90323207
42372799
1028593362
1100927498
100275434
101779040
41789292
271216219
73863773
3101940624
13508182
93331838
37432982
553780413
29398579
2233924963
119456978
56985219
83529586
83658475
2534567084
2574072036
152719505
85657578
72539202
2729506932
295833852
245687754
295251095
99034397
167452533
1344897174
165506153
256419225
373416209
151432737
46704429
348988523
14293240
43069339
48201591
2855442949
2898586069
184809568
29971409
2842434988
369680637
18929773
108006063
1715638082
2785729873
75246346
2765974980
133169256
101695592
56685329
270771330
310239584
619374235
2574232910
2311557998
42350663
458992712
2534310320
2547533580
2541363451
10268122
44704537
1072993274
1324334436
25628754
336611577
376180040
117662694
17471979
38647512
1176135546
97217966
177886974
113980882
1128995864
1243302162
154875149
50944856
1353410726
122658025
625739552
289274330
1073181793
23196062
103849564
33866039
287156977
104437073
41094453
50306637
67802523
165085226
13507972
50254941
354149319
85221650
50030183
951833706
6017542
71491139
298625735
2222673457
20571756
795105870
132385468
331136088
1244137812
1447949844
76558553
883883034
617812352
30417501
47055387
123231276
141633175
936695288
471741741
145607857
24705126
39952157
59983585
388272261
340840894
130104041
74457733
138822469
2183816041
1910442534
100363256
1867843520
88856792
46791411
1111282716
1274690550
141496671
77732185
75989138
751400048
17381587
1856414335
75509967
350128848
122928781
68977380
20749410
53414786
347035710
1317076194
371730289
401613868
129057534
172057857
50973651
1657730988
372677761
143776014
458451038
122995784
373410448
120965579
258283931
18373968
207809313
242253020
47595335
76294950
58243368
405427035
19929890
118757160
21551205
60937837
277434037
40400019
18839785
56304605
783214
20536157
219617448
92708272
135421739
16433542
