3286975093
4330612394
128599569
4461912498
4359757940
3317379696
4326145399
2382751051
1273394210
1507202424
2221044338
2319897799
1027537693
1473869112
783373525
3861749538
57107167
3623118746
3713809817
34716038
607341043
2928151658
3443275752
3398757013
3190958516
2801217433
2924075279
1363736005
2583427216
3307352654
3280183692
2369373264
3257933325
30023434
1406580924
2584658958
2172535261
971467398
1239900000
2385922014
3255163656
3088287434
1594978266
3241874256
42562446
39633585
579486122
1592664728
3010527884
1242788276
3186899035
2614172214
2319946664
2857555865
2731767081
2664183438
1720794548
276593593
3105479230
2800721581
3148925184
2656947116
2990808726
1308905448
382376527
2367711085
2259308288
2246086736
2275553485
379024551
2341082412
1512607304
2344175106
1556295787
509106672
1576867626
2558200855
2274076670
1270968596
2717588353
2936391799
513706471
380722955
140277928
3101644640
29144346
3087295285
2943125208
2792867643
895491674
1498934832
2613882222
3047986800
2800916592
1330519591
1640024881
2579587771
2610664244
2865961118
240518308
932108492
375344333
2935428978
2809917763
3007496028
2353929235
2743437672
1188445056
2973334233
2885049657
2741337270
2823513104
2890881050
1034119346
929094643
2211343009
1505023116
1342923884
2965027111
2954138504
2917254379
2311971607
383566850
2411159707
1383488305
2233764536
2396963845
2918973872
1217254429
599468353
840115346
985785644
373727318
2908476104
2437945290
1381065278
1509307722
324394291
167873576
2823261312
2566358622
586279381
1409243641
939491940
874414735
1881160038
1014031074
2886625411
2779684086
2746076728
2905619196
1639032542
449467653
2682840955
2898858121
1323667285
2447785591
2358531787
814339064
2886871020
2869763790
2646805675
2572406636
2792550062
314216653
1515448976
2881311546
2243114792
2790523264
1058863566
52913728
2448175362
2441049013
2874069876
1692149286
1209309782
1300754095
1457722728
2577657830
2857436448
1317516846
465866895
2759024837
2832444368
729466207
555583037
1864870939
2790306885
727472160
2840271991
2787760137
2839158739
1689564062
2398685688
2793014920
2572190766
2349365790
2287077318
2729689444
2825240516
504930127
1387546016
93167589
2808065701
333168411
378987818
1391051503
2504669456
2726658773
348878098
590628275
824269926
1242217236
2784769322
1066144692
2781620006
1264508161
2608262750
2780704105
1152337832
797282894
2181259428
2235560594
2738617937
2513889446
1942971246
2374487028
950852221
637422882
1674517542
2506262029
2727591631
1685126688
2627684856
562549131
2169104468
1597257216
363992745
2716236404
2264956873
2436440720
330624004
1216071200
2572996011
2199033662
1955656622
1638803070
1608827492
1403924180
2713595906
1910221884
2500111976
1976618700
2246222340
2307728959
2347697875
1385327041
715245840
2456723526
823837177
367265531
2191730574
2660818262
1721026142
2598414380
