4447993633
3948111434
4406144834
4529510389
909673056
296699911
377899353
528561368
1408112574
3890831054
998784516
3890856733
4539522739
4536990162
4535868926
141615939
393925730
2499493272
613111389
2430195414
4443822914
2371623876
233824901
4289697271
111900248
2444159767
4530024673
582548502
4355780120
4475595150
882237524
3289666861
143349936
2297487139
4506261552
2851957580
623672914
991054022
161569906
4437920374
470233007
113552342
4508189952
3310735280
4076384955
4509578054
3056909720
3230868560
4505475493
3890850134
2915441216
986401579
324319760
3756711738
224955269
271232350
2353108813
1834206379
589561957
1203319280
4122814770
4476031153
231341682
4497931279
2357686622
4332383899
4498571473
3802179862
2963468134
842784284
1466609791
986717520
2332889814
4475502920
273314987
4362265220
3701228418
4482763872
168387144
4485784951
4486598894
78879343
1633014894
2369217804
293403932
3220097191
235448030
4487335814
1003887560
4485814993
4476522372
2181826628
804774254
128568799
318246650
3152126659
734624090
3117031088
535234850
2298561860
228621135
426268430
2903721470
2215123963
4426075212
4475964792
4475923152
3314885220
4478201473
3309739165
4377144614
297209482
486639164
4337640014
2979645240
821206968
475646171
4443920534
4463151793
105976082
905344974
283346935
3842583389
2603247834
325468799
3759519440
1221964585
1279771033
570101511
524030202
4450716552
2994945097
872011435
4021910965
4449995232
1139797718
2181421218
4271541741
402114344
4437265153
2193880818
57332132
624284942
1034061830
4441892659
105322649
1316319894
4256339412
4427175733
385189293
173735610
992499883
4200390559
1709403524
4303400957
273190595
3242148396
269299299
493914715
2274088656
3732341178
408581157
385773134
4428395893
3255091147
244005989
1054171196
4430724680
3316635613
99659359
1147529094
432170021
999642800
4329128476
202977559
4278198734
861108906
4426613180
538221044
2843016446
4418130138
4296751754
4408619113
4420842852
4420406112
3821825772
2293830247
579662862
3693364212
4423192394
1075833476
498641846
2924960426
2160303438
3915583645
4417204814
4416950533
1037428915
4256263632
4416238514
1310694384
91315901
3343067532
4210714093
3422766192
2228081911
3140445451
3105762782
4400974514
124805811
4157619138
466340643
3074734027
1422256903
748618692
854413417
3068316037
1680433111
4407697400
2793915739
3111634087
1265971620
4166903124
2868522715
2443402177
4327411108
4068753686
3058863264
4412378472
558520752
2281993034
1903135172
3232531652
4384276633
4307037381
4394244434
3164247967
4386830598
4376715967
4379082260
2304460158
4380950112
532835544
4396820833
1100040608
4395999145
4186094892
4160949005
3183955723
4372498633
462749836
206239345
4367076924
4370488154
275412577
3279366163
4255065072
1945612934
307287584
4055408158
4357619173
2547566505
4279631052
4359238573
2814619645
3488943313
4344038712
1085727223
422370885
3954467832
3583979899
4302023474
4069415833
3142725342
3802720588
4334012660
3003527180
2907348474
4347608472
552473613
4341668774
4331298980
4332433993
2163807097
3159389738
3524925254
4341182654
2987936797
407573415
2706226285
246893626
2918494249
2242226754
402456933
3964368012
4332315318
793239211
4299663926
4332287892
240599220
205745077
325364664
1059833346
4191514032
2686284175
1922719790
3307653494
1073608542
2497823672
825117582
945856268
1341084234
1019038374
1338791594
329559766
4329703159
239325233
2888124962
4310112973
2599639550
4314332298
4302626233
235925398
3080701208
3489879792
3314139246
4320290184
4308304398
4323557534
3231594696
4255147460
4310529494
1723718665
4297906873
3009022063
4298114594
4298208552
378620977
4253084480
4290462854
4284822973
4295608212
1245521700
376843265
446144552
4302116774
4306148174
3569319978
89116118
327238378
4297448239
4296992232
4297733173
4291362980
4297214533
4296365292
473706031
4285082594
899583234
1621805791
1735001935
122705513
3052158708
454533462
2578112144
4285580953
4285143146
2942810756
4274017586
4278307693
243515687
4218271415
2182149654
4280792054
4265985498
4203697815
3295801538
2970031039
3259857428
3249630673
4273556532
2809254402
1312527264
3890231053
2811472376
3697954277
546912780
4261975634
4268876054
4268737460
2426999257
260567555
3187544582
816586387
220856853
517812408
2362148936
3345183979
4185883332
344253722
4263370038
372152400
2288067780
3103418893
756904219
3465689532
3200001293
1247769751
4102513579
4256191525
4253715554
897379028
1343677446
594655793
4199559792
3592261706
177133215
2322367322
395043774
3163616490
4184919657
4184770763
541533350
4233717673
4233459680
4234245793
1312230499
1021671355
4234716973
3262759694
607385325
4240288092
4221482414
748312904
468156039
544112353
4184139113
4245298819
4245673934
3059015336
4223203572
4065086474
537873106
3410244073
82350638
2455298166
4221930140
3631453636
3890175312
4223269154
3498498313
3108017803
362812724
4228868172
4229022146
4228961772
3864762254
193250962
4218932594
896431578
102281036
82320615
365924926
4179661272
4002195075
4151927713
2894626021
1004370067
4209773593
2873150941
4146360434
729894799
4208572573
2919719689
2918764638
4207567212
3311253854
3399678553
729947503
372082242
373880455
4161901563
3190472629
1663891988
349662684
140789081
506072345
4196599944
273714006
4196531846
4186568473
4186845324
4186908552
3110197326
834674064
2557061396
4187805853
4189513813
4189825812
3970013053
389261720
3001580658
4130075180
597202797
4191984432
4192758140
1939547262
4178411294
4123189573
315804795
467497651
594458973
4024274054
3887763800
1084686642
3595067294
4184278879
443844239
3768009979
3185946524
447042664
4175123539
803830200
4174589053
4174641324
479489309
4165503854
4166344758
4158074474
34217376
2215033082
1380962742
2926761673
1047893916
3911978713
4143420072
4143401233
4145222899
3007079349
2969702495
4146328039
134435819
3250979150
4114000814
964215066
3282002839
4147389498
729907118
3789056774
2900305656
4156198573
2162007434
1021228584
4157403254
4159042213
4159885400
4142777472
4143057793
118004994
818779086
265864008
1055104615
1078422475
845378083
3887126773
4134058632
4135151904
766976826
3887106434
4135800132
1341994105
4122816558
2917623006
851936054
184985292
1153215468
2749412496
4122768193
3241237398
526558925
4126665134
4126152672
1069522224
923340330
3248535662
4098071664
4119944472
4119376999
4119304818
414682420
2751121609
4078160532
3011389790
3101231688
335792282
4110140714
1977291080
2958523100
4112278218
2258072084
1671007412
3787567934
4077442945
2191859209
3221678917
376088995
4099569326
599110300
3690854658
2299028154
1121426480
3859437073
560792454
3425502800
4102309999
621090876
2730832290
4057971854
2572849020
2867686418
219292239
524141713
3164944562
2729083589
3227945365
2397918132
1059749022
2500266086
594137835
505753012
3853567452
2934984656
1256755674
4057680433
4064907193
3855446412
2870761402
3194790468
988815110
2807484564
492873763
4032218773
2882940715
3357056772
4069419912
4046555174
4077393673
1672524636
4008982034
2825354768
2797298216
4055397448
383008948
4081269080
1000785768
1707466614
4087463479
862412066
4088820091
472287653
4008167592
1356751837
2333130979
2333165504
4064823494
3787755438
77916532
1638277753
4064025493
3147094362
4063354513
631284894
826935648
2750984640
357979269
2902342790
1917087337
2159711024
260841741
1120699158
277822317
1127016163
4023175939
3823847054
3163251445
3271622696
3253197434
2194117064
4056795387
4045676712
1248627692
596005949
1596336829
238063507
1948223209
4063224935
773761688
4044027374
4042287733
4041413239
3756115032
382601731
481079471
3788313379
4024892352
2928394518
1409532734
389831985
2791488049
3780889454
86291769
261938008
3237787395
66126586
183945282
4036609033
4036668192
1454284633
568222680
4031623333
4031350693
3557279958
1703488285
2577034400
4022541794
4021865240
3878886320
469250294
4024843992
89896428
756347504
1271933250
2248779775
3890802492
3649355953
4021628233
3113835209
3913406833
2443192164
2524618590
271945041
2540918508
3344216217
3999279972
4000095626
74367327
322748774
4002442338
4003625714
3029365805
3444358152
1899567848
3989901372
3989951954
3989711714
3956665573
415273203
408953103
945945792
3988669334
3987855012
1265823996
317139804
526074962
1665028818
3986119999
795210241
3783054084
1374621421
296058804
3986641454
3986095813
1146722533
3947724313
241859972
2744819018
554238062
3979103538
2390557296
329540876
3980757912
2212136306
1405035098
187133935
2492575554
2553001315
1353743419
23537497
3976180573
2489174996
461773114
564765922
812473471
3969751225
3890182693
1867225802
3890686092
3958128013
3890783954
3921135194
3792966134
3955016712
254386628
3955437373
3959114353
53324826
3955297693
3955225458
3955661352
969341484
1043888378
2909608440
329092249
3953480773
3953836759
1276776289
4000024455
2991980876
3782477893
2905747855
447836711
3945271520
3946955893
2989434699
3947667493
3947638632
3043525627
3880239672
31080844
3890117773
3399186672
3321010248
3357592574
68582040
3890108354
3887587998
3438965243
3255503761
3277363172
384718975
2273184140
1675296294
3932633954
2167707186
2552643134
2982276092
3936911066
3937168178
533942059
3802046353
3847036572
3921829334
539814448
3972203067
619862622
2650883893
2945897840
3849600679
395105789
3011080584
3792825134
3920726894
3920799732
723839702
3910371073
3908467154
1138825249
323176752
554720963
957386665
1059981139
332128297
2879143873
3909461172
2226123896
3908888173
984447054
260209577
3888477014
3901182614
3776516479
3904130605
505262415
3903719006
3888395114
3889478353
3880246994
1429671895
3868221074
159189119
3277325425
2894007283
3893308332
3867197952
3892931838
3892804452
3868159573
1205238440
3854339352
3867065292
3847533554
3811876213
3868372813
3880620806
3880433172
3801277334
3881830946
3876825198
3854663953
61129149
1159078016
3867023054
3249542966
3874820179
3867847465
3867724309
3868575918
2181516884
3868161194
830373086
3854680873
429023332
3854117952
527629945
3253756711
3867033674
3789987440
3856316713
3867097340
2467024308
1326580292
2931717187
1051937940
119644349
2209010034
1524861793
546855173
788530188
2918694278
3669661460
3844370055
3304117826
3860072599
430858956
3833784739
3906677057
3841884132
3834607812
3810886094
2453193073
3836531112
333649970
2353198784
2881497476
3833642114
3833609119
108474167
297299006
456334267
2940202117
3831644473
2818504862
3822193758
3823929434
701370349
3823745834
2537022067
383655373
301348092
3823006758
387176078
3821383933
1479440510
2174009114
218703935
1859954814
565948189
3808192514
3629015293
3888879435
3700814599
3815477000
3814775840
3816304152
2156631914
1662486636
3812059454
3811601173
3811090812
968059592
972125706
3801905533
3553447218
3802843039
3803934326
263611156
1527214430
3791164214
82835911
3123542153
403165785
3514805474
3002908249
3792140112
3793114632
3790187774
3789902473
3787964893
3053796680
3788976918
3789105972
727658180
3787211413
2534483623
3780557474
168153218
2847646177
3779850012
548846375
3779811619
2394814255
3780185839
2346289890
2470454827
3073046282
3771006500
572044618
711946424
3760009814
3766101500
3766373359
892666698
3305554302
1109428160
2437172678
2928646225
2897001185
3756970334
3016959959
3677549774
2904177198
265094746
1586843372
3004807704
2921231845
285572817
466693035
3557085434
2443459536
3753289992
3745882452
3745712892
3189893299
3176552256
462864546
2993950510
3831144977
1978966297
1429559479
309743625
478260946
2928263371
3733624045
82307962
3018427884
3736752252
371733325
3824978038
304879143
66733089
361760724
3734058254
3664955419
817698030
2903559912
3170400108
2469527492
3727829472
3727933460
3731146033
3720736098
585690813
2448597217
1918754293
793695800
1023416376
65245231
3292654398
3477551534
3798847757
3717791653
3712242918
3655463313
3645063672
3662788753
213162929
3708865033
3678909320
3681752599
3792140896
2990601392
3700384154
2568154075
3691261874
320253284
2795126722
3681699620
3681788779
3231555188
1089662250
3678094634
3598555935
1063058204
3090695857
3668764340
2932255165
1018821320
2907263330
2840447975
568998418
3675238992
3003297380
117034770
3193955329
3225954614
3539752700
3666692832
3666439458
3062928997
484352076
313178308
3664816094
453768739
1059792938
125866906
3658023732
3749116816
3659542633
3287020716
2951994421
3660960853
458453176
3655745534
3230604974
3147849686
348867924
448340811
3590012354
3304040101
214904207
207519616
3524448562
3649396092
139607073
3649730899
793229611
586591642
537717454
3645885672
551140522
405449660
3733622597
238480712
3636835632
785878189
3637710972
471570239
3638885894
3636006912
3192642930
3635714833
1451714264
289315242
157481318
3632547858
3590507838
3633898094
3588940454
2838108980
285518583
226257717
554971965
2787581078
3411639913
1469628666
3583570393
3707626817
3557204791
3614949612
2180213538
1440761034
1950792600
929397846
149937164
765358386
189040798
777313261
3631899915
3699800535
1255997310
3113167143
3023243414
1918503337
1104067508
3277455386
43272504
3599455992
814754324
445456137
3503189358
1468704734
3000348554
3594566060
3594754452
3420911293
250040952
3590078173
706750039
3591373824
621775455
3361252099
3313294328
3186625350
3681457342
3194915696
1238780760
139328755
1226816124
3578111310
120057784
2944747698
321926502
65558677
3581493314
553353455
3580957819
3581581212
2840927046
2581616282
1135718785
3254488896
591971571
570537268
756293532
823091850
624423717
1918610023
1408013502
2974409003
2920218674
3572153594
3492448033
68358703
3445197012
3570396794
139427201
3568022179
3457519094
1229470560
3337339633
128747874
3556377092
417773625
2956373916
2917067046
1178347302
77980008
176291891
857439522
1495705693
3344178072
3514544004
296683979
1619085822
2318498503
2454461262
3319901053
3555274639
3549788539
3544103654
3544175478
68374763
2954263892
2789407778
3468516798
3534143840
1399854320
3468192024
3325619852
2994863497
3526080732
3516678919
3454233553
3499982657
112953339
1374257378
373215758
475585661
1644153295
597617319
3521544384
3320294347
3516528432
3488710214
3568127656
2918554308
3513996853
2345143382
3606244348
2982102397
618166573
3447152232
3509814134
459153497
3534256275
3196913407
3491689632
3501544454
364754867
223495564
3493105392
3471317486
2423789238
3134594113
2769052466
1068199698
3581716335
3487212494
901405675
3303151723
3454929438
3409497492
3561435377
3459901152
3556099469
3460593853
3535200521
3464617518
1083007129
37770254
2932025341
248561081
967411591
2538463622
3456512365
786167502
3438578231
495224823
3411893172
2339545344
3144740946
3308565277
3438666072
3532085176
3421809874
547328702
368715449
1922637841
3112670775
3420056714
1572044012
3423343273
3423567734
3307487418
3401639659
379205619
2231762047
45843621
828478303
579170026
3280765230
2408229997
3413124319
1874366749
3346626974
3152411323
3236771270
3410106079
280840125
53826821
544893607
3440810123
156573837
3041480850
988023049
1017049975
3101157230
3371349912
475757160
3383170693
372047652
3388524259
2904091104
3371140693
3371734578
2896221258
3277210626
2892666546
799468159
3367090873
1011219284
58368940
1735582956
3145561568
3314738677
3357925640
3359182580
3359536706
487482363
897365515
624468492
3124435364
1009580515
3301022352
3445767016
2503685742
1044296401
982441794
1583094234
44790763
636760951
495796869
3328265335
800314579
15919274
1053481538
2552223296
3433653916
280282934
544408225
61459949
418855414
3326746669
2444783952
3416984464
3260102102
3322314774
3327518455
3306635990
330797152
3327811939
3434073760
251005548
2683935668
3435141286
890463266
3323991378
899756245
3323461837
508501761
3263215160
275904722
140818642
744609012
435509618
3433546349
3321251442
3321404186
3321453954
3320833896
877798848
187813552
3431252427
621699445
3320210036
1062138361
3312297138
2897489755
3319470734
734039005
1446555926
2195775588
3317804449
3421791670
1226515308
3317106805
3427464471
303233083
1318509961
3309309961
458162091
1644199328
97684112
3315865741
2954457332
579588773
3069260227
3047709103
3314875766
3289460228
3314681930
53017384
3193121795
1088211762
1169149524
166040183
3419674678
3309457256
2925490291
3314402972
3313125895
363695171
3313840796
3247607054
200946963
3248453856
3284440795
60783724
3312945991
3309370597
136395989
51272511
3311960396
3412533543
155603437
3282061512
543994013
3311583030
3409555791
3388985111
3308285582
3308289860
3064085857
3306496350
3306657932
3306664842
3300189972
3056394344
3306741680
575252374
3405053338
3307573387
1413851862
3305802536
3304838576
450427294
1357329313
2769879096
1113498176
3195918277
1085047957
3145920316
3305470884
473869267
3090158114
3304171388
597005251
2403520022
3303867944
192541713
612798981
2724170838
220039026
3300970356
3065988122
3349998885
3300099061
370734899
1177039093
3294583262
2227671036
3157261728
3296947098
463064095
637237341
433946425
51742632
3261399523
3300342746
3300139388
3393968861
3393958743
3285999955
3300306938
2383536990
3301120214
3193928932
1668504830
451315276
2687330227
745028550
3261605984
3391636971
557010171
3299390221
1576554846
2714569316
3299151530
2491467110
3018036437
3262869878
3297236023
3297212983
3293384804
188281804
385942764
3077087365
3288600853
3289444698
3387426646
3288050598
596635550
3291422443
3123929551
2873201088
3281517253
3013030874
3295057446
1126730502
290995934
2898697040
1027789885
3266747754
2347936820
3275184816
2253417410
2932103186
514384717
3277339790
3278702192
3278767718
3279412639
3271923656
3279573476
3280187720
3280167924
1047839359
3280403960
2345190696
3281214356
2590966057
3281362225
18541265
3281577948
3281785441
3281910344
2290758282
2282264839
3276990140
535463613
986337277
3281278770
3283464438
3283529036
3019477783
307819790
136224692
3248487751
3282053538
3285410690
3281818453
3386722504
608949675
3275084112
3272308092
3237539182
3369154607
214773831
3271458146
581494170
14543218
3271798441
2362038619
3252406616
355451701
2186078427
470072149
119671059
59850820
529191220
3267064380
3262747946
256294135
3220108302
2350990704
264067810
3265611110
3247515600
2689682894
1399710463
1126901726
3146996969
3261245400
511215338
3261546308
503035519
3260681977
313754127
602657202
3259498032
3259784852
1391384520
909298394
3257454979
3258270818
3253610352
3254594810
3256340498
3254976828
3256247612
3147797521
2929832162
598905023
18931811
3255362016
2981586660
3255553860
3255716245
1076814037
1723835724
546672867
3041248506
123442281
3181672243
396826624
288734637
3254591293
68949263
3254265738
3241767542
97335044
2229253279
814566950
3245746824
3253201884
2897073582
1383248491
3253870417
3253330460
3228658272
3243199879
430321873
2921124138
334009876
338816253
3231583970
623476781
470082895
3043653643
3249682999
3243123096
377181174
2714482494
3248585198
3248398136
821168023
3196918111
3032072462
3248251370
3328191177
18285619
2994823849
290985735
38493719
18761412
2181170941
370764505
437556159
263527126
2975556067
3134900287
432343171
3239482046
3245847205
939194845
3245914826
1022583859
3246004022
3246146534
1276892366
390501947
1338574002
3245547228
3244376648
3240284070
1535391770
3242769452
13458262
3243971815
3243933679
3241139828
2876536952
3241495573
3016307300
329537116
111564970
3241547503
3238579645
827195076
3144731167
1355856608
212070870
3237658880
1099636651
214518789
220597026
3164676902
3308574358
3237699901
3237571436
2167094196
1347529700
3237926599
3165142824
3239360797
2896309808
901273356
256950067
2992374206
1240892725
2995889347
3236550721
281251973
2911650894
896645989
322550634
57652156
229023386
358217738
441477560
1561952208
3235875824
2895637712
1328683770
2473414548
3007903087
786970128
933628220
3235040946
909077580
918577610
3233366845
240131751
3227078856
3230729965
3233155242
77950918
2923353986
3087581407
3232502880
3040594302
2795878819
106995178
2696887802
1537817569
558630310
1441191841
456660666
3230553320
3129423714
2998519170
3230890555
1399772612
3194210270
3229651526
3229702742
1652532163
100000426
145340375
418809855
3193739544
475556475
3145652562
3159036588
617803274
963497852
3142679214
3227790169
606816202
3227663100
610847177
771526544
208426907
237946653
3226865448
3226944816
1634289926
3160605733
3226784346
387029381
3226129766
3226303525
561351083
47863038
495047246
3238437869
2420405718
3107297532
3223315921
3223645818
3224235854
2596410686
3223400143
3223721359
2343202682
3098682397
3222788844
1217729778
108858364
2244896611
3222074630
3222213896
3222218090
3221947297
3219057444
3221107814
2994948344
2349801260
3221239656
3221684690
3221000215
3161656952
3220362480
3219346304
3009425174
537922848
1381176036
2916998352
2576340925
3263935899
3198691028
2988752327
3196916485
322968821
3129384685
1620090554
217683240
181968665
3016204693
3109071114
429623764
477384015
1317976189
3183255447
326944918
3195947508
615179239
2849516167
111867348
3149129677
315515919
540750426
440357067
3195060595
3253156217
3195058057
3195551648
3194959748
320754497
3194035520
3193917054
3194364416
303687443
406856176
2182361324
3167972887
2873423490
3172279706
3188434184
3177900289
813216642
3187483118
1126808778
292101356
220291106
19277058
804494760
3191634534
2995836260
2805381332
361660652
491858575
2894828126
3189293844
3160631364
3188633094
2892086802
1037053022
3164850541
3168887768
240488211
3188280541
3187388760
3172374876
3238431567
2966273888
2270541864
488199925
3186149041
3185828292
24906585
2833971906
743957388
1401542827
1427168712
3147826994
3185228029
51981365
3129441883
3184605198
3182593644
3169574004
2910995126
3182536788
1565741581
3182216328
3182236128
3147808164
3160418538
3181355070
3089952422
3152429222
3181422607
67205546
1295009174
268663019
3180368616
3180633912
439124188
30647854
547194479
420451995
3179197794
3155597568
2186122368
43297561
3161065002
1335641161
2829018144
949114015
3106120201
79598422
3214303535
1078526670
3177792595
3177716353
2286258312
3177288486
1259855899
599835277
47233643
321284462
916854888
181824882
3176186924
2916497483
1040053531
325989145
3147120023
3190766195
1430548208
404356909
2321669492
805132800
349482882
2964762585
1889274884
292802789
3147209177
1350706146
830711533
3158885016
3122669244
3165416593
1162401552
3168493056
2994589808
3168754388
3169068025
3168256974
3168452808
3160413708
3164724325
2571083809
574419519
3146407763
3167055602
2968796084
3167213058
3166792998
1214661122
2353158151
3166584691
2431862202
3166504794
3162415039
873160507
3089991991
3166881290
3160341674
3166339662
2708095794
3146812483
3166013220
257373235
2979815443
2552903916
1634486988
3165014006
2555158819
3154786453
419260516
1152586442
2851759075
2899166365
2240944531
559523637
3161093918
3158962482
3074347854
3147022775
128539032
3164544420
3016612249
3019379635
3163832629
3163862720
3148825670
1192458979
2210821062
3164056212
3164088402
3164160416
915924654
3164533256
3161866123
3162432008
3154142150
3160518893
2455982180
3159444612
235089329
1374137233
2262626072
2892491257
3159553998
3159947899
2925329682
3159227593
222659572
1714212222
267085930
1882333242
310290992
53277128
2373179258
3156247598
3003208081
3155166211
3153160190
395100965
3118984728
630082328
1659628334
2967140518
217708475
2949916302
2673932724
2420853998
3148927994
3151326896
3151194308
3033859760
554001556
2255169829
3117688402
2789001834
1111017271
3149363580
3148964533
274278264
3148948782
3143061162
3016047877
1496087466
1105937808
3104420053
2939563854
63569653
777535802
3107128950
3146302622
1345781318
3075401552
3146222569
3145897910
2930794357
2546136321
3003073568
1366460156
3145712612
3143451468
2991414379
2994356718
3144527664
3020421386
3145793555
3146288495
3135303889
3099965725
2878937216
3092107081
1368702614
2981773483
3112206146
3113071429
1063105813
271317347
3140732667
563697335
522962325
1223866380
2793116978
3134039407
3138370670
332292327
2240821873
3068355235
2187839592
634663201
2988983349
3138599257
97386953
3112002134
3081033260
79511871
2446531574
3011425502
3134500050
2795635633
401383041
537995235
3072626198
3013514486
3123768689
2217408698
3116709844
3106164931
234364127
2257818025
3123906883
3124985329
3125826638
3120491748
3122156336
265932778
514762608
463476072
1853153786
3107203489
3107219024
2964874470
2900452922
3124150519
3119742714
3038188728
3115447543
452895475
3029514231
3118784226
882439184
3116999923
3075373260
3067640076
123005074
370035130
3052038769
2962714482
942914672
3106848895
3113416194
1611814292
1127940024
1420250168
2916156548
3072927782
459232006
2782185716
2788939278
2339811877
3060677557
779596380
3101318839
560101354
94999167
2873407785
3110908043
3112851701
550203227
943004082
1138673840
309580315
3065763872
447667833
513346994
3083593753
951611479
3111078772
2890377354
2950607140
3110659721
802602240
2993081413
3042245246
1064885935
3021144480
3106395277
3091788385
3055714982
1017333396
713882550
1911122382
3052226875
2893842140
3105699438
3105975138
2334873090
3104759977
1941364406
2689359320
3042552278
3104371657
2436420235
2349643152
3042459506
317678823
2896522694
3102843402
1463897552
3102890202
3103151575
1211188782
1260712417
3088382786
3101464573
129166552
3101533705
2881837279
608624081
2910625490
2795723758
3058990680
3091982516
112192246
2965459778
3042351661
3016893174
3037214070
3060877664
3007842864
3097919190
1080246512
3071050722
459147476
100325489
261985245
359353808
3042400435
2901876902
978065875
3094115274
3061621008
991060003
3095503680
1344156476
3083065046
3041090743
3037177585
593415215
3059391078
2152177062
3091691834
2879642107
3091812973
3007393296
289844567
1113073424
3089683196
3088868144
3062698344
1344075714
3088782228
2510936760
544792102
3064895245
3061128578
255497411
3081094561
943263108
2992158548
2443158307
367042996
849296899
3083431501
3018425532
1065541106
429892292
3083631331
980032399
3069355490
380078487
3080923010
2512641764
3046133126
255916829
140725320
1179131634
2668838904
2704225970
3040972340
3060965200
1089119898
3076019642
462636788
2240880673
88397891
452734121
1892272298
1977012314
634336749
2937111052
2282767123
3040565982
212904673
242583650
490153885
3064747836
3075188820
3074955828
2576939916
3074296326
388697028
3088277207
599409527
3074524668
92765904
82375159
252626451
3074356482
104701039
1218833144
2835693056
168594236
3073000308
3073452698
3073170174
3003266814
627054618
2371529786
3072378572
586407853
1387552712
3042650514
3071669244
3023819384
376129116
2728409360
3055831398
3070956486
526057643
193617846
464792220
1345822652
3042744068
631068648
439319825
328931384
3037830847
2807913797
3070181887
341194265
3069858896
3070276986
56074541
3043382701
460994525
1346086094
60584277
2997862520
531018309
1547684191
3068858688
2950991102
477370057
2948792011
3041483576
3066503856
3068195389
1269609120
620246442
3030654391
3067432429
1303151102
2288996354
3066275245
2943004380
604250922
2293012513
193351084
222717640
148979396
3061148694
1053977958
397022994
3064370167
3064082652
65290720
231442144
1070068538
618115544
717726290
1189737001
1560535368
157408310
2882237756
3062195924
3062059950
2959050122
2563228796
3061406468
615976525
2660094389
1396312453
457327325
3038795161
3045323617
3059036882
1130205883
3055041523
70093225
257472813
15497644
1063091311
161967997
391303180
305345713
2993362051
1162488325
398089844
300178594
1156481162
3054831601
3052548270
741073957
3050721258
3049775179
3040959529
3047290135
1054407264
901067276
61165275
3045386510
1226458027
1206646345
3015824346
1563165367
3036125096
3044015418
2823397808
561361749
3041564095
2783850944
3004264836
1328990875
3012595046
3039516582
3039452862
834488832
288002922
3017433694
67948946
2661201267
3019389529
3038182142
235496474
592854067
2911911457
2423107344
3012034183
508426053
16777778
3037366046
476794592
3037157390
3026167104
2549650142
117943713
555080241
1071392504
367832278
860603311
2951846454
3017123558
2899252782
587601012
1573064688
239632217
3013434432
3034401456
2394273320
3032125524
76661554
169398544
3032683135
1047344084
3024911011
984637884
1005560899
3018127278
3023302884
2415599203
608094726
2928799476
1524902581
1894302272
3022971061
3011089388
468187854
296816532
361047007
3013885267
2986434679
2978513131
892454401
2572298684
896642594
2250632233
2936615125
2525308092
2995527613
2994839496
3009623335
3018078594
2904010368
2992118942
2938947584
313420096
3017892066
2210091024
1140745602
3017698237
2988469162
224510476
3008573790
264047452
3016033506
479109871
123527272
500722290
2834049391
464536606
1425083180
3016125282
956832954
1142150004
3029590504
2996563765
320643829
3029265263
3029069920
2837705436
721629055
3010208371
3016646143
3016239168
2989232833
141408322
228211937
222748114
870958616
2989185667
2994757988
956993330
2983954800
3014398598
3014017513
2802985424
1008121633
2991665528
3012618932
333293285
3013583569
2985646610
1392094812
943181965
2995212236
116406635
3012233654
785768798
2933275855
156581931
2976268801
360580208
2992887607
1944022254
3009891217
2907607292
3010477856
463612675
508693406
896638418
301403681
3017562251
2967850159
3016563075
299510811
2807450107
2998021230
2921278279
856380133
2995439784
1731747709
566810489
2816374320
2893669106
3009324380
2923731192
1540536031
2994539395
2925223544
2994568794
2999050046
2997704354
2854984664
721645747
2991925608
296682665
1191810702
3007667485
2281612544
2946065004
2968352257
2903242016
3004975322
2988553525
3004500260
176976341
2254560505
2860282484
3000684660
3003526892
945089426
2972833211
708464521
2992752649
1478846215
1065606103
3001159585
3001261951
3001627687
3004535823
1454179975
2838701130
2983716974
2871217110
2889541820
613070835
2999443075
2960657276
2900330126
595125808
992381148
98638429
2972517233
2996437940
2541399780
2803041024
525349924
887608932
2751489799
1030135548
450542991
2991229317
246728655
2996612690
264666669
2997286206
2463785442
362394645
280435542
517475758
2993008182
1950342103
2959696886
1728798025
249080110
2995959055
2901216895
2994771386
1036390273
2974924466
51411473
2994748801
2373936966
543498925
2992996700
1197700412
438016002
2993135624
2501088966
2950331532
2993079806
177193007
2993563689
1184877342
2992102812
612142034
1116113623
2992184546
335774523
2172311906
2298926970
2911638984
2986769783
2988067921
2989737736
182033058
709071878
2989049345
834860634
2988579233
2855321137
150187008
2990569722
470012892
315267030
1261188426
2939204450
2989236631
2985639237
2653712550
267513174
591050724
2942405545
2989482984
1857667387
2378391824
2989517041
1962917342
1922083914
2989355202
53640155
2866399075
546646045
2962723316
2235656432
2236768519
289809989
1216116860
179838234
2160472820
48753074
2988053443
1908233162
2955102968
26736279
2875902958
1118513450
2284792706
2987334571
892971097
2896373545
2935534962
1423529149
2972302077
751598737
2739726505
2985526772
2985442536
1401547321
196475925
132568511
1272359372
1533940872
2983475520
1479306602
1457841402
2890372056
2985332984
1266024427
70346437
2726487007
2653979714
224598412
2851616640
857759635
1427082738
2983953924
1094733264
553191659
314506791
2958048078
2935574280
1448079258
377958710
2466300073
2982049086
2964857912
2267417868
782727206
2830927172
1553761939
1287933505
2469632258
2982965570
2935990297
2251202678
956519198
2981648334
323141843
218159758
2981181115
2919192672
2842148893
2714377279
1162462028
2877958460
338995276
734000144
2973930426
2509210520
2583550344
299094578
464442769
2846720958
2820060522
1583232656
207359263
1941534427
2471856036
18928990
2910905486
2899581824
2968841690
1374458191
2974193912
2289957752
2873091372
1870633140
440356809
2242288435
2934218376
447726262
533993256
2943693624
2432954778
1124018420
2939276843
2969848507
2287087490
349005391
1274919481
2960956862
2197951740
869331300
2968130539
602605380
1893113300
263610525
228945247
2890835533
1420807201
537823818
2965426418
321848269
620860560
2960342504
1303512596
1906555584
2886832296
700693854
625761010
462912701
1838781818
2235606530
410053309
373992905
2891765521
2917342254
1003961526
292022607
990310993
2930004366
857644760
1838205300
1662541682
2959622406
2959588549
2956179543
1045777286
2606935831
847291902
2943698989
561935821
2939598078
2939198504
2959604116
948953156
240051936
2943429398
2958465482
2952237948
2955885968
2929706358
431328751
399277747
2913773839
2949224108
557821610
2956001472
2949961622
85346108
1408148738
2940288770
1006326163
2953743013
1338501055
2953583977
2953037113
2945188777
1348996423
1085122926
2799230856
2951232882
466288222
2857785966
2938308973
2939594182
411309579
201334544
328831866
2942694522
2945425537
2908914793
224729627
905839770
357866255
489322270
2919510480
2943937099
2944509252
2897521220
2940509538
524666734
2943014646
83377415
2942642239
2916564334
2942796876
104452025
290452716
2907705533
532919050
375161083
2931938317
177161950
2196174865
1599392784
1020846744
2939930741
31802358
516631215
1948950452
896911873
2793211302
2917713698
409104829
2941250958
721673383
2940471643
2940877184
1047500016
2933642976
2940940268
2941057573
2940377479
2938872272
703171094
2932012430
602073298
2939670895
300759686
2462710118
2926636975
1080345908
2939345491
2939079204
2933506232
767419225
28069954
2195488358
2419013706
1171073785
1372487666
362441623
403912274
2908694486
797893446
2901586673
2933109470
210443428
2880271693
2899221085
2741980158
2432028721
320175675
2934440682
1130826115
1124087256
2359191810
868483170
2921453808
2908094364
472851873
405282392
2921169150
1341960716
2931842058
1358214486
422365662
845129707
2362252320
2928661286
434702137
2929211256
238486239
1850706865
490908272
413075543
152944309
2921741720
2930822180
2373726414
2224493534
2917427559
1227067190
2217818234
2591158573
225990309
2897282709
2784820064
230644575
1092534979
1280159262
2918107736
2923652047
712140720
88851682
903458006
1631216574
2904389845
2925537566
2726021958
2175206294
1437007298
2583858887
611335181
353654891
552653349
2636243490
1251472255
2923638313
920875993
2408318149
265743274
2363784834
348935606
2840958828
2922462715
2923002253
2918399826
1471776031
216266382
1164796784
224553806
2913249614
152965784
245256767
2907805395
2362741206
2917139520
2921447527
976125692
279376906
1049750179
1340912029
712167020
2907234163
601734956
832461224
2467713272
2920171909
2919792961
2919189344
2909512220
2896227937
2209875517
2527555034
447909515
84680827
2227679401
73599544
2461013202
2915548770
31060093
2689090494
1662771422
1541098022
1515758719
2856763417
2911649706
2854556155
1169479254
259554001
2913822282
1587567812
710011004
2853322472
939052668
2855015569
2751728762
973266403
727999867
2835645606
2838661561
2904261326
2418971954
1338707593
2236128204
2798133342
2870777418
2912480378
2912889415
428229726
2913364332
338974996
93616021
2912766841
2910602066
1209019904
2910766434
2910563473
2780022811
2910493213
885902456
622559694
2888582750
2899075422
2832600445
2909614536
2908922414
1960312808
341459213
2853955218
2908716992
424842907
6643802
1568270563
460999811
2344844275
2839344014
2900549412
298010746
2798979906
1929170648
2904436056
2904579560
567021414
2904244778
1448060107
2890564796
2880862721
2901469801
2903554254
446023059
2903139114
2901696876
1010522114
842002687
734382986
907883324
2888163285
2906930131
233534363
1577500249
477700283
2894188069
2857584372
2893800355
2215259900
2901808256
1466302855
54607693
746926152
2902189998
2889979518
2876241231
2900093659
2900143974
2899917415
2744989662
2606860700
1936849400
215952805
2901997213
297771470
2895550099
2886534408
2887310089
2899479408
2895831931
2898616488
2899583515
2821718726
2899840250
2899519170
2898556628
2895670094
2856313213
2289090422
918097298
938706523
419525784
1472232740
2898113946
424040158
2880634812
2888172518
479432645
296370151
2527140572
2218815433
108955269
2897406576
2897152380
2897713705
544370704
2888323566
2578384339
253428195
567931790
759684504
1642874508
2896437662
2586900854
2868073666
2895076573
2895329041
532713362
2895240319
2894573905
2895607826
629194427
2359136544
2892527305
2895237439
1857745340
2886596594
544954145
622066872
857515080
2462906690
725037618
2789422986
1136254872
80482753
2894673482
384798383
2812323126
293413203
2894787848
2894422946
714130477
2360329753
2856294110
20224342
2736348128
2874347564
2819941189
2883463424
261640883
2870858821
568974471
91497127
2871544099
1128114745
1706962620
426356387
2860544619
2892111438
2888624846
2883126541
42014944
1124657564
567076549
1319979036
2860724130
2878190022
2891757336
1227556584
2888237502
2890428836
2868719257
1673640962
1712540754
456457408
18679324
2470469142
390701351
2809391070
259170766
2889934662
2870494728
1725578394
1729024945
2863246059
706947368
1051847785
416899859
2399240425
544203058
2841238020
359840871
2882932357
1118605274
2483394228
2835199394
1177450051
1157484342
1885419846
2888355972
2229859410
2888154722
1921759116
2887966506
2384224002
2887999573
2851953654
64692608
127467833
2886420288
1419723740
2875330939
2887032595
2885884963
465234305
849290875
2887538648
453745908
2499226554
2884570104
2872742029
2856481591
2780084816
2823937146
829415270
1498151894
609033042
2711213550
1076505404
1380084390
2875882909
2880408433
240136361
2152309188
2866785506
483486676
121971300
2462662027
462719110
2558007860
318190228
2273976480
310665609
211433876
2484125438
758581916
352896410
2222265901
2204555162
1380936781
18807670
211413954
1725722292
2880205748
70245372
700161666
596493490
2864648857
2351907792
1336304683
65289781
2878929151
2876301614
1659744548
2458975585
1299902144
256391192
2856890755
1050429236
2163911216
2876469109
78279617
1866448770
2501263538
2876907396
578757472
481299070
2868414942
936166110
2873180341
2859857364
2876196072
536237692
1153789771
2397383365
2450991451
2857695229
92508060
1193022482
1128502531
1974803904
1702275421
2458286148
2872506812
250478561
2813370811
750550638
431384187
278813906
903158882
2872519489
605918791
767488808
2231063953
337602474
2870064679
2871107348
611778855
116041935
2854056013
519616943
2831611530
2832982375
235751157
622690269
2353369417
2866245745
1477184287
1004534772
2861659682
41517916
2171993179
1268941669
233148318
368117323
607149339
368313771
443632324
1922018772
1374693163
2864261503
152188484
2853878546
2744572986
2865444043
2277733482
2851523797
2857474969
314361585
2860467104
458937739
1315992360
526032019
2854165196
2171436296
2814056832
2834021795
164464927
2775721718
734485904
400119974
284317459
2853228054
1359040722
139423661
182430341
2835793106
330837292
249939644
2590524414
230086391
2842777218
571025431
2521288799
2397444912
2280500714
105145549
76895709
473026873
564501797
2744026628
2811087126
2816448091
481133349
2522416819
466212032
399816569
227260001
2800331885
2842874016
89090707
2820976170
101196248
1368920204
962683951
2832594338
2473279526
2421710340
551988280
207372574
2841304278
2362854902
2512158722
863043002
2789011909
2788942212
818609641
2269865226
1579490035
2830908570
2839657604
2846009851
292133813
2604993732
2487257575
2206544119
516213742
2827513634
2836193070
2838248288
2837420558
2826019400
2827349022
487316172
594460254
2794158143
2838782935
1057950840
620492402
2840940222
543236456
2841227930
2802941575
609095690
700635228
2810342442
282942668
2837472162
431568130
2790440169
69894765
539488537
2723227716
1030308504
2728739768
2477075198
2834047338
2836474813
2504309360
254444026
357318965
890846598
2408539794
2793926362
1906194476
1145228682
2552587040
2825855738
333498831
2558633293
843687955
726152383
2826012385
2583393858
903483728
2798952410
2562764130
278588118
2470534790
380116777
1108114550
717735128
1442759341
2832021438
591695068
2831834828
192123847
396734322
1518678163
2829411738
316202960
636693497
2167636796
758345880
2831827112
2827291686
222207891
2291345132
830585190
155557300
473629592
588049362
2819327527
869908676
287604421
252882390
2799884084
2823624680
391893766
553934519
927098294
2821777376
2789022319
182931299
175668446
1057029414
142705779
240208721
528295996
12490912
430250670
2780411971
1410087007
163063399
410579252
525152714
626581872
2823220794
462690384
551486609
314451712
2769393098
2700040363
2390739074
2819374056
873196321
2819658302
1582582188
1164709944
2806420760
2789392610
290476729
721551686
1054522566
410600930
2329950782
242784060
1343910043
412175733
209037902
2815924086
2262946092
271629371
2775597469
339394843
425544825
322288164
2574689911
2540994619
1309364360
375501322
942815592
1131549666
621032683
514598057
93814868
2811057732
449598661
876962492
2473030394
2564381539
99459926
1067910990
281370194
1964572178
969364111
426540402
1058409762
962847140
1895576929
259713498
160397417
1455969626
447029479
2175667940
2787495804
1412218908
1095898141
2410333730
2811577747
2184632360
999080383
2280711534
2804734861
561083305
352789283
2805449498
1199400793
2803357796
1130659302
2613676428
843697507
885902149
259678590
2806362600
2783462125
2788993135
808686103
430601726
483905066
2805333661
2802133903
572463798
143708511
235068448
382512356
153784983
368143079
1657189500
2296665732
2531825724
2802728929
2788951758
529057600
553228577
37616871
2522471754
2767025752
2240692759
2788924776
1275733746
1142530590
2797631702
508771858
838938608
118065669
559256320
1552177494
321171893
1054187918
325233477
1054327344
88580939
1034102906
2291996796
259164560
1121780228
1559460626
394529977
461916961
404142291
241590405
2413823736
83847075
2278826840
57202153
866705978
28577466
263611463
2268700170
555860219
97221277
22924662
890646199
2261510504
2796928699
533973367
1010476868
367437800
1044578952
342888026
1368863340
507808569
700299913
1469116518
320113893
530971099
2791556994
2587964965
1396240320
124463187
844172504
28528309
1389889088
505664997
1434504318
2450919925
245286967
2791180111
156029223
1435692367
365934288
408202199
2589313987
2224478238
260092271
247119298
2789158213
2787699270
750679021
2783350052
2781953840
175969695
52027695
1368777492
80777173
512324104
1543560030
1256327958
2767265562
1595399324
613360074
340291980
2473398420
2598321540
295500208
231304224
269733273
1478854699
248508468
1706398549
205590491
873495096
280076829
2345325285
473854874
381515934
117737404
388744666
263012924
1659637344
346525194
252580798
1041856898
258330060
390535692
2649494088
873367382
1157277877
602628030
474038761
473717147
324932040
2282125880
103428124
594669966
382828415
2601028567
2367005701
1462264656
1227717290
2772302042
322668624
975840031
380180989
77655503
756569282
98373744
478229036
189131044
19483191
1903332992
148607856
230014123
297907485
2412590144
130039824
278319775
53007630
270684877
925251702
433556356
212888822
388784593
58683834
854533080
382051551
549875174
236272572
538727067
182263372
431349705
253892424
1073086135
378418727
804097506
2458856102
1672077727
860554561
1001227442
2772719797
1410492944
2749117734
1102796576
63423739
64617330
1382579060
536329828
788558719
483759190
503949186
301922130
309497206
715263092
1856287884
756855109
588957121
1433166162
453632808
2195621208
884218249
76877351
242456080
189444269
223318606
1099578840
300159654
2498377142
758567892
287101466
533003717
30664613
2436223652
99342993
2328154249
209605862
306662953
388701582
566023916
466299397
84289148
1546283533
415574815
888288576
59157393
28403766
41814169
