419576155
615491774
589347342
4336066281
3652441572
2457468992
385714694
979565700
380707994
2395542876
2163748301
3855148336
1708333183
2889981303
2825810440
2437560494
583120364
708274361
598898189
1445144851
708556967
3336083231
1590162024
1335126426
379843798
968842110
23693291
49712591
3161432241
1061203028
4084205381
2578025426
50066702
4181974725
2576064478
4212844337
3647480303
420062238
1645409833
2781982955
812270258
1931688462
4182204736
3960629783
4167279885
4172570919
1226071278
2348063709
2327176283
3984482532
2902196682
243905931
613241514
542055121
4145116408
4152250132
3354058444
4132102709
3187905989
4134314319
3424977063
4137216275
483415061
4092760491
4005888853
1868927942
2657146262
1164309324
259795124
485078500
3143901231
2290427980
629895895
1694754648
30582040
1390264430
17216468
4005804015
2568827224
125671323
2305966060
1707520963
2235557969
3323436171
3212214805
988827985
2394453518
2440631752
1683180481
3313673399
3256795413
27677944
516115996
3828601814
2286971409
3397781103
1858699454
597936077
2819275099
177345928
2286932590
256986185
2784582426
256720070
508171534
1279356422
801618511
3882169887
415107701
121287173
3491700435
2905455777
3799013596
279181851
2986204041
3685843033
3787313117
468659859
32433037
3486686355
356334909
1095592729
2990490508
2555816617
1666255674
313440449
1036217731
294003268
562482392
2378986826
1732477033
72425383
1148046277
16438655
63485795
20683724
3632702595
2367878834
1458474522
1311764881
727310731
3409782982
3133815438
1671498247
3388228098
2771692985
3484919482
3484792701
3384516613
299743215
423794824
3351841121
39367703
1663434888
1835096623
3378723753
1029254864
446424529
1319513822
484381299
15485441
185330462
1924209746
1263514442
365197756
584222409
22162854
1339835893
1202172517
587897437
2357164718
255833202
1523288623
1663391294
3288632231
3242433621
1694625332
363467654
2413065336
2525638536
3308335929
201309631
3305170151
1581403452
85452649
3392935019
1292489850
3250060832
92146167
454279729
631686479
50515656
32985158
159541108
114235852
2316316297
293620677
2357889343
3258479149
3338866041
894298788
3125538279
189286267
1118129695
392413585
230046625
123015364
3336952397
35786085
818341820
1614250392
3323017617
458476053
3319376074
1468571624
1571219780
1146779983
573098831
814281187
2303416764
1237459200
2835665837
152462506
483497350
1061374471
1353228384
3236053352
2988092045
2557876225
93536738
1023305198
33755578
2968929621
996046038
3304886722
2424351636
2521251258
2576116707
39830633
518960230
703276331
783327654
299918538
3093398224
17469289
1419983239
3245626985
3202012545
2838986316
408761123
430744802
516634445
70246837
87239242
30602016
1888149452
1633987406
1290082680
2753052001
3248913094
152806828
2808201908
1416289596
489984566
24955628
2802451870
25731291
2849474832
1477356494
2986473335
3052847545
499135186
69373980
2366260782
1320531342
191214877
1018888874
3073340379
47175584
121626258
2861288124
189283341
2164823350
1615463502
346974294
469535495
3187656688
1799470704
231505031
423129929
1468240021
2765199185
303414910
3139196979
201733435
3073728502
2587647142
2413961093
445984645
3121621068
1734880573
1094013840
2241570906
470406991
803412342
12034602
1216287619
1891452308
1019043228
308693424
1237404398
254625601
832492022
535004183
549829398
2240569439
1636488259
3080210962
2233952742
708049969
383104516
2342447233
3053544120
2823990022
327125202
307529723
891900422
1340784259
1472874954
1319173556
362911145
197860215
142109220
3095337485
375874150
308744091
1605767497
559080699
820254386
308651208
1473183414
413535227
1109439302
2853613323
156089142
2960983617
732085490
493688123
1569092269
126144497
2186469262
2577599676
3033607408
2199629470
436118859
56826095
86414168
725072683
46565868
3077623338
454343140
308787463
1695249343
73711187
622235257
450080693
28101965
228065747
2342252331
1132608307
402948858
380071490
2432760090
1918015760
2861118164
2739357561
388875436
2279699096
318763438
3053576787
362905021
2455727916
2543539808
249775593
1232796252
1451664332
1304098987
1176038888
542758976
995888228
624411802
2966889706
2508042948
208069693
135681361
2458040166
470437241
633831034
89768562
37340611
2377443239
150499969
354049607
834531392
2508249026
2569966858
1663370316
2342448871
2513918455
1242632323
2507948130
745691982
1921610960
520773736
41633850
61898653
309342433
413300993
2347465252
2538484776
1970156694
3020695911
1332719311
1480810164
2394125463
1061465786
2705247212
971384707
1521002466
573981881
1917588798
1251961382
579219917
985141231
2968646111
1538407500
3025220171
362189690
1616305980
2863152267
416773099
2740536916
471656168
380908262
2558237381
758289403
758234640
1514993436
282132916
1631428783
1515036283
2866343854
2202202322
434170588
246310029
489399182
2507286607
946671738
1557092203
3006389343
24894213
952635673
1698163705
2886142030
910067348
360826798
18055737
2418958659
550571309
259479934
401668678
2975371155
2984788882
2979242698
2991247426
1194093150
2960807776
2976336597
335004256
1072087112
713001901
439389603
1901273544
2608881165
321445166
2535568541
2970895307
1115361174
905125640
2656796950
1018588440
468943599
2968253115
2248634969
857258305
1046391085
496463982
1067552610
1014208170
362787242
447747988
458546653
59652479
275113303
974198634
2940388234
2898663320
2946114304
2943023585
1696968332
1067153263
2940341057
54140074
724470050
422782875
2884462947
604194094
115216190
606889498
1360685618
2377908351
2899484357
2895206419
2723192745
2926326699
711511655
2873034953
84909246
1582853809
522524529
280260411
305176694
248795646
879112662
91473530
1911428251
451247140
2477858597
1669556251
2849190279
258590199
2906868785
28421825
2883584279
626546714
2901227853
1470608670
372628581
535947903
2883939333
1054244395
1496563117
360046331
2458868431
604031395
1702952058
857788920
1317230534
526349856
2425599550
1558886130
2571205876
2711044675
346879711
468039108
290670571
509520342
2898950450
417512296
2826965940
1253368297
908895667
294238093
159146909
2300236828
1363274648
338010074
996197521
1514888180
1321432124
1858959847
731169812
943579908
2181426191
764097084
428396486
1454829865
2739112461
915220375
370297667
589538078
70806667
2796240171
2488926277
2757494574
301734890
421109692
579399347
419854078
1107613844
466784424
487910130
191239348
570293707
718768794
863918323
509779556
998845969
935849888
1365547476
1087702710
57054311
2476284774
128399916
739644673
247931512
1914271404
2405855565
738993211
2872418779
2194896278
1220006376
2564570558
600322141
1163742325
2199219755
1915703874
2504870295
2345293942
2511515307
2732558422
2784217009
964260852
54994166
16129880
187653797
587829099
2412723085
569499783
2763689081
1573694910
1720254230
998590044
454366743
68975992
1948424654
1110570894
831741217
908739108
2708187942
1936485775
2769134722
128043687
243638015
477090351
2351837189
2357749265
2434349951
2790218409
2762255584
411978082
59553554
77578426
774924218
924569527
548801367
2265997473
869676884
446506891
1010341380
2289015593
2838455420
700149223
2728380825
2720862033
559140056
1967507172
1651581276
2188745981
2318711037
457963180
2811639477
2817095367
561492045
2493447998
711480841
301224099
1398413035
321458639
626557616
493756072
908412751
77029092
2771834441
2304747346
2296544309
2732762301
2278320519
2327379609
1832140052
2413230805
2372732232
2320028133
2251409565
1146666500
1654488720
350117300
2312290908
189636696
548530031
434349549
1976709733
956274536
965623303
2584102599
606798005
1031991642
554045777
2302399959
836800730
868597105
2549044855
275171708
2424494330
578377152
40330556
870702200
1715852198
1861502420
1381757905
437800187
613656270
603331878
600638640
356598201
1867881566
1614035504
2310537222
408051956
1038265405
2760646174
1194940483
1319144886
2612207810
42296517
1081644260
2723302269
259303991
2268086219
2781829984
1355289313
557378391
830713038
176917537
751869200
516100306
235475056
435481957
37448455
597016343
476214796
549634476
549655631
296560782
615665139
602035122
766096999
180462183
568771806
919983440
129944421
529665982
942584149
1566625831
612184405
2273344330
517167084
2497619631
604793359
53851816
1576279260
1365890904
1257450440
2724015236
2272350698
452370537
2780380395
2780577737
1389635240
574931213
512268814
840437612
362816438
1494613974
1389664753
785048989
482678865
1918629607
565088677
1599131413
1455842641
317212482
459917784
411932612
453742939
733711328
458527182
1438396944
2648896719
488769782
904538653
565422302
24785883
547233198
172102633
447458805
879027762
574952006
470748102
580384809
557177776
578477932
1686805890
2504696275
1890112783
612879440
571428486
433766062
602018523
1005325009
2420883622
139285445
453578054
269002583
1024755529
1375807854
709568981
337692889
2826684938
538708674
2339088176
774025632
904883268
468040049
597783319
2463334779
403045087
2789241013
2498451693
738999084
2315002485
567493189
1363267837
315436701
1087001731
413627607
900619548
589499750
2176246360
365823481
387115603
601473499
2213046657
76811115
590415008
1216397899
749697464
1083511807
2371729169
2708332447
746435486
890787968
330016251
452421205
1375686811
2277922762
491610199
2737469267
909555391
2789159519
458481092
1563785228
544660688
1330625574
591404035
591093408
161377900
872843540
587995761
495578815
565865933
881459094
397701752
505124258
633435602
782625638
294977835
399715981
392290200
1634145163
617531138
452560968
30928693
688583
454325700
2596380602
294770183
461045393
2813280858
857327460
1677189530
31262249
824174227
326991509
489579770
870499220
586015779
526659866
1963455067
1601739871
713022317
447501950
621080779
1424381480
2311142186
2317279330
1311341616
531937569
2411144967
2528699818
2561947610
2279725045
498740891
2778961055
597974470
979667299
2808732840
456267275
258017741
483885619
2332718656
1506328813
2380728922
477069736
457547561
2235072514
1858342992
42537643
2474747222
1403778595
2334814689
60770431
2778988060
553127849
1393497228
913170468
136460157
979570860
2740740714
2502956297
1626740640
624290641
550342137
107252816
2786637167
2317761024
540418796
491614898
423696809
1360392818
611143721
242176569
271115147
42513430
558202908
71104041
595469976
24961380
344275560
839050608
2458788896
2612704988
1005316376
2607314295
729273888
313528961
2289960161
1191934957
470608794
2759880453
766852058
2765822848
2741982425
2204014588
598007850
2174780290
2324866655
41935272
1722847476
142116287
906806064
2450832845
2380964479
1173269004
571445745
569631996
443144973
348614638
2560548139
1210540980
46238315
590594182
568245432
605054829
468945312
601143382
767760252
1349125812
601415124
534801719
1827971460
391155576
1315488720
1684731247
