4083969852
92526134
429477033
20417096
146197483
3061544791
517737047
383899305
14058680
2830859289
170520228
350480055
545152346
36275135
334681673
25230813
3331453199
147470258
111026203
121501368
84337974
30237066
17472434
18688196
271038533
29748308
57751787
146461743
289515977
1038492757
406394253
381739160
16119041
3449055091
18267245
2416199407
15238474
16874817
57555662
169289390
28743967
4421740756
391897436
15626402
5265501
15349187
107804575
172125335
1820921
2458827456
27190974
4326044532
2738070779
266548317
3002566665
289152890
264583729
1951745144
2695678334
807770275
274754201
69277190
2959855465
79982397
1726388305
18923447
197970367
1415826452
18238982
2699391090
3121463046
37332166
14179126
3171275508
16406872
2201675316
1673916601
17316242
64765517
19317405
362949465
34619811
2155446452
316215253
93202826
33010502
399530735
3301633236
91947641
18257459
22040161
1449201942
2435679974
140086044
2205965639
205321407
3402096433
98682645
167090700
819782527
322937997
87202258
212229347
9657812
219162639
195208047
59028471
145741259
1416172375
25152123
267167055
15926375
201739850
15689217
534563976
2374130226
89802513
182565224
491091093
4048455433
189387709
266548511
3905679079
512657031
137517631
2418952867
4143214839
1918581817
17044312
2962644580
38348357
1730430085
95017357
212255424
739252663
65192990
165191583
110832914
260412838
14685488
17465742
24358412
15568439
16999123
1528299474
17693065
91547411
4181688318
1189011
241557502
475145292
556694311
424255902
104358580
252680352
4529510593
18935359
410751467
4423656673
134016030
29387702
94258984
35323010
136093718
252742363
348072383
91774560
2575099753
161728346
380210463
194238342
4151806516
86797494
574424577
278151161
26547627
593663134
23619082
472614080
1536552278
3040799317
21071552
15475461
3254992153
73819386
333449603
14376062
2281935919
151351409
82546930
3074984458
200862263
192396346
1468216825
545704548
1643898854
2360230915
155303249
53880925
1598001637
3092706401
430136089
31562944
24529059
3688575201
239483933
574556085
4170782008
4141298325
3646166602
797700266
3340135347
38616260
307737673
234473262
2845528751
179662929
14694013
72593140
73536516
935592614
11045002
2265254670
454323537
94177298
178003248
142159105
2366511357
3919546162
133875959
1913650711
3973800673
22242109
2900462221
15684106
4049442860
15048776
345242197
3223869732
3979709441
1553144269
260840740
299054922
3001562202
25208456
181274723
14526680
400191429
3274888813
14563155
3594553273
35797450
3416690115
302788814
3919876517
2750568942
488438224
2463337165
64231070
20249729
16528347
3856155274
2400721477
15391280
3621709273
831771667
55839402
3265386366
2207892020
126387793
14539215
152246181
110249178
3220874543
14879833
3145435776
159888148
3285563508
3343084273
23991451
133729321
3426770918
19659846
254812118
3546180201
134148551
3531773116
33506090
52452825
913012014
295710712
2728440692
3313821025
3357208961
72882188
129775438
22995384
3271469358
139793478
2333617519
3270207438
3194809873
48440858
2532854346
374159147
152623247
162715715
3196570639
3218731742
249692012
3047054396
15226930
18941960
7492402
21268213
1554565699
130901174
10191332
9173662
395288752
39667337
2983943369
11481962
3244653688
2567403264
3186898519
1281844824
413874621
363166724
137734310
34667718
80338408
1000825296
14105047
3031395497
2842554580
1884249282
2837448125
2979347579
1898984568
3232841537
14934200
2288445649
273653249
545210564
214158577
15368083
405489559
2190873048
331659804
2291050932
385232999
2521030569
122539143
3067548537
64884706
25185790
140954569
484831478
3148882233
64677310
2993407725
3172813793
78904939
107453470
18678934
13642742
105867591
39273989
2223910772
27823262
950128387
66770646
1014412232
60703322
1337242658
23905792
2342481660
476768234
7039612
169149697
119831536
152647493
3130799265
33602291
3017292899
61843680
130768739
15455529
36777763
39222453
437308137
356856480
20465999
159223609
441240038
3129886630
727588969
846198307
387720067
2432300893
337520897
333454191
241108149
20624709
239122595
16163648
130079738
348495059
3087396234
2476332096
2706132012
16547582
95992322
511740616
191449523
1183137673
3087092538
656633
220355516
272517908
178088717
125820882
19062873
1631350472
18621632
40653960
18196284
19356794
895487869
14544398
3079709015
21989683
50822909
1847176015
416033787
131251141
111988772
304476768
546023508
9636172
17425484
17218105
58515950
390023978
850804237
382866894
89777930
14477506
84707478
16437734
47996171
13076512
3021379877
1968795523
20348902
2323023390
400224152
2383774188
191101081
1854335984
1071840883
2353413631
499886354
77639094
21888406
19688728
787542782
1477292467
2835076415
18406335
818851976
320788569
21523016
15778353
83287577
17030383
2707282056
247462200
259352849
1731567470
72891792
142614158
1389342378
20832384
2469714354
166780143
705343981
1837984759
542855376
80663912
134570796
552738954
1020733226
119392442
256063754
28511708
443816551
355482066
47860297
2983253162
449902798
2186732210
14847675
17466375
406051888
21711518
283238794
1099628502
2489595012
19906619
49976577
19030405
22379846
21784674
2755961237
1157370846
20898982
611131952
836949866
1047027174
43330332
30300738
18631455
603138831
19280476
2850269266
126578626
35275054
380625315
174706124
27937006
150075249
1074657104
346719137
970631815
392722016
230305128
825549110
562365690
3014597029
344852734
3026706106
390117314
3025396762
1199110646
1240494512
13212212
15612251
1704171942
2910643818
599693948
2969803301
2867098509
17787124
2335532958
18007862
112051929
2986882253
34384412
275079855
16261499
70349707
360072700
87822234
537432061
11049932
94111955
17525214
2207972657
21191009
45702001
20751238
270052245
2491819189
1031197069
2797602696
2924378807
33794172
401084004
23639144
174959656
68422467
417222908
2887895985
224882139
2492388858
115712621
8193062
54675156
18704729
385587210
16388723
148506787
210733683
814378362
66226017
2217859957
27151498
1426058017
215134393
18261039
2707516645
2776849006
337137641
855463070
505825961
126175206
27118727
898588770
28562971
250421368
22429142
29604479
14363385
181774371
340510954
86180497
28918696
56422083
145074254
55818147
56766433
49862832
75338333
79852432
272141020
246803908
158791186
730095169
81144394
532964056
112555882
17456436
18559046
77953507
244222403
1934428261
108150179
243219571
717527331
25472634
2967662663
2741871950
402596222
15918939
1420994827
1104609835
114876831
240696634
1154562168
16843624
919084568
2732837119
2974299736
40060140
2584547058
2820638401
82755130
11070742
16534327
18713169
22405155
741189146
261549289
1224943706
192427420
1125591505
1643797933
345195177
241385222
849496663
18316863
388375339
18524894
15244579
7192292
49683880
1219146048
828056683
554614157
21862498
86782015
480259665
2931154869
39995364
1345452355
25037181
15456653
2319100086
2832071580
2966488612
40247846
23560396
160230211
173534173
15861420
235710855
156940417
30041131
15662907
65433549
32824315
82716798
37531225
30307315
1222315993
314112251
16895102
7171192
233901658
248777671
394478846
29488492
55109838
37731404
33836054
16684100
248215532
82524548
804739466
43159448
387862859
149006696
74731015
320929115
93518821
15183825
13194192
226170737
2935795649
600590259
20011493
30392165
117224071
419883078
531756967
22384987
97992454
52932776
268346773
609414271
18215845
22303580
791996
58409274
73252660
15376320
90885477
298634431
94326256
65077871
52694566
194178604
208693321
287913814
261254788
32994116
385899970
17523078
552202292
57091812
23648764
1672084080
219476668
187906124
2430375841
44015130
16589652
217508613
2923234206
17316458
270443836
14857188
252064262
10161132
16657226
20220400
247424391
24538816
146203285
146915361
176770563
311891667
438318116
22987852
201997383
11092022
16194063
35481135
45286451
220996300
71201066
93630205
48963192
39649630
463491905
31081547
509108551
13137022
120160096
73574255
126419739
14896199
534868430
33800690
18766542
15698134
17260335
42371035
254117030
147082088
13348
271668665
79064296
100590316
210076406
87091650
2919000975
252176233
364461071
2732747335
496313767
392718842
198199583
168131246
57878571
1683929088
1864135573
362316046
14317663
134534668
973725756
116588943
2693798040
401671438
1864090297
557586971
1543948800
2732795630
1383811
551113973
2913542505
2936982567
2937195070
14333669
2775208024
561420787
33508806
342621016
28816051
74399028
890831484
14512853
104853336
2600205067
17286098
18229079
68938098
19266925
1636331641
47393775
308238853
1107957732
501415504
79966812
168683144
17069302
351578264
29305466
575555115
66961835
937592382
22317904
403094440
154635278
389502641
28402089
359611174
296865685
1197246930
14968996
15091261
1904999472
2764858047
40298520
1501471
14289964
187587087
381779268
33519867
19095114
936419738
1735489417
96979900
521001788
2843068602
244540684
541619690
14973
205773150
29971549
57119110
17784168
1970558407
28434072
1253141
16510536
1976363029
41014300
242227059
14197125
37172223
38380974
8471242
450433505
714051139
383813140
109638867
32587226
20476532
162488073
51009721
201264284
32400741
1321523384
137506318
317370873
388683498
19165165
107253123
361421653
137473442
17141806
77901001
118087031
145690130
2864459685
283579898
14833587
40840222
450720207
17483197
72195234
117198345
204376797
390260044
16441708
37319454
328630862
389535164
151861780
17045265
1267449841
1393218511
2371333250
1323009674
214310250
15905631
2756179973
96050910
23848279
15660944
231123274
238860272
92172668
17522957
1539772040
2847278657
33592425
2816146892
135419336
18051167
23102482
112323107
26518462
178600857
5362632
875364378
55592977
939762626
67925270
1551324294
262948450
378803642
57146857
273203741
199237467
23517111
15231287
2777118795
2667247135
2825049170
87297518
56380242
20231255
36510201
44033449
126303713
140445154
100448505
260163476
23430279
17704597
7093502
316640849
10843702
137796394
13029162
16466011
17870798
36713640
25284256
19383930
349426515
455087393
14160985
202275059
259095155
19263742
24069156
37172493
77550996
191146188
196270222
205328259
213751711
17943586
1357944078
246220905
372204110
47188381
241653133
22814562
125682124
707680406
374910911
26998809
20781312
38255781
513787512
815520684
747595914
1299576278
34736115
107229710
319044268
1308077556
15971315
177411555
16866683
506479845
140417854
16835265
2596606405
107836879
90769470
545192060
158747033
52377073
1240601671
721686517
14432770
17316762
266139567
195624892
14261871
423602398
756361
193567937
43793664
9832802
1658324912
8182272
74044831
16516655
218839456
15704860
14996823
260991942
564873327
56248821
15593959
217529828
595530285
29619165
243428504
16100282
156711523
2751948444
16883883
2725340924
2734012008
2744534111
72782230
43339362
2482123448
358914256
1969275234
2686521534
126324468
208847840
872323026
28655732
15616348
356638740
20609534
282243021
131048504
2713551387
2612415134
1957458986
25165065
2199939407
14305907
1528722980
26042419
627062744
94883962
2612542531
117563800
20238819
19625999
14955268
19774668
14198085
2436810054
16249984
2573948779
102558050
24860039
125134323
378042235
20253770
2567470063
1323816074
350973989
63738529
17900352
128143253
10170612
337024045
10394362
360675751
1670100625
252842039
195760172
2499024192
1444919005
1683278047
2404922461
89915888
987391748
2420113429
1924900411
61874709
2401322130
2195818890
405058438
442199919
205824307
158909278
1421819503
589241831
91910855
2282648970
93753160
2279550246
2237368243
15494025
2366090419
2447547871
1549649958
132353765
2514309913
2497992199
2223550879
36828364
1617359034
17381044
408436789
416299433
15649706
18137962
14072398
262365030
134363463
2518217910
212661116
132140674
106826002
363245322
2471555388
608473
2209606452
52091465
2166730309
166103095
113593801
230403822
16650951
424062533
42753074
2478667688
2496540206
14746910
19644837
175920471
373243315
348284619
2414882947
2428717873
2388996175
2339454114
1536689240
1515966320
1514736379
609413062
543673560
295049705
221057287
39694773
17522060
2240762562
2445773346
21129983
1700426708
626002662
1068316572
91238338
305570069
129315638
41842768
56329918
14752841
153534833
14105306
262123644
14199719
20605534
1589393881
625457631
517495068
18914917
123561496
1870776288
158522193
138473108
42688465
36820104
12383362
84246376
325068888
87077092
129675388
21787282
89029173
101907425
17890482
17235004
225442131
16047442
4654631
284562075
227777981
76909334
439082418
373200833
2174852795
374246374
15854910
6007572
20007077
112635961
39864300
137039561
399045881
1648885632
312128010
2195327269
282667562
2465064685
18112363
19672735
22581520
49809358
163180252
119786013
169048131
256626234
342726964
234091769
233686554
226085885
225052626
221012696
11673662
211930428
213965683
205750192
202729390
201156321
199779626
197693293
195710404
192240375
190752794
183665440
183068111
180334190
172867690
172016926
171828140
164444607
161685104
160346621
784358
211587528
2473477799
27830884
52320506
149550756
145787614
145670943
141349671
138727186
138350025
137913237
137786520
137388169
136671455
126096057
122361108
121375477
120536969
119308728
118836590
115714126
114755089
110585807
103772917
101601204
99035313
95489684
95198467
91842993
91194752
90950470
89476066
88906264
88480740
87043334
86494755
84539110
82693272
81714813
80895456
76822680
75630518
72845239
72234653
70762324
70292462
16513314
17533258
17673288
18104947
36413035
88339593
221111774
62724511
62704202
61659348
59941047
59711822
57949883
55720601
22445912
54875673
198185370
54042176
53655765
53087086
52972702
51787043
50249942
45663624
45019911
40977981
39951760
39764277
39740617
38456647
38387199
38135862
37888241
37329581
36875510
36075266
35700018
35462142
34863642
33347929
33026193
32580092
31178786
31040536
31020455
88544053
29328502
28953366
28009652
27533074
27388103
27109121
26810677
26423063
26415809
25478050
25159542
24919922
325463826
24172678
23684796
23613250
23340858
23272140
23192721
23081499
22564841
22341875
22189163
21809318
21574079
21502180
20482617
20435808
20116956
20079277
19579171
19024696
18882363
18376148
18025958
17872900
17711443
17601554
17120611
16351346
16132719
16091981
15640994
15488349
15113529
14860380
14653506
14365747
14352967
14128614
13974242
10991692
9704892
7370442
5789492
2561341
887151
2416890145
2362001990
2324314004
2322674570
2318021588
2317202130
2303358152
2300394122
2249709315
2247355933
2236143787
2228883613
2222348167
2209164895
2188999515
2155579778
1958957582
1949945708
1948271690
1941617358
1926204032
1886507720
1872400136
1848030080
1834576148
1723742552
1715105173
1701645272
1699870406
1688430516
1688197693
1682185038
1678391882
1671414823
1662722892
1647993510
1646754102
1641709380
1635798649
1631710939
1620693584
1617890000
1606135614
1591844257
1580245388
1561843340
1553849348
1501218907
1482957122
1480627296
1419211651
1390271502
1371044857
1364615634
1332560443
1328419561
1327179739
1299429193
1297456416
1284069487
1260678146
1259951040
1259842423
1246110404
1243464554
1214486377
1116512396
1027935482
1016354767
1001843706
999585554
991015266
977780491
960374983
950230838
938102461
935098086
846226934
841585640
828662972
825020689
788830538
778976910
753838436
722205704
629119415
626948606
624969131
620508755
611053423
609935143
599729813
597221898
596464973
594883263
592824572
591457191
582759042
577835235
576695007
574545285
572763848
568850799
562288022
551208138
546051383
532511048
500149135
499313095
490532138
489927349
489277050
468117909
467508944
467473177
466337298
457209302
450102294
448077114
436617019
435675083
429413900
426665689
420454206
414016645
411770396
405046828
402222934
397159177
388495274
385948292
384821782
381153009
379463037
378816538
376085360
374527669
373577149
373251197
371800161
364420963
360553579
357035746
340564537
334659361
329733689
328648399
328209091
327257735
326277256
317655921
309044456
304959569
303381945
301323829
298424747
297274666
285186425
287444526
279340082
276762142
273350592
271110778
268285221
264822432
264516764
261858160
260777223
253845203
252804995
245528902
242347719
238044049
234400300
232603705
229475566
227580611
227491004
225957903
217120191
214946598
213706913
211899274
211521024
208319590
205352872
204026851
203263122
191465337
190749021
186679854
186293728
184153331
183062583
180755750
180609869
177324147
176520306
162447367
162039396
161667874
160710424
154859623
154526188
152796434
148533971
145745751
145182543
142795925
138851483
129232820
126730096
123167686
122611123
119338832
119074646
117429462
112334623
73913258
109612562
109011736
108442209
107686467
106702782
106694710
106533183
104924567
104211492
101751888
99807538
98432604
97985235
90374340
86565588
82419603
80310564
77019386
75091923
224708286
74561872
73015226
69952025
68810733
67221714
65910226
64257201
62135803
60620182
58345586
56717522
55618046
55501902
54667170
54114276
54019744
53171535
51827065
51172067
50924551
49954396
49588075
46519419
46357101
45745675
45225522
44937678
40904965
39215358
38300608
36641076
35929790
35731120
35496303
33606835
32920950
31536076
286610480
30254522
30253755
28686190
28595573
28506268
25541135
24356039
24276130
24177904
23602929
23363379
20401944
20397125
19925783
19825911
19701447
19126293
19063969
18834851
18071286
17845336
17503746
17300462
17159131
17119583
17048695
16910488
16828265
16729402
16271468
15704771
15608204
15586551
15221598
14977137
14880676
14384784
14360941
14066472
12221542
10397092
5872202
5419192
2526461
15710997
21227042
14763922
17482477
41769915
41246584
40453879
39310130
38371838
30825508
26676401
24254930
22091828
19574047
18702696
18505560
18149467
18094150
14835608
7620042
2364737502
2364404534
2361295453
2351179374
2339822353
2321587680
2321401909
2321262422
2319384373
2288502254
2288481397
174473760
2284030903
2282625079
2273916254
2272485938
2271013122
2251369141
2242557944
2240688558
2238853386
2233908326
2152778630
1949587658
1943382450
1918243664
1892357124
1884933361
1880015442
1861194686
1854789822
1687756998
1651439810
1582978416
1576351512
1560666942
1557882258
1530674035
1511492521
1504431163
1487690106
1482578376
1465032378
1449077490
1433413892
1395158234
1393672500
1352661847
1347705451
1343265024
1330398211
1319414449
1317763788
1305838602
1285627266
1228541262
1228012664
1197271178
1150780525
1136780761
1135299488
1109059640
1098764107
1097686375
1096027345
1088250188
1074412729
1072469688
1061736392
1045786039
1028643932
1003364268
976669837
917055966
896392284
868049401
615749696
2198877854
859466935
830028930
824389184
809459634
793978177
791997931
788838414
716005535
633211992
626653190
616569099
597282475
595694544
594197256
587741240
582863597
570012676
569260461
567478341
561122757
549789337
546649636
533340337
524417168
482276193
476989964
474326994
458134725
440845016
438041502
432615985
410743467
409164150
408616632
169010788
408187675
403384860
398608531
398241612
396340730
381261499
381212781
378148151
357454122
351848007
345171437
339851737
330524338
328000324
325724294
319088559
314338951
308778581
306268146
304348312
303880374
287463878
285397744
285047761
272331510
234794999
233168659
232104954
228797432
225201303
221431775
215307883
209300857
208138992
204231670
200827953
188100472
185085429
182908577
182793089
178073946
174218580
169568958
168414846
164829140
160611979
154940442
148224229
141341801
135251922
134131051
126699222
124203680
124003924
111391274
110262937
109818093
109733149
107476454
104223882
103622172
102161699
100793265
92049363
90795703
89421505
89370076
88986371
86721377
86295503
85370286
84777108
84217683
84089176
83926380
82903580
76548771
76082587
74917429
70102351
69546188
63313003
59261870
56801836
55559055
53430427
53324855
52587488
51172460
50228468
47702338
44512371
44318582
43716542
42343282
41271644
40879407
39852792
39516208
37249140
37206226
36909236
36789508
36380763
35463401
34913228
33178160
33082148
31678953
31305344
31115336
28600400
28542548
28403623
28188747
27732371
27424866
25291383
25183960
24981850
24845359
24375433
23440908
23315775
21772588
21726473
21286843
20758815
19943410
19843289
19724041
19451254
19033431
19013088
18618781
18577337
18266320
17973137
17824738
17019398
16737257
16700091
16047665
16026704
15948035
15905230
15618199
15588825
15568235
15430182
15153282
14954939
14781890
14665002
14278176
14227042
14060637
11321902
10106822
8960172
2377733670
2364346164
2351612082
2342276042
2326278535
2319579493
2311029942
2309935982
2304515048
2302043897
2298929545
2298331076
2293904521
2293064352
2289767360
2289510942
2282391703
2272782678
2270145121
2252363473
2220982166
2212463516
994737247
2192609804
2190792824
1916282611
1777623218
1756868622
1709228845
1683943496
1645556196
1643273796
1570180154
1554342240
1525306507
1480072400
1401221599
1358803862
1358614502
1345401338
1314433710
1300660819
1283795568
1264945782
1208703655
1206054913
1147516844
1106829264
1106251982
1103838536
1010478991
951255643
948478518
902677860
860307900
845875590
833727290
822183006
818585526
813902341
813135458
807872713
781378016
771224912
756250008
749443052
723548672
716091061
631781675
339105568
621821017
620061931
599236320
591561149
544368538
540812448
524236777
518753324
369227787
486022532
448573065
441164829
415748136
408501650
404423221
402106810
389518157
387766569
380915131
379245005
373660218
370673175
370161592
364529955
360423015
352057573
337938025
333579250
312149882
60457044
299466420
16787665
268521607
252629056
238905139
238579862
198512393
198051897
196644125
192296802
187673029
187535332
186058468
171110959
102020985
54150041
152084906
135311735
130147309
117106591
44989680
123543696
108724994
102758414
101993018
97236879
95334510
90888416
90527166
89798256
89540829
76019422
74052401
69935471
66984518
64422625
63639122
56421654
50387814
44014472
39242876
37126803
35227215
34529840
32441127
30457925
30232450
27261669
26033581
24991661
23703429
22926493
14946896
19747434
18585307
17960710
17123853
17086662
16068583
16029787
14812016
6110552
2353531856
2340866348
2306022206
2288515646
2268937711
2263085952
2233116259
2209709680
2193624013
2187697393
2179202206
2178409143
2174535706
2164617709
1979259654
1965219121
1910135749
1867651027
1727106008
1690352072
1686540410
1685816245
1667709852
1654656522
1629925664
1606147741
1603780578
1599996306
1565715109
1561366951
1551244998
1546865948
1536385879
1525056026
1499000923
1449879278
1439997432
1423672392
1412264912
1403415630
1353765409
1349631030
1316315762
1308336751
1301776440
1286597221
1282062504
1274327713
1269851954
51547103
217204594
2230793017
1236153030
1201691196
1182852361
1154835612
1151671417
1145143452
1140032232
1128920520
1112297425
1054569698
1002968755
990047479
983245148
980952109
964172234
944490134
928392434
927719113
884543898
868031833
861765444
854937930
844062990
830411028
773482412
755679739
738396355
732448680
731006480
80874526
28568859
16550023
712294429
706476349
635623884
611365694
598436026
593986077
582905506
578259919
574349114
569023143
568904612
568880872
565453455
562119227
552166372
549755407
547112990
534154447
531476360
531291666
527393999
524562188
523025847
519400348
506558288
503434821
486025310
485761209
420592466
472741218
472171198
460779764
460039048
459358139
450740590
448730022
164083556
412734255
407297255
406160831
399060023
398641219
392985324
391928144
383605157
376103084
374745030
370130624
363612839
350180116
347130386
343217790
332943725
326175211
324822290
318988563
311795739
309105984
306210428
291001450
285723583
280633586
276487675
276238764
272591638
270132503
267980536
261927509
261754227
260444465
257188439
255359410
247865851
238575210
238246869
234629746
233870129
232911599
225079947
222067347
220649004
217080803
211423159
205611153
205118166
204759864
201690023
184068813
176322752
173894409
173362614
172832895
167801862
164907262
159770710
159243700
157398659
122727800
152626284
151207519
148638030
144290587
140513078
139824340
139434522
137991087
130250749
123226134
122273538
122129067
121657652
118626296
114998103
111558271
110733673
109300518
103755504
102713161
100051046
2364640050
1214111665
35347366
23251100
13658182
98682118
96740182
95569971
94816639
92108089
90008212
89496914
88016206
77663286
76903512
16975259
69539879
68552963
65651605
63804715
63731501
57572067
57252719
54543761
54136360
49756390
49097310
49017890
48599934
11235402
44566426
44130732
42240022
42218281
41091554
39074164
35473078
34106521
33784977
29500709
29252484
27916884
26583058
26094688
23324227
23280403
22222967
22053915
22034985
21434850
20989705
20905264
20436408
20343149
18429029
18024634
17688008
17487646
17193731
17040287
16809965
16466936
16054656
15779337
15585285
253446677
15171896
15132700
14321742
14314029
14267023
14239686
12732972
8986972
5519492
479552456
1327786555
624282852
381749333
245012246
226457293
27274288
26962314
25060700
14304857
10747522
6280722
1657784486
1488322550
1451306876
1425978368
1363263756
1362135912
1330361629
1321310522
1292316848
1196671592
1136289656
1130645508
938898656
927517681
901011427
861740504
755779514
728437333
718840590
718414963
634132216
627536993
622866155
589936399
580111791
579881890
569753473
558362834
551555050
533644844
529155801
527119125
501919979
465682953
450157155
459217515
435574152
423550354
415298013
404106673
395085506
389060533
387371655
384549510
381005482
374923824
372956376
366052677
365406041
361434146
360363326
360109333
297796341
357246275
347471575
345866513
337938586
332603400
331869431
328601406
327644766
327023773
326703030
326125345
321994840
321348568
320387177
314757044
307559011
306745773
306123589
291372361
290555237
285867267
281936457
280903807
278724703
275726000
272260168
265761119
261773889
257380400
257021870
252462017
250668537
249415024
238385655
238169266
237491876
236453799
236125793
234685222
230499639
228691556
224900536
220448305
218765252
218484054
215390224
215309395
211582045
210053076
209126232
206441964
202234929
201787538
201475649
201176811
200270824
199332733
197580103
186518258
197098339
193249971
191018048
189244565
189226772
188199065
186472744
186211233
185531734
183568178
181397389
180159966
174303316
170361393
168058978
167760471
167206590
164489026
164016115
155771566
155629096
154347526
37649977
146341874
143870987
143556525
142011760
135716381
134169586
127487355
126555578
126089692
125758783
123287846
122038976
121550046
120345723
117836273
115389737
114405911
164801426
961840081
113226886
111826587
106907689
106534409
105787188
105156663
105048709
104867972
104388095
103686818
102809587
102429932
98895677
90852549
96223755
93944010
93533041
92733517
92186515
91232604
90597494
90277702
90123587
87586011
86165930
84470737
84397518
79250882
78759448
78682089
78573038
76007664
75396921
75186504
74711911
74079381
73147581
72944729
72643559
64547464
70710157
69451719
69091963
68646018
67770808
67718689
67172977
65914150
65646066
64796350
63806109
63035657
1265463398
1108163628
574469836
107516947
17021686
62937519
62588894
60915888
60832858
60279511
60188870
59184233
58218527
57859591
56730771
54528991
54188517
52875372
52709267
51167726
48330610
48320268
49834947
49744959
49569708
48919262
48054101
47533098
46882135
46808399
46675145
46335707
45933233
45387061
45289289
45118107
44654286
43156713
43004028
42977887
42697188
42046909
41639765
41009668
40984979
43520194
56826303
14358801
1138070606
40074445
39723698
38330958
38269933
37704788
37571144
37402977
36997655
36761958
34633479
34520216
34503473
34336995
28698020
258457118
34024172
33405971
33312014
33277696
32769126
241948784
6020572
26941002
32654044
32410771
31409039
31142077
16612806
31005278
30628585
30770100
29956943
29712710
29569964
29414761
29311347
28533156
28207516
28114239
23636276
26831272
26744291
26493362
26055335
25974689
25722218
25676611
25661775
25649977
25645004
25583640
24980112
24378137
24180209
24153905
24100116
23773474
23736302
22378737
23334515
23065591
23052313
22916354
22826311
22819776
22723640
22445925
21881344
21850960
21315994
21256515
21089214
21004953
20806376
20710035
20689025
20554956
20521415
20261503
20178847
20170407
20160918
20100378
20014818
19709812
19681796
19617963
19607680
19593530
19559364
19499463
19412060
19407025
19311403
19108494
19079151
19038400
19023007
19003863
18752944
18731529
18573652
18568711
18559902
18303717
18256163
18254256
18227480
18188365
18148263
18062147
18028855
17851312
17661877
17534294
17516011
17432774
17385922
17334157
17301878
17231672
17074885
16729801
16724548
16664842
16626073
16614690
16544446
16459176
16410788
16361770
16299829
16257500
16249213
16125870
15904683
15877472
15865514
15857537
15821161
15761303
15746084
15533133
15468914
15447549
15259875
15183952
14940238
14934046
14921529
14898452
14890935
14837131
14801497
16309969
14789828
14748601
14734548
384837813
14701535
14691845
14659007
14652452
14627322
2148539517
14799775
14548415
14534159
14497884
14483102
14475582
14437667
14437569
14433769
14362061
8900062
1710540080
14317669
110897594
14289422
167877517
15377115
14223097
75710800
14152971
14114324
14107651
161282809
330509397
31270821
30899318
15081182
291859435
105305259
13974962
13384172
304780319
15167351
485475104
13301812
13027152
219329300
96564060
21753328
17644108
12982872
411845007
163933955
4614511
1318480254
755472613
572565027
27485769
260230248
175495269
11613182
11380912
11352292
11294522
11212912
81065107
378008221
10378002
9973582
15681180
263348489
33980532
122122818
1377263906
318097948
264962685
17343167
17518751
8408342
29827427
995695514
995771797
806854266
396988987
353856304
7561002
7541902
6894212
6322442
22435965
6092972
5997632
5935392
389685747
1560198864
459077622
80454603
59038874
17041136
23242773
4800341
4341311
900243644
20379035
11503282
30449088
5417132
2491191
19491948
18313808
15656710
1359561
388388380
87691941
4471951
189498040
899671
1952721067
344228206
14639667
87237828
223467705
765552859
49887325
433116322
1857713971
1926573698
1903318645
1524419538
770441
282123511
340906429
139974630
350676231
1556831108
1433064696
1323198996
574340671
482489583
90323108
54443091
12640502
440211079
75019515
246103
52833
54653384
301918326
98492976
187871633
16098050
29767421
1153739084
1116772082
363800320
1291858609
1253139210
1093342597
1093266433
937713481
910488979
205832921
822103790
815427632
326830476
888093180
1735241
704219118
614513613
25531700
572343003
569753226
569008051
520351619
474199245
494156933
488972217
475318255
428815508
951979093
1134536322
405549095
402764410
930913470
42886353
385545140
837259182
378510358
1355208428
357488658
337466359
335374327
415581969
294838182
582890774
158317366
532368832
399506738
296065465
569892881
215426266
17915928
1852808462
1086538034
293852054
16816193
1286517121
45479268
16888288
932544288
363976433
631002875
77040880
281807043
257614024
256943036
251585492
515361532
233778544
327376076
1256067398
226746221
209715720
201269619
185012957
184124087
179616979
150562616
149875424
759352153
376754001
454370260
129697293
122143621
120031397
17567251
5660312
15298751
100277835
366197599
227260292
91834140
88128098
316397033
1684332180
17577078
83160317
81769749
81308809
81077173
40885665
121485910
72577362
443645428
71179898
15833002
65526683
62576133
1688888298
544360682
1172567406
142069781
51373835
928248204
573100903
317005231
344688385
313627424
41296053
17033708
1471433893
40899306
860011886
859998860
859973906
426917470
322814850
255543784
305578753
184477052
28610770
1135361947
231247572
15412070
1704421045
807923899
31179411
30428126
28995273
1024994090
93764905
134934015
25985584
384659700
1002513128
620060625
26200401
22237472
21836409
1086716198
570371742
350658064
19135950
733652010
17653553
23127004
17967359
17899712
75630219
17691143
381779383
319614526
435221118
283687745
43061537
16824146
16819278
34891580
15519481
15435018
15422705
14903152
14862253
150914709
16816972
22283639
19996087
14728782
1652657934
484752998
37959946
13316052
298306464
43570256
164386441
30345356
246344553
19904067
3801141
756252366
63809692
25525890
20775039
101742860
32543448
1374899197
19975082
316666759
15268902
92107454
365380594
253207647
22461858
188818968
1365924662
263702997
1335921830
1387790484
198892883
35439654
158946294
16147002
232315240
42946251
1645369652
240991194
24828297
17047975
1313000696
470983460
17414048
69211533
19823750
1545876445
96559370
16534759
930607411
81189900
48188188
97486299
569638173
441271748
162611402
30494847
27002573
315002750
21058978
846126427
550403927
21367183
14205576
613551677
3230361
540963177
284462048
1506942769
1447854030
1441259844
1437391494
1339193599
1331916571
36405978
1273804286
1262113447
1260022358
1221265940
1204526852
1172583986
38596022
1136799570
1121318918
1117070647
1108522122
1074161965
1026536220
996035647
964016084
943151972
934988510
930082158
910021692
16180443
93183948
831921145
786552896
771120343
759057229
203462504
623757829
606650367
601902268
601476052
593921333
298417899
561630483
552528870
549588953
34282709
542401179
512756924
499014749
485778615
481565214
441970965
198483889
193078737
18567605
421577647
415394417
405758829
390118211
387936761
386609335
91146650
40488131
25961672
45028735
792207762
701725963
362029711
353272745
473131419
296930043
600158594
14354451
326263886
324638408
308437920
304885261
514734959
191598808
299615918
297887237
288300109
285215642
283690686
280942428
104941387
36358104
970955790
279961469
279550606
278082722
277512109
163242091
45584066
260695699
5975732
249032097
395773875
110278300
141220659
22102717
244290697
243108432
237211783
19276719
225843445
221828107
221487691
219302881
14776420
210516339
204544515
201116825
200080977
197066038
183378299
596673825
177471839
175048497
171588985
169503629
1606513670
159101894
1393541552
146972329
141942201
138143626
392268718
135290653
133334880
128534642
117730487
220266778
121971260
106629113
595406468
117817962
103233109
102330535
98284121
616173
474270202
17698401
91197175
91091227
89583419
479852331
225956781
219325289
83853131
80857405
708812845
25476943
78257032
78037720
77743702
76897533
74570684
72542082
68788477
18500914
134963200
67809534
66932061
65846014
635016605
63435262
568443332
131614451
916092134
57018390
54860511
53818348
53453575
50959808
50512617
1586980514
233828367
69654068
48263163
47265211
42446516
321125740
40844639
619817744
38670441
37711082
293394449
37205183
37181056
111732842
36053729
486023178
428428821
234651291
479159829
397493417
282856487
33024380
32836548
31675102
474659362
1415004398
30048364
281661253
28836488
28404601
27965646
504297579
283274453
26714962
1329824839
318846306
579261863
255441010
243767925
230223755
227413468
226331836
20949830
1386915493
619593018
106118042
91422495
48771393
15175819
383623580
873523224
212594756
120812655
45638054
27375606
24893251
23930200
1556832391
961627363
23565831
23503447
182028739
23142287
602291231
295528270
301083222
21849907
21828150
21757752
21567608
21319948
510060389
20684863
772221037
344364062
245520753
20587400
328990309
263359642
19695907
19479109
103268828
178111849
314613453
292679160
16648414
18901026
18773978
13696892
798059306
512764989
78516148
17875855
49492914
14993272
17098963
16520112
16216217
16168511
16124848
15777984
15647068
15288955
552973386
14915769
14687167
14469741
907018699
750596832
487115557
12938612
9890132
1272514902
1881801
661663
322306462
21625930
274831685
274552873
274134361
270504544
268090803
266690646
263914867
260762738
260753447
250360510
107405729
257886897
254467579
252189852
248871690
246386438
246289749
246072365
20449585
241497084
49316722
57806173
126921754
415628868
239094344
235264140
234015092
233614491
233307539
230927249
229636567
15058127
227956210
227294692
227197346
226789223
225403195
223120889
217387455
21920468
216391868
191525911
167513229
158514079
132869028
90563353
86169346
70229906
53583638
53011116
51556082
40938877
153457383
31042537
25795064
17085458
15126606
714006428
15014862
153488315
145893491
210515189
207749890
206087960
200856501
316770280
191050447
199990263
197980602
197528431
194638048
191350918
190328033
185840795
185722382
183655943
178589678
177505215
177039205
172773024
171556641
167641031
166846811
165685622
164672262
164318060
158239366
78926478
23168510
1471576813
587063827
154232295
153776947
152551923
149302560
145721096
144519547
143634855
142453963
139397637
139243919
138551699
135810431
134562865
133962187
131819825
131814892
131657872
131440451
130483095
128782029
87242545
125263892
124189505
123389702
122686743
122682532
121861158
119741467
118344676
238766601
114109595
112528043
110501931
109513006
106959837
106659255
101616470
101334054
98903097
98842705
97250140
94850188
1281696338
865551913
31231597
90950830
87726640
87650675
83938774
81399548
81296007
81091701
81086509
80728969
79320714
76427237
75247909
74928556
74658126
761541768
57213267
1160529576
286241765
74177248
71019253
70759618
69555167
69390706
68834810
67613183
66508586
65848259
64484704
63802554
63378201
62731042
62588880
60191076
60112188
55090343
54369781
54252590
54244377
53645635
52671438
52284137
326784828
49699256
49681060
49619390
49433113
49292083
48156742
46221864
44902700
44609265
44522076
123536646
42874275
42836958
42656936
18285734
42655708
42018126
41926599
41246786
40903724
39718836
39468524
39295822
30269290
34584528
33988161
31450487
30890757
29620099
29336660
28815553
260757663
27943433
94698473
27553648
26901956
26761416
26552474
26074960
25973351
25938737
25048808
1192953632
24722461
24643458
24215360
23782326
23705714
958120286
22248493
340111591
243333357
22024589
21908729
21868882
82259516
24221427
844401326
1433646650
168124312
14837108
21865651
21690248
438131973
21582436
21511353
21444798
21253638
20930398
20476357
472132412
19952512
19828873
450951052
76567984
29961971
19580890
19406105
19308081
18949928
18686330
18331819
42351806
18247087
18221233
17991817
396262612
95759547
15474043
17757272
17455010
17129076
16985160
16912160
16607494
16514555
16177399
501904770
319887240
345936290
47427499
522717038
201921741
65748060
160001622
16087782
15943750
15937883
15239550
14514220
14426674
14411574
14408181
41997137
1470773612
14164133
14077702
13080142
8865012
7540182
6390362
3284351
1117385282
26221177
312666445
236696328
58652590
998688356
86459888
39964295
598661920
69357291
15964660
28937832
140799249
28922440
79439332
39527643
14299097
306096034
1202882394
211087370
462449227
89516978
364745133
979782894
112615087
18078020
327656298
309070141
1426413206
107422625
14073203
115969932
121072766
85771455
241758233
57767565
48167580
21301860
16940867
422216482
64790145
29180157
98348194
87528612
71165327
227493371
25565315
20009233
21420182
1068150457
926390773
981524952
437695069
17497708
473039681
1017269286
1168422728
483607754
1052921028
888202650
128325110
239186520
16029204
505116245
15933325
15680341
757207596
152227879
9601912
1317156638
20083274
94732712
257059582
30543835
76526257
7249372
315401523
20905363
34953076
8179822
18077815
1247325852
123912662
279153931
116582576
7111122
439322331
259297426
414854490
1202210400
18078559
55361400
10840692
82992302
717981264
1371088814
413049773
470581719
121911757
56294494
1209913928
1375423206
15439100
24209476
36833707
52730806
326480851
596294261
39651447
415553734
894254370
80020929
38131745
22862681
15747743
24743930
342392417
1296438156
181561920
118824905
141434660
783937291
219486031
14268202
46747325
267676402
27805007
14338005
187107323
978868112
551217152
26821618
14510075
332062441
1115555996
60908394
313285035
544862633
91251356
216701423
18853755
25529622
269053926
233491567
129218325
56978361
17922363
56479639
1273566204
1330606590
328747338
125199259
500582008
28349536
396315383
87748743
301875156
18675241
36732897
924214634
1005135626
133343005
294120248
553000443
15158427
167317261
14205113
347062115
53410573
304954357
297939216
968126641
19865124
73930266
303640017
393319043
510033760
190211226
75217995
96094049
22143241
24105522
164852910
1168290733
805900074
394037011
957583842
72551521
34815135
423313852
277421062
309017801
27036444
47714847
1157143663
162557157
78392276
1289063796
25291961
182794640
237736801
14089569
40789176
558040542
23672986
97280710
630570696
120093200
23118150
32594401
114998978
622824858
473907832
246910949
416274988
209018205
119249608
109761388
412469323
41215986
22411342
385740612
32806229
314573635
427317371
29607418
111435350
42549429
396793509
325277594
254247433
151774307
345408444
625379142
76517287
421828429
159145978
414513484
22804412
17063642
349109801
454286867
200481228
275354907
234759799
24690190
1252452907
40037373
955317570
578920083
473562964
81362392
576158476
22986573
588097375
392044008
220009145
865996674
162672362
107462658
64255849
66930815
21262710
18730270
1249877257
29450278
32424736
1171800050
467288138
17032614
463980722
607759343
63764996
787318734
237968502
1106329262
242618658
61515655
467568904
23736418
9929132
1026827660
1208004422
343283519
16273972
1118918430
405030038
564482305
317606559
299582083
89519051
44159849
770823744
84285408
15748471
154069838
9774272
15176862
860301392
62507556
45698151
15772453
266652760
283697180
1098680930
461157527
14992229
16547987
59894189
1100932676
283685438
128029677
9767702
15706633
44658017
441810720
70807489
1200043448
1142339900
705287821
294145954
243156517
309663173
309659158
1100635278
84654438
104374533
994015256
118030412
40985130
48505944
91381747
117391739
20414217
322301872
16616345
1124111
281697804
14477013
789761292
786246006
40443752
398658384
117676015
73133042
357051688
348885737
344952080
16792689
111693381
1209891366
369220039
413258049
49161307
22497819
832860936
868534856
228801945
347136137
921759169
14579415
1088437950
989364782
188598228
847661700
17362392
1105970762
314008637
18234444
930255504
580017956
163908379
21638691
279449608
795470076
531291518
459043215
178988064
83043808
451484078
290831864
75107851
256783503
21380706
373212890
610970475
588489610
567103323
372043719
47909892
137983775
572650153
174351092
292814039
386343661
1115972413
158432086
12053222
567346512
1134919074
70718677
15076292
502047984
6469092
484875531
626364982
200487180
46487786
397727552
475430779
133521595
350437481
30041161
95694639
11562122
836609076
80929888
321433194
357045701
1157940240
45937890
478570895
95691792
728463716
97177082
108730526
91948729
236694327
111139694
20232446
372698451
375854213
85919905
16052024
105101162
245433594
431747132
545469546
296763150
22247649
88244376
148003354
149541189
147996095
144124698
107698527
138411310
85595933
131546480
18861328
84655251
152194267
84653202
72267533
146817169
754801026
1075750387
848455814
438064091
241686441
20054026
123522688
95642590
51336581
1125119179
22773313
50638716
351998257
101676998
799949262
80346027
21363537
1127706985
308488687
1014981566
76060246
1126291758
595595874
378696926
275342662
353188356
37815218
15759973
121330665
54669858
489665338
889856641
976370436
703740018
1102169828
201938839
61780252
1114569654
456330928
26860420
238604394
60825787
95647051
28392936
269930038
324476990
1016202085
275075578
174888550
26897312
398314053
16641452
519907603
1061399628
792017443
342101430
459656441
709707175
413420947
873191654
82048961
382786943
1035797586
328575651
17038195
21229836
18931278
36436642
48982392
91158905
772237993
57896469
436152521
18623709
1093179211
898343377
485528822
1002920648
1050912842
79201132
69686744
199860495
47902517
17998828
137446409
459064051
185088890
98385317
145291242
18730875
456582197
36051423
19475095
312540900
1084600843
17339939
245948892
96124588
1078690800
34771997
632903538
292374563
182761443
24054719
904347577
837228206
282671020
243128608
362341717
87542603
14853
81495878
22000774
113432843
584136622
405509279
919978806
465446581
11473832
980186965
85021241
592119588
176487709
915149894
270964106
146183895
55670095
45585914
30484294
248431153
72863207
995774076
169924790
3532201
323648321
140187086
55563369
43251509
4078411
372053024
228412875
65258793
835859833
977112482
16208591
219498366
27892980
703425500
38649079
132695734
148313972
104871298
38427383
211154075
384471893
76761556
594725175
1026782101
16426063
93472873
377718470
394279338
525737703
345131103
345129036
890372000
1011784004
613680656
187378947
433883180
55540238
39425571
187847044
943837879
741816644
381032464
16261638
577512987
369020620
513780352
239503890
19183029
42057069
81934308
1025221932
561312782
68621775
150156100
136337303
364525110
609104521
323453369
390068610
21203769
241606986
124512446
103522691
31332203
51428114
288982329
1016492412
761703488
198091831
475475842
15226584
208959614
19033753
107960690
308960563
457498717
521735649
142883300
901152194
181523902
18758153
225360831
106658261
14190676
111822567
938200304
192471926
960593496
230003818
384674294
109828427
29228449
217022366
19264674
464163488
552804665
396048179
44627073
408011629
369281318
468928683
996200816
995717994
12069902
872002014
25041513
158448817
43112319
419479793
19620710
18284793
52026343
595953372
70428533
78394857
148070491
985664311
16274102
292816979
963156350
315545532
131876653
22205516
156020838
98976137
465159558
106357743
165784041
868509595
88991379
42023952
720871681
744490230
82670171
188863799
19685889
714807522
852942036
7062692
380541836
11656872
132872750
789779923
622736360
335133346
607447975
956915096
199959370
177511740
277723079
876081534
84335985
15824376
582888680
139058205
806002507
362989602
22811731
730291286
201262332
781079990
592885230
340777522
112696718
61451881
303391148
37036426
16275044
612817985
501724331
46616579
962030970
333427750
57346569
90659686
154484364
28469918
309880727
196304705
367590168
32897323
213593837
903713371
151342060
602982364
278558048
226810590
921093066
56331296
164019792
324328576
952826282
36926780
628048463
16753226
21059342
932626004
36705699
267456710
325466722
28309574
168236193
374598930
75508846
888555248
948917005
514570684
18268431
103265971
186182345
239083297
279148875
298058404
166739983
932937138
764622614
263159750
306701915
630903345
577361469
58842283
25787151
23765109
261799782
211454157
22894839
19499338
402265784
38057837
314771665
6587332
20506486
856227691
253013305
15316725
16571764
421520564
441335053
47623616
318602321
310824324
14477852
491587693
36525869
561124887
44575648
31848984
61461167
436592808
301988786
836173657
55533796
557333306
374740364
764642364
500055230
896206987
223803280
13267872
108470045
188572345
238556635
599153578
72808259
424369103
260744759
559941037
2197841
29089023
923718386
870401162
772768082
737961234
142378302
18915816
73556585
518510611
714896197
21291688
15032604
308335946
366763058
273911955
813898424
333083092
605366636
652033
370428174
210810706
621231246
443702470
52467146
14969075
280797574
79205475
886126310
886385628
189546179
428637558
813905755
83067614
752178816
813916207
51987505
136421373
14292285
314431440
855790914
102071469
37887951
11750362
89382364
486983135
140092318
44422830
20245681
53125344
361394095
314900062
398650097
882407474
901997016
220927141
545446633
17485303
529787083
309489721
16302620
31667926
16711026
870818892
170498683
99692597
15066760
400048980
23431221
864786714
636343061
275886464
78382995
197053384
881272801
516621072
21959444
856203858
500249958
321986360
51271929
15264624
625671297
378222973
101965660
856205354
191770043
275871479
798643320
525965593
29842667
150795715
881430505
883588778
856152402
818041171
856222699
171537887
377357459
489602968
374184800
165618273
44098733
431615191
94424831
15116049
83097101
733796959
111686510
50643413
238304266
26813645
31016521
75051113
223962701
120366344
165831812
70695285
482192799
28320885
142616125
123800230
305992676
341719410
29930037
51849142
787077331
38553060
190183311
77587673
151104047
589008263
19455487
362153603
16110168
802040575
133810492
628235593
136229300
249961399
210423504
41218186
296134285
265089711
15932734
17150586
33970703
368007406
597278400
706028401
421187117
23665168
131540056
525302576
111807162
24537541
776727660
430835978
398089047
390023653
387982453
400079593
29242458
403513401
427788909
545300490
68467482
292209920
118078956
20701039
758038580
612932589
601909622
19715450
21894054
577834152
59117858
719707314
402944504
83815314
76662414
591248843
226295010
430269352
529671412
560433072
217748891
146708985
621674902
288037927
509051984
16715407
299770350
212670233
743822059
14885801
19071727
346778792
21797506
379160602
622731429
176036423
166611414
65185254
44027188
430002373
580673554
85814161
202244967
597071214
257656837
26378431
821282016
421681211
14656634
33921143
33094857
27369416
16024207
22945503
279556856
14214758
207576682
377219110
134948263
131681488
815848634
728560124
143128136
239834453
183766639
366161270
224527392
80289230
216196559
475260542
18918045
564855780
478998177
51884789
82642247
26988844
411788604
40832165
47892311
85064638
177332264
146714531
300516780
382787551
382806720
144604423
311769249
88046906
382794490
382777110
378169915
709345076
14324559
34362662
815510588
517763941
18218566
85467830
248294819
399652833
611143391
252609987
151053688
14268639
79122118
61180606
568490499
17339508
442944057
631196044
136615580
293338829
43356564
473460618
54633090
131765822
770109302
529171924
284601176
436914056
404891846
55930147
38814035
28339908
20036275
386153043
246410645
111288896
543424679
702459026
28321215
332119927
18084750
290572199
30636519
14328042
385476225
8056632
14628684
636950802
398002308
496232690
625599210
70496100
409121378
25029434
344698325
90909904
243760601
207137131
309883618
217804684
795734756
234024969
55242630
792267066
469705966
621660295
630594041
42422464
43132636
44092219
108021769
19027136
160848638
25281063
67731721
6816152
86859578
59673815
7359842
55877303
138869288
772063861
599542120
78979034
156560517
74471792
436096240
377243388
119374764
16971124
37957066
393331686
199750875
231470750
392991771
572141154
465771853
85420972
34555878
498392326
95275784
20034424
24021546
760804572
86572328
138544487
532951287
103904730
33448608
705483386
441799871
625761814
605790435
142749983
618276507
48339323
116400065
238468065
22328001
90687185
420603029
428655883
253842163
305282128
63964057
424062480
19957685
490975556
95247466
187062262
129858671
415008745
337409391
351642864
273548364
63433488
59522105
27948237
162052960
35741196
121310224
18400768
549301116
505335854
93598780
184415190
362719834
39407620
237666927
568555197
278279975
626820134
228918333
724801645
30221116
108599931
397019851
49051516
92149105
370770945
301665201
175974848
612365272
186250318
606831114
709326344
13000102
235767697
246387489
252120363
278855754
19681692
47507472
57078471
174988563
252791666
39366299
573909694
23891793
44248454
599340550
9817452
238501118
119773042
17798031
133657281
497306490
90518657
378164108
123041447
105312162
115931886
544162016
459985247
15737988
481792293
113124278
394134197
457505451
342680113
16510191
36621722
115745106
14168335
6259102
63728431
542544895
25252559
510141736
480342972
49569360
578211051
13024712
246535511
252702451
321686793
617384410
104241534
200418185
161149134
365668759
124353143
705795314
277656622
20247562
557134067
196281219
136598582
278837941
61830685
481836320
51609421
12607942
222025201
20659684
564120589
174268495
479276925
263649705
302053278
315048379
40646375
612897358
15475558
231023430
296510414
160160374
308997977
637016772
15654124
409051175
164308365
234381451
218276257
151555697
89165675
108395705
337304760
54044295
40423671
306601704
75306666
15825100
263479659
18927125
425391502
492332029
37932667
323138380
146862054
112541622
275396405
36902573
18898162
635962834
59953198
374569686
453397790
234059648
83307691
33818618
21515908
279637396
18495413
275765686
16417977
467628888
545692022
156756206
33571770
61386957
621174331
67061431
452526388
625746813
122270631
180431833
402705237
35726420
630111297
42609957
310274837
192503770
102115625
412496161
86191226
155868795
30665326
19197509
38786885
533158084
525980424
265252110
28683302
15438213
612692093
14673782
289033247
54805841
153116157
259860603
116756735
63436533
499833083
273394823
292819455
16557999
293199628
17185463
83203764
141301502
250745938
242260880
297995869
294851522
294131075
77711673
150326702
495271272
155171264
117411892
14138666
519961930
67832995
8927422
497773345
149345489
359381582
57562040
503050280
144144253
220320055
371501914
62899153
93612886
192863391
70372663
37247861
35176496
601082794
460986429
96965000
23086855
271309891
523961224
596589274
564781219
121455558
286463833
111492174
533612823
475122182
89793254
270303574
214153417
190973284
15510623
21776861
427799256
454679284
481275305
53175751
604487344
558819750
421011868
377207513
308270379
104204422
14603622
19422140
410064324
118383902
16291379
49657669
228360645
38478320
86868839
449149951
122165841
165749816
430693184
436188159
275445012
278095919
466198457
598381425
376100048
587468493
97277317
430490227
235178541
36563254
257024604
62833092
70492960
54094700
488522505
490668444
75211587
257086359
122236816
19213688
126153225
423276434
131135642
289045367
322053389
209493232
397746524
605379219
185437031
143695063
593703963
176482744
602015792
491618812
129068158
575625424
17174138
337146264
16344952
15996266
22954336
63996560
257073153
365066118
424435024
30135051
381440907
46786173
14530535
106024176
18047598
79469151
120722672
56036302
18346194
131476661
360304674
450926484
323823122
495059317
360879708
598233335
176864204
21986308
160346651
344958531
583704946
233728673
339179377
18993161
331017239
21280068
21473947
14643825
32630040
169043903
98236900
599218977
21467274
348714795
23547599
555124391
284221122
21444414
238548899
106343231
315790966
518155913
302081333
111662995
28632676
389259197
148794270
311893291
283773352
17475108
58912749
180394067
316824517
167806260
171388263
553619199
307048575
93385165
272417245
551235316
379041552
495126908
550746409
26668905
320674887
153932155
257682085
557845603
22508862
97516715
227083583
69675599
92670346
450809296
6883712
367629250
98443649
71033354
198094617
82962053
579031799
59199759
228679316
317926442
405051863
558899525
254248901
17031299
51757291
424062324
304239115
113052260
148687303
540660485
68943778
32789366
307621278
256632899
260133944
8170202
239212535
466501554
498862748
15297324
368266421
97419782
66742489
269949642
45653
198087822
27202556
252067154
216373826
205911174
203092387
242349021
153851004
446204862
22939339
244285276
160771387
242186642
72475377
284408088
18018839
131183517
44049565
390590205
195205739
468882092
518675139
218690240
40624208
359966258
358020946
529453255
554465705
554152962
102024699
74939898
33479030
36710196
416863090
35375981
10819032
434848682
35945013
170945934
63256036
206900740
553213013
19898891
552885572
373343107
553729077
140806516
462793519
569993280
82968508
166518813
30317032
425515072
203559638
387702366
150260831
433470731
581287759
233439813
65012931
80130557
465883042
40843218
236185696
331249976
156501944
73822033
119895891
373557396
160494070
448988285
19808595
139324845
88233592
178634781
226951605
494664486
199526044
460470077
479619078
228830272
145466769
379483572
476925038
210159220
327785895
19932116
302083409
204352065
232990231
78988877
46616017
487135662
190765202
100309255
68400111
320601302
171833434
565518392
143132202
29524240
567112906
302556014
42298023
153594949
237281413
151387963
198061595
541070747
20574685
562645184
491327765
489901492
202616721
239766385
236907720
278790428
39609074
171670963
235822274
247962495
19710762
536101390
189347630
235918220
89532873
125178711
72751493
67255149
301311582
90402183
42859096
453379933
14832179
159950807
19741856
89238252
174516672
166858852
327689188
34172647
16278001
18043939
102363389
280441435
73142982
427400688
322347187
14186870
72672046
170010714
231272723
153248031
390525205
183356424
491917217
36852970
109953177
505727611
283214813
494955554
462830536
428657888
18500852
80032523
229584576
87321877
225009243
35304819
181820896
552211831
71604600
128318736
18004906
46096376
13359972
384649909
560028064
23897312
408651384
191750195
479939504
569470787
6192962
25231143
41392854
154088271
394856169
551056163
17375848
269121456
417389899
253484411
211320697
15243120
245730560
120179715
63589682
515639269
123476326
566640312
132036896
46000749
43721859
95096343
342491206
108701420
145751744
258144830
124788552
20605427
87408000
18191358
270920836
398444103
544669498
564572694
293306676
549310989
148777397
35780303
35762783
194184771
45422643
25965696
6738032
31608884
308268643
42517533
39490701
19953949
44651173
556748937
34906988
340462429
55641214
14579887
252509677
128074970
257508582
452717283
481075742
21001809
131234592
44444101
93905831
36101932
248381787
126062501
512086453
16263464
95761687
73658455
361468994
177795455
24374097
256127848
214568255
523188663
508949399
27920196
15948159
10534662
266768655
501785730
561173423
560736110
48130304
7067852
10035342
27010915
18837690
114543952
478607031
544887743
18572345
19918784
39840212
68853983
44597827
518855566
17486092
78659477
338539015
118190428
113034662
17601922
38509501
22842677
6877722
560403531
23791725
36052684
177333008
24548636
354411849
16270580
210768768
518370576
264924670
289782851
58660785
498884155
213949050
527366233
99101492
194757972
99457014
213680757
353407117
392573975
418752677
32162159
435911622
426961199
264163388
532877528
106809818
282700886
438478707
151083011
353231016
25959796
76920729
455686481
488916887
73564156
60060256
512050438
108989500
73132484
192502478
149825257
361079653
36431760
2323411
528275116
170971386
64089651
73572581
328645952
469135912
466627287
226431380
183612371
22300305
189822233
149060711
55476029
296135240
22499748
95608875
137669780
364706487
293789988
461681506
262056884
132486608
134722762
43393521
166835776
16131988
241183523
111429365
105821171
380250202
280468764
97970653
479193290
441108912
211345871
415482393
15805462
299119945
486220715
307902057
74042752
388242301
350540259
253813838
419972604
100381091
184500620
81149350
121341903
466474225
17921936
90379747
66973788
68783084
215027062
17285507
57428609
62000272
251237803
19448909
165116548
177081110
298768006
6092522
439644995
201588868
17030933
30345999
237906402
34792907
28616940
466955552
19239602
145793019
523201395
355520163
46494353
356395889
156804020
19289178
264237633
367608652
384986242
19994494
53963679
6514422
377477508
70461418
26679708
395044423
276287366
89238091
236689832
274283791
19175640
33928594
365280154
257521947
26688109
126006858
16786966
168675712
488768866
281313132
17259640
426845649
14326003
29207739
37510913
182318488
196117681
463119643
17556680
38194364
359773665
16735074
541366923
133366742
348127618
91454746
274996085
35825639
25668146
240486433
17718197
87442650
17197252
360875477
254543006
450546062
258335505
330329554
327020180
241006357
161046259
513154933
81070578
42276093
221575682
398167656
407100141
268838474
493143866
480299185
215266052
9596312
196161612
212144618
97727000
529187531
16815327
534117905
9985802
53910169
176009864
87346728
223170089
333764770
478812132
17295444
83467759
403571887
24162220
116401369
239010432
66661896
166541468
387283019
34038559
235437744
453898618
128510718
337366508
17600655
26074694
110979113
26950458
442942270
280496981
342537717
242621750
511892795
518388872
121920032
368326336
502117277
402657344
60273323
523197088
261616113
319813362
50815536
304898255
373273951
137925637
339888794
524721835
245254191
15883802
109363468
320795675
243871132
404556568
147334169
282492102
457293721
291735595
433829957
499809697
30736991
393992020
224181427
67631789
14450267
280363398
484504573
374400117
30011719
299030186
19424599
432965105
484706270
415446371
301574356
310645851
54514059
412240564
256729418
22688213
17877728
523963221
432402662
338310497
441512638
390905408
105588068
513902390
310359219
191472307
485773672
85707941
26522843
127255142
94284353
39029288
112322329
140554226
487645475
27396708
13679632
480771957
200969766
31397437
8253952
10075282
108620454
31705245
213205044
240396878
279159285
51280661
219095879
19924390
18049840
191583062
145592392
365657175
227005305
100132110
193314178
287858682
38153641
153392920
153835727
30375884
17413777
176778606
68823298
465642157
82887510
184522985
115456568
46045072
286039778
56660677
254722584
31118052
48481663
414756243
149627912
105119148
425960095
7655582
16674421
522345320
87545076
402685156
359172762
211712156
241174487
256670843
20861609
444839655
205431472
18168891
150605181
276014810
22680974
178782893
52700817
75756692
34826262
387750514
480864841
43311614
201074729
29806345
72920488
91243832
32547642
39170683
197653730
483025606
271223889
251061589
17903611
243301222
25192474
59146215
347688175
435856059
46713476
279116445
305189402
41442367
97829546
15074409
200919428
124473896
144282942
384933356
355387139
15716207
155013071
464946361
204024909
27683996
14342204
169436009
320091510
115358950
237744874
15797425
89496720
239995658
314664541
295736899
229763014
512191023
18561985
62413892
380596859
37279303
29876242
76235365
73728237
29883664
194480412
351526635
343431323
84125200
234838187
100551621
400497776
384557151
285896830
20972333
487678626
412382869
200251856
402482231
214211422
420631816
189468902
503919907
40300645
478948100
88242062
66230952
301591185
40453467
77394761
45999754
127284674
262458051
215271603
39828896
174280865
238270010
181447353
156897424
81046557
80443101
195675033
372487283
277891476
366094013
272019516
74681083
384655717
253846554
105090039
29551445
27866537
353628622
167567461
413147217
445474826
493349940
422007320
380501445
300095191
16083674
224970594
396339693
368302395
61658906
95387650
196867038
69851197
59341881
117459062
166782935
470550220
341393969
14702494
28447324
408654377
126541245
87548744
376469909
14019962
337015409
17856612
155596240
67654646
452488657
189474597
41544322
362416029
108989977
157667787
18258508
424028022
59793014
15731550
79983192
233676376
333932789
17441349
75150542
159240339
46157419
25104006
239033651
14585841
177930766
18210956
109332178
30122226
290583697
453402402
86804942
201195015
269829282
253621724
22758949
155688016
417294349
424266575
280661955
220014497
277403754
60283948
42091611
105551301
210004903
139641837
105591284
260153327
73158756
129934610
309141022
365313928
260302098
65045383
84268308
407185441
371354580
30834082
357266241
368243329
241479025
372406326
380839551
392250540
410142648
389417780
431093235
96204791
167325483
293023013
454850308
81517222
132826309
292203142
275598651
149875756
425714229
30611892
61376130
36461378
48139328
77403226
239062548
58093545
122850776
122400455
137556681
430792576
249877078
404784101
426631207
43501236
142968381
138008114
171004131
242990382
194339016
60248047
165507988
354884680
44013563
160785123
405757580
242064478
72570032
132586487
268793794
286180702
77537340
71214218
112775454
274248735
382847633
288594189
317378810
121183258
47735882
386264047
101772290
32473987
226540858
65356454
343286955
226329409
395268911
135833805
168587987
81509445
43602173
75629406
162881605
336688249
259498759
276443332
322047978
423477019
383044729
284263506
160577774
450712059
267614384
344249958
78246040
267772880
92842088
361052048
69543533
57275992
86007399
32804549
224999206
393648766
104907144
181935207
219799133
40594066
436790376
304645393
206959576
422015337
286622934
241624170
259504619
259503143
109219400
109161788
84561155
138410657
37088719
256565790
70828047
238532040
318881462
250057819
387095093
123056925
345135400
74983616
432181206
200116323
348341646
242918937
278451600
288287828
241700915
127490886
401874836
130781085
221664946
143388925
56072576
430295975
276419955
175292764
287407154
389020520
358062428
450728327
249889033
403434883
261183248
447141413
284381281
50115148
350827633
316658540
200238190
68886130
437962642
136850405
336772284
423352947
200350114
296207817
232277873
263534416
443949138
224818645
458298112
61806426
245855232
100997640
422536248
447837374
354411860
142332042
258369173
283004825
369306988
144802576
185192679
396433957
215790176
218025544
70643043
395569457
46585973
61473621
116829796
357701307
276570458
61441739
178648325
297448906
394505037
407719118
105222534
46555393
35909364
192400334
67402074
82078517
39919076
75318986
312412680
254337955
105917254
61744769
105623556
163520354
127537018
351151098
55885084
49135259
43145443
270896578
130526740
86370177
324336689
241278819
358217160
53706209
28865155
43111757
403814350
468267292
78603534
204418045
183062443
89081091
386243456
181113544
115668371
56402961
361553204
156316119
254514304
248402525
252009435
255158245
255085272
255146721
66572174
309473675
136138896
463187240
359651919
73045124
419376259
383116418
312723929
280689996
122544883
90905825
449062037
87795196
385460980
297626945
408450253
438558959
259132808
93206508
462348388
407310307
239563944
208185366
150045838
460413525
107479739
168827809
128644486
215273877
204898481
280535201
107401271
41014620
70500271
399060390
203748653
101946727
156576238
461436981
304035438
302528495
28758915
314775792
227518096
250019655
127290558
256843398
55204484
198338473
126864264
384204208
132125175
39778921
56089742
46709491
237396221
416335942
309832452
338469327
409018896
426803155
113985084
34889590
39949181
56856936
318642965
160403139
210878056
68993159
280917641
267657599
420763943
228548055
103595744
54891099
104788910
415607897
65724219
41713915
399344802
248212539
275366624
321304449
451844957
411178171
101351541
62387884
329764906
225912991
222669813
359572266
32815376
371294109
279762114
122072901
289480759
173304330
46635840
209976062
169165189
279507197
382166480
367170552
382530342
227066498
232551551
76908071
335591946
335802640
73155125
82786559
58825222
118182563
113939027
42426176
455025177
252057099
137332188
50606395
262271910
56716190
92516783
302413632
62121743
162733708
86339257
135493145
290706658
243168460
68481831
105490526
108831879
387025710
53212093
54078796
345192837
77640945
211034581
88748950
34858881
283348609
112560817
52175958
40739054
144317359
39713294
45672137
252766712
117176755
200471809
317317390
225755822
392543906
145253356
303059796
128282930
204756234
364538977
65997549
304291353
389981248
89091835
274082160
37726956
398124731
153368543
287395527
345995059
65348437
53885461
275984322
84878097
130195837
248995655
73612318
367210083
35194793
350856557
305446797
226563455
411812917
244992847
151098752
66785533
397371599
293055218
65853496
215910506
97089967
276917707
109046752
71784890
184277907
72061540
30673492
415339767
111635939
72653831
107037676
315217636
144266089
176187989
221414028
49395893
44266504
90604231
158648937
375344383
317439845
226483903
410850587
220927033
132867939
56686803
122322340
327778267
421741100
213708645
51473146
366081064
43356815
132368956
208559480
174861073
125757866
133128555
116108369
41178050
36032320
272933351
39506101
440854251
244746802
118885276
53454177
103913301
405692004
384205489
242099453
366201374
54601825
440423560
247144663
216130843
81037598
63203518
423092990
39393455
59243904
223485365
144623206
64325295
35779792
87191825
136378375
52378823
97120982
269890957
106804211
50096394
38976017
60376120
109085165
48566404
37877645
40016029
58264531
105972565
151820296
62336688
65678795
316602249
54118670
36924865
62913492
120373132
33778988
43238279
92356909
411801518
73683746
34376087
305018584
82154425
37348147
79930408
126592212
59461030
57729316
41548875
95005506
43740591
248960481
59947923
38683098
108498183
62035633
56293707
53777682
32575734
105572114
55548615
81619592
39616153
79511688
69897230
187893930
41211760
73450947
69681766
35346943
115135390
69589837
60110252
81451008
52778489
77550851
101286223
119857848
356635345
59786309
73074608
50103337
44842964
85879453
121849008
42642180
86679261
62800151
31471175
89280747
77360677
141189815
50774064
112604759
91244143
55597252
101787552
107828803
111698159
68919485
103091394
216797481
31705210
177219288
81195356
77897410
106853741
62643973
124674713
115054120
95658229
64122617
135544918
36008885
44672556
53796756
43155565
361980867
91751573
76488224
257603838
114036127
32201563
254279826
117143951
31716155
41238441
73013623
57586856
118187597
35525199
71952529
49146481
136989510
260340277
115248597
120830812
135348838
323765101
135772684
136843972
170977315
207392880
134813828
121501405
318546639
111847348
376184245
78037670
56081354
73986605
43251655
67355952
33085590
30630797
60308112
32645189
140872086
89044620
406025999
103871239
63386630
142495952
68477476
38331159
105237397
199469362
32359452
36602487
173889961
104849810
120922146
65822267
71823519
174763258
340340139
110454285
34572831
98626008
50815971
130175620
30901728
33057154
62058096
153739409
42601947
60734999
67588801
37190491
119138521
67010977
48798239
114701939
109865430
146966381
62930657
257452661
42204560
94841257
225117951
30561781
55647338
418091784
82943797
121657906
347763082
254590305
248864782
47102743
131979992
147116134
30210357
42752418
73352378
56991633
84157391
150598818
40872782
60630907
57293430
148281099
46398762
257657533
71873943
39515245
42217478
60699354
273051398
230111173
39589424
324795544
113740427
105005800
98751293
73909215
178645798
44635670
145385322
41395701
34160232
39790933
253893808
115278928
30917871
43713155
165288086
122483372
102262751
238368171
41660436
44217028
74459565
71063553
82839813
314338291
53288855
231171119
41209211
46082554
431249128
61774504
36514727
53886585
308267082
61269661
152764267
52818430
93694951
37787129
78941775
130619386
82847820
82444043
56926149
174537699
266288261
68787968
59816149
241553170
63322920
90930299
35275095
111408998
54134180
67447390
155899912
74123495
189560903
179617954
181884824
55882303
133559534
112664854
190915626
190777222
60037279
63620540
335381780
293089981
127550240
325411555
173417868
38084614
111686782
57949536
160467923
145379245
93666150
61156854
175116860
88377821
351077597
112479899
131832830
214042455
237470613
89745061
40868999
83919094
239126045
142240720
109441206
43219386
161333672
94365433
287706935
89348611
97963881
289490166
305259802
175340811
87592816
43572103
188513041
211240648
148720003
212687768
177728250
134144946
222359499
45453259
152413011
140966649
57604668
217447691
125192590
56280905
56116936
252036466
54800751
247433283
68684164
294157924
189795315
287914172
289181324
173396419
48434407
36148048
157379461
55666556
38947918
67795093
55313070
56800772
45313471
289076971
68651466
78640612
53360960
38267516
136582454
195367288
375288793
102145807
303855298
285258077
317292258
245002421
312919278
41446355
354863991
109315020
280560127
65921691
129630212
186399565
52063505
146406061
42707503
36972108
111478259
120893958
57196339
65642972
41846070
78359414
235558393
52183857
80723248
76225759
181043204
79539767
79729643
48863388
143004337
59559885
48971323
240306053
158359310
109350355
370356158
232966858
371760024
124738912
73105250
18764054
217151704
110689613
66951315
118122294
56078688
186791824
75643577
54229868
120053540
194177493
209204827
38847907
42903387
345231094
207912759
101839237
264291278
51315448
240476722
250787957
195126949
42627979
301559217
78257187
134665690
303785394
78715642
43600056
76624704
56021930
66708453
177808050
38126549
97029646
106427827
144678482
219899430
176259249
107421663
121588717
43959713
304962915
303932504
222565150
291460115
54482841
245666287
290459948
73882101
231992188
39914086
123467342
280458190
330061074
314287177
66282352
111165159
236049225
164792090
218014978
56692107
310293692
128271889
35743357
54676980
61798669
256606862
38862850
143574262
95245998
338025605
310449894
100027195
342365213
197524699
130008813
52017610
248456337
356366608
176917797
37045635
230045494
99643141
50274477
82746374
106253021
274510502
168529936
97759956
164052371
102154203
44824021
172669182
144827673
49401126
53000535
77134432
203533240
56650523
165771986
48657955
365140768
113130476
331179675
238028993
236591492
212005766
88926608
15058560
195284231
113969858
77725938
50551561
54976740
58415569
88829709
167433296
70774194
43065412
191030903
167149169
209510069
108801441
58347404
146528499
167413105
39599450
250057838
69912482
191578420
97268743
294553838
79845692
80147008
120273774
117807052
194485571
61527100
70130573
355964077
91609427
202706044
108136710
151946470
364651510
151138975
244114628
255734570
61359492
105178925
48062810
159245037
108521423
203720557
42433734
104034395
124324005
46631507
314085547
186190338
144654134
313381624
37322666
123648023
46719937
191935385
128842544
60775372
323257832
162078839
41254877
72284492
210183311
131021790
115523002
224778333
38184824
73443220
42630808
211293625
108694211
57855276
22238542
73957612
279160549
188352302
79909919
95640443
265668224
84061973
229211730
148418872
52497872
103403320
56700500
48091088
303531344
337106683
175280744
114070939
267874197
196221506
286873514
59834599
64729768
163442471
302570950
338302332
297611537
234509501
222118427
332219958
367163815
151251435
268196669
125744132
319123977
97474611
85144671
189833027
48935222
240527238
72715220
46932983
367247994
367246669
96539150
59542538
97150159
304319244
259915518
222820168
48733827
251487559
152771483
37404762
285834731
45925982
95422760
48679437
316142372
70515171
80355200
57048813
81961060
82087000
80464013
41582548
68198959
75511224
100281735
67224606
36880462
61509904
42550194
62554155
61814068
46048253
344729723
50975358
239461883
92285511
51043177
319836301
309337924
39166602
35910513
342040766
36832842
42300159
39885951
87024009
66691421
195794286
46698353
43739940
162532430
38243896
145332056
221005474
295694475
140168836
47733856
110147582
36057008
237579724
76130108
59250169
254099513
128664107
49796909
190818076
118154583
168514159
227829587
64331621
131370106
65381047
267178049
60007783
158361892
45817377
196967777
35767916
311437796
35748845
274556710
65589378
72005882
289484522
63641417
75612668
212163769
98299287
121303756
103275475
172668196
57594251
214572260
128394849
246609953
102525555
37180677
42680682
63284965
233666071
237270209
251007187
238117874
313407286
322537773
268936828
325778534
313124825
137261429
250744214
191047538
231723255
200812168
183156977
332448237
98902660
314857785
315284681
317665163
87448696
35737363
317192311
111065585
68422148
144786485
178417422
89137701
275674716
245191224
42575345
44171091
110236748
78414692
39412169
138984393
163361183
47625603
49718612
189474615
146043845
215683551
204884446
108045600
84682175
50425520
114798973
207672135
39827346
213330632
44644552
159384985
149980936
75072955
77423114
75544059
178453732
49258832
36455076
38413853
239591824
49935186
214695184
234848157
138588698
292749312
120193019
262916342
97464401
242082163
129956619
139002198
82799880
100584415
271050478
220101030
91307415
280946024
80082704
115155846
90671918
84699037
