254700506
101365366
65475003
15028947
21443061
3353254737
2498283566
385515504
635075059
367473756
2357768885
3805937956
3020491417
589946086
573330290
560213057
102125253
4547510172
3310885284
4137941427
1030028959
4495530682
2391765666
3318189523
1636771458
2795159172
2214191382
4332259127
138124008
3671302392
2833693718
3178608247
99535544
898584198
4438820067
2687818946
17314838
3903785538
2189964091
2912314199
1455287575
526175778
817523605
6878652
118937355
4352545994
2425593376
15053844
4415536453
253453384
2718274491
3438868481
2555923471
2479091794
166772794
2646211320
2935449829
15773518
535899508
4208789834
38734660
17041026
450136611
2202197917
4016448381
4226557876
3248050038
17528791
389585318
3319587413
15557732
435780460
1006468488
99217375
1354514252
851357748
545442429
536546090
3571430292
56946729
2939575258
4341125487
1710717902
588436544
3125626878
28547266
4319431754
6238712
128341062
3016480458
3664256054
3141843475
548746883
3845238492
14170981
4395146362
462285491
3134439625
2346109352
153099920
16369845
3279852936
28492860
375967423
3242327110
3306108098
69574976
3505939874
527393291
213388428
4102072934
3076242742
10883972
1271654773
18825615
42737287
496542938
3320822671
880614174
2507887994
252777601
1132994545
72288444
629514737
2404840614
63953256
48214727
3259606829
487807827
460986429
390412142
4313682373
24357823
54346778
290387057
3320925814
766002630
16956191
191572024
351634817
234858977
2850064574
467515374
333935592
236926847
15676278
490869937
3938418862
4437532154
3815012717
1476991028
3917011813
134552181
1613659110
25806599
290863253
83579569
2163416323
17467761
304329689
19801118
4024316985
4034368936
895943520
542459210
4420186635
827414539
39740454
4158962248
279454724
186450206
1328749070
4540053733
212559552
561454360
2570078370
395270520
1611955556
3991380192
196730088
91943940
17307006
26075982
137409247
150961455
622384685
143198324
210979659
2916281392
237051517
81613075
3402222677
274675773
269499637
164456722
66071131
1620235344
3386333403
127577904
7838432
3092851802
1183799946
2931883610
4097687893
16734740
204689811
26970312
18942137
184777102
561410507
2887881963
15917084
80945516
393907774
123298601
3171779308
360445368
37893586
2731989603
293074758
1682847373
807184478
45328973
15039436
46476526
1136906456
1685234611
112364193
2895863543
17616594
1104158912
2164008931
12376402
1539496392
4165486334
173517964
488404670
128341324
572086275
149994851
485324772
31300038
2295569347
135094342
2513827435
2734061484
74107067
1011144212
1311771936
36684167
255805271
143947417
63137986
83815822
2749106648
1914923426
817634978
2354395580
45242761
3195595034
1467692594
82295023
3245559050
28422423
12189
589988253
15175897
16726954
38180626
4462056018
532231230
1206585841
3975604995
3165760617
300862413
362160010
4034485739
15430465
346803731
388727852
2915676918
3234422653
48459961
2228514475
499770408
860959128
432979134
14977137
4352482812
219133377
117913763
4108343495
3782180832
87641150
1948664202
2840052375
20693656
50877648
305426496
3884293513
2244093232
2752418121
558757180
1338651528
2451195702
255983488
2832644360
630986639
13137022
1635722634
513660968
2498043576
2787641556
281411094
14134180
290249034
4255198212
246112126
12865852
811802630
1833919200
1052051294
2340794934
2227540266
2718980845
845996948
2232002648
2227338603
188970040
267390486
2292488509
2192099668
3009177467
261204468
1072595377
3779174538
61896614
3646223534
326619701
314098938
1041573343
4166040856
3907380998
416115067
3296841787
3163251672
137949959
3656608581
1911185905
91871287
14533621
60830960
2306974591
619791852
3370187838
3058532452
4111829175
14204031
430532742
3032773635
856577798
512136345
2352709218
4135048992
3240400279
204331160
2849983366
33815146
42795465
2378464248
111138803
4169902085
144816253
225447708
3361180060
1706934906
224274603
2873084381
1920082224
142350327
1241367378
46677513
1186532642
382008044
30953239
43346131
2918859408
57566897
3223522639
1289176831
2695968919
25896846
66666740
3105221781
573287103
31258859
4614651
4052158332
3295712128
3154307984
2979688649
3287916110
12021142
3248262955
17260311
17011345
599385219
2473035565
1121743712
29549839
2907974119
2444328980
2153549784
143406182
3224899156
4219832236
1578321786
2209588711
127201753
473483636
18526983
196304943
1249620638
188301733
3043231994
3251269011
417067554
2511745231
1512518784
3752187568
2989957335
47047712
2177026404
3249531060
3744307513
2994654699
252046956
326199863
21505401
2279906942
61768117
2211636680
139265318
312893112
4165134513
2704109278
172206043
23002724
19554419
23042762
172882752
199650394
3009823849
1220344296
2320639837
46910684
3882428233
523421290
2373899533
554973286
2668512236
1433311302
2374912926
3837323005
29102901
1001911698
3140113072
215421993
1249598395
1248927679
1574960486
17733929
959934992
1249620919
3726618614
75370717
167701140
126311580
3099030498
4443489253
182318872
51334266
35860256
3342730474
950943978
3338061363
133672660
3838981752
747466885
16607908
86244521
256051046
23153991
352358902
248849136
1249578439
259869343
1682042948
1952740164
248890582
116242214
3096775791
116258004
3415070931
9210392
2722190771
1365013579
3196880624
2699150802
3192943926
2285230934
2374099467
3198288904
2417186348
2810553989
236421358
105260199
2646411312
76345247
406288363
479144310
39770849
92169937
53223307
3096134670
110873216
577589017
16194469
716894982
2442900444
18685602
1273613064
2842370054
60669517
554548889
48057281
101379585
74090914
154654406
818930496
123389528
1271490397
1694055589
4071419895
117879116
453524947
272674112
179281589
3845057896
67588767
191457842
102246979
33630006
82093321
2548813758
14509269
1528328858
4091328874
3292901500
2229118994
1536962168
4080773664
78837955
3634857143
4165287309
420432333
3013524304
3241030174
378081740
2213105706
2299395618
3254924311
2989038129
4036165456
3684221535
1756942681
3432111191
480529909
1109417388
3301679317
1077970098
3280193161
1497757872
2829454385
1051284775
3726063798
2351361726
222165133
37392532
4444719134
986158087
3086379218
117973472
3004152876
2789714731
3292185921
3456920956
40558017
3284660432
3300467226
113112026
3394987618
1588283210
3439384883
2538474206
44762983
3097449216
1225233846
3097160110
1197656773
167692256
144639312
19261284
107081894
2412465356
2682510458
2814104784
2525266778
2285569891
2389679148
184831102
366005659
18114882
29379179
20048639
381854830
1304448476
3268117003
2228725915
1169070841
2984477115
93765491
909806744
94578764
3384219639
187614339
277213845
3299625258
718486688
4178610220
2202408303
91324121
2357548298
2714157804
2612887771
1656270823
3681059473
2839935215
175011983
2567585473
510208575
2731900079
2720878405
182345692
320703853
15686316
1649767206
165124008
3439531677
3235588608
2881529766
106324287
104287179
3303849939
1093449630
1044503209
3428767871
38619076
217713739
1227314300
3327855570
2595405515
47786544
1960179864
2465435408
433595318
28947434
17853597
2345834826
2848583860
103346588
529794801
1415005694
1189842133
818993779
191920757
2926732106
8020002
1688187541
1525696230
352619090
77790261
4352968947
3194853962
2163496314
26791027
43823665
3747702077
439638288
44457236
452272382
3274673030
235087254
22920719
2335613299
3287508552
2921949962
3240560950
104689432
3214318198
134693
3944933962
2941211742
78257631
279864337
345647706
4440850555
45809841
140940409
4325523077
3042883991
3045640200
6557062
34032494
23135861
59269070
220295037
365658178
66254710
17859282
3135460687
3151092810
289252942
331441395
3995075836
2202027932
2844573921
28475053
103760901
1667125412
224539468
268702954
253823729
3315496315
149459947
3792680601
20067617
39561519
2494359720
69143794
106565045
3288914412
568783624
205017513
33660903
102481745
800318696
619514283
2802442021
1854785976
893345701
15160415
390773382
2511499022
42950578
2461248577
22664378
2279202772
3411051269
2457617976
628661472
3194597551
17384380
718762070
403470677
15420486
1106723496
1531071890
18221083
369025757
401097599
451136428
2292572696
3804471075
573493358
2355585414
3832681397
3260272027
824623800
261051901
456061913
3341708213
4434912878
3232032734
1386332545
27374583
134246504
1120054490
3307679708
2377695162
3342925456
2911039980
2386068367
30397542
39219321
288406292
15952662
342340191
542122391
542141196
196919748
1461331039
3356865652
3080185812
2800354780
2965709181
702565196
22995753
20468510
19056979
130760193
66313690
562559599
3241231530
3767334679
604587634
909033973
152988768
52628122
1029915343
2738630810
2448469434
145056472
3155820509
4421818698
2201554783
28611453
3227043993
3306322674
1919269622
3051823578
2984995290
3882833533
1292425568
2763287833
1873813448
73790299
3394858810
321231767
3112715271
2401335536
615867220
128216170
3218837148
23844102
499059925
185898176
133864577
15882140
2842347959
173876052
3026652603
72575147
3110223171
3412263731
4217003294
15079390
2705983920
2842092304
180371886
16663471
2202549667
1730542104
90738462
14124631
182104983
1430448726
3072702999
3307254529
2490065412
1152559358
3835854494
4276183545
2724660728
3402956267
2263144212
3003608366
239022291
3394417931
85338499
218705631
104402018
3968703975
2883216705
607988403
1957666249
194271514
2918868666
3451335013
2821422254
2279122028
67976673
293647161
3298377240
2333462993
79890766
1047314708
818237828
15068006
93820721
2786278220
3438364923
2188961989
299758942
112146005
6866812
2882672788
901899878
47074277
2643463439
157054921
3330414663
3214168027
2788944340
1451103871
3115946755
2578102770
2262466525
281611673
3113800445
14450976
3221729677
814968864
2209922172
2691396572
565552317
15698032
466792469
3412092551
4352214792
3415791765
38637202
1613452820
1603547006
3893210375
2707584582
1703574410
132529885
15522077
3379454920
253419754
873897192
279586365
35203319
348641319
33946722
2492729754
2426336588
2311703792
372572406
478586816
1623857047
3238960180
31110459
975409254
2768854125
979985162
2208580462
2601135026
261199354
72939767
3315087019
1040947045
2704088906
111642101
1247486082
2856212919
339991678
3172197395
1934645466
3133848770
72611647
221479536
2754628783
1642596972
2789798058
329240728
152779228
2459944422
2880914668
1548804686
710569152
827286571
334985298
826734998
523768922
554320397
3477792912
444984381
63615149
230904991
14579992
29011304
1957208246
578765420
3483558438
1615560948
67875224
1934787661
141230318
274556937
2908161957
2748612981
1131865844
557640281
590745933
3402143451
272066654
4107892019
2912774110
3073289378
3864056416
3241923349
3119049428
1160145745
2697448087
423197239
2530373714
255529291
3083004400
1094099594
293458690
157472033
4307737579
104689943
1070890573
363383752
3035872553
1227978902
16686948
2789867176
21410672
135251922
19691332
3700801516
522572960
106226670
635795613
2653586448
52589614
3257203898
3228809070
3720191421
1899586255
1155739664
2945327011
2650048537
3172923131
4010622327
15820486
491610773
741446028
110959296
3971782475
3497268500
4181472135
762380863
183230503
140808626
3071086981
21459592
3877306392
513312674
1590074179
2284107500
2853199136
468133329
552225420
3306288321
20333958
111741593
881491040
106162294
950824196
839896928
960296839
2416860835
108320844
3591351738
1137342331
2828177942
1371771720
852400784
4128545446
2977075245
3568365448
830947530
4251596352
3013669817
395227683
16193
241073072
2930624413
344302515
287465957
2429358410
29216260
2256965582
28207516
374656528
163686583
2955698657
218420163
2385447300
163243204
2535590911
111123459
148641097
297599184
485931516
1961218116
77039398
3144600650
573686372
258113000
950188332
110017715
3289389704
412493484
3302599082
359973865
368573781
2514733002
3017236709
2304588222
1489444692
33133488
1432622450
42249007
927886658
118191995
1430038466
1446481567
21321735
220760593
240527238
17075780
252694478
3319270716
3935765776
930506402
2767303416
3009511164
4217494755
232778403
4111328297
3236288034
1218631219
4117444513
402617695
3344068258
264099812
3429797859
3152733635
3670394057
2457106748
2849075205
2722505154
3061688958
2470199100
3314691757
3935345416
3557450663
81537394
109688109
714307909
54494800
15290567
15884232
1456311144
17010913
2256227534
631174978
3281115164
3571535183
1571869188
4155493282
2432779706
1693953446
2828234755
2550621678
397153645
2870170621
2984223988
85653101
1052817032
540217054
233991388
3866115552
3300000440
40587059
2525262385
3462229093
561978284
3204723731
18507505
2346894702
4061821216
577366105
2525860358
152350229
3305900914
730381663
3769947983
728944662
2157574374
4198484064
252255366
59766720
3366040030
1510452709
408558032
292817585
2987337609
600440164
18611056
271532578
326708284
630646070
42208855
4242103152
2909319517
4190594236
34730520
3170253906
608120445
14621112
4155310804
2216393155
98637277
594072599
35694762
3329830239
2974998820
529850739
16348919
2546132220
161105036
3627897558
462067305
385920480
824737950
1565282828
27001594
2353845870
2892746471
2527789141
1293480134
542802469
2691651259
2281279033
14832954
620153140
3035879801
3240251575
193092911
2320306291
229992790
2383827674
2979962656
3349097908
455181352
2901088677
1000132536
2405600349
127186706
2176877506
14620491
3017785123
2738170665
1524504108
1148434501
33923443
47714847
836529745
4016595857
175365931
2964016171
2931590966
766071379
2231465784
2226992851
4075822332
3092422301
3325515332
4179347599
4198403430
4176431238
4130986828
3788058613
132245525
3228561302
25116091
18556154
2741144785
3715393698
2516124930
3115630858
69467177
110668626
3930805577
22914266
47327823
21943729
15606203
2413475419
2834597675
3974098580
40166179
3307412610
388824716
1520717354
1479575202
4164487759
1790081
616573748
1531843502
46996676
3531770593
2709250490
17940504
1227812124
1380703394
8729822
177989708
126903716
2563558045
438419068
4163654055
3102112960
3283166059
431544902
3144973968
635329903
398039721
3959728214
2894764846
47377948
19790013
3696329177
2542074565
1299803965
111894119
3302869806
3101649871
3029438602
3223725529
379134671
901136634
618447566
545309791
9801402
1366798297
968048352
189249133
377428524
197044313
3150240964
131247185
3036872494
1049816094
1485905208
111213610
16802422
2912949279
30432426
74773665
2220511268
3021958339
69999577
1686572430
1863905994
2273299750
48473299
3381266386
27649489
2436928212
3434247119
3202443138
101870109
619374235
585573270
3351705736
3408941919
18499766
3008386046
2251499280
861179034
3146721548
2792409843
1428640543
466308697
2690165209
1045854992
4142986875
2936423687
18149467
2522544840
4113005543
94446379
28971190
19684844
3188206172
2965985429
143799503
122738056
1890143198
4131627929
1216571258
3433013446
2847954148
3648330135
1511679000
3678795206
290785799
467512659
3035619355
996925070
3649309873
17392177
28153797
3339889145
3166237461
1874896579
455320421
502339815
390082350
3736925598
3996672976
1794195842
360082939
3535288876
3232350235
3416181627
2743476128
164386441
168130525
2959514073
2959551617
395279518
3285947606
593622814
14557726
762268862
27684167
24272045
114863834
67203194
67378195
73995257
330509973
4036083434
374391222
3311349599
3236054451
4104824238
42903387
69343161
3225175057
2160355129
2433107496
1412402154
3221693515
3391870223
2470253166
582283412
587744677
931544138
29902343
966396938
1893500400
1335112062
2606361961
3654430214
1010571
16008703
2841096553
48490998
2840669666
74500266
851798726
15951028
2854769883
1951893625
365332933
2156709984
2399941027
402070746
63555376
3537337936
278164032
908667056
2471424791
3166207746
1436002800
2828355152
3890452332
4096002689
3304195534
3303140429
39345210
269611344
3606268212
4041349993
3322212679
964773792
2955194985
41622523
3555525856
2797958295
3923070268
2496611798
3170990104
3159941047
4077462862
3648753861
339771505
53940708
2831559778
223829244
933775777
1637687406
1192039530
3289555633
1890842214
3221338645
106834295
4061525289
1553393604
14336489
47336979
4113228814
3769951038
4123004900
3768946520
3603190279
3243668179
2302524864
36747038
127631762
5660312
3303724776
24267691
2403320702
2620250292
3066013984
2617465430
2281817612
3317474198
371192549
3775306394
412914400
3439500586
3365709777
3189027971
4814031
1645641920
1363373329
3816657713
2307740131
2214769555
3183109578
383927121
2542142270
145051557
3472054278
200215288
2939014120
3786296717
599689467
15280716
1057379011
17739262
2213476501
2929168092
14164297
221250067
3118978727
436785392
3737367494
2695422548
1700426708
2578243825
3672338657
4097892215
3344675037
1136689008
17441664
2797462665
27800134
349063728
2950576646
338226470
4045717209
3907210578
87650586
2366157619
2399130752
2496032305
3437125949
95174123
162353807
3031681064
3193200216
280988662
188379867
426764203
2538781820
2528066030
2507231868
2466356600
2278351956
2449904726
1637089856
312483898
2572534530
2939285562
3511944852
110227914
1130261222
590253820
2241211815
2974037155
1694026214
198989301
3528532632
2432883954
2751444431
3438594669
3707114353
3414024313
3309977503
3438005055
391024379
1451937043
1502567329
621691378
297592590
19695124
221563223
3283448888
2967867342
3164292942
488605055
79747494
456764166
500391228
1227897068
128174688
257494476
3586897456
3209820328
3930583874
3977901142
142445186
4081421105
3402375647
81776815
184023167
519622450
577572681
361468994
3403270524
2558709020
2443570664
1143371911
4074784152
403645043
163021825
2484311226
821985895
2297628540
632279396
3240769386
789630511
2335974253
3041430364
1148827098
2974085853
4051922354
3940948397
1421031992
2789100339
3593375175
2216727869
558326438
3901789757
2909608891
2488628593
3170852667
714778749
3171534047
3647781617
3060163776
3221774792
297719218
164286488
2507063880
3145598073
362641628
3745963096
21883018
141547417
95831510
637088806
187459058
1356707509
77575897
2182844683
1114859700
4074075382
714641618
472267718
23803114
246885577
3318267072
2928086177
2866211116
111625735
234130339
242811019
22354526
3317387046
136986438
3719587479
3017018216
3871254069
3001684319
523077287
2451120540
80959353
2983373862
15693455
2835892538
3032080346
3343963145
3804522732
3231085344
437811392
728225378
2673932168
3312810648
166536893
4002633082
3330430761
3408409545
3961518855
3835501634
115663082
3439087228
418589547
3384685323
2980299724
2821847077
248612817
19496037
4022802519
3146591933
2836519107
185054236
780209114
3646321339
902276588
14569029
488152532
257126057
4050192377
15303630
1328170368
3791090114
2776769125
457973298
3314193685
4066920377
20734304
2935152295
33025520
32259141
3049377292
3318366834
17625121
16868536
2943235949
3096807802
1620811722
2913747395
4013935876
2220107138
2427192116
2869302790
3502097243
989411628
189029015
2949608866
18902552
2383629303
189149357
493344856
2767108013
2741725926
18818543
1407768756
4061653636
3737513779
1578151490
2991495391
3256022670
3751177753
2923081948
270804522
3317396964
620296965
3097398645
3240139293
3203932856
4046888055
2612551
2986632010
20308396
3009102253
3261734793
1184624024
2233580455
225336839
3343547987
296129055
3423100753
428806568
3977218273
3159098670
461056420
409258541
1612816068
2265846162
3362866743
3764351242
205165877
164815567
3734217800
282403910
2847063859
124534819
971354210
3351794403
472256688
1463153148
2818767914
2395461458
165339806
89098108
583720678
40089348
14986598
3536938462
4022391495
582057239
3789984982
3356450561
3274967312
83663257
3269119895
3899742135
3368062486
3153009075
2612053201
1604456545
46365685
3040911647
456607933
3063338834
3164199540
3987312563
3368904670
23181999
1602886561
3194074180
4010368696
3170033655
205355856
1587685284
3887162832
2289475849
1131617564
3701671095
444954549
3943582455
66731563
1566368185
342686471
3502912577
3685983016
43686679
111069553
3067256262
2787668705
3280297718
42607080
2783677948
3015461332
584249577
3453372492
379330922
442512615
2611898784
1698359706
1203662544
3673482677
3527651302
3991955173
316071983
3304834319
3993524837
2883025793
171548294
40964271
367499160
3536824407
3158209944
3618214816
520238281
276358119
3644611461
2470405040
2496664904
245488174
3383830467
2357767346
148254279
3951738201
2830442172
3989326697
1975901534
20305193
3743425940
3031898333
3059271211
930768799
3688963652
241952110
1256298433
2433326850
3862873754
3315408225
42936819
2478900072
2895168308
2972067941
860252845
3900253756
2266573932
35489151
3048854266
3332723773
3360250393
3492724760
764907559
2410917666
3327478637
434320264
18783656
3180298475
3247907587
4008204761
3739625728
1592429616
3586808952
97261336
3639084854
2560916003
15754576
56318774
3035924422
414963285
28305426
2778609373
16926194
3582175161
3656001322
1377557618
3238036795
361994967
1615637694
250890704
1952542945
3166112230
2956891102
2277736627
3207997150
3162225708
2652410137
1565388799
130913742
1476302665
501409308
3740725757
3434887840
869207402
10044042
831999169
3668718811
2393933827
399853022
2379382944
1595470196
960527528
554575776
1332238380
23415219
3401432560
38481744
3269700662
3388683556
2268068354
3247172074
1960704937
377774048
3695666655
3402793906
96625001
222108542
3242537678
2645928960
478631974
946380757
3072374349
1911363446
119480392
91474307
579114403
271587934
2986065900
2484331177
3245058940
3657161720
3415333696
2515818373
2670635162
213875389
314275977
66392495
227972295
301520142
3997162289
3003419379
2351164477
3305515214
3312438346
370686416
2252241674
333319049
347632684
30400976
3293066459
2796210393
3885700885
1321296991
3655130477
3398345055
96403689
584686114
2343254635
1275399692
389021740
254768610
3387458343
2233069927
57106936
34155255
2567847505
1035420996
3296796056
3306684874
2383433622
14273894
3930127953
96779709
3666210923
1245783690
3760672094
1622790582
3919307722
3301945383
20612535
3183028410
3738102852
2811530484
3025937318
3031699856
3058787440
2379995545
340298107
3908774653
113675034
423210280
3254354904
3664288219
3312722852
252606013
3305027112
3662351295
3845228248
3836890993
3070550842
3302761686
810202112
2418683031
42082500
68677619
2987024378
85688156
1919547854
413483863
95359336
2693651845
3017337736
3151987719
3885012052
3071845201
3195715148
322243374
2346652446
3397535667
2984714680
2884736442
2544185258
3764308220
49367796
3352854347
2708284086
3657239114
134089289
88424847
2807756856
3532033572
3221795283
3131928859
992601162
146790908
111792007
771263738
1098400850
461816031
2228812445
3226630124
1024598382
3074236644
28630977
1084537196
3715827438
3622122195
89034733
2704395055
3222073316
2311326116
74643024
323265196
2341237592
304399481
28022257
2898418763
2749364971
23636912
3011399345
3103054330
262552617
3066065830
3759442276
325694288
3971715081
581875600
129637929
464884249
3334545297
2940682956
3945219975
3906863488
3891680234
3728767036
3671136139
3856872014
3246174526
234947329
340112424
2834645675
2238182034
2605163702
444240932
3263261868
2382679864
81538949
1261574436
1704656654
271797468
2390325560
3300332498
2876067303
363165762
3865267517
3865364355
3043410490
2433301411
2179350888
2320624262
893694722
3017751368
468605512
3893150644
3860304808
3855300737
3887879774
3255909793
457307339
3883457320
1431180877
3428737373
3008936692
2813294114
1049373715
3302640514
17555015
1149003919
883102310
2936464020
380571372
451352391
3689779117
716612550
2332326469
16102614
99007038
870652734
733510825
2996921798
76966092
3203159634
2690738377
2570722760
2583854306
2342763606
2811917352
2899109548
47030292
385691954
3956862021
1953892484
263310004
3560276114
3315716370
2827706202
175439376
3727020440
92226315
3730553897
3669684016
16535575
3903750514
3318313118
958459220
3920629462
633943267
57471811
3317359291
401898288
844127136
408897775
6246252
162102030
397385896
3474386478
3916552755
2891324559
3100706325
52064722
2525046127
17655026
316782750
78049601
3566796792
1450190694
2207002824
309316104
3289892117
3234692581
3555923956
3192472578
14886770
2774119710
2892923931
214728330
2224361676
287611868
72193432
213320007
2854947567
2996103070
3149973561
565310863
1165564782
2790030194
3699060557
1405819717
1545554515
2225455051
2574547706
353019778
138027035
308025298
3612516675
158611308
2279795983
605597861
513885409
3847754356
3536621957
2894582953
3907939588
3096678882
61223348
3708976403
3312090450
3418686678
1567651644
35182679
93027093
16359552
3036997637
902017986
103482626
500243463
1488675907
2157338306
3489016872
2421303580
2888860805
269132172
3883629916
3561232708
3131102986
3313677476
3024523554
2328196453
32901105
25601644
3889362855
885254443
145293040
82079120
3278290308
3763804695
3227025878
1216705621
40546723
3400427567
3231120212
3492288496
198194850
1856344117
3039879168
3289069050
3650164694
756306884
2155397520
201054499
40082786
560120957
2856030914
749902309
289353325
19642069
2385357091
3859089616
1288728043
86106088
3559480815
3816948389
3764068933
2540699294
1119275899
619629772
2907960694
3816128054
15811222
458402433
309561388
3397224951
3805503860
3556611620
2316227546
3779993174
2833731630
88001462
3368185286
2227029594
350745338
595133564
1026345037
16002254
3333574426
86308827
1423287914
906898508
2744198160
2915741300
3351448120
886882542
927719113
16201819
3008541560
369627599
3544904836
1632220008
24719097
1236837823
3439553333
162554765
2357009988
3306737617
3433362088
18087269
150257127
3234583784
3403329389
2200513530
3098644923
1620588475
463877723
3417093197
30222156
2915888235
2400749963
349332180
1134842874
251634768
14870804
2915932944
85323004
2878846962
14816955
3091428232
3247160801
2728938524
2284323195
359658025
2201818302
207799137
967101344
3388805937
3152827683
2174745661
444940567
3782457134
3293846777
3405995891
701312784
418211666
3630435020
3666384439
3011524214
42319281
1228383516
128761893
77509306
3008665736
207316708
3315729524
2260434924
1014127050
880341475
65836867
144521797
2580337736
2312698567
148311589
374477303
3198220386
317324433
3845871855
1321911301
3188229745
1280976428
33937662
232031458
3817150936
2858778849
3259403468
1337808836
3673300992
3431286809
233618537
2169627212
3245554357
590008974
835747213
174103108
10956962
2581170316
4022351
37844996
864755268
20324912
3329918422
3744249437
2750513041
2875906957
14594594
12055342
3839601754
119777405
270308051
2609576073
3454904190
3705404362
3529601118
517766652
3735087313
2661945195
467067963
2550865704
479411437
3342815418
2352279997
3689958436
950147132
3069611807
2821387060
2822980393
20394840
2787092206
380763025
3021309066
199896794
520938512
3141216631
3264780345
175922415
15137512
161879121
3688093512
3726422657
3603285806
3746991923
44030026
3754841055
94959747
2294691036
2574606014
3059160114
21658034
88911921
1338758766
3039780885
80602426
862357015
3836256754
60076847
2210735502
2269957598
541193226
2414012077
203030946
100727865
308155020
856527548
292819455
16255927
3264824044
90917350
263143550
3004014620
1148653130
2775202627
1482353611
46179089
18881871
3048159321
44223493
1130884358
478624170
3418469368
923830068
3343909030
529777455
2758781973
37545347
87909511
3302504669
322588320
558458402
384790374
3243047831
446506935
76266300
3031792027
2961101728
3732122838
3113157083
3269674403
163081096
2666560262
3406060371
408908347
1078216153
3727152321
3647198058
2357742069
3035835657
2546392172
2477114534
998667817
315861517
2374476828
3296103325
2867359796
9973422
17393008
3299749796
458218347
3671527582
357668606
293964856
2714874608
2242304686
2894339911
2162697578
18198873
141395357
3779636595
316574080
3480050833
737927700
20334108
606526598
222909675
2446851673
1606617594
235654921
595617048
21535801
72195453
2597643271
1584500023
3128786688
426901169
2657177594
23042311
81923406
40519218
3092582063
739013040
21690812
398038534
3242315927
611530014
101298982
217879575
29072106
763588974
3214492059
3253357440
3271606572
3035837259
3304530331
2754384061
3401644839
454562869
3178198020
373395660
605934663
211679043
2911039074
3382235129
29151815
3245059444
392848847
469748676
387505710
2791242312
3317510646
2512494217
796881152
2936903238
403942389
3688981835
3068950652
3609714978
345091325
1708538473
629893393
701255514
2785735605
2793937478
69804690
3083635568
339425126
15252156
392392301
3238054015
3234195236
131609638
3394395527
1965843630
1279357490
774777169
1201260547
2412580496
334573416
3180128684
2548933872
3177197551
2396548788
281917200
20110907
409381435
23018032
1443411380
3655417997
2229119557
3032980949
3383582523
3423525161
2686894640
3250689031
3250660273
3250532148
457609311
3588663861
3309281037
1054735285
2810726923
3315531789
3332023452
979212463
20652255
2782677069
106855696
164582862
81626542
3606385403
48424805
1205623237
273595724
3312247875
2251388262
30474658
196201013
192190443
3098822445
620384820
3473778815
3081517679
1934827622
2475885734
213914370
1655073500
1630285544
2588991477
2588414604
2705805788
2778616824
3012937318
170404126
3066560798
3277179103
3131436760
2860862674
2701408981
41478278
2881246479
519439629
2267778321
250034113
468188253
35408278
60542559
3394504143
2833000920
2829607634
3408657434
2176008434
188855198
2455382858
60335659
375543145
498310810
3383116413
149819916
3186040202
1082790528
2828486491
2398726676
3225234441
3424893974
3527537254
3432083893
2365485826
13677252
1733153863
2664368774
477111103
490296715
2152036226
3226213982
1055059910
2602918488
3419892874
1594964857
844096147
43294102
23959413
86246296
1037120004
2751822624
91685435
285458712
15831206
25016753
3160486188
3342223449
1376711317
165837728
2994185267
3424680982
148800323
2329657957
264288300
262180878
3284725578
3140737374
3385537339
2460216512
2985780333
2572844671
93609749
2984318993
3318272004
505257099
71117052
21775637
236614300
119772680
1020680749
17184065
714428815
922564484
740954192
2970774414
1495430220
417595731
3405710878
107292406
253167719
2735734189
3306783602
366477722
3302194063
24746059
2828200515
41151176
55074948
3347742074
287701195
17402349
259395702
3105484243
1021327962
190804002
3414085324
138634629
3069686132
141293475
2355374790
1313399239
56998635
3211038628
103397528
23021607
2536419440
3068700068
2905031445
26622208
2425144070
2779431564
63377234
3375552357
3297389454
964012226
2555712373
134700704
3435421030
1348873100
2868111670
2739972932
833827592
3240531968
141310023
6398152
122030129
184477052
2387410362
2407232898
132206177
3048391896
3267791282
1066647620
32789366
2588109960
3016259340
3008646122
1207667768
3431875594
3031088608
3319565372
3426653644
2869763071
553753344
2949880725
2826386275
3413084548
3238684357
1979100811
2857318799
59911810
2709925538
128842578
3367926784
2724205764
2922743674
3386396397
3384119308
247936239
3080751034
3377843369
3225259313
2277607639
2194195966
1440661586
603374023
3270531164
2483013036
21392684
3354873155
3260882941
1856523530
338971856
3140764335
3256828243
3226263120
3256244460
608922372
3344194871
3321366825
1587867200
2616412664
124138803
116501073
923950098
2233122444
3032272088
3246464599
228462983
3007928359
3324439475
124867336
603255670
3031348679
3428277154
3319441846
2474970272
3237936077
3002836087
76895914
286934771
193501478
1503323340
15491950
483465595
171979184
207195915
1026818546
3336652331
2717697042
239461883
2823976015
2846330771
83099001
2915919070
776015330
3018972430
2844872970
3227859336
508807370
3221589942
1320999540
24593555
3178566439
3192965961
3236052551
176451317
3039533031
3118910976
42543611
126595195
2993829982
132827400
2405227376
3112115782
353496431
3124579925
3150169386
3084931016
3141745207
2887084703
900188647
3102360427
453893454
624252755
2511579858
3017844410
17460942
3097254252
209727963
3087996850
25027779
2887760359
1308814220
2239465153
2467531201
3052670757
1210517822
2902657531
1038485690
386509534
2570691938
18085871
3005697836
2814157693
3009699284
23244465
16115590
960703579
323487376
3016981893
2981645453
3016460998
236932993
2900913845
3012490090
3009077879
2841071273
3002180294
2791901114
22137466
2987042703
2903540276
1953983713
3004691343
1010634992
2820088712
1644043255
251540958
2969379262
2807283254
2362328178
78440953
157365725
2908343494
273933548
963564206
2890163101
2989524452
1088861148
2801916706
56365761
2274186080
2990224766
15747743
2979638135
2933390215
2516247621
893417592
577310210
2984056014
16013346
145635366
16248319
288229850
2826605953
484224768
2982588059
1575731102
2961465917
588559501
1157143663
2575283768
45289506
2463564284
2973373061
945092232
1918615560
385628235
1414160376
485671867
194813937
2956126890
2728740258
777802549
2944825222
2942506015
2335913466
2941498576
1304805474
15841258
2907427839
2909891769
2760773363
2426774641
241556564
75389695
193848941
611168746
2913313204
2912144289
2897775057
2911680760
2911241644
2899646166
811610508
2715057276
23662323
2915216498
2260150651
2912593418
2911077211
1628388324
2872376900
2908394820
329615879
800247030
2848030811
2818244686
16196915
2892427226
2450789395
2872184702
2687657154
83600536
2842535327
2819839086
2832344769
2829576388
2813898126
2804293046
2847248796
720968448
2829500538
1144407134
390118540
204851370
907188102
69997431
3063725950
15797488
2569553945
991409478
3012755407
3045662020
3227026011
3034842530
3178753627
2323588410
3157913133
1912522274
3300927333
2239357790
3188201969
2901813932
2200791037
535167498
2801207695
2942730366
1337231252
221546544
525038184
2823888746
2805003454
2418665367
598601302
2831076570
622878890
2726132491
22713009
2724528348
1347362516
2450571625
167924087
1384255386
21282179
2351021100
2859962661
1816690404
1313907290
2864854735
1222472503
140665877
2447209717
3292888534
159782037
1216044866
3247178081
2331023610
3219947125
3238821334
3050832411
2403405500
19058949
3214626225
1491945516
8071902
3236389735
3304712855
3224410476
3143511249
3314000697
3216259629
836051214
3218840447
1901183443
125370606
3128349179
561359670
2966847778
2206105240
627062744
2421724338
3019685421
804366746
3129003555
2435390491
153166210
3097214743
3103911284
18736610
2945247480
2297362142
2758055713
3104483196
3131308181
252972220
76744117
3145863262
3135943894
3013323132
2338685696
18740399
20656392
27760633
338135509
90220933
1258148269
772897765
310569683
3019686054
1327346498
64840773
1041912878
1964859278
419162478
146014293
339127217
2923591090
2814259490
28320528
153120377
85408066
2811182889
106449931
3028441540
265138295
2991713502
27548944
43222507
3092234937
38723725
336758587
396320889
199531305
22216521
383017817
715700094
3095235003
391338687
3064022493
2786520367
10132822
1605215845
3043481490
62865525
2875542066
166266333
176749013
27242184
2959332412
2984977094
2924022669
14981067
28167824
521483045
3033239729
2850385881
2460927822
2297396173
1617611052
265097124
192937458
976906387
2211571
66708250
2751940705
738824688
2320084326
95238323
390937763
43768024
22897261
23797086
47479695
86190262
75659221
89645858
25528861
362634077
1164185443
79586688
18812024
14251373
296725248
23109925
129360291
637332545
2721327030
2940213302
153908344
2832545398
1183685479
232342189
19562368
2286905538
185817496
2909421810
2896912519
44171091
2353696136
1136688036
95528091
1954293848
2830450666
1683260238
355784391
175500549
15628274
257452661
1365655783
361892030
466519136
726437034
266315980
223216332
253618853
2989540939
2830728971
18966155
917389446
16548435
41398787
18867844
317378810
81619592
451968233
1022577259
504018069
1392611820
2358727550
2953079841
1074008324
457691721
447854560
438359598
438978123
2645767122
2592873662
2611497782
150996302
2829645411
192070944
2265667003
1023170478
32017505
64859197
1389537386
1694567653
2951369788
2592587899
2737025453
553109535
860950554
722942870
261981102
424536138
2933957313
21975297
2907393070
1630489356
2220334889
469371578
390853402
784053092
2806293962
2929293339
609221813
618746003
2539478926
269468180
135348838
257575726
2841936953
2919586370
1701687788
307380787
720675211
2351700452
2312690052
1244905496
489836138
1052660678
2963064553
2848627600
2962753088
2965096895
1299330379
123713308
2889424327
2853836873
211428163
160047813
366812553
235161193
1263011048
53829677
200583835
866504532
2904389591
177592153
443308424
2962794381
119494708
855591079
921759169
2466523579
538865389
16150075
2966712449
45923188
83185208
87710468
42300159
28366398
39047949
22411342
92638580
19478383
720567793
25253084
1382421866
1179750211
21343403
85657467
15678167
35099519
284338180
15838770
3801141
2209606452
36032320
2970890254
2921014940
985791084
14465192
468769481
876433668
348175292
239264158
30135051
280884837
207323988
33098495
387181116
2319519050
116481608
2149617770
32729111
385125725
1489703012
23947265
95687734
112970794
2917078786
2483994151
38804737
25281063
167760471
30249176
578321883
23008116
35120520
96439862
42888725
947095788
1679102324
592405883
2974003501
2460662251
531465162
335135726
2913630044
2375262312
2943307584
2860267512
1061877144
2465951534
614677921
748044662
486780871
498070246
1115787055
166332206
1867261016
225816120
555085533
567949723
411583821
1405007690
155894394
2886276388
487064804
1407030944
2972116759
314784286
2966129125
1858959342
2955700916
761106372
1304247036
2692200114
2661795529
2974730554
93209949
83099586
1717172466
2943742555
2958725007
168481610
2933718636
256721952
1625732132
822561908
277641086
2829516564
262385547
412891607
2942536028
2965310975
268534773
2940915610
200271986
53650356
761829432
1105606705
2532684362
2847283138
197823981
326947365
72674548
2373234055
2700817195
2485712324
2241286675
1341590065
1819511263
2194098757
483311533
2943763411
2882591273
2148184166
336562488
2493561799
2211422875
470200304
111711913
2899001505
612564884
707723662
149901512
38826343
1109223882
1950000774
529563016
137078109
278458370
373136260
74835791
1149488672
2851081191
472285560
112323540
224919925
1661589548
806131051
368999316
2946123339
2417312032
934417026
2418711576
415199656
1222114430
163968414
2975445508
2504487924
874356846
2810518815
2312205940
233523833
864646134
779457439
2848129475
2899119984
1616221201
781965726
1903356660
463162025
2883055819
2809302671
19407612
1254380335
2569042650
1482106178
111278774
2647379736
122231203
1632545395
2558382276
1962938204
536947248
838363590
2934442431
389269013
2955598059
453151975
1633724996
2249258306
1308164269
1639220454
410635181
1611252757
2363220440
155820383
63163546
103427680
2883270471
967989776
2831553653
2684994460
2603175187
143857567
2692178179
2918041285
2547439224
1292421098
155949310
2259034652
2929197224
2927090130
2344238281
2603914490
362085858
359126414
211446580
2773820317
326877625
30356107
2668594067
64086407
1542550554
2470174075
2772138607
1078425354
1134056310
578412093
1033791368
2202475207
2730320119
2346113791
499086834
1526134718
2399826571
1167241231
450436704
2929257474
2959458407
2893291687
1974275228
2238504313
2864287293
215782766
245353706
2538049680
206017576
2875854130
493099834
372378153
12981272
24105930
783549931
21392006
61729573
2802329426
74526911
33908800
2578791942
237808415
17619261
38184349
2201951496
723237277
2952212237
136565717
231204283
2865938248
2954673360
210177635
2178217718
57677984
164718203
14976862
2936438960
2940843487
96789280
23513872
73768909
122853848
23613988
120954131
603830852
2905969558
2924308928
486605641
44283527
452560856
310214334
621466541
43494351
46615488
2904996640
1578125088
1963041938
257967511
2885863031
408705140
2606601066
16662922
19179308
2904839391
89267845
2317870603
2785376474
154803610
2708052181
33432222
57243189
2764795735
1704810026
2669070698
27406095
75459404
208212914
18971103
4522701
904526677
22263601
2887903621
2910671064
295982194
584867233
70693741
87377813
19335808
22850903
2820846285
2895357780
2893178617
178078034
167371023
102555854
68028333
1660102890
2480346926
94750788
1658157595
2776589470
2874564736
2833243905
2801599192
110491040
1585412066
2900736793
35966921
2649163922
436835813
2332683223
2835561917
1935716222
267177476
247378442
7363172
132887550
191298812
1120959920
52242041
2884435071
1637019871
18190199
2875264515
364753959
222342754
2822147853
298809066
2886926414
180922999
127861823
2869695057
262409809
2498807084
441009612
24633977
403760493
2628829715
23371381
2832111926
2865847853
1340741971
42273496
184988967
2862194387
2792226497
2579585712
2857386087
2867310322
60841921
104606287
608450275
1717621086
11342662
216455511
241870667
2848730014
2857535927
2559628860
26005953
20501032
2828091355
2862123777
445732690
479374340
120199187
2859539770
42255811
2847924585
97563473
229115064
327912128
1619384064
267137829
281204483
1484269975
342596561
526991676
171992652
468739506
345614539
2831454103
1287444138
2359674560
58149181
969043093
2592117121
110933506
2478666422
427741973
274986407
65596961
2583991226
164810866
564918696
2749303160
25488604
25317007
349197363
2881855790
1282737433
101545778
46975719
292325377
156937663
2773503607
2800317484
2257558088
346255213
1605494784
194842203
1869604248
629708458
29496027
2431295888
1892862680
210446395
78005747
922214611
210036657
28852134
2591797111
355466091
18921488
2587401061
72597225
39281045
127285635
15025057
300456672
14994152
282157517
632400872
20924004
36664546
2212702046
259221770
50774064
133984183
560341760
2233777771
2166835448
164092960
1554463814
123369137
268558588
17744193
18883362
2836027326
117485117
273119788
110450614
124157737
67775291
2801777727
30464208
2734800011
57495993
55744676
29092818
584847277
2755716902
16406568
38492129
1615149145
514098008
327432252
2771544895
2226939536
320927779
2620250957
1964916470
57566704
2469665166
375072523
15230315
2263797415
2560705717
46172277
18296951
576987981
69912938
1388791260
605914223
121160753
295544946
1398616831
97082033
1942401830
274273104
298663128
605025484
21276331
356581623
2807891370
849953162
369396785
869496428
554508569
2679403410
2821312464
65979053
2801286163
1056188605
620119411
946395318
124513685
2835113424
2655891894
2740535420
2164557895
208381429
2180600329
132720240
2751908743
2794851284
2412376088
2724200807
2787080655
2171232373
2636243725
2792578015
2617089442
280397852
1049411202
48006982
2476377463
2797022910
1175350268
2774474123
2511925180
109656175
2393224021
2823046122
2834976726
69681766
96684068
114589092
2813693449
276215529
2824987250
2826940460
221735071
2508201902
29249614
439030921
2816991882
2465155110
271790708
21736102
1494161077
1109167501
2539951374
1857410886
326357389
105660982
264470616
16953808
606640064
2829847957
1484240580
2789045052
2585674424
503832045
49635207
543931919
223145087
2784889288
2428708634
404278857
950228918
484790603
2720615580
60544983
314611517
102049004
269379651
580775666
318472460
2755272962
46402993
1697869435
262265373
2750321144
2476463929
2558769558
625914004
92167938
522045173
250416435
92415827
55375978
2427768019
99943864
2278513509
2348095549
2483070991
521308760
2427991100
568671497
1386001171
1690714153
253580663
1088833016
242840423
388725640
1413516224
71023214
42933477
860050922
2425565924
1367006347
402701611
474502348
15687275
370410423
357525157
20819652
269121456
135735933
547238263
355451137
478199068
14229550
18521341
66247383
167676478
449082639
323906545
505711283
474418158
264391922
211897656
247780631
113737301
15812482
540087823
433877057
351121281
550343318
478752318
58602716
14842636
633301210
701175080
278367416
312552086
2693257548
47232875
19734025
14967408
91942071
162611402
108838948
2717319991
632331726
628156869
43766160
410674192
751871942
1416892286
260031095
173877603
19236843
124075999
272363778
24100116
1536976549
86361105
1435996064
26871060
535611870
14579415
1413455616
113416805
206266553
2382659215
2229058255
257110989
1013234270
541852561
1029261631
1471349437
1291254728
527488190
475361307
199139582
140253522
1414015784
881190996
1171600766
605477141
413180382
510060389
127773540
27413354
372524282
52745924
478754636
753415579
467735660
209077467
19996087
1077872654
2798896933
46755088
1947628230
2464800810
23251100
129186180
1542371244
80759906
298716887
27684877
227426251
212020394
606284666
87426403
601948336
70493967
256556801
14975085
116005242
188309083
617970359
1154764406
1430452544
271683486
318600483
151170425
276624796
376576460
51594407
30042734
348937988
60159884
354582942
161128380
35293850
89496720
75612668
1424023303
17429238
850163119
20955533
19754314
70658364
1257722077
236986541
92101261
17905508
34282709
731597930
17565891
1108554338
77482996
178292896
19678081
49906132
169701996
366625965
421187117
16580053
316923011
299764489
525223135
94809775
22279192
1368519024
379182675
295676754
709963237
14296866
15922047
93026402
75049621
409739977
2176922875
13339272
743618946
1244903358
1391151266
281510154
23311704
36002186
15814166
1507104289
241561626
50624037
18622121
46367401
322737854
550391212
568430114
14164503
1513441956
271183219
1377150444
1641260388
1290143029
189715878
509582693
45674427
163783776
1462528758
82406598
589423381
908851668
16175706
1704892825
2750497272
1649820667
222211223
