1546676480
577432739
2738536877
975224348
4206634581
3311986305
4173284489
4117953106
2924920339
3508388962
3776185155
4055902942
120675589
3058690807
250747900
93879946
2312529442
3413525554
105389492
501415208
2343479866
167651021
2959353897
3648059360
292672499
2403538942
399036116
2159416943
622530537
88268432
3266447222
3022666041
3477794003
713217773
2238990244
3070276899
3051514206
233406142
3394052206
3125021754
1676400367
2532155739
2361853138
3426922750
3377166525
385077902
383514445
3291315716
2988096628
229807614
3199547033
546281097
3405236002
2566195347
620808200
3306301712
2367272522
2280108135
2557538544
3354238606
243854983
3298050300
333362924
714918263
3078790606
3319328422
3035706312
139503682
135634840
2507455212
788115750
3383454316
2242441865
3084634451
2222575386
3369436875
3266460098
171934865
1512020304
460578940
1515573523
3267398384
3124302376
1510558442
2240727533
718065130
2929881407
3028256754
2407039502
2871793656
337201502
2937405868
468866334
393683289
3049040925
2205449260
3302996601
1075205768
2913109996
2427680617
56889992
3238497542
3150114100
3235437163
82479927
3198475442
3300829516
312836972
2601201724
621575095
333239529
1636703713
2209377267
1858570284
511097116
846756103
281694532
589994865
473085720
156886331
2353508559
167158093
3111454612
236007450
406710661
576606549
2217658246
2741540369
2485301967
2414141229
111811190
3098726203
3033142443
2937411675
3043787506
592790310
487153475
2216318283
2519483633
320960897
2732686827
230250179
2472908997
450219081
311507696
258404854
335163543
3176764689
496389602
2233636580
2907458788
785423876
45818597
628557091
719891974
415163590
2846828561
3134057912
715540414
2997025889
127368134
3070137111
758509003
2520169247
151281410
2882982239
1583968530
2958692686
2294843909
2915473601
1534706534
542731114
522699427
2953924599
2783212199
2177196804
2344248099
2938761554
987698526
3076125021
2156363303
3068549950
1592495677
319392414
2978438741
3054122256
1576601011
3048860043
2851097139
343659648
1888823251
718009531
603006795
2369715795
333634900
260129702
2318307353
331121435
1129713258
3025860285
2404517249
2485483465
127044169
1559158741
128036785
1026579133
338077276
2724723639
175191298
1284587323
799104602
2198573557
2583184922
2197838023
1035311197
2991737612
2864851227
305371174
2475798865
2713323815
284166599
1722239532
246569322
2977461107
2978371079
2962382537
1201690346
497127561
2858279508
597937453
2970798777
379806882
478190753
2944694658
11671452
2963530169
276797208
404882223
2948987645
460350902
881219941
2925004968
383804565
935915094
2162433141
545474772
1471225513
2381297189
589652951
2766773261
1395843853
2886361431
2927258873
418300895
37375734
2688087118
447437748
2823968247
1590869372
297038659
258176435
2912774367
1717440998
1576737937
240403939
505083525
1485553862
324195586
1649139588
2859773488
212920627
2898481895
291938938
2896478927
239526844
2654579524
299961375
1700991786
484323834
850420189
2769224771
242784492
2763976391
2382482719
2364126515
231854998
2216866566
2236674943
2290863262
911101416
1525081814
1608646250
493290153
217259200
281793010
2719850812
343844605
330802108
1393388478
2790305459
881188008
2307582522
2159466087
2842707649
2666599355
451785289
1355891132
59686418
332002046
1513585759
2689850470
2435478379
174294371
103613754
2205335225
2770747847
2232182742
926496528
2767941095
215280283
229912251
1330378256
2755885905
2320721471
351603514
378878503
2478500587
240497261
296462823
2542557331
331948098
306515115
128962470
206843556
211876103
2400232938
223343632
94666885
159947728
1470990847
2748615375
268896997
2248255318
50840829
2716232957
2296761287
1937882378
143998107
277569518
2701251387
2734465457
282512618
2513021971
1676983333
1463184223
215649957
1861803626
244311685
744514764
304667993
35557178
1132405328
225862076
433749122
919363357
2717096415
623085128
2306544370
306774627
1890734132
2395915899
2418417599
2502455712
2502969876
490510876
287900758
101615463
352623148
429411909
2540133358
107806067
47456722
2593743719
2482674346
1850349662
228542084
2242537934
380446116
2339805080
413524900
36232230
303560182
241377794
315536528
485174938
777106680
250287022
1649309869
1544734944
250383593
1460746536
37212284
380286310
1565921563
2362202295
1976765719
528052306
2327524350
1388171245
2216570254
2388794163
2529443878
589336555
505461522
185626778
362860923
2507542168
2499974945
51692082
54345819
245084656
320558136
2180111571
2243315945
228249604
279180919
2190656584
331436317
1261744638
748352538
776691068
2418003058
2398271971
228268630
2466522443
718603693
281750233
1526005530
328607095
2251397242
2443610266
619403619
269987204
73546199
220902689
240951094
2402363834
1961170164
173057533
2238446861
543779359
117182159
34457268
358484697
2153413909
1042716385
2191732258
2201382070
957770690
335001341
483496350
292143209
417356317
109729042
1836880171
93071609
227308725
127320931
2166936017
2284685021
994106286
284148811
1928881358
401579140
330390829
729220362
2309801955
239933365
730147518
423060179
1638455593
240911267
2282394125
2181432117
331766452
2284654941
1668832712
2295262447
2285065431
265631374
329962380
2292905168
2285933316
581450987
441861185
387260911
930759157
366815307
439435053
324677087
701827521
1961146388
632350062
2149841661
395650933
386873358
844465057
477487062
498366518
2243699199
713048176
451124413
2196380768
568471747
34815732
264544880
321817823
883543844
304099761
195155048
274750971
242034514
2185302244
2192773350
338832363
348259647
325801944
236219746
2167446136
66222699
233303049
321181741
274418718
239592066
272649794
1371347371
441882814
512477868
1917411709
812489748
630569912
1616585275
23346747
765017779
1874218369
760473217
325708072
254997319
1519783981
1924635170
1405487246
1573275074
1497224071
1849724995
359728669
457953677
178587793
456239316
193466014
719335202
332569017
377660471
362838566
1652082775
31519469
1687449781
165443368
274801745
512428993
232381924
1590279066
219522775
1344314701
450065507
611239018
172901480
1643834089
599148927
1586765630
421378295
299823034
271883838
241640526
221195328
314269447
237136145
1234685082
398480735
1554266562
1564869859
735197522
1521255350
1396098360
237487233
163243722
420789927
147047374
409683040
86436631
587984976
260051331
356559530
1135575493
911379679
1411460275
477947927
954592009
602538417
502144540
550696457
362562876
440489738
521043281
434575625
44487154
1145852396
441302579
62604291
415862618
836712726
335689628
1077896594
1123803546
108107787
1324919335
1285835089
427523961
326341716
122683583
421550199
631426888
991480848
109974125
311086107
430345784
19846782
541183387
1087787796
239996540
714228643
326554599
537740741
624942146
950707351
636255934
1001676907
161802920
551267094
148286759
422990827
529791047
567832794
633451789
593028092
276046532
211210432
58528200
135715849
372045334
554732743
394190584
520021636
581340203
353555015
855321499
388554667
275334929
452328526
344469341
165863161
403033408
551465494
328283597
579881327
479215503
257298519
519662213
619275733
414297354
585887932
421542162
109156497
379163879
489912338
233291583
241284628
275224632
245129911
255024363
357797320
445110115
231190993
561462754
355791764
593914235
292979251
99202393
258075663
422881312
291213847
132304450
166935735
240846177
190022527
384531388
409697314
291937552
220095690
225626093
321152886
448005577
240479435
306521068
594208075
116271625
333655987
230337860
283318677
568533413
47288587
381308076
343854390
541327966
572407597
70881278
370934779
163683684
330764120
263326885
380282178
321498116
227536834
378244329
288903671
219260791
508139482
235784086
422284460
371404211
316824957
227101501
322146663
428829539
285200176
332397197
338606050
472291421
231611735
119396846
46041574
361889942
109874139
246072996
372550499
40591093
411168286
382213082
383611906
414000155
215151618
312198979
342164097
157651492
358227478
246610444
198732241
261015375
371347124
415167369
397734961
259542090
220787762
89869968
269456027
144339231
279289651
202799482
126497128
395921894
375142447
357913357
357074772
393498807
232657801
379219478
384436753
261728281
188152295
230621074
253177915
305237684
374681542
365682265
218432792
328821702
208757102
219502898
251445239
233334947
273675549
257133408
245099724
232619731
125034225
37250894
324217455
332038169
248861095
190470203
59666354
244705111
149760311
303345471
169338603
265558053
259106540
271654865
121620486
231243128
249943758
61646001
287024804
290260399
