4325459715
241382835
17005368
568474957
14169419
29563353
6981492
278124059
106234268
930061
859
37774152
33345091
10760422
28049003
2283576782
4097205917
16423749
140118545
14148308
56169454
23324943
16801053
93773764
3871536739
30380195
242480017
9237382
14644672
6804702
130584631
1023698377
3290371777
14210849
3573574640
71710915
2826835662
1859804563
42070873
7027112
15050786
110761773
1023072078
5845492
20366669
61715809
3283759039
21271771
18873073
1605
19346439
14246782
13251382
1454657660
17068286
18022904
498403973
11336782
14669471
15449897
26366622
42226885
335358150
14278978
28511259
1501471
14951329
15092452
35439611
360701637
1404096924
60959527
33104659
15741407
481943972
20495458
506486097
21481247
2232016410
635608354
2906267328
233364902
17050431
930222992
3195629868
1987491
19524797
24044436
6044272
2208027565
1260231
21903533
7234492
55588874
3254074691
2474572266
91441354
3030922321
27394195
2197815132
32327154
2325579678
11201752
6655612
41980930
92470496
2516307770
271519307
24004390
239210681
17240190
51193441
64971258
619135387
10810102
16164821
1201139012
19910826
1548243264
89227338
1236101
19416258
27698202
512613427
64770337
14326765
381289719
148373
951541
352947624
40684912
92141126
1692777504
18763048
2907145943
6742522
22876825
402598050
736537267
15755785
6374602
269941163
2937071
505234471
879161563
292515375
234409270
2529971
16435887
16017475
874916178
46220856
1579422614
78368586
255881660
111099915
9892692
34176543
15369571
12342132
12877012
1927311
14202817
15416485
7690452
39459095
19693966
38693878
20144393
17207699
63163
58613878
314256653
306929747
20249612
14517660
8917142
18780838
48021016
5725652
226255674
35611404
19459100
24236494
47786101
14824849
322289998
17606319
17980015
16834395
637338906
1373486120
2792624996
123661578
5645642
12708782
43432469
16308088
2832224627
2911618748
145977605
66993
34503401
23838190
16242081
50408368
5943622
914061
2384071
6730222
12199652
208346105
324
6642152
1589691
16120265
1649009353
1469091
39696825
19119879
15064389
109323518
12831202
18590697
13972382
14964767
634323
5872332
38593353
792563
2244340904
5746452
5763262
255784266
16095572
3839
90634497
286942854
1007756580
1390635710
36823
229523
21768224
12288702
20280848
20856479
13418072
1528701
24185375
13535762
