570436252
50948339
900500142
3096860120
80888402
39994472
17217241
22499219
2394144794
2599904839
28145367
1098957492
278528575
366630843
281547157
29753824
186540325
97865628
94636822
266757499
17650940
46739813
587481436
71095075
74826845
107486798
259419057
29747434
52398073
16102909
15906427
54549904
71001188
54980640
21896961
123721051
16469345
19682966
64180917
107462440
31844470
41634218
21319299
31206600
123657036
18493144
18045966
17880546
1337301343
3899461125
91183073
104871155
35659084
143572453
20098988
39832991
2798781915
3168071072
128895724
455879630
429038633
620049947
277652656
46482755
89462345
620244196
356291170
4149797243
85332821
499045845
20692098
772273086
369518342
250829657
2326705913
869844522
1389446222
22007097
144171722
22559078
1634178373
1085918052
1183918884
100322414
31210397
41887154
41645296
22772336
3167750328
16650371
157071551
103018203
739714279
195328413
23096273
21533120
2248129163
17902137
351661424
2961472617
510503908
80513473
3032451892
2730042408
252595431
2348334228
116762573
3020058208
91474307
1559505301
449911206
16573218
1438516836
2828232002
19626006
24594278
33920667
19735987
585696392
3015943351
743585142
19506790
1252806792
249731504
14774443
31835415
2400363852
2559282566
46476526
14818045
20061464
82623385
16201819
250983395
616620337
30405538
26083046
54624571
164759805
47349654
337862896
70334864
473188163
1389798692
23754278
65709461
497149448
881495178
431637483
158520303
614879796
247454840
350965208
24026543
24949633
1531117615
275361963
802891368
430752935
19601444
201392621
548947705
190730928
250162752
197506007
801772015
38804737
61608747
440828355
2300387622
2511430074
2992554427
17971670
451279371
205452428
219014784
430596300
312211666
392238510
499835354
17356547
34963344
21188340
2904217857
868637460
105869281
995967504
2978962468
21360280
2175598194
256048309
365638908
217196240
2938487345
40926194
2305329548
1877148284
17263462
1499322264
2829773994
408008919
2206952120
2994925283
1163311358
28547330
226029800
1917837362
88688753
1253352756
2989962987
16175706
77911758
193867259
166460732
2511229663
425564544
2777425711
107661719
1876010130
2664021018
85668733
537440181
40911375
540621821
2464995937
510025327
17818562
2892265209
2272109758
49781377
2251605560
90720036
33207582
96564060
453162220
100667258
1539208429
1171333826
1104080168
921379982
1638840030
1909581619
2191066560
2419296410
2481828368
2600377076
2797713449
2836083805
1322691
3568351
4243561
5768872
10998812
14695188
14837511
15825852
16438898
16475139
20781546
27216496
29044240
29072106
36357308
42954206
109028183
109087438
184517281
356562364
443885914
633287684
22634164
344242351
37045604
382195625
146132918
557353458
41846608
287715816
110443671
28574420
776140632
1726719847
326821147
235558393
1588768506
1170280729
153929488
39598389
2921191891
16066655
33057154
1952542945
273094518
445765621
561038691
1432690410
573603418
20437286
18182669
16956050
159644387
309229148
2460162427
414102599
17900633
26825427
105285819
145808214
373082340
36769298
282194197
115178489
935277516
35108007
17627361
109920419
921386852
17881345
23790749
20619949
459834463
191029401
128306364
28219737
1676368224
25376681
40899146
28116996
117161353
59886251
15666662
882888872
44217487
17579302
336139319
31117008
15147042
32525034
255467782
48883714
23592643
44449923
116858270
74256535
615519512
15302322
41135438
22049097
278043574
343522792
148769811
98265643
16142275
136466092
222261420
24252335
24244100
18495064
36441421
132185465
105092035
135895023
714047691
2768520395
164119589
54429309
14414730
2436535886
197378511
17781955
22941372
20487357
106801032
19616718
164691705
15670515
19312845
74286565
41012588
175102903
14587949
121291606
96206175
95481928
131273875
305439092
111188612
463147045
772368
633757427
16896485
14402248
278691695
19407053
26554000
19923293
106578674
2652463386
274793711
131035262
185397767
508015210
369027844
1153538011
64808610
968345376
130213778
133019867
24714068
127560171
151120395
69055205
67686301
25579747
39583086
205746505
94111576
469412414
32557258
301455101
19535228
36739332
36965867
34733348
21787042
22696941
14746982
56927414
15058642
69096690
69376385
796173918
18999040
366623855
259784760
73400897
15224845
260769990
14466627
778710643
87770695
407086100
364432645
61877087
95227144
630608702
24983478
2815160582
972651
2833117207
407288334
27879601
277644527
176432601
57033388
63162039
35415477
142916303
49757142
28594060
15851285
188060534
26901169
60071387
23602600
374609485
21332801
138170419
16835920
17446188
45205091
22756947
84404237
93914412
351715792
43333663
82933637
21915158
20596281
16045268
229153780
468652276
113102632
216215913
32156433
767518832
23449553
94394860
75068450
296288727
16554666
267198096
250869123
228909479
25542494
30272229
208754569
518055216
183379468
79011908
52104970
22955125
319175529
296380291
223868022
23830301
224698661
162134960
127923779
46472756
48069628
30305581
71669234
393211568
22180181
23119695
17756440
46987542
197053664
224352898
193447773
186165082
769036152
196884843
613916397
110209326
41674632
443896393
46414140
629575609
64860140
133020661
72649843
15209135
579893506
53485368
13058772
34534931
744456672
903953539
18898143
465921844
122265201
89017579
20249683
128554819
67727882
338505603
18983600
16546457
16245822
52192850
238276614
138201748
12133382
15492359
212361373
49757452
313740337
620479457
7684882
579890798
40897443
272561168
70693925
605521200
74352015
378544630
1268980100
1927345266
309679834
274581410
2184647670
525005120
824995075
26066149
823767535
14777405
45658751
1958913264
504131651
2290082905
547205500
2573557952
2652881940
493175789
88816329
2813349253
171733309
2197881362
2409431994
2514569370
87707239
1226182916
22686933
2267417990
507864202
387181116
85008170
37877645
15747743
40464134
14910806
300269806
202226876
14801984
1927407091
46762210
150753274
327521790
23127692
407767751
20414217
361756783
330509397
18239795
14200904
18515946
16620457
376007584
142704461
68573359
123145383
601012300
357639978
318588167
31595570
225010383
11069462
266421167
37391190
33495086
786865334
2204042821
50034294
84628875
1235833945
1011941574
1549705375
361468994
28718888
105986027
74625574
151903568
78565949
17399983
365446546
370832483
221547962
26737662
47072284
249760129
82914934
14211474
62516304
366376674
18460626
2492028763
2492025841
77537340
29538460
54323726
2492029375
26015475
125739512
89530690
108701392
89595535
984279223
46742648
24548736
22996836
37200211
65636217
14579703
61032400
1418070966
399157541
15246951
540244859
314597097
2355851210
32139431
28817148
272663171
561691754
206001067
58866657
15475578
221447801
18819846
438669762
743856512
2320798482
89042598
71442973
1359157088
592824572
1197810930
762076268
190325983
123340770
301060545
352452397
245120823
347650257
17630460
343823734
84616345
216867500
359889859
1395247316
891933594
317926442
17467669
487658739
313981523
362106778
18298524
36393039
18189252
124854403
333764462
269797382
149160466
41029334
30931077
43098196
29646034
15290926
47435400
111098917
123770438
70465359
26542389
67326785
39576704
126061431
40536315
16420152
17087744
62830394
33602231
19609266
22995997
34631110
59148903
46704588
34289460
38267467
50392987
27048419
16332340
20108426
86401451
76339922
158090013
13787362
16917369
19914402
46655283
291710329
28414961
222003725
78325628
370647393
166583970
38470074
339838701
288957722
25340686
143120854
40929670
14255057
15640278
252772136
16742365
16905666
87813614
122693354
245528780
312151078
155975903
16723792
340335599
18539631
334843183
160681309
114553872
314195816
30865728
33221263
15338217
274022404
30337407
17400431
137040435
45938040
293481738
20570313
18055173
126641369
15576817
41238441
295380265
253575308
148416446
11875482
27086783
25169797
30527493
296879224
296885309
14799079
21095057
16552931
187335163
29611503
24260060
172867882
259288889
282277898
52911590
175114748
124280086
147676601
16787126
131271627
39285519
105305259
234603105
157880453
56475516
26348193
163187047
114528637
296846007
18691728
12086332
118842942
13473242
58044082
29930995
16347954
18548225
18063711
14639235
165620317
26809519
38461582
130353102
93468449
6288762
47807274
15661217
19998868
19311009
16793814
27970314
24797741
52569964
49353707
28524353
236427182
20788697
43546595
24069980
103235043
180999150
37663735
35824588
73277258
99220948
44410342
256288633
37277158
48482750
29310308
183934619
170351580
64812368
96138754
297943562
116568966
25936987
48395583
186052291
222994752
89863147
266620299
12566322
11127832
16606757
15175391
16538434
40660222
50103337
117971778
86812271
223554886
223553968
216425459
216427892
235427072
23271911
36052684
227841917
65121492
86099786
19078606
289698608
124451071
312483591
24868311
47342106
16848538
36671313
17293793
31281246
82401917
42281287
150057783
50863839
60792466
257556561
55346273
125000368
35825025
16358934
137517443
305424809
16442595
24097634
15912508
15681180
24107372
15565753
64292121
34000178
14652240
15737560
16310411
105159371
19657806
109967617
232967077
185897647
90657241
55279197
35335912
16053249
19598394
17441868
27626702
15343285
119780980
138748181
248700177
203149052
19908422
47845409
130575807
120874805
115493120
57421688
35563232
16248319
15773186
103660896
26088619
33053988
112873799
60360585
76431666
15689313
15289801
14454721
20327900
19029306
104672238
29334601
19713521
124021547
79142338
16563569
17898699
19685363
15654124
50225755
103100628
37030135
19585030
147832136
305644244
18176495
36168191
15370096
36357842
84144235
23791177
39087781
30501051
15227082
93521551
196876031
125154671
61875881
73562231
202676118
77002132
82947416
14663179
153971066
13964132
16072150
68783084
12955932
88983930
20438211
28423612
172502750
16029177
14907491
22695548
38668559
52050284
109803130
22229716
16325818
220184452
29645285
202730435
24308666
111322460
19996305
60280111
272438863
29242189
269552262
227056441
137766161
14315880
29029580
25029677
17290295
67647587
222356317
83996412
15190158
15537889
22698525
27543382
64588200
62923882
25436215
31178161
15028403
19518648
35863312
16462448
20409140
30282539
164728018
21626346
79740296
50099161
34424306
86987686
55311569
80917682
228931271
182559530
113278574
61618031
258768815
124264233
14457429
228171847
19780691
196241237
15844880
59146215
19976769
16426694
21424385
14388669
16643142
89740116
14167429
14861782
30207342
14521340
209745081
49447675
16637298
35354103
52558357
52843638
75800420
38691926
22860457
15165587
101911732
16048484
22546366
19090098
20179628
19685588
19952461
18166933
19555944
23827597
46457075
20105795
19628109
24703298
239143998
19908817
21335829
82671020
77042833
77886877
243817520
19417950
14619342
15303087
59786309
125178711
277337836
131926639
252652484
42238838
55050539
20813783
17343595
283062732
204937886
272729541
221441697
273199960
276312316
211720765
62256741
142322128
85001062
96019689
223525599
19331859
237557929
146587496
43373536
44614519
15653025
43975434
18218677
17542488
15019760
260522371
287790918
285458716
43380888
261943893
16439603
49746653
620263
14822726
138577594
56448752
292799804
44784881
25169476
134623802
238350480
14328495
59697611
277210118
271579700
245427439
19314353
16828234
276172110
286252626
68290065
42619777
15245440
20487146
284145761
10318
14216123
25206461
49695949
35804812
17628377
14146341
28155753
14707002
14860336
25693870
38686553
19397752
274656119
21278570
27039335
14544864
222529084
17520649
14870804
27018757
41131434
25665666
29505861
134287195
1774081
14125994
16511018
25515914
25557074
31476773
19348110
26363836
23826248
14285561
39829491
111383281
113685351
79537440
10261842
33614561
16668773
30937066
14096739
15035323
20172287
14465476
18845281
19343643
71410962
20871987
84693957
18074256
18045425
13848622
15882292
149731861
129640115
15221750
41416991
15939983
19001099
16868237
18603672
14105224
14792000
14220270
17116782
14957401
16847917
20747594
17232013
16842250
21817612
14763855
124902273
81961060
127763180
128797437
16313969
17909198
112818882
10009192
14752907
60318598
19090054
14802044
14421866
16928122
8200352
14265755
15205779
27453762
14379115
16411847
25807895
15420720
19713312
17100212
17329442
19320233
17062597
19908360
15951681
16151019
7435362
19036251
18638821
15605342
18939811
16169272
35068546
18204778
15705058
24103268
19187542
18836450
15367279
26368993
14593685
16418486
12682042
16844656
16393963
16344137
21296649
17818254
121728825
18290311
118454894
106850261
155001913
77026018
20350446
25373949
46775766
217547628
15744490
247801718
28107428
171943137
21718496
28600377
17670138
94424052
24473130
17130461
8310782
9810242
17426969
14181272
15676118
136348383
263299261
42647852
15707291
260288797
160605015
258911004
30670400
42656277
125360507
281117668
208054507
189204712
253546778
149322871
72650060
156152275
234103492
16369378
270091516
76303848
46266457
16857532
10172782
38696429
188158965
14210941
15785325
20450203
14798639
15088960
11887462
14848408
18194546
106881819
