1872235992
2422156083
526871737
3369369129
23620775
224723108
417121355
171113520
21445777
17972319
15788933
30905690
113724175
50082898
220075964
97717208
98669568
124183878
37905129
2649551
140808864
20579679
334787685
98940397
550368190
209138909
14059963
16228565
589911988
54554478
20072554
50781408
50612517
140508287
857471436
1372468194
18598780
1638776448
16039237
5058231
149689194
186438780
2222055955
137703483
20448608
134746314
340468847
109829171
415434211
305520246
336393033
297313279
87411242
87411496
386177968
30290060
130193367
343480138
437441151
92732014
498241767
56565843
48515966
275024798
303753580
52677972
47921172
3011961113
2191947560
2711647574
14072988
27915105
26998871
344148624
23109705
30052045
314587162
914223906
46518690
371264028
242517276
133201528
609255258
503250806
16543515
36321794
1968503748
424181600
78274005
50278038
430543970
305073570
20434379
89920433
41394240
188860324
280445345
147636682
282617736
262725987
289433675
91569402
3362288643
2305044145
15961338
3328978833
2427332354
19993635
18025377
34240147
215784608
17850798
18426419
18378044
88656570
22532599
22013375
43183310
16692859
18550608
70959594
49460512
34600246
47596039
25982423
831787333
3012421043
23577147
33315010
82067206
53025660
130841040
3383169675
2872040504
12913712
1662773784
4547141
18309653
208163
40713876
147649517
255347566
1702177423
339332911
22260999
3243356006
492081773
23181479
111025673
2657456557
71543212
1525065092
121460155
2841188249
2421976256
2282830002
19242404
17898162
110380219
2249455164
35655977
410605574
9855242
28127201
565778986
22020877
2414603922
23587143
204344289
3082020189
130442031
599153636
1183576152
20441138
112750689
44411598
77528520
259323371
138717046
410070653
460005853
80848486
245499504
172334147
2716671514
1270739179
2243712522
16027201
16127205
16113368
281728419
188325307
458082072
64370592
193669083
16027100
166532883
2407340785
148841224
259226465
21546147
1415459816
17557040
596269190
63108261
70697124
153048592
156248241
18614664
21655680
232147449
491242725
20229391
954194671
11107172
203259471
323768440
2775030389
757206074
416657350
19389800
192248791
16714347
37476921
15934978
47509268
55643029
82544380
16131833
11666332
15006743
24421464
1105990146
63025801
17027590
110674187
4047320812
14131557
4103765812
4339321
204720843
203560532
40212366
25876418
18029775
220194905
172484167
159454866
27695248
303804147
216459905
3047554282
18839953
25281736
2229668466
265645925
49592004
23236334
1116913003
169195583
375857680
2383553300
3017762422
2330405455
3706464915
141595549
100188425
217402062
2985975839
722621395
1967286865
3181278462
2792359799
6967102
944348496
73875597
1130946164
312724319
1299779982
1430122837
1248371965
143878632
216690085
65743442
6330492
36389300
113018111
804141757
2206750759
507701176
189262407
1946392694
95890213
45596256
1398114660
172313003
2196020286
189203835
461877440
82875549
97247216
360613863
208008927
11359872
12798822
29580450
38245723
20352663
8653092
79570653
13693032
26074603
174740894
17371549
428984483
146462541
1691375678
2248909892
20687622
1433017224
3319129126
904202683
43499515
2370991351
224307691
2184943214
449689918
392357015
17777231
41229966
27453762
76685250
2303300455
1173879032
37949160
1617918008
51022419
53326942
292382053
292775676
1311450030
113646537
351159552
20067997
153826040
53158101
965842656
3107415695
2188881247
89006400
3005411105
35706316
47893556
18897867
2470277763
124479692
3344607792
64454743
18635843
14389212
238519301
39776562
22613811
135195122
44578328
19595618
151058995
27928418
119004491
17133897
19902709
17154865
406900369
1060391000
28355518
126370025
15699434
261828140
103253437
21870767
15700308
151876540
37878528
92306628
15781813
130273820
22360576
79024978
8362812
75887588
40875491
19925839
25275453
24758341
119328644
18973142
51122518
142270039
330212358
316058570
101709692
863301830
66673916
19030517
82061559
22021978
130557513
19530289
6892312
249108233
25533005
237297524
19249578
16040748
20433786
17376071
20526449
224592767
29719911
27330822
14995828
92557214
159125669
259218419
132523809
398737968
266624130
27681019
368292391
31100329
220044097
14868608
7450462
195419597
151111625
295421748
547776192
1951821
41584238
88264935
263160998
399933
209584092
44579763
237240870
87180626
17808531
130120037
124445036
132885794
32417875
15752099
146474510
98320342
17866959
543331897
53107828
52418188
69080476
19525458
117428743
20006549
498986721
312459570
351662373
19358633
403453916
204285737
22776133
31224396
224568664
14178057
55578994
253602072
63130647
36704075
1119680688
92030384
367339209
26760014
47931270
27533133
234754426
26244404
18722444
14980112
15693913
18240443
492618881
63419124
19349290
63130652
241065432
92776929
13194
13265
202550179
17368648
19968074
15206103
21112605
67924644
14074967
22512784
859439527
396698288
398107992
96230203
293752292
266989156
21575103
238099607
373296066
22012276
368947930
56432029
24234737
57420624
454013244
92808495
1699039021
27509766
57654454
550062634
16112864
1428024560
61090126
20511344
77852581
27055034
14190948
142721190
15359578
800126954
20508380
494241433
15403392
16369359
124334065
368926675
14507001
127991340
372346211
250492272
373396902
22831957
28438165
15777758
14129299
448028587
23443605
43385867
19970298
106384372
23578050
20920486
91861076
336032424
851086422
790530655
23753031
617065471
237361717
1347111570
2277495931
14612367
19348904
218546750
16850401
18684662
19420212
300467000
111416004
49143716
262083555
1524815474
11749242
217593215
624555387
96409123
1212873032
547584153
19978312
718284181
54026555
20178144
21588443
275225766
873654259
74715730
29789545
2548384926
364780220
17845980
576488993
18217021
523309370
2591884825
21230649
514727834
2648507917
285197147
214157929
2970094132
20704236
96182241
2285267574
860680410
34122769
223953813
932155856
1614057440
1662709862
59128257
456143728
22999698
939622147
14962080
22075295
279028091
51112072
1527563420
315928183
15535306
27921073
115348455
329978211
412332464
24873392
19657120
39234189
33249457
19178857
79997785
21576334
41358714
631975834
21218554
19766166
145784826
1403263087
627568193
180720782
16663879
163133862
420211638
566405239
102008040
22488339
194122373
30429590
14942871
21397054
600092202
88081679
904200264
33674489
501773699
61114276
270855032
403315130
58179497
76354045
397490403
28297204
263650169
168703594
138367556
285047522
249004305
28354160
8061402
79571866
250110140
36716584
20558053
890722850
362710345
108642416
18991263
470978243
375208735
20771519
99599292
112819661
213432901
35718116
229459251
21348845
178833771
92292580
104795852
20155495
354294480
19945102
166185203
188880014
414288872
2886026811
219942869
288891520
384856261
47322335
16604421
11930482
424923300
2720
15859033
257367223
132475720
20380049
15659162
78417307
15564815
21409407
334025721
15899209
22619050
78624856
112990639
53013852
147627045
363862614
284740777
46193
519813577
93027365
55205663
368317521
65578780
76098277
52406935
22620918
50282669
295141701
56700566
61177263
289248147
20436650
235900660
113386943
174236894
14664059
19064312
9830952
52560766
4099171
306166206
375582570
134202175
43532023
22657235
563856066
2305151870
42102455
27034330
19859883
366656774
114471835
276157954
190253051
116830058
21873963
258319675
599325334
20610905
140067378
1294741
15765018
517821944
17682368
89334030
814859
282170913
191004320
20444111
438344505
18908258
489474910
31196725
379669304
223685679
14071491
482082228
179472922
21110235
19760125
216345893
174370026
115468758
308941201
1593295976
168999701
17336102
3557111061
3024037060
262708929
3364653089
21293925
85299196
1060121
21071916
66996949
20768995
18741116
93707061
18888483
20465979
17175009
17895714
20481087
5838002
18354256
166301775
10779412
8048872
18355562
13617652
13666
1774511
1006152882
351590283
42852429
15565758
18314339
24924163
366549050
459390022
48717185
25073913
174663886
137326569
26784723
21484573
18213364
14779228
37178211
95721440
236143056
87528671
7847192
73953536
96767130
22926636
353163827
95423935
56706849
192892778
45806408
425207947
78929312
20674024
386421227
77724070
18974840
493886495
374585620
60177607
343546991
226991753
70991021
53999694
262601699
249543284
234717057
147915362
73364641
34590121
403477642
15701778
145456012
83529744
22312576
50610207
19063141
92000082
18949349
22812734
115897650
19763459
14072907
14072931
481179961
26274147
118626543
21910500
30840386
309824548
130134724
19538776
20668369
89457976
21041242
74265849
179887262
304510244
95973642
60845623
249565463
45413510
18759415
235929410
17720465
25489574
61211629
108655199
90918950
45542770
158009210
2160575778
397108549
268402102
22355464
507842904
15235679
20223961
720108722
19069485
13115502
19989540
34228174
195792174
32964702
15144372
20937941
18721809
15610193
66657229
26060056
254485064
28236061
20917414
135191910
18607989
20858177
196214793
119306494
20430688
19241553
15016500
30869029
136288132
52755452
17062358
2524420579
44425241
258322333
267769846
398288010
938939070
22206427
166192075
332921290
162044153
116845797
16827148
22473286
325483190
331658004
319593936
122685408
15454011
360520215
17680387
134868973
151865621
49607381
18956603
48677794
27520838
216692192
159110168
237743389
202258413
18190811
40347554
14641532
199591118
260716144
25115292
404425453
14284845
20105619
19910285
29766192
122785435
170175065
225832532
123072016
1863552126
268686359
15953914
268343323
368984484
25383934
14209664
259989485
161265879
1882751808
14352707
211376476
191263036
64747148
245369464
546819813
16982863
294420379
3309356807
139462271
366648076
240339489
403299980
24187693
1535956224
1392554124
1114091396
2777122517
2322575761
272501132
186585181
35794688
325403080
44575167
91836527
2297929911
32036186
2795032929
39024923
3072699339
269393097
21862925
41098406
130135493
26515398
169999427
14855426
225196043
26468518
19389123
146366133
98682244
14773409
142697625
21862223
274620149
59471660
20631422
492285158
16133363
15778426
19647329
22146373
166712218
14073022
60886384
106118793
15249629
27692596
20598137
97170019
22460658
15348883
70685388
616171439
130931982
29674604
138136286
14470623
79602472
48564118
211177035
15949242
18131748
155748301
143571157
44903491
182839127
152907386
185716178
332571774
771170395
399408349
193616901
140951152
227431793
14857495
28434379
58591071
18377858
21636265
165751336
20686206
39549278
24546552
27733204
349611488
520766752
21969930
87745201
20258171
130197171
15180315
18021517
57124794
17243582
84684955
81124540
44438256
295746612
189180763
47455112
292876633
360661000
23760311
14649213
27557914
198020721
141279172
44136646
930781598
58489734
20642310
61197041
856587308
57500348
258826552
2248933165
269732133
155220172
204046795
60942796
16295498
148524663
885422330
227655564
210561720
15234546
17111646
361515067
32697764
21588559
389505930
34026024
310973907
2350484912
112459077
21644992
1251785912
14123689
168537772
23783764
39247971
1631114762
76133
82243
19883587
104615636
13746792
4229391
12908462
27739670
7770342
16248619
15513767
14801264
621713
88016543
5959342
274481142
767
16542829
219074016
20519683
256123314
3799821
1536811
39800314
25889033
128211280
16066580
298031144
18050996
20134622
25325260
17221246
15862891
18089292
15489945
76796932
17251787
92694743
256277422
190669152
273615113
24163711
19440863
30697038
769621963
21099301
19182316
18593675
461999396
186104486
263128370
114194844
17777702
245314845
432902069
2317915567
394915904
27598939
182762366
267153559
291905965
234767230
20137622
191594695
242281948
327296713
378749315
28313394
5354482
62831879
169032978
19979123
264728252
316435441
23088146
16065140
38002103
336000170
35375072
987084990
100016553
135539009
328178278
234377262
200115537
14662121
226895090
19108267
72304671
103834382
56672927
18375402
134855155
13939772
32072737
245323137
629133
20132289
185306056
62123765
26985345
403761570
110437588
162473641
103537600
15661886
35463810
14921575
242694249
190702318
55192204
114484969
125260382
17462720
157596270
829921789
3331373019
52193656
236466134
207244231
440982753
94904017
1134304704
15741122
300844354
152951823
17030680
303883832
19808176
15684633
17042078
21423021
19084034
14085070
45516390
72842277
14043142
19767193
18481646
118975084
280354655
29342640
31443503
29093157
13766492
33972693
1074598668
91842993
46959037
58822086
29179882
380310630
742633471
23407415
23478883
2293487059
374636494
2902259103
351591007
15313806
393548753
77540948
110465562
322660160
14157134
61183568
487711948
50085455
136004952
19811190
78433570
117366399
25984418
56169454
16139649
140955302
47583917
56943973
14085096
128216887
576691082
600346866
148142945
55236028
22486566
1060989102
60074884
260844648
475070998
13388702
82323649
216661712
247272226
3329573189
198554753
247282796
3306654832
606474466
320782387
500927946
41851674
247247709
800174419
248218165
96408562
67635239
247252390
365694551
606341551
24777241
65092891
240142026
389619217
605538483
233317025
2208820551
300204582
27060841
272442968
29505978
85368081
239742575
117844973
2427482071
9730802
78260155
13245422
2525771
338403920
2296689098
22714115
256248787
142732767
2419386950
592899541
351715132
273467419
21409819
91112777
3015615689
381448412
3070221315
227493762
280976008
861934939
2449905390
29387451
3170351015
63109766
2800054862
3128944533
251622947
359477266
537353102
1335331866
1342091918
18958396
347149548
354880191
366655100
78554033
580822933
314483971
397349361
28174699
19816548
14055636
440767514
21769986
22474512
74574428
80802900
231884341
890969652
919914900
1053637880
2737204784
15722996
20554007
53524308
91672344
125982085
303732749
402124578
582068793
3333991
5395662
15639096
17960938
20446712
30271776
33846123
39475827
40363629
48090822
57059492
59605270
59627544
60623684
65606868
71307720
73075859
93811680
94659319
97179530
109191054
119000626
138539608
143357324
148692630
171477321
179267607
181755188
200906685
219345064
228696566
235067959
236059883
238094233
252241608
262215971
273429111
341626052
372217097
414762592
428936303
561156462
570014435
571282023
629476394
1474726309
1524833966
1588036975
1878762170
1967605346
2198073755
2272936914
2306924492
2333734952
2348350868
2427491323
2478554820
2675046978
2680307112
2792732057
2874034469
2875778369
2879670947
2893493915
2895200325
2903276165
2944802098
2960375069
301448464
547540285
19972106
390100973
564742670
161161837
15987295
2477525282
140976071
2407482048
19202330
594761777
838464523
1913611104
54158396
522547847
22476321
81817326
23602600
221389073
74538733
802127935
24897204
11802942
78258277
202605992
957383834
172844781
440408254
562026575
434089715
79749280
63463974
35899036
594643753
246765654
1090129658
479552658
565693469
419093166
538273222
97252202
392610749
22265903
1329944192
185551795
26225328
1130500532
244143568
16616217
210666943
459427387
1495932529
368857979
35552312
1371908802
901949568
1605672992
845488700
487444819
128397019
422724621
1524446820
248630222
193684475
369456018
435265136
465645241
486098507
532100923
601765009
1202145547
544150366
40627145
83330531
16316886
354988921
21000110
87011026
1884152480
737637373
1384398774
123903413
232868612
863252419
1588550767
56983597
2881599815
2880885136
386004115
2884024186
2896326052
42498255
174378986
155318918
416191847
24401061
21410687
83130849
104786280
121193566
233929077
101248459
130849382
631532178
36088998
191402649
138850714
466874543
18148567
30915622
22399655
1427306744
19019494
1143220867
15687090
15352439
318996995
276224538
326071221
2231569309
205657343
242957580
28579026
313275413
550390041
215588549
23673573
18604355
20691177
284686670
14160453
252124716
23094856
25880849
29520374
558551639
68231041
19629651
1241258612
222271513
202573676
182295395
394060363
