318604804
302509491
2835571756
195481352
562953131
271999122
22038683
262757051
66134103
167602950
22368167
282690703
280994101
283515792
104223006
23671998
290760549
70990972
49352421
117145146
270952354
299717470
275075123
195975576
35453387
304477257
304602862
45942642
307834518
168543153
179545048
291602143
315200068
233096046
63275377
309653236
257624232
88793988
298515681
323159975
254964743
58418377
240751874
318430382
326991071
126636596
59399597
187568875
330223556
303722452
34639513
19876005
20228706
117780753
104178773
180366875
222126051
234053884
57368307
63633702
331183756
128244449
90372906
278171962
233666684
294283699
216144004
25983108
353847792
337354256
341625687
356773994
94404548
77033477
310430834
25974833
328209721
327457388
75053766
243833066
354379108
361764224
116841612
362107083
216114812
235567767
351472123
34431303
34890493
105523509
367856570
19419171
101547504
370699565
371453070
231912163
31083978
20117201
21389282
136305879
371473565
271433931
314460260
293092798
304009056
356353572
165764758
272134207
303897561
78095716
23225840
85582920
220456095
324584322
299855141
65069922
379924260
145954851
20373767
338314549
245136483
383245888
305896345
50987105
124473428
385928461
381599202
388403061
43774969
390257738
315281465
37668972
369776041
51260514
55875079
35607664
393306632
387586704
262785614
265345815
394323224
304913975
329572928
277142586
326450140
66358053
26514893
237427901
397220432
243539373
19920826
176394274
364789604
83443884
333034804
146608905
795058
15100975
37929603
333522415
165484655
21298870
265350926
157910988
26780889
114310699
397984261
274713738
94692522
324934085
225173458
153519377
398960879
143835045
296227409
22161482
272341269
387919948
404268098
31520408
44077337
204906072
200982711
343399776
230693610
405098902
399713086
408723195
394957954
410760151
109821734
411538903
172481068
297698572
21943728
413341650
413308270
47091338
209602555
20481549
327353801
119517778
322789489
46073194
81927534
418944268
211487441
416557644
421184425
126899104
422682064
217701224
70120201
240340042
278939561
155697725
429243938
60291226
381734570
313865160
20268253
208032747
405512861
390923518
404762686
277433152
271429953
232163389
441796292
442328919
54935650
446641528
380381748
20689749
190554348
414880259
92088200
449291430
53414773
419088418
434231830
225907819
280911002
62612784
270988861
236582211
62007339
452168736
217443530
322038356
454853225
396921026
425779201
19623737
457394911
427407143
46758807
46470340
20619589
48999617
284996217
247304183
237958602
299802664
352217450
61997942
306354955
211858975
59890024
18906599
49627093
465630434
460295331
466401109
337679546
406618797
265171211
281997478
282050662
441726775
231348377
218098119
469555441
87278083
469709310
469481068
64163133
468718858
21207568
472256056
467581697
472884028
378222973
456004465
20396644
124859320
42718514
18636329
258496620
203952545
228841446
458392513
239581062
146405127
363737142
474386171
471060114
476946139
218854531
286365423
91198031
475920307
482036721
396863963
227785760
487431500
243817489
245720566
139486642
221036782
453354280
19471175
461112484
467782477
489406986
146859930
390976438
155172815
303166618
494391681
54859501
347373860
496833699
471674477
407879337
495393581
99070362
114438537
264712085
502172546
19816048
246425726
503491891
211316505
301583193
55889048
236414406
504473456
387345614
92230002
55306270
226529207
339353725
108443481
509367128
476585649
236622184
334646984
123881226
266990096
375496309
363668603
239148649
497015876
456146067
468604922
288863465
93952762
483290560
513462252
96609712
61507515
454896018
20392624
502252495
444540443
255091910
496982071
502703339
20140914
516733093
253013089
247716822
191426687
494261248
517886820
46476216
341031935
412594600
519755566
20430149
119905624
377057677
41821739
522318645
354778991
525397757
391036285
204791266
526681056
490995002
529347252
265299241
91180526
322024752
263188263
455120779
195325303
234527006
513115569
526360758
434212630
528965160
284944975
344011304
536279199
480730278
531372307
537555848
57508860
32374860
55619330
242375516
307465930
375576386
228779402
540863091
281451562
203989249
404386636
544266007
478533827
220439934
495153660
38474312
85894821
29443980
546848627
133464270
293708255
285116929
541635107
219239255
395584374
439209496
421001428
349228373
766185445
551186167
550088900
248129114
20198376
296443150
553057974
115042243
122490952
32226517
111658451
163561045
532579223
204289012
413329041
118858971
423664090
551025823
311425414
22675880
326285353
26833912
251621251
556628324
521243296
80927978
385949121
17756968
559561579
557652019
560281164
471444486
560550119
548666656
21082812
399340801
472261183
511502655
334885032
20690447
472559620
537480716
564857311
412665253
189520750
88702230
565766846
565367727
569893505
186553034
496356768
235349707
571746397
299276599
27675677
366504873
546593953
561578088
233249078
437476963
90031521
266852033
342667349
444967096
226691636
426034290
375307283
579360597
385862028
568555232
580534409
305532603
583105986
141353711
404312754
582859451
578992527
276189935
429205615
27705574
77314597
464974461
560238193
58940116
153194440
73112100
66664240
61485362
363443718
234756807
570947567
270370930
416239933
371233205
476098642
21475742
389386392
194523793
256446676
173567505
59480350
635636370
573007281
598432625
600003439
600012710
601728524
128835689
582669889
55198828
279446871
18743280
94546430
373366918
554524740
367854738
266471676
242884800
49625448
437059836
607625977
604616621
574646824
156228694
566652744
207475614
567103998
614129894
569980467
451413724
615243188
227316808
123262007
593031355
298634102
54948404
90756345
60857182
251621804
618214999
333879399
365675649
619165410
380199935
619332324
472871548
271633267
137756746
411617990
408019033
622868677
78337791
216463894
579916308
546892023
624583832
624576572
153786131
365020891
540157261
303431194
248479001
627321260
484088584
626370750
227660799
70677962
100840738
455970323
620938469
333236050
458330983
349967968
193169935
40689859
305018110
452403261
630546361
493474919
30761358
631331982
509305892
325116677
599668725
419856386
231405818
632981442
353592234
632989610
584197182
336279722
631738874
234487277
210894259
310837038
618028694
58795608
575613329
625977085
236516012
604436699
634652974
101475896
636361976
514823416
46392266
84855291
191392465
636906790
320286810
637269021
331876798
19674518
454907405
42976648
309843082
113009653
375315905
200875470
388973287
315360067
51416439
180741941
87975247
317142354
602209219
357843376
109443074
27495293
702533570
316997083
705590833
176447764
481181572
142947354
634471060
286455863
84914055
37897190
711210714
115184109
637120838
636051278
52109684
305468522
713116044
310641776
714093812
705758695
42443128
59180575
253165519
584561843
572650201
298436712
179039384
714899545
598650713
703887206
319072615
91076377
606731922
365753518
193871527
43154473
252312972
302755478
719878478
720068328
720409652
82479619
721680702
721825404
257487064
616000981
68780369
723757320
426069646
400925494
331257052
724780939
313173915
724329979
409872735
725994414
391825019
449891432
398724534
320232660
479852828
600210891
732434893
278483205
358346415
506288027
588339495
734837444
580199518
495822322
735446881
93368342
734383526
730256696
629442346
459616570
412504515
102155087
733575500
735183374
321311264
592704328
435856943
271868143
605348935
229225751
297532203
591884708
240617588
239034691
731752657
742986218
272002976
234443164
305528769
495845457
734789137
735312162
279885938
450738852
156374360
258339875
381380495
398235741
745700886
630043761
175496962
33935178
749298589
524585654
20079775
84232554
210918966
308118365
23481232
73101632
83484096
751358946
93619743
556174731
506301887
703435574
729121489
27407462
319081367
257522057
716194766
594781367
212260825
342022247
448313367
751119438
376168076
755598032
755347764
79487758
190778538
240412464
377272965
626417794
281266815
255378906
58935398
711173366
743417276
601987162
24670167
285254911
585095077
307933709
341176673
634454186
759391201
45924393
299201079
600196437
509899874
303897717
175046908
399104231
762297794
759877982
476903334
547032323
200926608
760161654
429285554
431986822
20326105
623643651
208971212
757828986
176599633
20707827
420625648
21520845
62808040
364881163
590365022
202332385
765354714
581055444
767650968
602147971
552985516
57524827
759488875
360215903
743198515
763322546
74691871
389556576
489349978
771005840
757821685
122886910
146898630
257902418
595425074
84276205
344225724
211149393
209763009
252763998
389616058
95721281
199318275
303487654
773199733
232297248
757803186
21189795
484919407
85590693
60597368
536497680
85283557
542106423
546065217
395943847
765961500
224625021
251760151
780060690
78018588
150649359
584873202
547576335
780760908
226215399
481167564
781896481
316381386
592049047
596662194
408507645
119807640
785146189
783410664
786571069
518833455
786663829
770163872
597755732
37239245
347436716
624037226
733668984
111970189
178274301
359011436
448751665
283704410
529745534
124729875
789258998
778196864
21561108
789547628
511918744
791189270
790449049
142021274
237458116
387258564
769504578
791838199
793444753
764121925
482410400
583587790
227971269
226703573
20459064
394948144
28154860
379163877
257204790
313932728
633113166
563980466
328672784
19858113
799010120
150555041
783093139
495339264
248154327
23320582
333303688
569844085
311634638
185889418
618170627
241991330
404230329
28665080
714751718
213238895
800600353
287209580
582644671
804809672
208590558
275197916
607489539
726855020
305755300
607478508
233248446
802550100
804526626
512521673
765678050
483831518
806390750
398862722
236447856
634768174
432519775
350343414
804120138
81660038
223789863
223566407
50688822
92831414
811577510
500289577
801146432
276517532
221511995
813823435
291588880
815338362
634811048
42661922
727065188
193243237
510022191
406953656
820173840
58314312
819577218
773094943
816139004
60853159
823269877
817943029
822088992
443684713
735179359
295649943
264661440
825897620
817892538
255729528
579009242
442014962
279200700
221925973
61737137
411369315
824130878
57420964
542650957
155040908
353858913
207661889
459478724
362621139
110385427
303250649
25073812
819266497
827572303
218229397
587435243
353570665
40015092
828680654
774324769
548702506
833818819
705696343
404028460
2626829133
835430484
835558230
836096418
837187152
357190172
731267960
206382821
87554923
839347471
371418245
485891490
41384625
569090111
355726847
521348159
843815864
408834452
359314036
590190933
66143934
344235791
299879140
849831223
828936480
207039375
851526265
210727923
303746260
852544597
485205409
289298169
853583976
615156499
854693846
107949914
394539858
582843303
856405927
403321907
433628766
386200360
845193350
497073442
593815104
233139907
443658500
312203379
728220060
48637383
341673590
856092336
159819874
64370197
586615297
470213896
314672660
322756147
102292302
761362544
390929111
414377651
865269842
261327366
812953386
852513344
418544718
28591148
861130453
272063972
183225477
868092319
868377200
302283671
867842419
254129067
184923818
282074256
492326406
494376914
735147468
870665468
871164144
238670314
872475072
472053074
873475904
231004602
764131992
875780154
338602399
360855367
23369674
877746152
302539499
362979041
228825032
525561794
22760805
789902180
844120026
229572909
629660895
505760284
67593533
633893090
850530606
161638211
885264488
813743353
735650430
881382432
374417006
250299402
606428456
24539362
873814664
19046825
833335542
420224430
536710211
413186328
237244131
872485538
549490144
79527207
893064284
469173316
40916963
306754516
829498712
226955172
414254901
247510839
479685239
324818836
426093111
391298041
630255575
35547732
176536222
151490945
484301545
214162097
794498400
411560009
806680009
73228114
155963945
275057626
880723843
874822140
40493301
230566038
863459378
366535504
22639319
193933802
167450117
216653128
507574948
529697975
851886818
724386530
308000120
220780391
576977180
901334893
822241994
62234397
56103073
898328790
26349511
61748857
903599156
358540407
557900461
111293523
417355501
43390489
884690184
237249579
750679748
299183907
248360837
81959945
794761628
81092895
187527724
266495867
397973040
340789897
521719359
348382711
838009974
540086588
852711619
908212813
910798993
459669921
252905322
912179540
619948373
912343033
874111730
913325040
915573354
324221136
44888732
917483682
424311184
20770002
918447072
720625020
919517886
356781895
422589515
408833787
601328225
845584922
588468218
271931478
256650673
448828276
20050064
153825437
844092523
863788722
925381310
837590065
926201796
358686009
928183548
919330932
205706373
929372899
25506927
789333896
929904980
233655915
190788620
38504448
930538729
34737473
241965258
442870432
246044143
351826090
732731041
63796828
421106719
889712053
336247336
281098391
932733462
180766754
937935301
612009200
256141878
938682384
606410417
939101538
939091908
58481283
821090234
925031131
932891454
861969168
496787905
168429791
28803845
887427607
932669784
796404451
774414042
942148130
235666429
943626020
943702579
922935691
218779638
251172033
633012395
496340827
590012364
228516783
292660053
912786493
938015838
428207401
90441831
946498268
948424381
947992748
878741666
146288016
623630717
326074287
431506217
275966043
355098835
482185171
282807235
203623377
941680290
147245283
289208166
281135863
190365348
379131301
365435991
487761084
892753602
33890897
63049171
267270874
116701218
561861610
39519300
849738942
49997751
61605039
954415765
927766944
955228242
947660130
20630750
505644184
873950971
917285196
953614904
956114394
218532999
958307622
187395346
960802394
258091471
490677916
199030623
364220175
329790462
19917934
259899562
962126365
503047639
431615584
53131300
383864115
51703937
963862574
6448082
903776263
964535570
190203603
55618479
220894834
21413370
82925695
893732270
967767990
404191703
595837829
798598604
198818134
80830004
20170602
902532516
29101122
958633117
966146473
609248869
615536259
585802027
968262180
287240289
621337066
40559062
505836938
490557796
970981968
108629539
60065195
964156356
558710887
970767487
193137062
943527764
462513751
137107127
962435509
394445522
433459093
976436694
27069520
50615692
541085087
383976272
858666338
318556082
956105348
446105320
981731978
68399155
595907889
849836276
123838903
380366687
480645853
885315656
191244159
19870603
370596698
592668097
984205387
125741966
455295929
199214373
980831383
366764401
544592192
493991760
409805543
47307446
957769147
986615227
287832636
987570204
988685172
988448898
107841602
989615605
724150590
459801896
402983958
739245738
270899916
67302371
321289809
606266503
243417278
35388478
474199247
152049109
160022518
226636186
126125084
234439714
997833313
903375691
994667318
446688119
298573173
22942210
321973006
408484603
507028394
759973716
102626728
966560084
976783802
488752707
30099154
554605038
762196848
538935629
336635049
784824313
1004107621
312915848
593672527
896010229
880356487
251645602
1006953030
114879601
1007213184
486573024
20508578
809245266
287855042
310385779
354992572
1012162687
1012854224
939727292
38178176
236213812
936263618
62880542
519052741
475314273
98602338
976859468
458375182
81624962
240333015
1015725620
980618310
315268919
909193243
314113980
565355908
19596849
548503991
1022285766
884747126
326992008
910894536
430488859
816229728
905669040
95665409
1022477132
198060572
1025126047
728455435
199449396
407780859
1024726424
187493588
565657055
245094794
999822823
1031140904
786532032
1032592944
904179692
428932201
773246892
112255590
61511978
465824035
964265107
1030337928
21477212
423765457
1036985275
361260552
954249872
365976264
93001246
912659623
462164822
856920344
1038378222
320903073
1038271795
1026216264
1039509140
604223156
714490116
810709190
2969344414
232816228
721774753
225033959
436778054
171980781
215989787
764165064
609800446
216197818
402826001
1043897852
633928028
581115254
1044716592
106031821
220951906
1036641559
233349196
337650742
862827511
1048296402
67174701
215759883
1048443589
63689569
1048824187
19230622
713092634
317218069
428459991
29165637
265322011
1050165428
280581020
1038397267
601367052
462869897
238530378
221141284
322044945
555909306
944241900
21701407
100530624
154234003
1049111923
20673654
1005159558
1054944120
331304219
429771210
297954547
748877334
1055805337
436050013
1026535640
1057295784
1042545385
1057605673
244414005
1057882321
1058341393
1058668411
1058667332
1058763595
1058962148
1059088362
622175504
219341252
763494894
56335589
268353503
1061299411
605317501
463987691
1061741402
30281786
19562055
1063011079
891479502
259510182
52397271
55069015
419578499
124182298
261656961
501976707
33579200
341659032
21775317
95425276
1063695122
187565010
45112871
1053766597
827070589
60334069
245974414
487396929
618404276
1066475586
960455042
239341113
1068312091
637016967
463855960
543427998
618561834
1058979288
1069451538
852924656
110425268
1071131286
257998058
270773973
1071315984
1070764244
439537378
215009923
1072226011
1072238005
500140346
392674833
431146734
998922144
125288040
1073261390
225193947
1070727830
333913333
1072021010
385484083
21646458
380921187
1071662520
885208416
1072648364
1075790815
262593577
289338518
906261474
1074700675
1077176875
845921762
622131651
31231359
334090823
1027099656
567322726
432446004
74828965
363929553
320123507
279291489
1029060722
263378278
1018129219
1081171058
272091988
356275752
1047488958
192514137
174393886
861833192
74260832
1033570400
429260366
53895972
19731563
287631071
1063420824
328245354
96089691
775589550
1086220880
1083148477
470359266
1084544526
50750057
632449835
868767066
166078115
1087051032
478099785
1090142671
1089884131
128983287
1087368080
960242881
757582094
1052882300
506199956
635799870
796772773
245435290
27634886
438598805
295080423
1096105704
1051063321
1074883664
479729894
1098846708
1086139333
215052276
466785974
823321440
1048666620
819672960
978515768
1034959196
1100822216
265588597
40558311
334073375
61577982
915265932
291161161
1022748386
1101102043
136048389
170362470
1004477581
1102169892
405550342
206383242
522271516
913069796
422162549
785626964
736329252
178041456
35278120
1092871740
1089427230
1105062984
113106593
1103187553
1106046342
497287218
1099130426
72901449
1085414546
218808827
992221854
1106886343
392240026
168561684
1107480428
2729117872
103037851
1311414300
757292006
18337007
1101925478
37288142
996798085
58821103
389105762
46232049
1074296070
28526536
43726737
1102395805
951838316
612539313
1112091548
206352662
1112216510
511976792
546013626
403136576
20395702
246484044
937954014
1386805454
1431329550
83929155
41808247
2194686877
85438585
2187274607
602874840
2943113818
1915489134
334296379
461893570
372004487
93918043
1657403526
423695982
73930737
2484053041
3243913174
122719772
709279298
555376730
196092196
178652596
2325883321
41198240
45945955
630190422
