594327487
2911589819
13615722
2367299502
2796665162
1697260142
2437872170
488279079
341097671
3230887032
67418441
350512140
221412285
1649730020
4205533517
1233498733
304185486
1737461347
3192761355
975271574
4274760493
3592010423
3222797582
621460106
737668819
391037985
2715115656
3063032281
580097412
241382835
588730194
1895741108
2822791856
3062049884
4204871540
15460081
66618379
275871993
2385749072
2766751401
613161989
1468571624
91408245
3034432560
21526685
1490563190
1142745810
2561994264
3829196240
1149497318
437030761
1450023942
3194670871
2351051142
788115457
2654884924
59325073
402257289
3017814187
2881271283
1959551102
3037221523
3071110583
3143439895
33681760
3320495696
266336410
2473094756
2694435960
47786101
2940350482
38293656
2155328208
2903183170
2172320441
2387986946
816336552
1727195378
2253570768
701064841
2177189643
293819230
2621695527
2393144587
