2158440350
17984709
445085211
296142154
432889775
132111956
262856460
19697415
19899606
134164413
73571504
1905064010
289860450
143195024
1329353347
120227075
21042195
1144661192
21155347
309231531
221656119
1338021314
25460615
14724725
297649115
180505807
2506940565
2265383481
1255201898
224105253
267958909
904212697
205282903
558144726
3004234139
3293944463
391950457
114998619
226606138
1160255916
3121950808
1110218791
2266732894
1530573800
42896638
23055830
228353002
1161343782
46227515
19287243
2272171219
387202006
2426577083
2227436108
242077026
232928077
572093674
31997439
499241057
214201268
227665096
1561168178
2756150284
2956803693
3326957051
26892027
39457508
1057832852
2622037735
2707218568
2315848914
793495500
329834399
149643442
1035680191
2225575627
1148678077
362112723
189873592
947884938
118220737
212651699
204482335
386791423
1507207718
283994513
1725473562
117845061
2840060805
242800295
1433899416
601898393
1482464454
740336334
1078029114
21767445
2932344784
457835205
2462323412
125811810
259747571
417792468
64352015
263890681
292777349
41101261
483303446
127669757
412875280
43513617
299780743
234324980
167352310
63450028
55855192
438341478
1283561876
12044602
397230528
2979821823
2565047206
314649296
255128001
1161105787
87302683
489705506
3356773355
1596656120
2550652224
247492175
582324462
409898355
3228199047
94578515
2277973350
579889059
67684106
185756396
236893969
22208192
273984297
603837180
724583718
600031889
618574455
1940907738
3038695731
36909693
382158392
383257123
158512580
225476386
568624483
361485019
63488963
374796449
171626357
1614782496
2929734567
1359941112
46269976
856540429
279966754
398673364
3228526145
36806703
253299586
3123666799
20735038
270814342
237826875
286395302
726142422
2501586373
1638021792
3047786710
190987689
3083474325
51866578
202815421
609181334
2585396407
87407293
110850439
485824117
3154432895
2939581401
3145919378
562090409
2470683326
87164440
726073742
187179219
454209365
299773946
200880564
29068597
2336611095
169758807
116705191
62081045
391530387
231138690
2886912376
1029108415
175848924
207104590
296367944
1675961346
500813632
459201515
463091583
240525932
20594493
233673557
985117128
180463340
206307254
212232548
546026966
261758341
761714006
2943624347
858631472
519400890
346744132
2905172500
2851960793
2903578636
15634642
25093616
26259480
1152142236
494286783
479809444
1398106099
2440089801
2342343421
290566725
610908029
630521377
26667184
31256852
433425014
151123369
242759237
22754095
109408123
191209896
34667405
26145732
2791943238
2773456707
961214084
239124932
1594318783
2612352571
2707527638
274663762
297888270
2335153110
2669598311
2535477391
940270308
737208236
330921167
904816010
39730379
323125044
1220947183
30506859
2511433572
906179965
1047758630
24061566
393907864
17828988
632846677
218306937
14173770
713250313
1451813400
545289347
108957853
151389555
299160958
1415582154
425938818
180806322
599448013
159412087
71817244
898184479
28653467
213692684
966961549
43183327
75033472
2343894740
400260248
251690031
2676190210
2154440737
109720853
37966889
155848914
339055436
962513071
205210486
259683667
1286855030
2611843263
54747537
50597719
2359476565
256939349
2594441717
19393128
2200487613
126947352
2359439767
1583197964
285667798
519028278
269508882
2552054652
260932141
1901435810
127567007
406972482
14501280
511570974
984315848
1346481415
90414301
19493415
2459705096
81549445
167742293
232001833
359621966
1433060730
2435209886
465969315
2383605114
412336833
1334684509
420671133
29675453
706727455
180091034
335326592
352955219
88024918
1543881600
22466067
710421188
220853486
110450252
186641522
304679484
591887903
138159825
1686392467
1092464137
803468
2458760214
282651562
1699631054
1441044360
271489984
1252443320
334967572
40860191
1114404498
1395576235
1678543448
1345393938
131482972
100322679
101798589
404856268
406575508
192513056
110553267
2438778906
1338821804
190229932
936724945
343352921
2368814946
551345879
33071366
348424033
371910188
78376790
2152685876
186758359
787648099
6324882
70615008
710391123
200612538
219807531
280487926
2386699894
1465852267
337432981
1429686193
386779861
2182804291
150739833
61717225
616172622
312239673
2327737424
505869794
18687962
2164841676
319274740
108708688
131782785
202744146
140750163
21093744
240782264
266886955
233224257
277512295
87696613
499238051
854746633
2286305718
203870006
138387125
495231566
19743006
1423875162
625938542
338611127
20019950
89080061
91559499
623345751
907786994
28203316
304975801
297727081
22075558
21660831
26471945
1307310782
213682219
807690164
713248894
851142163
1907548303
396057980
825810540
37505206
581208451
1152279248
149974236
89236161
233533968
197370475
474984731
120450869
518691265
67672023
937691545
485138645
302570527
1943866482
15143478
340892756
297645258
963913183
408044243
220484183
802939002
216639722
1692240811
1003970688
175135520
133639740
237281470
36726389
1096394024
970450951
62086784
411469404
246024846
586744142
208108604
102655990
382605686
369583954
183710206
22680370
144108542
848021390
477048659
1260416280
143465341
301458959
8974532
1581324265
401488459
378827469
270612601
247063660
17691386
161407448
176399634
236632752
82052826
156952637
229446218
222887300
321884319
1584280724
156327641
1362437071
393024075
197801167
148303071
240255982
289096030
48488561
21754872
135877348
32117870
1154445630
933281696
161675672
493127463
294655592
626641896
785267504
605773881
51461780
285006893
225577853
306279560
1277831077
1277999120
763836044
177345928
946056530
1249836458
868494434
793861356
89452962
241043866
436702610
252123091
380910938
98937965
1209336942
501083101
298199928
250823980
775445288
44094227
173891240
213233710
406553882
411901773
379260658
315115487
278472068
301727256
260198355
225542207
890890621
310552982
55869906
214090901
991779360
1106402780
616522334
123039991
278176594
224813341
1159618244
19585883
271504203
314768852
58696782
463033920
266173213
224581951
224305359
68234897
906741175
55193905
132952767
238277202
28169163
20789358
294107844
637243117
925229076
79458391
626372660
66356791
263257931
219726551
134862856
265041926
1000610730
124335068
148307910
945626466
36405684
19914889
157381435
198560066
790371762
609007971
143820595
199557633
164737188
23296402
136362130
125148375
80549724
175502262
618420295
59727346
22064983
320947642
45112524
335404251
624987208
478840738
332638587
456089656
709112923
215281765
26508064
98399760
235934815
254062694
37617445
195543981
461117171
741448176
28951400
119504238
516599568
538434730
294610018
590329258
335404741
578375905
30074516
228699978
95930082
478440962
17143865
35846074
148406834
11096152
46816296
23130501
144910104
475063981
123386911
14387275
78183672
74518740
44442979
323803668
8974582
122669973
41323555
321888741
478762720
50818988
114755833
253955268
151870675
256443690
192137004
44606764
461010765
320166371
107360090
544563269
359372093
234007322
19200433
492054402
460973222
72874236
128614814
23067890
428318164
460575072
427651466
182900013
240619053
135883749
236329281
23929588
143909444
394986531
21898623
298168543
213623352
344296343
118816141
99806132
495020018
460538823
237916697
421802513
189955495
182468803
418126497
326894393
175166051
420653699
19107261
471287735
420406646
287834630
216734424
444008109
142778921
129495802
123023248
108262254
121744097
244063207
353942066
325713788
207221806
171030958
158001120
144182351
378728887
232805860
140798980
159717642
200119437
19726688
110653626
183230247
225823364
187146671
28694730
202519434
209546672
183590543
446526442
239105634
221117625
42630420
18063173
344980122
175524737
50323173
36434071
40056679
230962237
236032456
237721837
297738809
81816303
260981255
246547902
254274187
181910484
354855728
63244640
228746920
21146818
54343977
120224174
320969880
19881731
93663135
234782738
242346557
18937428
21586418
63083335
295705264
295857318
113749355
18897841
229369775
19341887
155642429
143875496
37896651
148008516
130122646
204073246
254975979
249128377
281458032
150997002
379096727
223112101
375888452
399362369
250831586
40857119
20225180
251198830
115485051
87416722
47660879
201482485
14713360
72660086
2557521
18139461
153486432
108568373
6446742
166128698
265982289
233335916
284575197
46934444
224223563
285332860
287300787
150846769
27115071
