19017067
2824792399
3291833122
3121737607
3334632148
37934846
980716614
2922626415
114870649
175452679
175517687
4015840396
3237369811
2360846922
3292139740
2525495821
2959497429
3419458253
3197836730
268626287
2863849427
3534688998
4184885639
2242156052
806743370
4404688635
136454617
1318149390
3312094385
90301810
2662664281
1575143502
135525334
3308272868
4142831951
3071256256
46072771
2257035571
212824800
3159338472
52788040
919966028
3071009390
2267706444
2826258210
2276483456
1342561260
20228233
3009552484
584748058
243058567
3073074207
1242399318
24162478
580878098
1635164262
3306021437
3069226197
2463680701
1706658798
133984183
857935250
1919292608
437151749
146477911
266315980
2999908276
2725455542
59323596
426543583
3035915434
3352980190
51094763
992521999
267774883
2937435211
3095046165
4887761
118842195
2688454620
610062789
1117648027
3088143515
546135480
2994532763
3039267497
509051536
140316529
570166528
3070371501
34789270
64418834
323267987
465505696
3289564731
2676967177
16726752
381919729
14242942
3142239520
79922200
222691723
2890655564
3329950989
2983167494
3216095385
65055108
344211905
2774712067
2994151860
3341426986
3021238221
2436982494
3921711917
225761320
743807641
3804826708
19878175
3241275527
2668619694
3420753106
3382441173
457851886
3960171555
3649614073
3350823760
50386536
108080909
3648302653
377226698
3220175796
3044766364
3001273395
993056305
4133925959
3656161889
338545153
4155557903
24356458
1114476642
14645160
3580293383
3891612015
2463667604
331122895
287026928
2168620698
104151613
403760493
4090158743
335984325
4234453942
2939357356
2398354074
2974484782
26269248
1622450394
461217551
493931058
96463568
2913413414
65313215
2497209325
711622037
2303157073
1362180720
1248208026
3152963446
2816113147
78269257
313950991
1170877196
2505650893
937146864
1089759722
150914709
632787430
2526068322
2491228232
3351705736
774458760
403459646
2924599593
88920449
32831568
1563198008
202634160
254009554
187876692
39711634
88553047
2335689824
45323312
308119946
2750347736
836186976
373815570
2929582613
130829379
1242185118
26006577
3281088608
3073228240
2805767666
2797526987
3294540447
2745097130
595186522
2320882752
2924245944
2752814215
42346547
2928654943
3121324354
311515806
737906336
437575259
16865889
610930975
3099075227
2849655339
23101281
368878533
3265730424
14850079
3305931149
1702626649
1303336836
240902454
351918412
2846762199
46868606
3364807593
2784160830
2842530411
3425729482
27711852
18796477
78271035
117238712
22914266
3045275269
132340846
3145816476
3407176966
128234498
128946766
403739215
21392684
1583184896
529184884
82897835
181629711
1058808366
46904411
2959271464
265340583
3082482988
30670084
1345345056
19068720
329718560
3450668716
493219357
3429636628
14237553
1625253744
56985212
170520452
113097317
139733411
157017556
20025162
3439154668
328455721
82351903
2922389155
2755035115
3299819630
2443612122
888986803
38950120
3779462953
27009528
2728381904
2971424126
411338240
15836240
3135256871
3038487671
3433929203
339028719
2901343243
278283691
46365685
2250839059
126733422
2808725912
867113114
3028822588
3065834116
3026094867
33014441
3184576263
2934349584
1968444175
131448126
1969720999
3918457997
2465239620
3317134694
730239656
94046379
120529145
3063815806
1422670094
395882597
391502560
2704178307
2939932132
61750614
3947211268
2474723346
2989517694
2796649385
70899502
905235524
284580418
3935546783
2431387495
2882183562
272893100
940758096
1354162879
48836658
38826270
3392154317
3402750063
211627696
3188229745
3402720915
1925629345
3665350757
221108843
337025329
330869072
3030906125
50294938
68651418
3198253546
1127652506
2276530430
764419118
38002198
71755223
82200395
47589918
44382583
14536738
110500376
372312916
102026423
343934560
277957204
11525112
14648749
296461653
220992179
184376572
46615452
268500964
436105205
454301183
500994969
278918002
118385205
247183475
168857502
415025537
412286392
965341993
342389549
884224388
255030656
17214436
200886823
1639124161
20620007
301929636
902666431
125633931
140000639
719803348
2180804306
1337567083
472748910
427296764
487922940
18417916
1170121897
20237874
14385272
87286441
191964421
27748116
132909114
286137466
69327888
2990667863
2900287811
15954803
3372557116
14505871
523501816
3273528815
24859536
3309816693
630379079
1244626724
831025548
98498324
57694118
842458177
1347736550
1262742708
235646798
221937598
184770254
93276937
418533826
61790482
2163821718
2172569862
103086200
383143369
1439022979
2172444266
73626870
180934514
343374124
1900638600
2548286264
2534913950
1959182814
39057750
2797772100
2789341596
2266448226
456691513
2363285658
539288025
2418600733
2542111746
378122333
312572085
626165761
109623018
199015643
2223466850
50948742
290029806
326979294
964177369
300278083
1528547364
2601668996
24875063
247203073
77740183
562214867
1591757642
2243442269
390869056
1135269349
1275499028
1341654696
330504828
40930275
889514120
36037253
50062055
2432287297
127844649
262222553
1696591148
159797872
77215989
2354814720
2631141983
349036311
1480380020
274148418
757583815
245163848
2665174050
300685782
1452879080
607356230
60624226
2895698643
960618966
3003855975
19170906
526426817
417426744
54875430
103804565
130576075
79711641
440749441
73291910
86420550
634011839
292993508
324903402
311082036
364893977
91319817
352183521
1060853576
168587461
135685651
2240868175
624845210
434020975
249355618
301673437
2373445633
247249773
435314638
184325555
27879706
1872697254
1712710657
345345845
331840454
394134786
1457723227
283711876
341034950
831601044
288816503
246280455
232919983
120452733
581211111
347971463
211685069
433804340
2205826026
2471490511
497822193
239835816
514886372
1698859028
2238839386
1539515707
334156961
982312118
63818960
2897440924
2375367847
2878059675
78012184
222727118
587617445
1591924178
3128402230
7789342
1153560230
931653272
853899674
1338830988
914706662
1903354392
2876706946
2865344381
2500117117
2833719809
755902172
304853525
2923498516
2527613628
2895744179
2310367368
2721631540
132861014
2870589671
617222696
317630241
725976373
952114284
77695337
1055771154
298067087
23188589
15691501
386724524
2328821980
112704416
588621625
76890704
1352178210
273952864
223537693
897318943
277399699
1081504680
118002922
446297840
134517908
1185760038
2985813195
2264308436
622592203
2172715872
32344859
110381344
1414803193
821482644
714336684
2558965318
3058993875
3059535530
325052527
34933599
307393284
860110531
486006076
598097576
1618032422
1009571863
812671956
17681039
1099579855
416406235
3248323103
323315177
48667272
1524479401
2547600008
311795739
228206784
833548364
49269819
3110769851
416495027
293338829
22334183
2570722760
3153583268
37023136
361195674
3182178367
2412995456
163582516
362035439
3168407118
545746187
2162112522
619374235
344769803
201802714
2830453067
339500125
1768198422
118033130
3361417295
495258987
109256570
3309864789
1370571079
2544232974
756927276
617346127
2898639837
83746108
2990959372
100840734
20434591
3292692357
2880927705
394724663
529639367
19210640
3147908489
861996756
3080573993
2904059452
42091611
21940170
2459613282
177923362
3064427368
2845661938
587830869
411407002
2439984155
712305492
135955994
407652609
1456938535
3063893710
1672576194
413283263
1341840876
3578524401
3145453651
3153734138
895615100
76733225
2181929081
364341130
2545729308
295238173
2428853005
108752802
828847550
130757089
2227338603
247675094
517392967
173898302
1523219580
459551209
3249394764
3227204152
50986418
209979353
3196598100
15505689
3431751513
15863055
3252243813
3410801477
379680715
262639621
2286053694
2775713345
3234670263
751870038
3238573108
1227812124
2180964463
98744163
1133313548
2916615305
103847453
3314800830
3501394456
2583935514
459252176
372883350
304076250
865898168
239544507
236111433
64703441
520257153
524753979
632298945
31228991
425236183
299698147
386285630
184134637
2168682553
20477352
277462471
568922030
407594572
222905226
559358228
432651923
860033648
307575716
366508247
279723615
763524751
223846599
31840065
226735842
923846101
320405972
628330716
576662176
940101133
610296157
85569621
398944069
1069045692
2266105358
78704561
2419984327
1621220348
115682794
19539314
815951162
45747471
559890112
274052366
349090516
52462075
1071249589
223805902
417819345
1233761149
1227699235
1392071294
1410810474
554635874
174666250
161299018
108275802
1871483298
58433945
3030646629
3365964147
404809306
173651312
557197896
548781477
1595355746
1680196532
436092328
1080596599
346532435
1873274353
1105988366
525573169
248644145
889561254
318043183
344696808
718022628
537443307
1087014577
3375457666
3396935417
842029591
3431106329
3413642579
3415504175
37787129
19491657
3286866859
21009193
30357579
979402656
34000178
12874852
18806575
1687428769
3425762272
68119671
72280227
2226992851
168708565
33693285
61608747
21600530
2981291687
25253084
2777106183
478042067
24989630
2460216512
116909103
3187679997
1375962404
207392880
888661033
50747606
3190942488
3306547959
40798442
167760471
1489923278
1496543526
19478383
47336979
323281282
487249114
69681766
871983534
625402625
47515211
3360754625
91685435
42208855
3297721913
3252687094
9818032
1484734454
601069051
38023782
478157338
2222852166
435498663
2385864392
1634741496
454323743
565103969
2526366530
2695968919
52556452
23049758
558046950
19790013
2254643176
14563871
1826165160
470092654
218186824
28125827
130628104
42115633
2492587860
1070662735
797502427
2580749233
445580563
2300308176
607324816
1659398437
1273991912
2192851036
2181885922
2273381795
348769496
193772073
46499710
2464565410
2298535206
612452979
425306269
527716068
2283714816
1246318820
1056479378
463947657
2253377497
2501162119
587755891
2282816282
278990868
1222392216
965021287
335921382
1205222424
402982249
2714979663
2345580524
395954340
136907361
1250999582
2210884567
21535166
464206700
2246985097
2997981299
221848023
317871841
2839871341
348667570
3172727712
2584271502
406502953
21632854
2885956384
3243750983
2790156253
53689588
1427443586
75885864
113422725
25373595
16194080
14104770
262749118
2574259611
2916969756
66703604
263918540
2220283584
3130731453
197846545
788368039
2188394888
227845892
20267632
2942150644
2257670173
346836110
53335945
26941928
148055679
316432683
2898125850
2962301373
3074655225
912647485
2364562272
1319871631
115827236
31584197
2365377655
435399784
55196821
2730875151
1042999866
2161450498
1709568037
160008215
281189077
273588630
849059544
221106871
2848499289
1446290874
2868850732
3370937055
2776780532
58525147
351471307
49574810
50144589
56293707
3243948716
313180903
138634629
3240138317
66744054
3336788213
2943402326
53589899
1416858218
2179719390
2327577638
111698159
3008782196
630669007
3339768503
1688131640
2464319023
38651902
45774895
37391190
1566959814
1456140842
385625684
98330801
821785831
85008170
109237155
2944996509
2567200849
287937466
287316937
58578131
466543819
93892137
2344369580
35099519
2513067764
124829064
1505991402
115132643
379383149
2868779870
92638580
2510748433
233635961
2795845082
471604117
2478195899
436795156
554672576
62458570
116038771
280924536
2715091775
619010159
943378549
397115621
2338461644
2502095850
108564808
1310384203
1966829856
268633140
2559894702
1395709063
3233024733
3007434409
2899131464
569945064
2225039138
1586770008
494472083
269873993
3314661497
804194672
187893930
33706237
134700704
65998845
380109984
1546227708
3060323998
378305203
356761133
44333717
2173181872
1292206430
947814734
216795572
16630622
846346764
2744280377
2272217958
2798391355
339259803
1722717812
274477281
3012807417
360741160
3040603131
3058816600
924782179
388720105
2783614861
2783595056
3011539269
2742736213
2998772558
1241987934
15120121
568724958
1851810806
359587383
1125371749
2256764574
2966021177
3065937695
42577541
2168572334
408468779
2580263065
49926325
3128349444
3338553021
3081987405
303808985
3253308887
220998548
2342469860
18616085
368998377
2975425600
2376519258
3301699120
2783545616
1489881006
2910669764
612013931
2910691249
2893092952
2898316561
1974427051
2172653504
2388063445
469637209
966625340
97487983
2276563854
17063414
3002127766
2859570759
740948426
160047813
1089643765
111384911
108838948
15932734
45105778
210471020
10550422
334058545
20271943
436800849
967114034
456726486
187645130
3292019283
173885882
47714847
548845715
8658682
169997085
481107799
1121828912
127715132
15491321
2958296033
198480003
16151935
320873824
3324770512
328160187
303984922
902251363
33883128
435111625
1369164380
195723011
762487939
357356688
279077923
457134659
473644414
350757083
588559501
887395921
2801999659
1865940403
1863083294
2783612581
2901796839
2571219640
3080532999
25219781
139960419
299946589
978359006
438064091
2841214245
2995866097
2388064016
2834993650
536996706
313755690
40776421
2832209861
2289883842
2418518570
3291436547
131472597
597996609
2511554060
232342189
3123486527
19684844
3096140654
2343651168
2340675030
910351718
1219574552
397440373
493609953
2898229218
1121743712
2874834891
151079975
3239563269
2835980975
2958309957
199276124
29230762
961940245
2958127882
2901974837
492537066
1354264386
140579152
414780691
1326732672
51805224
869727612
567556235
905638056
1835158958
945479155
331762742
335345298
20053633
1154919025
90887001
151893666
2303474395
2456223144
206387466
16548435
2482824535
184477052
182104983
423268029
458823291
206374477
296480256
418153749
2902150645
459161511
140427824
75400580
2900674435
2586621749
368978335
157708554
2796517554
838429512
468152158
1353834122
329180263
453728984
3169999012
1593747811
446506935
2267731535
25007589
231497809
2936789153
550443977
1252410091
188498421
90158638
2507067248
501692762
3106056645
310235781
216299589
170404126
1638489626
20270658
608469433
165808050
536656464
71226396
58569413
3011766046
615927039
187476053
311476854
78706788
2772446332
2743301410
70104645
2322785234
2319622034
2396698950
542237726
2806938714
45931083
1702148870
192937458
37531802
57497901
2268755163
141209349
2502911436
3253340320
2910685183
114301117
22553892
3013336227
472130412
153975469
260175682
246866759
44364948
411613943
3152654915
292778552
1138759182
2232916381
226662318
561674923
1124779255
2918357450
180485283
444240428
999656748
283305169
141293475
32351995
7880822
16050296
81249071
210193810
2325767473
472801625
239779522
2260732675
2361413834
2798517352
2433660428
3062047732
3221436442
32135630
40736486
994293373
1887590629
83879550
1918697988
1498388114
14486811
401563492
3246996670
146714531
3023691432
1543437272
2980356256
2942730366
474463923
21214705
528411789
600996392
206268515
1374859530
215965224
553109090
431668804
38935543
590916393
35120520
11780982
2494355792
837389036
1909285657
3064933727
328990309
81126713
1571128478
2902168621
2902030526
3568411
2902046294
2902167817
741788137
2902062601
2902135220
2902162645
2902156208
2902033922
330509973
2893061231
2378973386
30634283
14003142
172635054
143516592
2920292435
872423437
579813780
2916133982
18185124
50677180
259649352
427958206
1163980273
2889202758
1187549736
39651447
319246523
3233131619
2971298278
97073640
150168477
2894129039
2532360042
2351152392
256628776
2393149859
2282228653
1323385615
91968006
2295904780
103040470
2513707772
99177591
2786163394
2337185496
2924812959
292834496
3028232525
2168591708
1656690139
2433114481
19512908
305277457
356786693
2916148626
8768012
461170845
552005607
387181116
19887850
60105292
19427242
2902106028
128918339
2431583503
2478893108
2902176931
2918312640
19713521
54211951
347859177
356786088
16696145
36321509
53040257
26600283
72516094
51198676
1018278930
3098321088
3104857185
2872545449
2870888807
2882647569
2937356356
2915881367
2930802118
2914009158
37035962
369693529
65036637
336463317
70917584
253663760
211800056
2152098571
91942071
2587680230
491076967
215422487
98652493
28449328
459287737
291181785
63755729
84689396
491230577
40604510
32990014
73858032
333383127
581007973
166246775
494028756
549950978
729257312
2325442002
2162451683
3074941626
173167923
610176107
16493868
19927676
2846989390
3071296143
1580466104
55768599
31468393
488381487
393365897
411009214
373543731
398617164
732669938
486640532
547114903
6764672
481184746
94594807
470289819
392626625
400087398
395147130
739126165
82987082
250083741
265981090
332804528
46590428
158764525
270323164
707515776
440319500
486212261
199805436
398723308
588478197
1640814938
1684626314
20674137
2759157810
2823746510
1088861148
2151186774
2976109419
16392208
79978739
569124713
581878152
302105720
498097949
80275299
441664559
494318242
107553730
274987600
341202717
23118150
2881639677
1489740883
234304384
552299133
2463171847
1338707593
16814500
164481726
281000738
443945529
102482883
1014844699
115035926
718385966
262803079
1023020070
467330923
246689724
236305865
334175720
16261638
1145027772
147737857
144350248
2901983853
506540846
2175064032
882002382
404780488
221376791
76326322
1228789946
966504636
613679845
1101457884
33846442
842192785
1110914918
863028595
510607946
73725383
125723556
273686724
487304729
594065714
1154585028
1250848208
51841239
1124771694
343040833
1009767636
493613328
964991832
1227460874
471753611
1111031622
107817678
3131027752
2692602726
2173175715
2831551551
2726523398
2707491956
24636191
599471121
415775399
29130296
419468534
328619489
203073830
1264159202
367726274
466619106
1301203118
181125374
634549109
48459928
1906934713
210919190
344710354
1573472244
53017384
378261094
2231584778
1191126878
416552146
321374653
300748706
837431131
572157338
152914555
3044937200
2192758383
2899543582
23008116
2512716055
3071753526
2884912787
76197686
821157625
878679769
43859903
2499202436
279314673
1365524108
87158640
39286260
2423933077
246893254
1347431924
537572939
481594698
297937479
2853618658
806080231
447109656
121084615
2931070877
3120775190
601119617
2210619493
2651067600
2734375305
2891381368
2215840062
2899616577
2874861269
18122984
2945738207
2377396508
1346845226
3050734409
2961044752
3084408405
3063996821
291850258
1731706195
2526769393
279440457
473512649
178671032
362939785
1692345876
317079008
366406586
390731066
1270030832
295602669
292819455
3063559103
1277903018
2391798420
2684976762
624107808
44820007
2885619617
159111501
2420024676
2382668761
44974748
195359738
1878762438
2838002775
2816259521
2912396808
2776321514
538743427
115072739
1964730391
2889338488
2869473782
3039981586
2230147480
2750568162
111693105
547537854
381606038
1005050718
1341959220
484037310
2990283615
215694165
315935675
464839672
56832362
194085052
2847646308
2309066868
1099568527
48343144
851316548
56067546
465886935
278711267
28567085
1104417110
738320034
508746076
194546756
582808812
228513949
245764284
389524877
344036996
2697704340
366606850
314047725
78993216
1644372110
467609621
2481576268
533364918
2738093010
32896052
19430780
38804737
2164557895
3021687172
3165832973
84425180
1004121390
2381210903
1941144361
58725584
1696615327
2273430594
2949169227
42604526
3092447957
2829862738
387284149
2196757692
175743717
130079738
2264879042
23434655
1573034486
601700381
468540653
41369046
111165159
63668688
305032704
544650080
490581965
322598338
430942073
349639248
116198288
245368584
130529025
196993788
86818818
100985284
1145931144
148883009
2794840331
619656876
84978636
37233478
17018005
3105489826
101756062
2186062965
352405236
200454974
32789366
1051878806
53829677
1530904945
30627024
2858722642
2407232898
14524485
2394085628
368458178
15882393
1941623911
2648145426
377481181
16248319
483195215
2567496834
172846897
612931307
250416435
1173548922
2611458349
122030129
986515242
2906876928
2791381123
269455352
1359040722
2789301609
2878533622
2971637417
2863938117
2305540106
15215455
270335734
136061981
71165327
2401903981
1632220008
47715877
40089348
25537232
1489703012
45843977
43421943
275118806
2178603763
2321048635
1713784454
92508828
136346386
570200255
1405184461
143160619
763929312
35767916
367725445
2350338367
485475104
261425178
493305402
211455950
211544178
461161931
194177351
43366135
85344665
113395740
386732811
519915522
538183169
484199694
2871335639
90777412
2321048810
2326226912
470755547
30249176
244214563
297601125
2520510344
383090817
617903804
105855893
548562625
467271257
18497168
561402554
2777768902
2829995662
3136727875
1118923255
1211995165
423761950
1622236184
488809653
473754896
33966173
2422445732
504408603
563995097
3032785347
351595951
2262780673
2389659978
382574018
460369195
276872948
2925160535
431066840
488738077
336086190
1411021964
279572826
565715677
945792566
1618946126
454836433
3027839695
409662461
343222217
17463671
1575290233
519340134
1152256016
1963233589
288795026
3092535213
2891491923
127641167
194250477
520649817
921407551
315258150
259962307
378266226
341593972
106852859
218650801
55150052
2881438210
324849649
18088469
2523317676
168591935
832435784
196512021
47921268
2811291910
1021179800
1966775588
203030946
554649638
19726292
552011021
1186209176
91529883
482178222
1043066148
877409702
2940460774
2398204219
107074602
2860364732
3051456284
2172283614
2702631574
707780780
2677002733
1158147517
98907785
1403524273
1001802456
499048829
198867121
273174268
1010723893
273307052
2478638178
1708211364
65285186
102513066
203995288
69335474
1604719759
1712861857
2395079498
708737588
923568420
401579793
319811320
92950184
997609404
483017899
400553737
263643124
1244019943
2275056332
294887204
396883113
349790853
2358446726
2514709057
2894922343
403878748
2171465100
2868402552
1231534597
537394081
1379266118
3064824639
2929258630
108407714
2276681534
463633538
1392658986
442866613
426675512
2613257654
1386703112
396659246
621369574
2990601891
2341491956
2969469369
1970699340
2578240705
396843880
51627714
72056239
2301558192
132240517
3115402972
67098638
3023377551
173123703
461164941
1660010720
1544211961
171622633
2936839077
1878849960
3092941355
870382879
1187087490
325358826
822294354
41946350
266218005
3084012718
2890766751
1652593436
194316200
2834221130
507887053
1029604470
515881558
2563734218
338155098
1958569866
2967780257
2374149744
2820242688
619102273
230336496
308960563
288303766
1200448164
1702120878
197549039
1427897443
604806593
448319510
2558733800
2875052947
2760460355
1328750544
461250916
2360002046
38976017
15838770
80613592
334680099
518344152
2789077690
1867382731
2846409211
1459919875
164619546
180949508
1219468106
1559007018
2982406564
201208124
461981261
2833000920
17070787
2412724855
1660215691
2298307560
1131026414
3025488814
3017452552
480501159
3072479805
843980930
20897273
3085043254
960301418
2355193287
2331049785
1463362118
3077224768
1516207584
26735842
3030233626
451541121
1978552554
2219484504
596524969
2149142084
221190401
1115315162
23000618
2593865262
619401457
413764708
1857150402
2790600900
3068131936
2970632751
537504474
555116944
333070941
1347654240
2354840922
471452201
233518198
299571145
22895239
519965218
753890690
2228972899
26162094
2351850169
55133268
83453602
1142938262
1022420156
2427086570
402063567
48473299
1694425855
2347810068
12717572
85839688
2572404946
2477224458
519853475
1069755114
1630119186
117856199
2832431415
3056652819
48278490
1608384996
365003588
1270291022
2804060912
100784901
2178307196
2946598625
49577172
1628735084
2916278080
759411782
467500099
323356446
235140283
348331965
575300641
2748832346
755977544
1216303730
367897988
516405774
1009610688
2517389250
1212364328
1858530758
34950565
594625237
2990691381
2995768947
1688958906
470603529
486655087
1475571540
49081015
3066085432
2438789972
3018297057
3065353835
3039086303
2220885181
34446512
46288579
1045540088
420641931
495423959
544519341
353522213
2856019636
2920118459
1234299980
349842858
440261346
65294300
505848890
1100964199
955739761
2718907979
2290872542
2249813383
2887757474
2283405374
504404813
163628467
287847415
2785845345
820205892
312248820
2925161549
370709339
1629980072
489246272
292968279
495388234
3050652772
550024279
14650395
18968192
16585184
3030112031
1225680979
1404291386
1076923574
231505530
2965826625
2539058847
1421340528
2310127452
1480430096
967635494
383223111
2698185847
1962422936
157257876
26463399
2258262637
2701213939
3065735998
3060161813
3010063243
572652884
150335634
284448543
114389648
1374721070
484612618
2730152283
360195844
2851261162
2775711141
418739631
1490493582
538817098
2257774153
744840216
179230152
2937523297
237682259
1240739065
60924007
97098793
164850753
2976787475
3030049762
2873376906
1969630836
120093200
263192837
2345597400
389263463
25155400
563281155
2437662536
499763872
2251257367
71330454
2917972980
2516072779
55013186
137213605
1329438223
22411342
164386441
241260517
1114722408
2955593368
3014219975
236100802
20515090
157990554
331916710
2877917085
1430864576
798808158
62554155
317378810
2427292572
889421336
620524782
849284143
1113647233
784680300
869568583
2835064029
2375957839
2556358842
255981889
633778983
782397871
1071521083
2233571034
158125269
3033943318
1362649231
209540314
2353265988
517890036
276180236
2941289369
2610771553
2398817299
2226777301
2171644664
2849788275
104448680
490799579
476663343
396099751
3053693639
893834852
2810859493
967817432
1493577738
272565597
2254684027
2425392752
582373850
2218346383
2425174708
188918086
2868162128
1277468696
290568938
2764985470
2877914969
2755122054
1966330285
2279283704
54913562
512058228
254192443
1087564526
1134232939
203725161
15003605
1107888584
1908211298
2320507177
1643909461
2841531891
40659880
2203547983
2751728485
2757541958
1134687812
1965398622
93244451
1033678040
2168121631
458571820
2291428702
3012127612
1209889872
282998322
2641275490
2986104645
219121881
575638315
420635561
2721854347
617561466
16744558
2535578116
2939634257
454307591
1322442078
275247908
2908709931
2419329427
2823224375
30273463
235957600
323604133
780401586
2726604516
603080741
78387284
799724166
1455188384
1040818812
2772588316
1497693384
227679767
1518643190
1861805527
2700288348
1142169781
425201602
508081252
2568666736
2790170647
888279181
2811509225
404267485
597662084
2826379807
980498850
389523202
90379747
2885630207
82282472
180943653
1230271141
283680579
283483026
629787495
502169252
182844414
541651660
190632775
2344251522
2494310004
814968864
2443823527
47775007
2333017830
223245695
1899824598
97436014
2588288832
218132338
330367492
238050832
2183259511
1671096962
2891984812
27024936
787759500
260211205
12397052
2259998574
2990336764
