450745531
421097476
11158702
16242621
92639085
148362357
158110581
516159212
365488642
105993798
78608473
87399086
16629058
61425040
53760390
734792040
127092386
35125323
42933454
32561707
17394024
45480610
31503631
26254474
297453515
13260422
24176295
82026018
307891068
617782858
617620705
615843425
615664721
615162535
614354426
614127225
613538217
613443195
612078609
611918783
611907088
611710427
611530014
610878160
610221559
610140647
609247754
607759086
607724315
607667877
607598221
607220819
606460531
605871805
605541946
605465768
605247437
605227547
604772054
604751961
604252944
603887857
603817947
603249375
603129338
602993566
602417087
601629962
601225689
601178321
600729006
600460687
600228394
599762946
599456116
598832432
598391797
597267392
596640776
595533780
595355600
595085818
594887890
594803045
594160491
594012234
593939715
593334040
593284963
592251928
591623268
591114033
590433730
589440128
588672761
588660872
588610340
587892511
587607766
587113479
586894345
586810000
586642568
584132562
584016075
583720678
583344019
583241941
582197943
581710835
581215299
581057436
580928975
580720117
580441043
580175227
580069476
579024945
578347042
577200475
576558659
574873131
574784404
574678550
574323024
573516549
573266417
573060565
572160341
448728082
572157338
572129589
572008155
571420044
571109117
570396073
570380199
570177701
569901657
569632498
569602064
569090745
568679268
568475620
568272183
568209394
568201738
568032922
566636005
565871377
565201077
564785455
564303790
563574303
563569591
562940200
562179331
561465292
560533851
560368063
560035327
559008735
558537531
558334886
558208169
557388198
556229125
555353022
555331089
555207245
554487897
554133789
553915185
553804583
553694574
553199185
553024095
552791610
552765707
552381456
552223645
552172835
552080664
551344179
551304493
551163089
551072980
550634465
550379869
549647588
549594498
548491499
548069922
547448289
547101114
546878724
546427807
546418557
546359022
545543916
544599546
543902806
542913162
542237726
541958701
541006480
540429118
540216101
540208425
539590318
539343599
539292543
539177346
538963418
538865389
538785862
538352739
538302619
537850482
537831058
537756961
537629629
537054272
536742193
535101142
534331141
532768594
532335245
532285060
531806071
531716465
531322068
529763534
529548819
529229925
528896109
528823528
528029174
527879928
527281446
525960060
525932906
525827082
525809594
525630064
525501901
525379529
525358558
525253401
524864199
522327525
521926788
521784036
520938512
520318741
520091213
518962623
518866312
518779295
518395153
517911097
516889330
515024150
514947146
513310390
513236793
512604924
512081197
512049834
509303927
509060571
507940738
507881268
506703223
506374508
505664533
505579039
504214356
503753939
503621935
502566206
502349893
502132189
502094184
501456423
501178941
500970195
500330093
500165564
500008019
497928028
497495168
494576934
494436570
494133844
493276806
492146500
491044483
490975556
489637233
487448993
486824465
484952304
483841336
483251984
483165328
479758700
478838308
478773918
478321840
477410739
476110720
475202768
475168441
475153195
474116373
473676259
473413980
473276096
473184273
472250409
472150819
469661725
467089371
466090255
465385565
463355391
463026669
462409092
461701169
460986429
460680199
460005792
459117053
457836769
457579776
456087860
456087492
454931660
453384470
452070040
451754293
450438759
448203290
443283019
442076017
441864858
441371203
439598469
438098755
437461611
437197060
435094988
434826114
433084026
428400011
425141257
424326821
424076019
422966156
422623100
420805877
419729719
418423461
417182357
415728346
415699842
415304375
415144359
414097657
413539338
412403655
408329366
407141498
405907441
405826581
404443217
404138373
402789063
401804879
401410382
401211631
400449612
397523842
395719320
395654986
395028491
394107271
393101091
393059061
389731426
386788021
385625684
385125725
384672953
383387420
382828930
382826406
381942187
380073036
378658663
378652636
378388796
377029968
376993335
375950068
374922594
374691076
374381691
373928756
373690075
372543854
371171817
369909386
369723057
368229884
23700129
236928181
367971249
366875186
366733708
366352568
365294845
364962406
364571351
364360529
364211125
361859989
358346082
357840387
357818852
357766027
354582942
354507431
352701082
351769493
350988757
350984901
350000356
348489558
348457599
347976255
346762328
346684393
344690085
343720995
342914487
340902093
340805470
340552064
339890076
339875473
339740909
339691311
339465480
339076717
337963955
337612012
337581875
336075069
336058880
335745982
334696195
334343770
331467423
331242111
331132813
330509973
330020207
329968371
329963644
329730798
329628740
329415419
328990309
328673299
327516785
327048905
327025474
325834153
325033894
324122000
323478689
322970093
321322551
320678781
320623714
318187028
317871841
317606559
316847895
315230421
314618031
314174259
313610716
313199716
312618312
311603737
310715992
309939051
309844238
308977117
307154654
305877754
305578753
304869950
304755663
302014859
300360840
300024609
299900985
299060781
298863072
298300934
297497416
297271510
297054554
295670747
295583963
293040120
291941733
291020135
287427858
287277133
286691596
286663419
285973030
285722124
284851303
284638962
283660297
283301071
283284432
282008751
281931156
281757935
280745235
280480319
280268772
279019008
278718378
274946701
274053741
273991110
273514824
272572799
272020464
271073176
271007518
269719712
268360756
268208054
267721016
267635200
267225946
265668224
263265230
261792717
261754866
261151286
261038719
260944087
260323651
260302021
259844356
259534256
259288977
257212542
255915801
252448338
252364529
248870405
248762692
247744426
247516469
245270949
244750301
244236797
242444728
241416220
240943344
240005520
239480805
238762676
238623779
237542535
235749138
232712831
231295638
231273638
230826096
229651582
228166349
227699493
225913323
223941023
223453942
221707278
221164924
220135875
219496700
219426753
219279638
219031924
218119418
217612576
216326084
215803548
215530821
215027062
214528184
213531690
213422847
212434400
212323439
212308724
212219963
211679043
211131216
210009710
206358757
204786099
204270341
202231939
202013740
199317006
198736796
196377526
195833737
195158971
195092201
194995490
193968239
193747764
193512516
193460192
192446189
190649207
189523967
189408686
188504956
187796215
346254457
185659678
185392431
183799614
183074979
179572518
177644273
176575562
175828284
175264313
174690750
173762954
172397445
172087210
171925822
170810686
170475746
169380863
167517450
165016806
164109908
163239646
161071386
158991355
158079984
157972164
157210624
156628392
154894357
153801856
153469502
150430393
146123423
145873523
145592392
144547217
144503423
143669619
142816337
142669623
142573659
142322165
142152672
141685997
141431449
140503469
140253522
140191125
137097842
136255785
135702449
133957334
133780263
133769431
132916960
132614346
131604199
130548108
129175072
128799269
128288276
127773540
127772584
127678880
126327063
124241493
123694443
123648028
123598320
122668948
122109617
121295408
121234981
119842194
119175403
118885276
118884095
118257751
117879116
115827236
115707079
115523065
115024558
114767571
114682015
114331454
425962656
113593801
113422725
113416805
113320794
111999526
111966379
111832673
110583853
110541401
109790376
109294547
108418572
107554843
106835731
106834295
106806529
106318760
105948922
105761199
105669501
105594544
104337086
104191265
103912117
103144398
102843569
102758414
102721587
102495312
102365954
101552111
101363906
101233259
100927079
100818788
100726816
97378390
97340211
97111360
96863903
96617636
96523871
96307231
95943762
95095759
94607005
94341090
93949532
93780826
92638580
92628011
92533644
91474307
90912786
90776145
90333649
90309379
89960822
89277004
88394635
87526624
87304410
87113558
86971409
86766771
86566468
85495832
85021241
84652418
84505095
84273114
82925541
82487336
80955882
80380402
80151950
80098258
79299463
78929578
77777677
77460986
76808408
74590438
72171272
72130995
71555882
71464554
71367100
71341002
71242254
70741721
70508439
69335411
69080516
69076257
69033239
68808568
68587568
67815565
66396884
66113544
65608435
64466020
64366820
64269720
63983691
63909887
62407070
62348901
62140663
61883780
61639250
61470609
61319178
61278072
61243585
61095768
61016190
61009614
60229149
59146592
59003175
58886119
58866657
57086237
56910355
502364978
56496410
56280847
55601939
55461889
55434962
55426341
55267464
54874024
53593548
53552319
53462166
53057326
52911590
52336599
52232182
51678226
51672998
51194864
50174923
49658934
49616509
49508564
49492914
49243712
49119914
48921258
47997801
47964130
47537696
47336979
47232875
46946560
46879120
46856133
46816086
46117928
45622824
45494673
45450902
45424276
45285656
45048035
45037735
44716518
44693164
44676122
44655993
44257343
44135635
43918058
42844473
42209444
42091611
41947564
41413814
40799426
40485903
40204171
40071977
39579137
39030150
38890018
38857117
38795821
38607586
38593373
38521466
38122727
38016553
37534534
37486037
37309616
36891169
36505379
36032320
36008885
35722285
35702257
35145862
35120520
35116070
35071428
35036166
34717352
34650943
34403107
34092962
34061756
34056363
33976865
33945090
33921143
33627421
33621470
33540668
33527085
33260959
33136232
32836548
32744322
32673296
32591999
32572272
32524166
32368360
32163475
31652309
31502933
31484977
31199865
31190687
31045371
30929529
30871594
30832087
30570613
30467078
29760649
29384627
29321659
29243369
28918971
28718156
28201422
28123856
28122204
28083746
28075229
26211291
25975057
25874451
25680785
25639323
25578034
25537232
25516651
25443237
25333353
25312899
25289271
25260986
24753462
24544802
24501250
24256596
24179708
27903560
27787094
27783848
27768522
27671624
27647346
27433174
27188645
27017188
26870971
26691118
23921022
23812541
23731756
23648764
23629364
23402755
23335196
23334906
23255247
23205346
23047932
23036238
22981545
22643800
22577042
22525677
22445303
22411342
22179098
22149539
21855687
21819444
21717987
21710454
21659631
21591143
21440866
21379853
20661527
20640337
20633472
20487161
20458567
20434396
20391375
20341998
20290414
20022452
19920565
19891390
19824536
19774114
19754314
19732334
19686446
19630226
19604620
19597166
19552126
19509639
19453673
19227800
19197601
19180653
19001998
18816552
18815657
18810387
18786901
18775482
18637420
18626367
18606538
18557885
18519323
18496265
18449267
18424799
18405468
18358302
18343237
18333082
18296328
18282606
18203844
18176907
18164805
18042579
18014088
18001523
17955950
17857089
17856375
17853330
17826819
17539045
17520649
17490416
17471638
17431458
17411411
17395995
17331590
17330555
17313396
17301437
17264823
17188950
17175007
17131932
17116782
17095138
17078029
17069700
17055715
17041360
16998436
16961943
16894059
16798574
16753226
16744266
16676921
16672662
16565151
16563445
16561923
16489220
16447755
16439301
16438759
16417402
16379549
16318971
16187942
16070329
16050296
15943791
15841538
15750919
15726358
15726264
15681980
15652094
15501305
15476482
15471560
15252137
15209424
15185779
15113155
15089160
15081182
15063486
14895305
14870085
14866087
14837928
14801984
14761953
14736906
14640587
14448726
14394709
14378348
14136886
14130020
14129136
14124631
14119238
14092569
14078147
14019992
13948982
13750702
13736942
12723182
11294522
9803572
9272862
7458942
5644772
3801141
1359561
785595
2852231533
2785319177
2612067552
2610005461
2600500692
2416270058
2405222192
1292269562
1086681920
1072656859
938657858
904959001
873218868
823734799
540415513
528791255
520427801
437687889
372398054
372206562
359410327
347849899
325951271
298572803
294784306
274643893
269506303
258921468
237914916
207314267
190561677
187611176
184652539
131978506
121600436
118432647
117517532
105130748
83680980
81399548
70748221
63953256
185718673
50305913
38805018
38274165
35458337
31327569
29538893
27151701
25893922
22777169
22768293
18768837
18421551
17420934
17189774
16706344
377757623
15951345
15305165
14986716
14344361
12359712
9865542
7198302
811073
2695605719
2660895862
2650834069
2632222805
2627842178
2613269257
2605689258
2604244238
2600369162
2597404645
2594796799
2592117170
2591671484
2588132006
2581968487
2581391365
2578830984
2577175568
2575746451
2572110524
2567919685
2565556206
2558407243
2555276340
2547826328
2546789920
2544092696
2541186980
2540054905
2538419287
2534272675
2533454539
2530302230
2525149508
2523725858
2512976850
2492258700
2492209701
2485811094
2482911169
2479898120
2475506996
2467762471
2462721572
2462462756
2459040690
2455621620
2453626531
2453102671
2453064582
2450659316
2441935580
2440466804
2438849413
2437222940
2432802854
2424675859
2423983362
2420704812
2418948547
2417575760
2413312986
2413219051
2410920300
2410057062
2409607964
2408736559
2397515000
2396963676
2393817905
2389719242
2389553144
2385467185
2384787996
2383505996
2383254008
2383202185
2378082185
2375548362
2374903776
2374090195
2373769770
2371200032
2371009634
2366367379
2365408057
2364996882
1367501378
2364901363
2364419762
2363303312
2360595134
2358295308
2356049630
2354054498
2352624614
2348856408
2347981460
2342019294
2340601591
2338322929
2337769562
2337332654
2333739822
2333722148
2333458440
2331148342
2331077912
2327723748
2327569051
2325542810
2320623952
2319226051
2316983701
2313922076
2305527684
2305206199
2304496051
2303750858
2303305584
2293423723
2285741929
2284780736
2284555634
2281397322
2280998408
2279147596
2279116988
2279061590
2278156356
2276448362
2276433151
2275184348
2274282468
2274267307
2274170257
2271919034
2270617201
2269270796
2267623097
2256822162
2255748000
2255285598
2252755741
2251693910
2249815532
2247640669
2247395196
2246295338
2238274909
2238239246
2235329689
2233538694
2231745602
2231455812
2230771808
2224109166
2221981490
2216740807
2213576427
2210436920
2209318446
2204995160
2202796895
2201886722
2201753672
2200477018
2200055863
2199829512
2198442878
2196020683
2193780433
2189564845
2183336413
2182809492
2182618920
2182482565
2181696390
2179251619
2176975525
2176866854
2174567323
2173468272
2172522218
2170897177
2170355731
2168324624
2165223334
2165167910
544257856
2161624284
2157417348
2155451028
2150579376
2150229756
2149058576
1979071831
1976443356
1972237452
1969650332
1969078878
1968259794
1967868690
1967357010
1965482448
1964800470
1963256767
1961229607
1957635380
1956032984
1954518414
1951440156
1950307711
1949940950
1947240842
1944445230
1944177338
1941993446
1935142494
1923476576
1919289546
1918012206
1917494298
1911623192
1907014303
1902271412
1900859029
1900185884
1899314857
1898771564
1895874626
1895565758
1895001812
1893394914
1890509054
1888330183
1877451162
1873386590
1872809857
1871975262
1870023660
1864330657
1863565273
1863080587
1860932774
1859442721
1858467900
1858121822
1855969248
1855822638
1853824369
1853045419
1847526740
1748131832
1737404714
1733458248
1733223890
1730007091
1729840860
1726883250
1722293946
1720012250
1715928626
1713864350
1707601028
1699919864
1686561818
1686300397
1683895927
1682005717
1681733276
1678180351
1675773740
1668382344
1664209644
1663687578
1660653024
1651745263
1646519814
1646395124
1643992183
1643792678
1643274919
1638661795
1636439310
1634492808
1633262515
1633217330
1628790517
1628526025
1628505144
1628046708
1627845704
1622627646
1615185919
1613965290
1610858784
1607679049
1607212604
1603973324
1600983402
1593217760
1591018723
1583758652
1576599271
1575731102
1571333059
1569103231
1568922769
1567891873
1566045433
1561670066
1560946212
1560088974
1559121224
1547334392
1544723582
1543282608
1541961049
1539838921
1535151600
1534459230
1533840589
1532137670
1519720057
1518824478
1514233717
1509914209
1507584337
1506234187
1497382651
1492568125
1492465254
1491603504
1486351172
1485575334
1475247523
1465605000
1464177330
1463685667
1457756282
1449486150
1445523864
1444149817
1436146854
1433172728
1424706079
1424252257
1416085171
1415631860
1414510111
1414013821
1411536992
1403147035
1392898712
1388575908
1388379596
1383811460
1380668221
1375150830
1373283811
1370818087
1363153292
1357090476
1355255600
1354459003
1352996484
1350717565
1347859992
1343644628
1340655595
1340312484
1340216647
1337866477
1335368803
1329771756
1328284278
1327938469
1326860384
1326380138
1324414776
1321992595
1320881430
1317387667
1317314552
1315651195
1311926790
1308737377
1307946128
1301397690
1300402423
1300164128
1289496708
1287368287
1284834474
1281706356
1280297768
1275662162
1275340610
1273434164
1272031254
1270754556
1268594521
1265342192
1264243711
1260909590
1257645007
1255453502
1251229124
1250808678
1247935632
1244081659
1240025748
1236686252
1229611783
1227722214
1227262160
1225778246
1219969453
1218074119
1215470203
1213706269
1208629254
1206508063
1205966808
1205813359
1199405689
1195045592
1194934962
1185274052
1180668331
1180451462
1179579960
1162879230
1162011708
1160710921
1159335001
1159097994
1158640057
1154080052
1146102103
1145649241
1144086606
1143294043
1117655575
1115811980
1111585183
1101033146
1088841458
1077121992
1071902802
1071629592
1060697797
1058906574
1058901860
1058017772
1056331512
1050787094
1048735428
1045234284
1042023559
1040842494
1040000270
1038045582
1031878962
1024937551
1024168021
1022483190
1019341884
1015667190
1007559396
1007005248
995168185
993057313
992699574
989279834
988885226
987187945
985849464
985304580
981276384
977544793
976923020
976419601
970789752
959704172
959060456
956453593
951015314
949644649
935364630
926722638
922880966
920258714
919165556
914542579
906847321
906711672
901619090
898559516
889928707
888224418
887964602
882898152
879196201
875607493
875121524
866774522
864983995
864803305
864801181
862732380
861674430
861665102
860765576
855770864
855402486
851569728
851484758
850695774
846385550
844034762
840650498
832953991
832046808
829101536
827928680
825554520
816717715
815495712
810784572
809998878
809231918
807782370
805134350
799033886
798606613
796671211
791825953
790371481
789265339
778898904
778896241
774518738
766586244
764487164
737749381
734190288
733444830
727981987
726465614
726257840
721215278
720537517
713982009
713429132
712370244
710534353
708428538
706718153
705516817
703704186
702821178
701300156
634085868
627924123
627477627
624632450
622493838
620324558
620080469
619566654
619536073
619052470
619041443
618134181
616391194
614824197
612752680
612644405
610993252
602966399
602168623
600328323
597495833
596929383
595930427
595675573
591312648
584072687
582811678
582649983
580423154
579847535
577725958
575527833
574773244
574036977
572917736
572111302
569230841
567705325
567074766
566654426
563308802
563078515
561923323
561419515
558944042
558915482
557543689
555365642
551724000
549503110
548667556
546349233
544460012
543554575
542058062
539972917
539534727
538291970
534729206
533477986
532640367
529383842
526731136
526484590
522956870
522540775
522185148
520157319
516635928
515109243
511714594
506607935
505136293
495984723
495447198
492637934
491387917
491149565
489121334
488850361
485900281
484795394
483784350
483419803
483240248
482225773
476859923
476629129
475386832
474639909
473628132
472327729
472272166
468790146
468123154
462532749
459586225
457600392
451440120
450124983
448141665
447421329
445474384
445017357
444896155
443736787
442199196
438581972
436365283
436260090
435274093
435236988
434652158
434557641
432008963
431503395
431280247
430987461
430112848
427689456
427156503
419951563
417676990
414314861
410187814
409412925
408726173
408161692
407291449
406773334
405729703
404824657
403169412
402224004
401199109
400901754
395446072
393631890
392696986
390905408
388004071
387686062
387213260
387117228
387064983
385209858
383658745
382561375
382316785
381594347
374202623
372037643
370221673
370200744
369924144
368683354
368046128
366668369
359711946
356843740
356291000
356044518
355943465
352365196
347266896
346636695
345833190
345417116
342031929
338829521
337017099
334810804
334498983
332492679
328899284
328157771
35105526
327165827
326445572
326224385
325667174
325473638
322172309
321644944
320542165
319962159
317186835
316873227
316242535
313349433
312976303
312970829
310240310
309134034
308901780
305567707
302731548
300582679
300511943
298462281
297512115
296434543
296205017
295446385
293673565
293490229
292925805
286841248
284659597
283674132
282572905
280643522
278758636
277019540
277013779
275727724
275530419
275342624
274133058
273684677
273048348
268945841
267640327
267415974
262877455
261873352
259787538
257668606
255044125
254383724
254288795
253413886
253220963
250876081
248728207
246729342
245517322
241933703
241273289
241055925
240451540
239453611
238354604
236373752
236093074
233610215
229007905
227515550
223701723
223674470
221512096
216094124
212396306
209781938
209207745
208712280
207741450
205366781
204048200
199162535
198952727
196113724
191604017
190908305
189640034
189410252
188035626
186892679
184782939
184579500
184537992
182118984
182044412
180997285
161133359
154929891
153186934
153115722
151261536
149565109
149514576
148618307
147238228
140939384
140653800
138883315
136477735
134513525
133176231
132754381
132555838
129886742
128606878
128413625
128139953
125427415
124814085
124650302
124275996
120558623
120173368
119290499
115316911
114057910
112957926
112638046
110783262
106517453
104944845
104821261
102230250
100918828
100888103
100617433
98986981
97049714
94374175
94082969
93939917
93504913
89796314
89609660
88470639
87855828
87452018
87391660
87036993
86400616
86256982
86081180
85623731
84630279
84446745
83841005
82519458
82351799
81199656
79954771
79246168
78988473
76685566
76528701
76081309
75078473
73861934
73238762
72863495
72031979
71710370
71006974
70918169
68248267
67735959
66710413
66326808
64784576
62625838
60758905
60666629
60028852
57497901
57144136
57122323
56980475
56358295
55757643
54708035
53482062
51857306
48331500
48215905
47935216
47675692
47664722
47442079
47249684
47168507
46777797
46760351
46628291
45631769
45617349
45586289
45414782
44669807
44666880
44057124
43586336
43174116
41885692
41808765
41566008
41199564
41122562
40507467
40178724
39208713
38909524
38630992
38346934
37812266
37682411
37435889
36723029
36655207
36579063
36034609
35991327
35737334
35424487
35079642
33412394
32902411
32763999
32574354
32535748
32302076
32272733
31933866
31326447
30695703
24965947
30274656
30141200
30100775
30037600
30011458
29817305
29674344
29508800
28719822
28701906
28151959
27919541
27450438
27266075
26840513
26688109
26401466
26095060
24835623
24719097
24716475
24710632
24709178
24409243
24357823
24337650
23688803
23268391
23181999
22958562
22765398
22724484
22644099
22578825
22304110
22284338
22155756
22025022
21914948
21720201
21607950
21329859
21236620
21095718
21015494
20714906
20572895
20506888
20173094
19684844
19370651
19035275
19006542
18974743
18972562
18950829
18871906
18770723
18767337
18732222
18568006
18558933
18535081
18534690
18202342
18134136
17942852
15421702
17437942
17387173
17292924
17275659
17205063
16956352
16683385
16581876
16477106
16357333
16351346
16138127
15932625
15918415
15908702
15860252
15821796
15745159
15724165
15638966
15293352
15265956
15214719
15212801
15196988
15172905
14959858
14817309
14795841
14548994
14337106
14319646
14232678
14183883
14098862
10664862
10371692
10170982
6355602
3056391
2585841
103566330
104864623
20399700
218578044
21731889
573296878
251501948
168466910
377207363
23798980
28805233
401710943
465805225
387450674
27897429
166122204
105184487
384565167
23987478
152169376
302750596
145311818
31035688
15800975
80152044
384926233
230097752
21615761
258703139
126500895
385497796
64979721
171681132
30199904
391320112
169554186
30594332
130927883
308869256
16386611
154144753
212988914
153580418
241353059
377332801
266715890
41878388
231934949
394980266
341061987
52285831
14729794
395878650
228926789
245505590
317367486
392889020
33846442
68069698
125130314
317203452
33758910
290137652
88271726
114501575
68867220
22922751
20274925
223491198
32961229
339347991
224519671
14872161
96851482
340496060
247591519
96900208
74335722
39041028
19218592
286507173
19996087
243756897
277334813
304811867
232966858
51008323
302140715
319246523
31147717
38550646
80319880
86121977
351582644
37247149
111066705
70277539
17259406
169437336
194360885
168174149
167146046
197707446
139486809
110522912
23920779
106253021
35297327
156515107
146944801
77715537
222281159
188092633
105623556
1686594883
29640381
40720953
40874240
277067610
107812839
215672860
297189025
119773042
99996658
177333322
18645353
26118199
40587178
332984437
37393467
17365139
37624494
35306737
45436858
167760471
386698161
308997977
57967983
15064773
28596563
63405480
256313411
231023430
21166399
150195492
303462926
340367228
210337446
71076418
141377879
47464178
44113984
33424675
55929859
16466023
118436987
217961539
18230478
21525466
281623917
23973770
108690627
305116897
222635853
21645652
239738711
17360561
15383502
247047921
132639781
124955717
19051297
44868806
15113820
113424821
31919113
132156245
13374442
138902244
11102352
43826628
17251293
2392559929
777992706
116249922
271933973
18057430
22191895
176187989
41940890
213665856
85963192
202329080
221086956
151686344
35595347
164191337
14958778
18539995
18508095
18468331
18367578
18141862
18135587
17965834
17898759
57967465
28428838
17549396
17465444
17376453
17188651
16814879
16205710
30487162
348963601
178898739
21143337
327187045
69543289
58398293
73182412
16561400
16399326
16342450
16028018
15739622
15475578
15446520
15436563
15367397
15312199
15082919
14975951
14905019
14644736
14629337
14434769
14352967
14319917
14319081
14248033
13082222
12179722
2608161
54590639
26954221
150289299
226387404
76977764
226630202
162474424
172090711
22519674
38929993
329132572
54134536
52916729
44020430
310463361
318788616
114927459
187880987
225183759
52054846
260340277
273648660
29922821
17975975
267385662
272705700
255150790
82406587
137967134
274243111
58692797
319214512
317967764
236574242
31308114
17204767
229176827
143990562
85961226
78970126
30272113
51797498
31109373
41884242
74303803
245780048
237898246
92939766
26602951
58688218
22536169
28018672
5929042
239210940
45468943
147363023
296855158
196184447
259355657
294139572
89323061
103106691
35563232
75043348
57278595
159435149
17946857
161949463
18640381
14896511
43416254
214253906
293761684
241647635
66686900
182018276
87380301
30395456
27789999
28105575
31215774
117244302
93647586
34987620
85144671
47372363
17100310
81324180
31486939
49454129
65485763
243237935
43628431
14388641
38873847
34473267
30949408
77116613
20487357
15619045
243442654
126210492
52282329
183667695
16041027
41707195
21235403
34676195
56100515
79834781
21685836
290522906
189474615
229232400
31399634
64008841
27294534
23834147
262817882
75579386
209396337
147612577
273897180
30219038
298770249
203799659
55121922
184595048
148203617
20920537
159375097
16432299
139974630
274517122
297018747
283177805
55585805
15692428
287407796
272306864
84487763
18583564
487849009
23224970
191333389
246433797
234811270
10748492
108183135
708037099
1583422399
16425898
254173746
349162233
316042041
1289639701
23451953
338718925
1606341883
68342564
44209472
424004504
713497775
114863834
14469397
346133083
22544614
1084065636
156981013
259241880
90481945
2166975510
14839039
182300965
232342189
268775111
28601983
8273062
39170683
243872488
46479015
19013647
104311321
257532666
195122468
263406675
18249590
16456572
14447494
16025577
20022487
14136573
21716962
70135481
18339722
120723697
119984497
26605705
191938697
47025231
179939138
38925587
221101040
18712325
26366980
180941202
32944377
236953525
181703501
76042510
44060093
28688606
120590279
32712520
95569440
85617431
27813025
61894288
17654762
17237644
40280759
83225968
169022667
13206842
52256551
160930875
89036365
118886491
247081253
205072158
16052555
34478667
16733340
17205449
15990917
17298588
49944511
17258438
57806173
117852490
153794550
18644548
222637454
832121538
182888418
200280227
221108344
102784720
186019258
155389901
85884453
64739836
159340328
24719995
116470060
44521875
14847155
35891142
83234806
15988079
226227139
56675544
112479899
117854630
30019505
14401847
16501778
26679785
26226530
107437036
239835252
28918267
20792207
239857093
184831771
47427986
41582364
188056509
58046485
24648370
130040882
147346136
106804211
17988368
38190289
53770576
14315425
22260791
178232302
34595702
76030397
39956675
101573096
14960931
14951565
227762350
24978581
17730295
96577034
152723886
249029409
12014232
19181549
95256698
140801743
19141686
21437333
15611398
18487518
8068682
147591825
51018366
14103658
18062227
8821742
90722330
50551561
45411474
150267216
22556145
100524503
18721857
14873714
184627299
236432232
46159898
24078289
28700169
101094024
156519964
31281673
24223621
54629650
103796163
83701522
225298709
13992642
45654705
63232345
38712627
37787434
36977068
79715929
57232451
62605715
103476656
28142438
47334900
5683952
91734908
107377936
115408976
19682704
17339362
14756925
852861
18400488
16315743
25919258
16411847
68319975
61115458
15376537
198380384
25135739
18307491
46787956
141871365
16750887
173249495
156045376
22363371
149671146
24873183
38578312
17563445
197415414
88078856
31043468
22275442
22380908
13817822
198699773
85947328
21160065
83919094
17878154
14366942
7359842
30646551
88343577
18263331
19003863
31830665
163282212
19823668
15977854
13317092
14227402
26322120
63537892
25705373
18722739
27006794
15698349
15302201
27297301
19611220
122805006
77655395
19245816
62924274
44731596
31557552
147267523
163907170
219833349
20991011
19062548
21681054
34279876
18040353
59046922
77858043
177219288
22046617
26869302
51090709
16948695
49306082
46801044
60430503
242618658
18855102
158173309
107799957
70020543
109492030
95954245
163700876
39903561
217579743
92269594
14321825
14425453
159140375
156456337
97853987
146966381
143646858
34451645
26778595
23774262
92737494
15694204
112439292
24396264
97285304
22288614
18732231
125508222
214209960
74999429
14968179
19743196
138029673
19187122
15105054
15042812
166899499
37632685
110549753
26152663
169474742
157991087
155741634
131285305
71680962
155018612
29644388
87202838
218484652
69275090
210432174
20104553
171742053
18944136
194211563
95711214
217856984
98674918
16647761
24169993
23773868
14094821
14392269
19777843
86007969
106973196
14314011
85789543
35548042
75432767
53481903
91943914
147775741
16574990
24727410
14155179
20795269
87287023
24007731
28040404
18139635
45535457
20008552
39632599
72995878
148393922
2554741
35051658
121787086
21264686
73200421
20808933
20709117
16843988
35396272
18559445
215683551
148015223
16258256
15693174
19444162
18810041
23580800
17193357
155333394
47702014
178408230
156127915
35275095
351261314
43930789
18137013
402424119
33665914
20732140
162252203
141971844
76745868
19280846
14253806
130509263
38552379
19111484
28265072
16498848
178474215
19952512
29930506
125827086
98626008
96251074
103142017
116836873
102262751
84691209
84334568
1114762794
16438743
58341833
19042769
44171091
20469520
22210863
40745625
37866934
194176192
7396542
7999392
5846062
27841516
17546147
15358663
130130202
91191989
14808307
62336688
43232530
175198947
24401652
38743497
365156171
55942003
428547191
20489790
345341211
431263214
58529099
20187037
18860972
44217028
207160706
84724909
73574135
59228570
21044127
69018160
136330606
35807411
100818727
34528859
28741650
35224380
14328059
94721866
68194929
22507908
45588100
24343558
16634760
91525907
86836975
92989337
27402198
114391409
116071214
122596891
39756550
123040750
130822013
32591537
97149535
105263929
86868839
56440764
75115063
148879485
23444935
24794561
19850687
15991355
52200391
15473135
92391184
54866698
114253053
43314200
117066731
150470301
40592379
60446571
435096141
485666205
157059562
16296001
39158132
37468067
38976091
63195884
15807667
18946929
15516599
101221067
17217393
41586693
19158228
26590069
80840624
101826941
44671362
18239795
18168891
14617424
16174616
185334798
23246523
129885882
34776040
97130309
37389689
162691514
14135845
111123459
17507916
40039539
106098400
26763525
14587342
52876428
137798291
23338768
85297411
28782189
18294362
89034733
48173742
16975600
36366148
80764963
25965585
146512958
105946772
15697877
16547087
45821110
44832407
18122219
51845294
65940208
14327253
18079204
33280575
54095725
257853547
19083448
78465328
52379967
381222611
521753133
385006699
16853498
480057230
333112073
480811173
73762925
40018210
17614702
40742421
33059689
37213910
91299196
77173982
54042528
70430013
31716155
23378408
15871505
23363379
86112374
17995655
35114020
38484359
16468763
15628274
130221351
72859427
62666688
19828226
43475901
47901495
61477304
181269885
144412623
26730729
29775906
114290435
37401438
23921891
15532089
56298851
34751839
15208806
48170478
25908805
23815533
21124214
23075284
16261638
16126957
81189900
18070094
19089993
20183549
16130382
72604692
41209211
77725938
83625010
16297010
46398762
65391375
97111482
29285354
17083423
37525571
89238091
17587247
46031007
71107264
55991505
72577362
37150209
24459649
17030149
31675995
55360857
19278179
20495046
21876314
124674713
26392224
34863649
30527144
18161669
113056648
134251445
130112954
31096135
80713755
100862140
113784225
16734667
87615535
20537065
113474113
130920525
15552761
54576963
143009496
48612147
32848431
46199230
32450118
109993324
20897273
56299592
95106899
85939307
68386746
20618306
118917488
226183406
51473146
313917943
45767805
14910732
15953641
244024944
115909017
28601666
308155020
281522957
179562958
401064377
19434507
31179411
30487634
24051331
18049840
164372057
48008002
44830229
63290903
130934172
18326854
17091556
67277979
32435460
125178711
77615626
24671850
135243731
93969984
135506480
14484965
115902844
51776161
16152049
10845282
30084567
26547904
107828803
17078582
60468403
15851753
25907513
15984051
61349667
184440288
68783084
30288492
93666150
41758974
35142262
10261832
140454308
128601175
14652452
18369568
95926434
18270755
14792387
68410711
77550851
37968347
99932683
15797640
106945979
18833982
21080122
166627128
101185428
15975815
124562451
60060256
176434174
36514727
162506594
111189000
20073958
38355766
127550240
5901332
18301631
21496738
60680686
75541607
169608279
156702973
15126606
16623212
105627513
16450329
103316756
16327095
27702107
68198959
76407129
123688016
14440403
129156949
103391822
135348838
59786309
34613490
29355945
77537340
19020784
27924182
10293552
134380335
20276964
49098320
55687166
15623460
31005278
64010422
22599438
47697376
35784576
44085236
35823472
103950089
28837683
26350255
22321253
21357741
15506745
33771994
125005071
85830717
17818403
16327191
33939322
18188658
24688356
62972069
24747587
115753716
40482230
121288665
14428813
14048894
105455805
77158175
17271511
20397668
17880858
27150993
20215933
40094579
16950712
127759672
25694234
3558671
20303812
78123062
26747105
18040231
18754296
15868316
27366981
122466242
24389369
68426303
60351097
22480447
21661555
140060120
24603089
22974016
19405142
81725200
15496713
18432841
104160587
19557625
84994730
56470702
41546060
114600133
23895004
22176269
71414919
21759021
65517621
144878681
58966831
54428714
20174606
75612668
16795919
68442020
19106722
15503347
16648414
16292335
54229868
17927796
38670814
26028869
19266679
23424529
34844223
18633507
147930389
28040111
134600833
73013623
44244846
17174386
56080660
32320718
27029186
16060257
122038532
45845364
32365559
82385459
15707339
36880462
18693598
99841769
115516993
24589199
34901034
19068720
16282542
53765047
52778489
81452652
36564223
24780828
39047949
79583814
136286227
75717381
21566766
43659743
1162720652
21066651
47737341
121059257
18439804
147046548
16557667
40624417
15822191
49746356
17532498
18221506
73382126
16608462
14474730
32765709
17823454
27697718
84061021
19709812
77066290
122802205
17463160
78694413
18834603
71617159
40099011
35945930
21904404
29620256
14810783
34742219
60110252
86878273
17720561
46549707
40212561
62444275
18758802
34826262
50566675
20696335
21377591
596119422
15747743
28805749
66137053
22876236
33663178
16731001
81619592
28031609
71878597
18536597
15245565
98310683
32793294
110503082
26635577
18102660
25717463
46485640
71968369
33826019
34057913
53590352
105949711
52643030
16503460
29899648
104849810
35484772
316533711
52415954
25905323
43433925
19512273
49964679
48153050
27928942
71554731
29521470
21356435
41582548
53095932
38243896
107808260
30561781
49495048
22697871
62644971
18456220
14335514
15615814
42246203
69266063
27100594
41191785
46476526
27819185
18653668
1395756216
72565401
44824021
71507359
34140007
23211164
24365741
50029551
39325809
16268593
56644731
44509559
28329944
105714254
18247087
26298714
17920130
16315985
35767916
119857848
48824308
16032700
19511545
104600955
26327104
28768235
92702772
40380990
43964874
19920201
15965638
68294883
18022844
21926411
17313772
17468725
18573674
22155217
99834190
105660982
37877645
25169996
47217284
54769979
46503530
19043416
30375884
85182911
38683098
60699354
22483030
21722367
39427853
81994188
25245254
19830961
20414217
19632867
14625146
25123197
25102996
24533117
19877600
14382508
78460302
16691502
19600921
99771973
20369825
17156646
26066370
54107005
41476066
25543012
53720265
32965714
21993071
42880188
29805252
15496868
15559831
27318406
14255263
18191358
50669152
85689612
20789740
182338878
84403051
24027953
40489301
15891106
18485106
55548615
21053747
27682973
23721972
18594966
17567609
148009072
27061351
37188645
60350837
22664506
17565087
16747285
33596651
53182785
717311996
24600718
15667574
23661767
16090230
23245220
18568387
20652468
15771644
98517511
15737980
56496856
21658412
75804523
30317314
71947690
21541548
247503546
16272650
14378419
17840357
15420588
16388972
29413354
16472507
45729854
73704754
17602996
24086519
19657023
18921944
23619919
16824146
18463430
30249176
58044082
14468043
33066917
19108494
15632345
26591324
37226273
24366651
23065897
90656833
92101261
21057434
20476899
68269738
17537128
28162514
192160954
102290890
15073044
80746801
18625510
18700580
1132247719
1392238478
1136302026
18242032
278179527
498565078
36039509
403527401
544574200
761793408
1098436202
47760629
489842428
256265742
358918488
296473573
439378061
193360380
377725252
16074804
14262709
15950800
142825406
94140566
402823313
14852182
18431625
27466295
17446633
32303152
24733117
25474256
21581475
21720782
20112512
61117916
16273144
34376087
31436842
410234540
22592595
6753582
14431400
174618314
15710060
8839502
308660336
10569722
215926565
7453002
67194105
15059366
131147478
14562275
14720411
8447862
16341439
109899569
234530875
13286872
27694316
125453556
21425983
16426698
64914137
6382062
14621112
7528292
24425906
568655352
410245769
399734352
15203873
103692497
500867548
77892977
266731695
40454720
514727266
572133987
117386727
484782496
278096906
36724910
344451359
512016335
624952474
378497486
20616216
376368347
54581162
104980410
241558800
1155172976
554555928
87271671
50344007
82140294
408884775
174335051
239187503
17465667
30532935
38596022
297665020
152541525
28609576
1375992824
15062528
52998511
11637322
1267179678
246598241
1097176334
371165076
359730635
83245827
298596944
2296271
1157210976
44504025
807184478
47586577
68394798
16379892
51550779
14489966
18000967
28292720
20210227
43730598
32541851
41995798
42300159
19057564
14748879
79317141
42270731
16538850
14192180
62554155
20710035
15230663
17283190
562688654
19265439
24591942
153492935
21750314
21817105
15470209
17407423
16580890
21836409
17850012
192892991
23028288
16150075
28284145
46305038
28459859
36805871
200398537
503677392
182497513
125540200
187167452
1064926826
115462967
360216195
195324997
90392155
1219869277
49180868
875826974
1257519168
615402400
1382985312
597008690
87890061
41729484
74309328
1368300793
28413659
31450980
506557924
22919139
139171499
79368271
256790682
31125954
926109997
969346670
1049594958
1062859832
1084076496
1318557715
36629392
28242662
554846600
39912925
25600340
23778330
271503785
1258099477
150424171
2608911
461519948
1309188546
285912341
434457684
104217123
1308189691
19481801
106834467
244746802
731979757
16441783
205288814
997528296
389631580
60630907
35900319
562961259
376837482
18953266
377775679
101264587
31648656
260330945
627753087
25402143
24907140
1271882209
339552778
23547599
89969482
32296331
297415605
276294794
461621569
152925509
19385204
1267667143
103034606
250270273
258567811
374087318
49906132
18090600
770626915
82119263
28166558
42703292
1344596280
15075391
637228128
934667227
137057764
371617987
1180680414
188225963
115679415
487249114
48026452
21475397
164332713
366748017
1083995395
544935587
69652492
33614747
57850611
139337323
100269235
149807079
556025162
414768153
270596010
272702920
49513714
115945502
14986777
69328184
100714312
1357709672
55697169
169010247
368686224
614310487
577643581
343687002
1152844032
228392121
148467108
20260435
167317261
271132224
245662417
169171978
49085235
145716640
205053749
855628274
244070445
1264822315
141653603
287720671
955814730
107960690
555465989
404494940
1025707472
326576724
574162306
213246102
274510502
198494857
1038280706
916560306
218500506
28142745
142284658
120730487
372481561
16734621
15345968
194030975
404129778
63987834
146457900
612728714
385545180
39680372
518589807
148499044
257260710
54737946
408353114
470783654
114082511
18311973
17645842
15017752
502174821
291545131
383936902
300839713
17168613
29332715
935728682
976950630
285239457
155766985
157365683
1228728042
498920461
63071279
566104393
1381675183
1156487228
916144123
73701973
876531985
1341376088
1021378800
1381596036
562264738
33906521
84129211
43638652
42445799
1382569140
261610430
147698398
27253538
633248162
1382859336
935943079
457209302
1382879006
517078892
213706913
1327540764
41732259
226603545
1376317460
1091053363
81198627
138180073
126469604
86926116
171626705
607199016
147266450
1384071116
568016916
429353603
75688576
20614036
116072699
81169704
97765397
1384779410
594173004
532213803
14327734
25208544
18525704
10419922
897698965
127712701
62969736
49954405
27772566
86821118
492333396
91370089
21937472
22105912
26934844
73425207
230227215
332305311
255291996
17163329
45268231
427486757
154912554
56178408
399499317
204119245
47204385
365605586
378225924
456381266
106205108
37136988
55346377
41689554
19006757
498582318
43297719
320322632
449934891
108651988
525726371
131170027
164587473
386187540
198351259
571359010
484498993
372246320
335950759
46526070
30989002
19378944
25186880
114273012
262401415
318118369
18124418
36373579
20395159
596032264
577399742
316659746
23862655
42644975
629711684
297691042
16179440
266073130
20885872
305405370
940202354
345275521
342711795
997908206
82164480
242800774
964720886
397841059
896240930
205976571
1137863743
1137624361
351043860
54884378
96374122
358038110
33666509
1226465640
217122514
258539328
16737087
1021229786
247139799
132190685
218612069
17028238
1128832969
82322396
418248016
535616027
865209656
219958491
1160890740
1128512185
82287769
635746105
111995335
153271519
265951189
243452465
850709382
303536399
249301626
25607480
904062344
350366656
527004630
613016639
243266856
384630357
385575870
867493795
183527283
845351624
984129096
1162137492
799395792
1162427948
276306090
1161068990
583819398
68059865
356617120
341677288
395336229
770278746
813996595
121968500
57138294
851298205
603717966
127582791
327491850
122938426
906081661
324866129
102379523
1086418759
1095731390
381190910
569414334
824003268
202824414
247664790
941897346
791971033
364326628
318219644
794892038
202969879
478809840
293727392
26555339
976040486
47471675
378501063
311964353
435675920
253432721
285979354
1090227043
604561991
812897652
142727814
590246201
372660935
28135495
76935218
420756356
292044355
726153079
144936998
405330133
1152000602
545602256
344468428
791347813
388152813
275025495
734795101
518677165
304004310
280266446
305736015
47828557
806129384
532405172
516895759
590235840
1136283001
15597223
71555146
529336080
1095239064
854422194
25882751
703210898
806104440
609648157
1003383355
523158023
385743709
123648726
115851244
1054840069
462812876
1159125439
910797902
777783642
1169481692
1169163852
781551242
616546922
544552201
321372135
330596563
523534275
491218710
857029483
293404823
1169496313
179917941
118355404
836267808
293992782
222871233
233272380
930110954
74370263
64420297
533270601
114650958
177909794
955921363
337398685
425793971
315637359
1143870032
538640102
548644124
291443156
55181670
386306136
478801676
898194900
994204430
578271026
42025317
748281199
338014927
162665586
231752721
350499468
894676195
728992297
77509387
293686770
825961598
758832182
259536498
1136721397
59131001
550301220
143573912
316845786
533696936
130715276
890325228
499377209
954837620
278986248
1169836951
472819197
723062462
232393427
1165373029
116415143
1124974014
298454284
17690377
1006458654
180503975
377756822
1010514554
601493097
169312890
167299707
1172632591
511055974
369484278
1120307394
873132961
445500221
323344168
31043604
396245755
159546930
73585977
244889045
10670542
599017229
458509840
54707034
1167671359
250873611
934906920
444221520
104051008
371502997
612119716
1117011780
969234036
306501077
454578619
369759601
457417770
154010577
756372288
1120263900
518117347
837075979
1041770316
1170593948
1175144959
505081218
40537922
544926510
240978162
24916961
764065735
126903716
861158996
570900433
1001232914
958524872
105384453
918056402
547968612
301614418
565495688
979173830
97639281
115197279
549632589
382540499
1171640496
1156580132
558739949
167195691
878295343
24588160
421107595
803274163
262038819
158637928
917528348
363836404
598839302
1116150620
1067300712
381722389
555610651
1178430379
144394791
742965542
1177748600
358710257
228221942
557169336
1175385625
566429458
913005835
590184087
466174941
162477255
1067162844
609519219
632089299
493952935
981605233
476935815
286629901
194892306
609032786
1062773167
714807180
423731895
413011099
562169863
416654046
396544102
209415044
632992114
1180395241
1146692726
240479077
763571784
373610085
463164528
283398766
532717700
931748612
799967144
424060922
287065454
211436127
98319552
592590081
388149682
508750875
293253539
1160222323
1111358341
98529448
133536230
773611327
788866650
879304969
24515519
620031331
1175490919
636754775
207159833
970273651
529073543
20634892
435639313
854314572
14323131
1061221442
1137334027
824143249
998426958
1163534341
141199121
400543685
1171658922
112328242
551163562
279104346
565442554
627946278
548971201
943323937
1181855718
416275656
468762502
333581710
260170224
860905585
961754821
312301034
1174162897
772836114
1127485832
231511201
586724583
623993041
536304703
275656648
257370477
1183485817
453326319
122167302
173785544
1185120078
349146866
960153288
618166658
1042348412
589650526
250083230
1165827354
1185527467
193642915
1185819811
847208418
159918040
599761537
250377856
937974314
161186965
449624243
306296162
1185516421
572858023
866678556
512783586
1166883589
571047246
61086581
75522744
277488399
51784078
636335485
176158322
1093667179
61904523
1133081886
955012142
213374932
620965898
1187024137
183505490
991640588
494781248
140966649
450448771
212153210
444664601
920195311
616140323
1064197152
281540752
482710944
469315089
1102033358
305616726
341344299
114617804
933010537
94567090
65835661
354009561
919886574
625755832
545767974
1142168989
216060915
74251084
55379383
361244268
253613794
1071144463
1127755627
354232162
471499234
779808631
1182304998
860431549
23424094
160235447
384294367
295175458
261292013
1189626475
545808186
79474511
264755205
1127290352
1101097814
457073489
293792115
1110814993
1168197733
859042688
1166784679
1000185864
1020639020
41960265
285948158
479836240
130349836
820213394
253440231
57597451
628366166
441871583
265603584
788026602
566759700
41533186
637258906
512662724
743705953
103494774
600991470
998643932
337451532
942669324
713796672
738606494
574221897
99467155
620565877
79676382
1191329798
251025321
202585286
65087738
144687632
361367319
516692529
628278686
928924567
479568110
567648514
319053360
762440150
321358425
249131006
545139389
545350345
1106654562
98562216
575600836
291663997
1143243246
474992052
483265823
590839792
313133078
821444773
826615177
1182532032
617924419
1068377648
380820747
263060523
200896120
1025329927
298865999
740965064
95126580
33557862
110215416
1028819995
385049980
80813206
1000572948
1191668910
120946006
215931920
624492536
826672578
563553620
249591280
970828304
84928425
618476072
1029843409
862304684
350416022
285682166
471641261
1116420888
293987189
1120492082
302030518
320013000
1194358027
217939575
520962743
280199109
625659358
454157983
594301342
104924567
847837386
1045061377
14892439
580447347
186583443
17414828
5572212
59877783
9533812
17885682
14482444
15393168
15712298
25881390
23523469
29927943
63023011
18143638
17248402
21978906
21979792
32714673
59329465
22094204
24959680
18003354
47682102
97765843
59905009
8768362
60071813
20700232
66890441
113670852
63494019
16630266
23327166
166703302
198982399
32451317
32382226
103652938
157379461
82963158
167375086
130117138
95509994
18730236
106938252
46432350
56181364
173291226
332519306
384455894
541313552
516642056
345129193
142379967
151648523
200851021
752439391
213021341
31841212
133121180
105331981
553322765
878913416
246420817
426042332
383946254
432782762
1112045509
15504485
17065029
1022468774
23779282
46415465
496058348
897662995
30157043
570468183
110502310
250309546
59702546
167181123
107780423
11051282
232695307
20453526
140063235
582323631
157749412
66012389
439165649
112583337
407003104
721063104
192948821
66850248
69697488
265041042
552064655
82254289
17044623
307754249
251497279
58905842
19471139
913044673
713463571
29915767
25772308
78925624
63262544
147797344
15312507
45460101
305640706
15329313
28467931
224450087
103811659
15477965
14672346
14934045
14925403
17861174
17781389
15258349
17075607
17430551
20204799
2561261
17801519
2978911
16941478
80946049
39865871
46473124
15021295
14749698
51111967
25776602
19123826
25539342
70086747
32153984
17147295
71323602
26644588
125420145
120311801
17131296
58796191
53926708
46250315
390486299
26483177
17504513
69321619
15974312
46170079
50861610
14612956
197429837
4446421
62058207
183306986
208899880
264420699
183413979
203100839
16340063
66661896
48800382
249854731
49941240
25376081
183813105
133132378
201833269
118906240
155646004
46580526
15929935
125052204
284335988
83138517
94444028
21308092
322611787
24309125
325538088
201829355
15980392
110341687
70544146
289978526
15176773
19816119
36724233
342339674
274581334
54056320
238153789
349208859
91153264
28563577
32523056
298010889
362105432
113422633
71944170
15367493
28127082
140572469
73133760
387917236
84093239
361387492
383301511
156479160
82714392
308878886
390310371
308812764
402208765
278249634
38932620
106512713
212563532
317107347
32987207
14751687
421631298
59247384
405700565
435849970
399654232
65655486
440526347
33116645
15297474
35933407
70861942
101409639
461308444
136986875
26528097
25603946
156657184
15744027
16578488
10031172
484388515
19687552
473263089
468769557
36486802
14678779
177197148
343756368
489764357
509524014
413571746
42409139
399420830
40904092
284625358
18956386
108336169
15013572
248990521
17366336
42206564
54333632
216891809
538559432
105011496
135931000
405806357
556368791
12502372
18648857
20840956
41362654
513316829
562274390
358280084
493584328
329843765
305304161
59780245
59673815
490928760
227080579
573921063
401610670
87181880
103799385
564098162
422625800
41860010
318840050
589462980
37056172
72660929
48409499
48076908
380311652
92054662
34593205
626866880
208190307
70186564
272474504
164407038
151670801
631514669
538873513
315647174
56417230
510529108
21822076
487773506
306620083
117105359
23799575
208562709
709310342
736396230
400491899
254104125
43890870
76663682
753717312
90304648
633382067
549622047
173016857
34306754
527514910
25402808
16288350
365628628
745767182
777164706
582335057
182431575
330045389
80830086
796197217
103052169
512732919
15753914
620326083
72684264
46017002
329635218
124803757
801656377
22065790
217975917
57378318
782836249
429506140
592379597
829441862
19271044
785425069
231471539
418224780
208849951
23154642
851695772
856409340
71725920
106529138
421373724
8496512
352997961
878802145
179563551
488573315
188164784
248049799
739553678
342017544
587132353
57732083
21246463
902475048
745364468
19905440
27863438
301734418
849433578
562543781
73950709
40933209
18812392
400337855
865554979
611134191
243532076
134685756
157613794
903072733
15222154
950906846
271161161
459854857
188325193
341764227
18208153
374742711
77911128
379279989
306813850
800856373
55893449
287116957
51884970
552892861
113256874
827892446
46299202
625037504
15018658
178052170
301703768
529825872
45419398
259309538
160661655
204615047
342258693
310919159
95746304
31294488
777119916
21923291
107620002
27032231
31471175
91199317
385153206
19300795
821315538
954339452
472132412
64443978
22417271
105434767
850918752
52788709
150759853
369644773
499653276
67129394
314615123
441868028
76485983
15839130
219102354
275342662
19753016
21136548
65981451
241747256
115395925
72093227
134489719
108951721
241904238
482709680
272070669
45958693
168840356
125172663
16847247
16244497
291885838
22930690
24637174
39452162
27917514
169631843
43158354
97897510
42795554
14994541
90677068
14964938
32388535
181570854
54542071
25323362
34684911
14605842
46161149
18856678
42769303
66035618
111392584
110616522
47406755
209471041
88819849
231321006
169815551
26869140
189847341
16458758
18901431
82498482
16563471
191688924
294555322
24667923
6204542
298331359
84898517
297088306
109961389
45064439
35248330
243361780
95550519
96026164
181406990
484186066
57649393
146614915
217286048
303857359
9660522
66723159
301827384
26234797
325270707
301682010
33551491
58646051
346061344
264522749
265526754
18619708
372484390
66530212
17893084
69701138
85065640
31751113
11801852
12741562
390528558
28929980
24382156
388551729
29226662
270459924
21671962
194448818
26267935
24978728
64606517
364918846
333588999
27919404
49140868
365831584
418434968
121900224
39429538
91236290
283826289
56880499
29447188
21882865
25373949
25028535
457333322
35198003
53451436
16672401
393060496
270667648
402953489
21502816
345305195
200906330
67399994
112959864
517342712
266720001
300322967
317937531
70577589
472160872
45244417
21132095
529738379
21203358
246417914
58933586
34751322
26045808
21821389
278072627
33335471
114255340
516963193
24732577
329906232
179971439
564584984
42997328
54305175
293239306
76198395
427706360
39405744
285181789
17876713
44916775
555332622
12639422
475117157
14954942
99621908
82977949
21354041
41108471
552220885
276823812
73016890
539302278
611291903
37228298
17039272
72026140
599375673
623970643
470744587
611257397
244912296
708268488
728135876
746258754
333039346
165109116
17541513
560009129
581615945
625005626
92276892
571410298
17050243
365778989
23806353
469672219
762889075
612694138
14282859
559416567
80838719
168471236
20600887
411070246
726808831
18426815
191233512
360961853
61646453
524854552
18558235
505307868
104162303
259447102
486965971
516568525
14566445
23948874
629904452
359647418
499270288
16614451
377212477
219389793
745999866
836047358
543951607
495786835
482715603
804985675
774414038
48078507
56811428
482648372
823961936
377950696
629327317
50851256
297376096
58546914
325857369
260943609
757151432
14951777
179202475
18403122
154006164
22277936
141809199
81551916
796842630
844263379
191209718
89769227
527624620
858799772
580308846
46694336
106642937
242525753
18706883
821947465
377411975
255056627
433735182
142450263
37959657
618610596
67322084
17323344
55242263
213105213
21820489
350872238
126473856
163518175
30735655
283702596
19945468
61012283
156214046
188685308
423751068
214849353
321501045
245261958
178658058
52795679
364597246
234794550
45349315
14476792
550285442
181686249
718590476
554806932
99759763
278609186
597141597
95360121
724775774
706074014
370463409
63482029
259489128
30816393
625055201
729558516
40091583
11283872
40954450
30049463
316327398
499223117
266462619
109192303
457646915
79885903
298725015
291884111
283325113
620288555
19107218
371476469
262682563
155924861
421258056
593325092
431346014
709995222
480104212
115367550
21954033
525682186
739237735
19048822
310639251
446510475
175038285
705996145
737426304
473179309
739012496
170315504
235714649
87010283
464442034
62297801
721811504
742203138
345245601
370019542
246022887
110743920
38480953
266998799
35483763
30014000
566284461
183591847
539657398
262415535
601416182
105721321
726214400
715392762
219139751
519849143
325804161
383979356
345696803
558004628
276266710
731631439
221990530
626129584
68148510
276778842
14798956
89314525
101130473
629460069
174587475
30075678
755870996
181257026
45020826
361325989
335383411
362081982
441922658
753740334
325728511
25233913
334187219
217778166
711481994
606596955
523650330
414195423
45129846
264582084
538995780
307136940
64810241
532889895
419097460
583860183
66853725
724192598
282372718
766331364
15696379
42152594
766733887
16456668
599839235
17394843
407156859
115542748
543911238
60771299
454318630
552180552
561273720
42055361
711689756
271842797
17713817
761122976
316260211
74526911
25953836
54950620
773374022
410452445
399682836
464997295
298324583
229636233
792863053
34953076
31260021
561540702
59157799
23998456
92862887
362519112
17474881
777286224
503059242
95746111
23062596
61332689
169688601
75358018
781017439
621575778
632898883
74387931
524211031
220992262
451100488
43354788
630885019
776027558
156655725
198589638
128007190
38084614
781063136
19948204
261006726
779943122
270968113
241255812
18352452
18466375
29236656
414339753
452043206
274025383
175652606
565730110
472241109
53900817
67961728
582288847
78465165
32543448
792320029
402680640
243848799
612940201
774028375
487077574
334800063
22011025
15883802
118152576
233325597
401833513
151961600
33912864
145409384
157523581
191857782
779110338
547199215
115424947
20950225
22833711
523830165
17322639
91145973
613769556
256962715
78601896
146550790
40712288
20843000
238236290
736656524
405674682
15948494
490982147
233378574
244284803
574729100
12591732
17961649
18492728
23184791
717884581
216203597
204706940
35612453
138648519
114727423
138653913
21582436
517066488
42876305
346235321
19205708
17039632
32149821
53058728
59491108
559645321
19757184
13543462
17986125
29509937
332470738
271745152
86858017
107485640
43887495
210673630
45434208
39797469
113406637
16897656
283275504
418742747
110162490
49111311
210599639
571259368
463425048
526019479
115546131
24711113
77279038
36852970
22770745
77242460
466437051
526792637
24418682
93498932
29267898
75306666
160005792
369262479
26174825
37752978
21184481
14873917
503964009
499360321
362950182
157541458
16510750
136985313
450012775
556278250
36789189
345577662
42606426
476792066
420057264
219141749
209888184
47214023
204352065
70427440
391328231
512317671
245099034
51322851
51982954
217656522
84782787
471556394
558682344
223813377
425723749
29486725
333071944
23119199
23009432
248314151
14714252
484504573
122166931
549142579
15235487
324744153
247025851
433747199
14741803
109623517
76017749
336823828
26418959
545279441
219875310
393567909
246328981
3544391
245191224
42348571
152556048
570529257
339936927
469528552
41390747
529727273
112808368
181626655
275260148
359990326
211382755
270676576
570433966
543644535
390761373
574939025
412023062
171462119
19596560
16341641
66482385
574622801
119797496
62957290
93828291
267308439
91618255
73160300
277026475
102383260
408829265
172125781
550808385
267953482
26192729
394030102
370332751
396988987
502006616
308857488
525914501
392185077
183316282
561448770
17529231
15722673
123341301
573171140
116974530
169623998
413380930
542778898
309450223
328998087
579388630
87415587
367247994
41046434
123426822
498547315
192245929
220783157
443264610
217168053
34252731
101577561
237435490
564201727
377601888
77740005
57066215
25152432
337942296
16681091
452591485
566010864
330902891
9237452
577737569
451335238
453035997
35734237
506687972
575048985
328712193
220519306
27337896
224358731
53548512
512491677
19017099
365988164
501234848
142445186
90927801
261462593
249866374
274269659
162921498
552160994
34658819
21915615
63614805
241764576
575019772
300766663
199384191
54125824
364882139
94442496
71541866
45216757
328435279
56870184
573749135
281822745
414225627
338419166
343460875
251799849
154498341
72219060
427906770
260766084
121859193
534619286
545756453
154492567
49348697
535044019
579510439
220796265
64412634
247572367
568034652
115441895
40373196
15946540
53527153
203164354
514796614
35166630
549341192
296563366
95740797
25739237
396432803
269950024
75034615
402956238
42989618
81185576
345478607
578256779
170336271
316399229
381256590
81384741
515195094
480548731
86752109
20252632
54574356
24778584
223391600
399805935
98303242
101848834
549916295
282376932
400661491
257561997
578206732
26115296
479734226
538647856
163672991
347951786
245182245
15050754
332502258
90408018
119478324
280077897
335352349
25946388
35620031
226669710
453682869
346747469
257576112
95648062
162884227
351503446
60683554
286837398
290808547
470295856
540529419
233038670
24894678
146855039
20628702
132926214
17580892
273207414
116715665
34146256
202013977
34376467
462395580
162915498
18241368
35856659
390829759
278260261
263451681
16604015
47627836
455755006
120968034
83414916
33763362
463445572
101847292
253170802
37976227
41958323
137637040
274803389
475174557
15639821
69341451
48526013
385597826
105289728
71975713
405298766
35006071
71128890
253619939
231585359
376997801
22519277
136168396
576421362
131044322
581460500
33550136
150921203
161706974
35202441
120117408
32143539
58859828
14532415
328675539
384143524
16265372
108293973
221221165
17714709
549686925
581360209
524472099
94221166
383951410
28258844
20951635
325213037
29639288
363986671
41763828
48320268
119470574
389297073
574842641
252180821
119613189
80905958
15014747
42300372
366403007
494756599
109725201
134889262
111847348
253592119
325748605
456961408
401977592
548780311
344699827
152608450
355132929
459204863
25042467
350228050
533703337
19854456
465066555
371416085
450012341
18284059
328354621
452371336
71969096
567348371
322214187
468798977
522735473
580320134
54557257
382362060
322146529
15327488
18165692
138436035
245539404
18804184
498392326
26191204
101707167
137780560
475063490
85164028
276378324
579554955
577469828
55047470
84553706
242862147
32937440
32619986
359645203
104984575
210458809
15682991
190046697
75511224
78800334
586981577
147738787
320461328
574992294
71716859
591948870
527237972
369024845
232655102
28347731
45659239
38730472
22521672
357540688
457164241
142926513
186070051
573874015
200012983
383598048
326411502
210678246
44033705
62507049
77882491
478174630
528580192
307119410
44896248
24333544
585822169
294427701
462808461
15429164
460980587
257831574
159990534
512569680
315538199
432891823
339109304
96795077
37400068
175727873
359979167
542581225
367067726
539172536
60287359
202209577
21162736
422483921
560838524
204856867
541642961
243542038
590317628
509296048
26574441
121978755
552107362
241487821
324919188
17789501
547063970
307466724
44362897
284172144
584784152
77161650
25721931
327149107
21575615
521483947
261882274
40481342
21467834
30760775
14640553
90456893
72704102
246616971
324187155
17831269
21432043
581985407
85603315
592253336
549034544
67336594
489894332
450666870
43887434
29383911
57776063
296663833
526749116
18725718
23066927
41272933
498947798
444889564
389504194
371038480
551292362
214941533
268102576
487135662
426758830
136785713
32453667
322234216
468454838
173958512
115488720
518592951
380910446
216917854
145753589
339043670
331871471
23043883
480599119
20957775
233053110
94652903
77983516
319503210
128449177
593226427
592692926
134802688
375135303
247643226
213622840
32578051
353479385
400045832
49226489
405902235
34637211
512377297
14219242
379869831
579380651
33187838
90905113
396917296
18358521
401254470
283170999
487898599
559681802
58264531
430780228
525631529
289723207
169120680
49050921
174604369
593543726
592455464
479665596
106852888
19408774
78070851
16603291
34996703
560523300
591319164
594749104
282171367
594162178
391038347
525879146
275651065
430985341
126716454
55760457
239060989
25746673
15814166
41963164
280330434
63968597
26909705
18183341
237893990
58604120
489905767
174877484
250721174
99654252
73177642
369911373
595132817
264387357
44101932
311932532
313265501
210414159
304912237
65018420
239090338
534312727
41125653
240358426
183029923
31278181
110903691
314616443
188873408
21019511
458607283
486828143
503500355
86446210
596492009
228483299
502494217
28943979
271468445
327559023
288545427
43886855
374830091
562452540
427331679
361459847
264532313
288894341
484341789
594001153
30615272
245477290
33345091
69004651
571866158
217814753
335999145
181493385
225010383
54241836
21703120
57586856
79767871
22150874
17877864
256108724
529623923
15770452
208542537
102199695
531291518
335332513
576337024
471564290
240485012
559809598
584630561
205504482
428484375
23991923
573701657
549486814
63782176
65121164
539998290
504460854
19786305
83142098
579273082
590517000
545369420
545366980
59440175
257110989
484728094
122130551
395456682
132249763
515030593
33917368
49459804
22665910
205544323
379462014
599600140
595848318
387264223
554757621
38648030
456405552
489600474
599283256
380994873
599952541
17340286
212923945
103881052
20397267
388698509
34998240
585329512
22209482
62114759
68491243
16782005
497258511
49215791
15702085
95815384
486641129
21786322
293631723
41718573
581306636
545899501
36169300
97462954
341911229
524969018
169183643
48881525
103091394
192241229
178917425
585218323
18793871
443941307
459147423
357599638
570176227
30578140
143182221
32723283
87221481
22158818
420798618
499160195
122794157
61741302
304007783
449333360
567763589
18942137
165458551
402873622
45135486
28705807
175493342
35371932
124885583
229598950
153101281
284835296
29876242
331298526
318631005
343792867
164064549
86368997
263363795
115702035
394471329
138389433
21765429
83229536
350640274
319094052
28403425
352363034
199937748
283660558
35536649
40054599
210164181
53309568
12606212
31459252
21041941
139604032
61277572
14596530
63418665
344156199
602573699
133159796
369132893
182948486
92247657
68399976
68989096
144823328
75325307
596843554
499686005
269605766
464673901
391119380
102450623
338987482
321845990
175450198
18214150
334887459
444029136
16545730
51350308
560015430
39383548
162924264
602877743
599323130
252778288
316142141
576351001
63532953
498480682
26492319
136497420
14850859
204791684
30205949
16241078
601631678
124814675
584275029
342419914
349176117
233472077
38024066
166689719
601272065
37042060
301515678
22933688
134971351
276415545
269584696
322422917
16535913
28354755
128872397
246609901
98387270
554731672
340039988
142995066
574247852
38410529
158557794
239701678
426654219
93212565
16246335
54929511
17020785
507866091
230715518
20107602
70187733
169232411
21712038
558994159
593826465
174819695
400348885
38934091
28869429
555577155
202378026
159327950
574031104
365944746
415199656
18652634
23280630
332625405
461785003
36575728
26820306
450174331
563867815
118760806
42900641
32680990
197202744
152991597
333456070
119416027
165132979
62090941
600611921
551183215
51220792
19615940
87707239
598781115
58255121
356253954
20426530
563351187
121919114
183371024
65539207
414015153
80130557
259981066
523215799
606331986
300820958
342207359
604661757
241669036
460313336
87728146
599175305
85948248
295917728
67904813
296516846
409983859
437886563
603138805
240587785
518795014
140742827
294278666
570650354
15466058
316557060
604159611
403630300
123130957
593252293
109085165
603087592
216955441
66986694
93110031
337955864
64221634
19521569
12181
23713206
515263674
240016475
520761187
203175692
296328756
137144052
194035923
534195309
171930126
601013010
24523210
374035043
569751547
253236778
27724917
319404056
574983366
185360336
280254759
601641849
505277031
289256160
218276257
294056017
355711464
568910078
249376817
489081458
225282029
33292083
19497533
553547032
586114292
127360094
465886440
33438221
487888853
327836203
333282130
140932358
479749683
330682128
582355126
287807928
606710294
217257028
580123842
600124596
379476047
398133160
246996595
56432528
87452522
130780295
531519378
429603606
609827091
58730959
148199642
538621722
86969832
557777986
14548850
33362623
334089002
189274489
517608107
54068219
18527368
557460194
76694776
485931985
119156789
464330864
477416556
357500287
18096297
611067704
17018005
594541700
601942101
24564640
267436110
175929112
601449214
294401271
64642963
240253329
58207051
95547048
302159004
14500915
263139992
19277922
318628792
18730620
591020890
17756696
187220800
177680227
21232966
50130164
21449015
174005771
573120853
121310224
92093657
17261805
34444225
96602268
41295556
233066369
186960485
28595573
143059390
23898103
437245758
596578205
597989749
609091721
19043568
318622564
32486618
432005286
131259293
33084318
433307165
204479201
610692883
21631487
301180657
187687421
16431823
606781643
21953218
161788399
151835157
158424782
99427640
44259017
169556714
603021174
253097307
56169071
287937466
26713641
271787919
15863143
83706607
43681545
18214064
236922695
250416435
26095613
381609235
67770601
90892265
26460458
20739716
204807415
33063845
441444364
13017772
346110733
48850994
609372062
585085220
23615210
17368610
535730920
76264577
609588709
586460764
303500169
63663672
195167114
450441266
123199512
74032903
601467822
62064983
21771431
17592581
300450188
41782804
150829126
249377031
447461596
456302498
18622063
248208382
25435864
52562167
96539031
171483271
549125054
27443857
24830052
312062069
362341717
475648677
369364133
267816806
590438656
17348161
15862472
60653915
41721595
15909153
288289530
485350954
23409142
20511896
276044136
456130410
355485816
259815442
497539184
27965868
16393828
383825379
493205455
612822606
601909615
305705692
379126961
113118314
46470167
134902469
27463813
49115477
414135119
410209506
607289321
471051723
156871253
327604028
231777553
237070156
369021108
273067408
14627200
240852673
18325364
230886246
153097689
233257288
598705895
69167597
238584403
42282066
579511537
529994487
233418409
34297282
376302246
28914799
614611770
186113814
569107121
28868296
26859507
54974936
23095063
517017439
399510680
350531063
589987420
18866022
31478964
562917350
466267713
17232503
201911457
15390917
544540101
33317494
613224930
50419518
18596023
43293442
17983559
24838478
123931003
103717772
38898894
380672745
35228174
138680877
411009338
611948508
198156038
411585560
178525160
241718560
601238114
614904000
22026065
231239794
488506502
441258294
597889986
14760784
81599241
595526840
598557253
300357337
22355642
456222348
609582235
615707974
62743428
18237511
348064897
274593329
142858623
581647894
100830970
51004761
101768451
437691294
192814675
210235002
172552856
590114342
16738904
357855110
42627882
187071254
478149757
16920355
201576150
601293179
28116016
186768302
101629831
344954268
380567604
496479641
28427441
492494696
112937016
325296293
370831668
8253952
99803938
566669875
59146348
471291250
536539969
88700696
68940866
72211543
60136294
45873880
470736431
32824297
60905983
459899846
315282531
26955876
599991065
114534464
8727812
44357555
165041642
29324390
453478057
407446482
403064943
105716558
601523255
51728835
34859362
62463838
456435574
262950059
169161912
358416456
560544410
56017152
25291961
437414645
558236698
44518299
74933417
69747598
615851050
279123238
501644078
28875547
617921857
145487047
613431041
499170627
147795706
55621114
401115666
48501998
486225537
50264325
517081466
198831655
221610035
137203934
610425803
24750786
122076750
598510598
339174475
169044506
175143962
28009579
165015427
41191621
602067591
350731879
611836936
242501965
180881305
55980545
123884168
617203011
445977871
253831082
399681729
466241886
107021530
346869147
200376200
48177361
558846083
164175729
72791408
233243047
451110321
5418072
97544910
287055915
386580706
601876561
427936586
100806403
25329059
607495956
15443867
138091955
592885230
24086385
622200132
481278199
321729291
463629172
411160640
359014115
374734734
428307899
616497929
226600959
316344992
525861458
187302327
342718146
54671969
555635477
222354946
616377662
621296964
391130596
362241286
144918041
582868334
401987171
36959591
329843956
272490123
94667177
16909987
95302635
601127848
431760786
613799740
562232794
120277868
263023366
428996346
62548835
622486873
65645985
36837595
26814043
86773118
382808990
494160406
347360594
510073213
491951036
54368041
474461180
351151761
549092029
45491966
56826480
138190863
334894764
512534613
565519179
326948174
330494549
617298142
412712902
454651358
65731239
41317854
500494184
452047490
18343969
272319930
13689752
15924198
15625899
16175861
19598253
14084482
21837533
10867
16288828
16366756
16752428
40472159
19050907
17790667
18624389
31532999
42782458
48058823
57048841
16088519
31109539
15505241
16399114
16022682
40849223
14913764
53077166
34005611
67973430
16397684
22860457
15257559
27425310
47674428
22295736
16908775
10499332
38011280
141613697
39263296
15322638
149550320
29229132
23854426
19630080
182531578
24298787
177398807
25889864
14666844
18030192
65752108
158733387
202862907
161435994
98770598
193784674
17549132
52144480
170372414
205760879
19877969
84680114
1315431
225528818
17855061
150202662
184286455
77317204
233933473
197976803
248826662
23647696
238124165
100575612
113369350
280695878
220760593
224743831
270437838
261954619
7336202
50214652
264829038
17089843
24273981
248919902
26581946
21413961
191881580
224223582
334084355
19684782
15925722
235782026
304943558
65790578
382747441
180433202
339766587
167827589
375833449
115841306
14219335
80895456
365341315
260002643
165224140
22843047
15835671
83718699
270624116
126473325
17251689
23817222
69682148
14645490
27427741
316107883
115599286
162186905
49808136
203231877
244485406
37092103
380725931
144594430
296823360
261296510
23378769
27133152
44471940
297062562
195037717
383732364
168579703
153888776
337409391
88882302
400993298
60394435
49847709
401228257
367753977
22112773
275777227
385682990
362046588
402000708
229688900
30735143
152118096
50410395
139510761
45449017
16494321
324739386
346333043
508979898
479158373
52529101
26310687
425482182
437512477
365535703
137727876
20793678
36563254
32071415
29333054
542903976
419925056
133825872
497706022
312990361
229512008
40306026
20258109
71119323
464163488
29621552
21126323
304001509
16516228
344374381
67197846
351027001
55715154
398067333
31205588
332907088
21236963
17427979
334302613
386812225
48781212
132527430
20854063
275317105
302567545
395086839
16114141
26261637
243301222
60346013
18317945
238379326
413070947
146181311
61096035
251655176
121524236
108766294
407331837
489991220
466286819
244090971
59884942
234552181
388442653
309305516
418712028
44031770
382066743
84119953
15378350
465235492
397590944
18421188
26857807
19991042
20280033
234184261
32017185
594026831
44534138
42423402
39608314
134173290
98291292
362341650
403023176
315180570
369517511
501996598
326715483
350050468
32784404
128015210
498724504
547796845
45199246
383075978
396175275
113077201
501131289
254328909
226332506
184728794
72525406
216722153
149222385
391284861
430167363
389240664
16969755
446597619
56780122
378316387
144631163
398288747
457037675
129318947
78727224
408962947
278423379
207850847
81467075
295391162
332344027
498258704
432011470
30267661
120588093
259515409
390276540
84398564
263390451
428678123
83873681
103113975
90210605
493151661
365268133
272378529
514978786
263417242
527914020
56420693
534972027
29511169
23808317
397962598
543969840
380238756
521841612
456030207
16805990
542270904
32737104
16915285
264312901
569659612
569239837
36825227
573793433
21099300
80441410
276763832
47421771
227533957
24109608
112485376
295563922
469853729
225449279
17437416
54526838
62219537
455119615
83942064
22516322
242728776
357875130
437311418
109947223
31561041
157027283
337801506
25726025
66141034
577263109
462368980
47933469
532912502
33481504
445049420
385826246
287755051
312732180
340272403
187562135
371848744
16386077
20769278
48572447
374297279
218966142
285041343
16482311
189401829
14955703
524751394
284683729
27526635
284642280
495240053
45741999
288459405
305665013
487125926
124230203
164068397
252811963
177631811
258174099
23772469
518742936
567561393
138300295
183130595
88783388
36540418
260537858
301485168
61250882
573161738
15607111
568695011
33754419
503466962
206134015
493222414
12992862
415214120
326376467
531595476
15504190
194184363
25672813
465076727
19340926
91542245
318034331
145785480
42728966
17102885
263124960
480062406
14550649
183818037
250004164
412618395
19035372
546501576
466960389
215839576
426090399
253829936
15443536
16500843
16004654
17005699
16415652
16391806
17390225
15713227
16382434
18492043
15927686
366029002
20992091
18322998
20534355
20697684
20088820
19686924
16309447
17100255
19148727
16745797
22989237
15971610
18620852
15489577
17490893
19007158
24216735
15444630
20987430
16861763
24295712
20103708
19036954
23584458
29069566
15985819
23073933
31126619
22185064
33585006
18084201
35548709
21083589
19135950
366106419
15965192
17979100
17597836
22029942
18938660
34054893
58539663
41863517
17502697
17847913
18879847
35296561
34767194
17556268
34799527
16664990
16579679
34066807
18278749
15627107
15418533
96706814
16132329
17024143
29984961
44954197
20790583
26173790
15998367
46648289
17527283
33101633
22935909
19373516
44654724
20745831
34633817
18276728
18832833
24300075
21944745
16729059
22284484
16379004
15867597
53752848
17956440
55234448
38193776
27305312
28579706
24000056
19341833
15859850
40256161
22423078
54039049
19893840
19154824
15842187
40606424
29005683
23516172
17204240
47722667
43967959
34536741
58859562
21012852
22360594
64844059
65919293
16383523
67350721
26668603
19110496
37294378
19928353
18069218
19572710
22100978
33337323
17861611
16708773
70511216
35654845
60781710
38691332
22408173
22868427
38003948
26085277
23224431
25375288
19273104
31153594
18691728
18434181
50034294
21743673
44292587
16875565
28609909
41927031
82929207
84186332
40957993
84154448
16519104
54160235
54779902
27547214
61338485
18760460
21089346
31305707
19383076
74051705
69322784
87615137
32753986
222878043
16985762
36034541
22320031
97457134
144341507
95122406
35746423
79002784
107815604
107719073
109854851
36755729
20652335
16713063
96791626
117684898
115635432
16699591
16049866
23009775
31459839
27891521
57872295
15793461
20848487
369778606
119464978
128631435
41865374
77649500
54377974
22505676
19672459
23402211
70739402
94618865
18703477
34459101
105701882
23181572
147182458
155002492
27019824
271212811
151913423
58692000
22866896
39677769
20000483
126081496
146287151
159165486
174332334
16630895
60600643
52411504
56200412
128409410
27632488
119751693
50499895
36520658
72883154
123624781
35910761
43382989
41014864
121211900
16097144
96337803
59980393
90663655
180192569
21672457
178391246
57750015
21935174
19029491
36785286
149705423
61557909
23152832
43311644
16871695
16872829
122838487
120319700
182677570
23048484
32523799
101355392
23272231
104384859
47667515
197011937
170145496
129821273
24438725
251761629
61561405
150388228
187801592
163287068
204457270
18572616
56915049
31164007
197108348
82192698
152865429
213250635
67392303
244698875
20270279
16807708
203907378
219320348
52551356
89115227
56892336
76713648
21215378
34974794
42236569
81501861
49499199
104395816
184269964
72942163
39003675
38424328
34103291
37205470
21040094
228066666
207275743
224238835
18390928
20268429
222816222
148573054
60339112
22486688
20662625
97939551
112528426
131607341
237363291
252248688
218362670
239780259
114491393
86089288
47727420
48207731
114682384
15850769
23407404
16160833
30595358
239666777
47417427
22997050
64042696
21755022
233259766
20120944
251809067
138079940
176168272
20114638
159720919
145258519
20866113
254205118
206762417
42288174
255582407
43163446
85380491
18091959
87821845
28008341
41051908
258630130
50559403
75087513
220590395
51828039
22862654
23802616
216145017
71320424
24990832
26478014
120633255
266054903
127320098
126939484
23326877
27339572
17471113
131261931
19313485
24038861
343729725
145277155
27780400
181928475
217511133
208474621
20043908
48129525
236704230
21721727
22562446
19154972
89308977
105197326
239163129
119605938
176153502
170905845
279547549
112205436
114361086
230021238
293099562
181788830
73090674
18428525
256603633
30342456
366249508
72612817
367066591
87775784
348291425
51908135
77081088
372877514
42752719
27682127
373563264
26532688
374047613
296484803
374908692
269840172
78762754
347424648
375699056
22602419
17779151
440669304
58306850
191159914
378665873
198033707
94369170
293656327
172460839
120561797
112566608
37022841
162884300
214780122
334350846
19824471
31537549
288053629
20658347
17478231
57162792
28879453
56929066
18200064
449904713
389618676
19187295
81346386
387880315
28537255
33189564
366479397
109277574
22796398
385468310
21789352
57162859
70023430
375429362
76674148
86988132
332033344
265286269
167281882
49019174
351699000
382281747
382267584
239587214
275114299
168675974
41723473
300649241
36305114
351798526
38986882
233780504
362418419
423947065
113539700
403539243
436360890
193711235
22853826
251840149
386735046
61349104
84699037
395427365
19352508
216033824
67528989
90347924
163671033
177019783
155101089
36050060
363804016
17230384
424857248
431020570
97049435
438677698
130835992
28108703
41244071
15894585
352693057
37252472
417390901
136428077
457005517
418688352
199046810
414854633
436029949
240513212
90518657
86000861
21059421
248500223
52491873
447322473
95781250
300632766
416562340
46727175
26725279
277511254
452556708
22653568
241818989
198568507
309199311
373431502
297144918
278139415
64427112
311065701
407204144
472188825
19349556
434595789
310563595
34004994
341344455
172449143
69181446
275714640
195219842
50459783
39564870
43125566
468869753
96244899
456289203
404967451
478225368
232267638
244434689
85446307
33952457
23885775
234675053
229467329
31184730
24911049
219482028
463272741
16587455
360091126
481748853
63025002
443488648
417841710
228151927
435981128
318588848
407834539
57576099
15919412
392665972
121311670
485235918
44936467
41975205
366261902
161160707
40500678
35457887
16147965
22894247
62231671
247139989
129046640
491163639
18248583
349296257
69101923
75440020
18341430
276965758
373106861
98642422
109731940
100073235
171031698
128087499
492224502
491845549
30994826
497952621
144751845
486921835
109654184
387864244
282670028
40580919
144247996
289375450
160744869
285307275
455077096
59720928
24706827
339350154
307104481
378168060
183557420
129603489
96153414
37627562
22798671
127585570
53215946
17217047
39241726
45997613
75663755
45958932
16470163
248030549
480881394
350297122
95070422
220783076
51258324
319754296
476424256
37332714
480450865
39775675
101168812
246438886
142648961
480435376
461985723
19466878
57662186
266083614
437866003
122076419
479554465
481201394
262318094
460252932
473961341
239169131
259645758
478307822
153997706
52740347
116036511
375817001
463933183
287254786
414980130
204569936
455981642
255423817
482130264
55416358
65378619
20116987
373200075
366075251
100852913
385460980
283065417
187736508
108921396
274625205
466191901
296323494
35934955
20794698
426874396
293852054
131650873
464260842
312368068
227125851
209241728
40038002
53288855
67507931
225134961
18850586
485186099
265309955
18268850
59867584
481757670
292203335
477701945
17031512
456610909
478959590
73689422
355451214
454947660
127862706
481555289
304148664
33598332
17503746
476067368
233192908
294217523
50031875
43548539
37999722
246072365
477767627
54673997
289405704
150388780
307518247
18294467
18655931
299919261
17215933
58794211
319956252
439146337
128110430
33670326
448270901
236455361
154572568
54521852
84163636
174591076
311792549
25641734
189010571
313812810
374760001
16098050
35712234
332434180
42903387
462731300
67128808
444922046
319854847
250124959
57486150
25345968
374573599
253155069
365081477
261409990
430325087
403940196
288610696
431424871
80464013
72520725
447141413
53657495
24520715
54057960
331700748
21123613
464233362
433820576
465185432
394235314
29049094
394250990
100460278
125965862
379861317
465597458
115229155
237017914
222463092
301597523
63609165
15800296
66350411
18058023
321436240
399451015
250844014
459813728
40328317
230599057
274616435
33003608
200281182
221997946
413566308
437097446
368738924
123090769
459627647
317542744
181015356
199490135
351394440
31218843
33866707
439972687
148486403
374124796
309914607
21701655
16371152
215207108
154899591
459685867
435368662
439896045
447520814
333195657
436359219
268100819
444246712
377735987
448513698
448122040
380485499
428357128
159354503
398436961
227913859
16320944
428274081
124550609
229704005
437304396
449627672
449610298
239802751
167429300
21574013
315394979
450941156
52729749
353367328
451168854
435948142
53555713
415135712
451528772
451607184
320364028
131470828
353195485
451750963
18500265
104204126
51250327
22644753
451690096
437212655
141260275
182899114
452639516
366622642
26634178
426641989
206794977
156000155
431929785
41597978
412807582
236021654
121824197
438365333
438470063
33978761
23487853
37190865
91531955
105718611
438857661
312195775
278747294
177979660
25468136
134488101
34411147
264278480
432147798
353754288
237658471
433299093
78796016
239197010
376444379
407027914
440289605
430245020
297451425
228798895
436412714
58596319
440320323
85578420
52439876
302203021
440918390
441184006
392274971
441293873
374753857
94682987
441053830
440698565
413466117
356474347
442087763
437818395
442071680
145319622
22343236
317815545
300195780
430837908
263934395
195281132
410588023
218917320
294897632
429667107
78204525
35067421
288384081
40656998
147602027
20440783
400269154
32827667
46919572
442440171
83170819
49990431
161838644
428314928
181262443
286948346
367198700
56915436
411780822
46253295
444015373
408778397
444165623
98033302
19328927
157436010
180318991
71775169
234997433
63859697
57052844
173331724
321044675
118483149
399936762
150003186
216595579
400377118
250988842
238424460
16388149
205076266
41444705
75104366
345637096
210752953
213952410
22489860
18216851
23747342
31005772
213571540
35786752
17827865
404822043
409245652
282688851
404243440
380111043
381126585
145438510
410909180
134894456
21192954
46761557
274698166
388375929
360846788
35598822
160528170
109974280
38204814
301831043
19203302
175769619
18427906
214568260
41600788
179625848
154113973
44063488
218079325
246393234
20877269
29801356
396987071
21773110
415876201
98589312
67912763
371211172
238689893
173144453
312768551
168313722
427341695
162451811
20919945
27234194
318703244
101271047
388947642
382306609
393411709
34713001
88507284
28634921
25216127
113180773
256616223
18586224
15990574
258378526
432949650
389276447
44651210
130594863
19273526
329602485
390880719
43901939
288381629
340425634
172940335
93891841
436095644
436770854
59940464
103484098
23909394
93072284
261997416
346269247
340646652
335987955
322825184
160867063
21481655
263172430
237734873
17374507
167168794
76839961
57850871
48979366
148869119
261493998
136521865
16221759
346074061
192712113
346203865
247632972
27716273
191369164
170327142
66801585
346671180
346760784
343499872
342197447
288213874
68091658
33824797
123667010
248728358
156126290
220751320
231799611
63329624
59656088
325253701
338432421
124063904
63461649
347402767
15926692
328767103
35609785
349210038
292164972
315422781
91507870
138535746
232292084
306215278
300527564
343802417
373108947
141765996
17985459
27765176
265556632
290943374
351404316
248447182
356653521
334339064
16704690
346729019
187448523
100055538
233916274
147097999
161135968
274691312
107309858
81132320
250951971
298392378
293947512
232319507
329907829
96777971
17565891
159241148
24418661
273255513
23613275
225224806
78001452
187618495
69405301
86602868
95422334
285477927
309043804
354949226
351640137
17939636
181403666
56092211
367148389
60815166
172963140
103422561
261801403
115125719
25480147
357793919
17951567
56708813
316653074
257209621
209741906
350639218
51193818
356240761
140984723
257318664
172393079
22862932
44663836
30167367
360603879
292388594
75990595
301389931
259125790
82073807
360108405
311094897
25012685
41607246
336640015
285931989
18909126
51939078
70356446
280474588
358518792
362933056
261083273
360759630
238607478
249271072
60723758
313592497
365132555
73664307
367115750
309406317
337469018
165174259
36578490
92286665
330227519
52314044
186920003
236986541
240323581
364483217
240332406
319832860
323035786
39640941
61787006
219372499
143393819
46952235
282956831
356868826
26147103
36787966
156398232
306566217
307574804
216310713
268612817
47669457
230052022
242409801
64905545
217378653
368595927
125424300
322670666
313503122
290211765
34268874
32993118
216964121
29817152
87771730
313575606
97161558
145681814
352805270
351717943
29621770
309683097
273459962
36056694
240730827
369868401
371435269
28367409
369843157
349890086
80951425
44478166
340322576
370503440
342629079
298472390
168953284
185732194
376280177
38021037
362917601
372284736
349935974
329908131
30327714
280889200
377082396
24267698
85725920
364990767
297107683
27059308
145751744
393617652
92102625
238815943
389665493
79071554
123253003
128325301
316936799
293492919
295727336
311415062
261887984
92903799
41377419
213777292
49872616
69759436
282231257
34912078
200921763
334245210
321659804
18035802
29033102
183002674
114861212
190560016
76541869
87227342
16998771
105049437
3241091
34792907
162161610
16406487
36750056
23379974
334411006
62393439
79256129
15912778
115683704
324666120
44632153
378801670
270025097
355497492
235676369
221188607
53774014
26591527
328151881
217457607
162979778
340283931
274798267
378688999
83077990
380688481
139832452
17801446
102698357
329528905
362269753
74175387
242521585
296028105
143788526
317801358
183136639
309159328
300676959
319176751
63170908
353512103
91616762
17486092
17393362
169356605
24691666
203989719
354778505
334712100
27137159
353705709
183262893
307102485
292192995
323376067
33070292
354697024
166008026
343843028
257215324
254148995
77141282
178877519
272232292
323769128
26021125
191487192
302081333
314016453
283081706
279630586
46430275
21574079
22114874
16271058
20348754
264558459
246648752
94098672
334972921
339216692
30981498
363450387
363024314
60275710
243734781
310239115
215198038
164548021
370281273
97120982
40229433
311897112
43239755
120083514
48443981
38779831
282257593
282256349
66423746
271659674
127822408
84789990
47305250
38274220
39320870
22579106
363413125
200871178
22284874
40881200
307148407
329694857
67302276
284690789
164445037
279435213
281077014
29500815
95804216
103250176
297573042
316918576
38600665
18838785
360843367
21066852
344152065
359085437
71008115
243718528
15321862
366508877
44672556
20729504
243342243
17231036
59313914
60121152
18422148
67071935
234152595
29246025
251998480
264251649
240721856
147345691
172014817
120615478
39311879
177393438
294912748
280239414
27840870
85800671
284077242
213701005
146437639
298831648
288928643
70028377
75945932
294955049
171260284
292085194
21393062
303816004
282863976
25216246
29812220
283259144
298878476
72246017
301037021
294261602
26069066
257842014
42801879
178756545
312316918
61666438
37791785
66703672
243639762
298234163
257732182
32426738
212334474
46682509
275652201
257837066
308144390
42294514
257261219
131373661
231561365
158070529
156654240
309235034
310127885
225212488
224326651
137844573
303227332
60864801
225937911
301612859
35148636
154724802
318608096
322972401
15778094
290592597
312689775
213441596
127763605
334796680
328209168
184465310
17954515
246114884
292021309
330483463
253751032
296414989
64785295
275026242
239119401
30442782
318181124
93241091
121929923
34422956
334911661
116915993
336735365
44159329
338710689
22214094
111995542
334042963
124346967
191168268
202745576
113512612
87256938
253249114
134179486
68231359
48370299
195090115
340326226
145806066
227516663
253239841
138875911
75043625
82900974
347214417
18115781
324720901
329106403
24100116
28211335
252450137
302885473
347833899
348633999
348550859
79836409
352853482
197511600
183464638
356981938
326142929
102755489
39667030
223357208
64330454
357910169
352791645
43102246
20915660
261684979
23967404
289533827
233966512
277237851
16350758
138890015
126347355
234544602
16956020
47962993
19983161
48764161
43378601
301844485
149085479
324956961
304705533
43366970
343067303
295907569
22386263
157096246
341655280
17294330
181210197
312923944
349987893
169830264
59090198
355016528
114353666
354989378
17293115
217648870
38283979
39784296
16668511
26860420
356656257
220409483
308894312
195961466
73742470
314847296
241196094
355961514
16019485
21332089
340959977
307952124
41465551
191951184
255245279
192031950
180838913
157454544
110776288
101142166
50623722
73822033
22156754
295762014
234454104
51199864
18209568
65005406
244816981
21242306
22770373
14385362
17530226
90695701
14808395
17718687
69034924
139245460
285570337
277106141
286163867
198712407
244308249
33027693
160312245
145451078
100077124
21274135
168523272
139290072
101518272
205126623
196372530
23498315
87820493
17983854
11304552
340559522
18267091
44361863
12423942
20616053
14950452
15307587
14935803
58582168
15360633
234870378
38232506
115782915
28988172
75220203
307378883
294314101
270907655
101374191
316602249
95621217
104963915
259800620
309759145
220781760
328290258
336932322
123365216
20811989
130350881
316832825
251007187
27454260
65642972
14207660
285480507
35927303
116198288
260414915
15195171
75356882
30917871
91226325
164502561
21707592
48233725
72017861
119318804
49224286
15491597
126592212
17164084
326978667
13654112
208836826
54513605
29625407
18701265
163488859
267426570
82557568
20072755
247153774
47073286
51848897
213305140
17070787
296716041
17008328
25393674
128885103
244244040
91193036
19868796
18104118
46932983
31891798
251036003
220226805
16248319
227022864
113365712
105305259
264461851
97963881
85290305
142645062
65453869
18806696
67447390
27117464
61596624
66480892
64908782
107455769
17053667
14372198
14374644
17021395
13785352
15684249
15867240
18297555
15607840
18784697
31292079
107525331
32773324
69512245
111106233
139295944
76748139
15291818
104722870
16793451
15974264
201394983
22957295
47748158
62958651
197773194
17483763
16698543
139789645
79582795
257995359
282074400
243663596
282089767
20343160
254637669
16670949
18570358
18122984
16929774
65450231
17871235
44248761
17338813
13415972
75396921
17522884
17475108
212628604
242992810
14476889
25211979
51310772
140238084
92199249
146828603
25594885
17079881
287367942
221873624
14564097
242601613
294999720
80686516
109441206
30385578
16588666
157212155
14704885
17344864
82642900
17195678
15576453
54403368
20515090
2754521
251324520
140404054
139743360
25344447
14527460
126419973
43600056
15287589
16703058
15802137
205010849
16215061
18389166
24412824
242785455
15225331
15576494
24450991
19082584
198789302
268065589
268109115
268111135
44545444
101517372
295515865
36644927
122449066
23972314
33044111
10928532
193886756
28302705
87821664
106864455
286569607
56991633
39166602
145332056
304625023
63831291
304487324
259095251
25707034
20865816
143667483
45369648
102968526
124524462
15228091
14599762
31810123
47600097
302906327
19078616
21459397
16632772
25891168
18238282
15554127
16732982
13881572
16481781
16814727
26397246
102306598
16135469
16613700
16912085
149682344
11734522
20643704
12611642
16294267
15808502
14079425
43745367
48812662
138209267
17297074
125414699
40088181
136374349
56782447
237011869
17546834
16027532
230225132
15995701
16898838
16429303
18277519
