587234315
1197338760
235109069
270849057
1537418791
136301299
4171084661
271367761
20925989
344555343
81238213
16551763
1111540915
50696673
3319016031
3694363763
225509413
190995400
2168648352
90418204
835493922
3771874049
129619037
2413876813
312199572
7144422
631106190
369527987
972651
2890961
1344951
816653
621583
7905122
7400702
12908462
164187862
213752545
218546750
562739006
2277495931
91861076
2148946137
492517892
1437931194
838464523
2600166828
8683242
202174422
139197322
154480995
19450970
262800575
302501056
14138785
149647740
70193186
20059911
2569675219
11399812
39517986
1023072078
20517840
402590521
61225833
551923118
3461338097
19543894
3346504221
2999872174
2816625534
266648814
1359675660
3824062995
1636717747
21995590
65115809
19348904
106779124
2980943704
107090979
2549881362
274710032
247822584
246316139
20536157
10228272
783214
363314030
130649891
3105772385
815283956
1526228120
28570264
313360276
472898901
23968053
326069244
460030463
174740888
1069691030
26024655
193756325
50242663
538050620
1912272932
365000805
2572705207
15921597
14804281
26258900
257498449
16850401
496051317
309622989
100550909
626607482
918737508
426507681
611665205
378512331
932150479
863306478
863243492
335538600
409904095
223425430
2696179563
18684662
19420212
14160453
23578050
14612367
790530655
150655790
786983798
14671775
1638776448
1347111570
33552797
135629930
617065471
24461701
20335020
177505027
244428172
19983221
1682675742
224495471
1241258612
81859985
317134543
2600400961
610808137
1516631552
2872260814
22686454
51337330
43134427
140118545
296332494
506011903
108981932
20436460
1417251
263082297
432006183
2332438710
19204281
337648660
3943871
16672510
493163863
223976221
37923353
117442705
34291077
15162846
64683174
768303990
372259374
295590687
845847157
701261143
36042554
292735110
35716345
1875030918
155881800
19291952
19424427
288977879
37999378
21862510
3105192798
72235760
271368761
349020965
486468583
333496049
116822875
29944068
247328585
144977959
16719932
267335035
2565441044
1525467132
2444008736
1976679516
246251731
271367329
270864000
16575239
74474794
35827832
24863464
32367677
938851
169934676
348352704
1342040048
763625467
296462914
2463667380
821564467
193740573
190416384
83588994
270855032
253661427
234372484
246250096
244162041
100844081
24350419
273368844
151264646
18392906
21136909
389978209
2383649808
381463064
21285744
21128768
1091842951
142270039
357335477
35415477
131035262
2161752154
76927341
98367934
8170292
254218142
97650200
1120617817
511927722
21105417
1410724886
2453497752
26474883
3091329857
1519340664
38863479
193645918
36959762
29188141
461279310
2184327491
898306340
36363648
99161360
2430791053
579164143
21664805
1568105364
31105922
281112659
39515820
145662033
583768347
14569869
2201464664
361168224
273357294
153809582
271483634
54596301
21139319
191937329
3068594637
2999469850
317708689
628395256
313306238
37439205
303310866
498745057
2351765460
24916429
82473286
440386239
138850714
1372468194
3034358152
56432029
94782577
83083401
79285438
2892181713
1536395804
146407746
21110235
245499504
1423589431
31719659
1536229291
20252688
226106884
927973879
15253498
21678356
418739904
1667646540
143372005
35441534
330825434
153475245
621563
21848762
906852535
100041688
2331106993
11348282
17939037
1968519900
2888989938
2388858265
49984747
19904718
20054581
299626844
43892283
466619455
257512487
16045268
24907913
81812518
2876779289
2228677340
23602600
252124716
242843816
467612764
345218793
23455757
245855992
116803918
331671838
165882200
110170447
301540522
466595726
62603262
732652945
487460281
15384042
261816927
62115729
2227028448
241070071
66780626
2900714947
32360231
17052755
466253417
486493138
1413025422
1685495131
520449589
19883224
326081016
2293041109
106095382
436612990
27672180
89303661
2583254193
923127200
43293511
61738637
2149361667
705165518
945893551
20139600
875174719
316673287
238770826
1949922421
632060271
2981383035
164692433
88944741
140064201
22788290
20065945
16883417
246982914
817031996
831189685
21992823
89157535
1725375128
2166343950
317211415
282657775
575244432
441942203
271498388
24151168
60996885
262333959
120873316
15426343
1163981701
1092241316
567075001
526321265
1883250487
16418969
250091875
255546286
841445995
576285648
116773080
1019454217
469693505
1427371968
169439470
186373021
407827517
414835023
374492793
498885152
27832162
264096975
2294160806
21391517
53326943
63438503
2348209182
2557014758
473111066
88491432
329693991
1481922806
16856263
2323730173
13265
15206103
15776932
19222915
19760125
23094856
23602643
24163711
25984418
130135493
149618147
169999427
174663645
179472922
206393099
266989156
274620149
314483971
347149548
354880191
366655100
368947930
373296066
397490403
432385380
482082228
580822933
800126954
19619404
49967368
2772928172
415633177
225150096
8510152
34353054
41373487
68758193
1665371185
41146510
393487622
21096579
21011344
21179096
14784588
15229557
15579360
135492917
755312912
1960406707
280930381
2673852355
1703943193
771331220
1114143493
160498425
20047281
14293310
428333
51241574
759251
807095
1652541
621533
742143
16793876
18448883
15108702
612473
45205091
138037459
87416722
17481977
18938646
143478208
48339568
5402612
20038272
269844104
788524
2097571
21866939
29268463
187532983
18904582
40015678
7587032
17793580
2336948281
107540002
87818409
47331384
5988062
6467332
382527632
76351820
219275799
86925202
15438913
14353202
16343974
14700117
14157134
