76953303
40752512
536174327
18436210
19348412
75403678
19500688
167418063
74286565
201846344
125485258
18994444
15749983
809273
2670321
30005055
209119396
12962752
333585008
252844905
14484580
155777569
166720201
29612556
461709390
3324244549
19692276
63120077
25230164
2213821034
51732457
420126420
2968687128
52154356
2853725443
3162913533
222206900
106778795
20659742
849861
23965293
19203000
116792723
14899883
15299357
100292002
72519499
945894354
2164993487
105971339
1138686133
237504974
51939785
319103118
126519271
263680973
1704980533
508920282
1703007992
80911080
102602862
272495290
1396484258
108319560
80073493
177663215
864431
76117579
803799504
540254728
577298820
508549818
322489995
316886183
126331991
192579441
20263610
122969804
185561486
19230878
454219112
195886843
197299661
110470032
52159186
275686563
707114418
2696735996
969916297
289198668
2766315379
413912591
1592785933
78134431
461678029
69051731
1647643208
470788253
1461826741
1491367806
519313156
506888670
435070657
921439646
855776292
306447038
512784961
471772536
