3234542372
729136374
1523131728
280410113
237739921
376377843
83691649
245307671
305147305
18867844
3365315819
571202103
574886365
16021608
14062180
389359161
259356613
17548018
356661461
1676241650
3100484574
1047220658
2360023117
389143539
2160292642
424392856
2773948724
18462961
3236333414
61971554
578202060
2841338037
2286880020
16331756
178600857
2228521386
3528845596
2572028575
2844316813
65563900
2774062997
601126175
1704815972
16956296
121777870
344213805
3506117549
109851189
70608787
489958918
598594969
27091479
17350542
32530271
2967471977
42954206
2228715151
1964946943
390412142
19320330
2656738956
1466027858
412914400
20188832
169364387
57107167
3071186284
1957767356
2341344842
294207022
2452598856
3320108930
3271452962
15380594
100065631
2885707365
3811236374
18720140
14645490
2575523881
33612317
17093617
1344951
20213491
36389335
705569606
100322447
338601496
137695683
2917132435
872204335
3476352742
1378944344
792011246
3438131158
511901670
462754174
16127669
21360280
4193897476
21166399
26554000
226716645
471963
3013539376
1138155042
3416844553
18890334
12797112
1097238380
24921910
3327195768
1902378594
2840056540
14475544
615927039
453548744
60985172
900500142
476443251
150586604
40166179
3836689697
1210471682
3107982019
4018589661
54255688
216558300
5514192
31570567
90171432
28161618
55442892
3006463331
3384719055
1140164130
431105410
3305679783
70479143
1175221
39773306
36747038
395868334
3774891137
389591882
15467058
2465821590
36451558
18318500
37182992
2980857969
19931663
16917010
525190157
19365378
552161031
3395587739
147673134
71840307
3146533658
46436897
81140284
338086086
271069429
633235941
3508601127
1683529369
281548015
2176415954
2228789155
3494954532
17624465
2898673987
340354810
26240951
1565724332
17061402
3353113683
3384609616
2266654488
485312412
3384516837
3384610372
54639909
530932229
864755268
356159554
41306341
14297050
3265681466
786223237
3351125037
1336770210
110500336
19676754
109062332
2457110232
241397314
26532197
531697509
102103816
19789626
3125626878
352052000
251952140
2440212391
403576578
125348033
102191738
3547365676
406013931
14379514
167088804
719472337
3131419720
3418143077
2335974127
2880821036
23852881
98251911
18062030
18780666
242099701
127927744
481376138
18921488
2387145834
944706672
19477679
749975564
19329393
1383057722
20871788
82396801
2990188531
3214639870
47735021
3221956622
216095591
1436219264
121782261
164746604
232698219
57427456
1280573660
347245443
14400567
2882565719
2654484923
380214752
184925492
2447583475
2321746670
2730822508
323859672
3294155108
116909103
363078404
35315771
1096618362
66109256
16520708
380560718
65450350
2897693669
979402656
484598218
14773982
16904662
275885019
14095969
2471323747
128044290
35453179
123340852
11025612
1703489486
19188318
612494318
34875898
51788786
17188522
634015776
286845073
14090017
2445856908
23888835
30059550
51187487
2214758239
2831992213
3181372414
41928273
621790061
15987086
138592545
402070746
2830136191
166633757
37849665
2760708652
3077504660
22490265
2319031710
187264746
2414709972
508443916
2844526841
3003855975
15426896
27453762
1070663911
18683463
57172253
430995737
282834747
110202049
259387703
545166059
28022257
19914997
490919749
30650843
39179240
1589691
2811737083
37434855
290012203
11146322
3278860118
18812659
2194513931
3236950661
2934661715
47503235
2808712011
2282468298
14986598
246341897
1577632891
50706282
3141675102
2606160367
3119514154
53210455
182883311
515034648
132161491
2199524000
246885577
210684204
594841232
1372936742
1634544032
68206034
2188893866
2288590160
46298025
15396298
3251263934
20657696
401775393
27646654
2233444273
23114816
19078418
18802383
21943902
16585853
154656637
73937639
350920075
3322802667
52599314
108294162
127661063
132062287
19827848
297540702
1426349077
29274340
35566561
36763171
103356758
2464256912
203567773
98935080
1603635662
2241649135
20621761
226662318
16535575
25138591
24332918
52445205
633980404
49829783
18510738
113012391
216375315
3015680871
205360046
148115966
2817726888
332580642
14431400
18035520
147617280
316203038
2260979276
1933042237
3317329847
3315055469
2953739751
17451060
28879225
236433862
3315691473
16105939
2458367438
1340289457
179474943
48040049
1242698946
168374159
485650888
15071797
19846390
2518953510
398857345
8481222
47957730
75025302
396174375
78081806
48650283
885133712
619572474
309368215
31433536
17088996
267768064
15281391
29971988
21570308
87798068
258157507
1891331090
16568971
79629742
113179286
278864758
37234139
161023696
2835383596
3079255899
188031727
20828456
1023842970
393562221
2958218812
1219817628
16573218
95686595
21910052
15076583
106492992
378792979
1570631910
2884826681
930757778
25376107
95455546
28689319
57669979
2166409221
137455381
1360393705
1206780888
248822792
1605165282
33269711
2884069887
27819449
145528320
16644451
3255290759
15357910
15412070
2496856376
34395557
549676104
76966092
757655730
3119218102
2790542388
66809199
15588657
2840548791
388388380
18637420
19749489
2781015254
1095701755
18277753
1618107085
24486127
16910759
25428494
3166017382
272674112
3118035738
273603872
22626524
2831701958
582199192
58569413
603925135
302771660
516909124
14159257
1241843221
149212216
2495639417
47636550
19379989
120207925
230522927
2850734270
1358512088
87371149
538147752
1245283794
113355264
23170348
19170906
414854490
170404126
14991546
533824802
36452356
622044344
2521030569
529551665
488152532
199247333
24940904
2742448717
494254095
2187117308
201782193
28164454
400768415
201531255
2842844908
22493872
14621112
18910068
734268902
26092491
1315371236
318193072
120538744
2344205330
784079742
447072811
2480700092
1311278852
166672666
208513737
61773066
65615910
2802614165
42688885
221951038
2994496522
495651057
2949980805
13
24549684
485140818
64234931
316480694
41792496
573777606
15635123
187394039
97478414
1692812516
23354580
318705124
16690825
210899228
1134661560
989725116
61257542
43115093
18366023
1471954134
157484622
1315286089
62866941
48762009
309379323
68785879
511151790
123307984
1635292742
3102769922
14246201
268970389
1062957812
518744362
25037031
42169834
308424589
106551041
301865393
295314982
312771279
3062085842
549771514
884017592
30922011
3055510125
292467130
3063401946
32325240
106089049
3068847201
760667718
2812553833
2905432460
252039998
588239786
1173673854
15730391
2874697527
2797244160
18139144
174016637
257796122
19574063
140134100
14844272
2546810941
15970050
70461418
29374498
178118466
21311906
28721915
309507370
2255764242
76019920
512597654
24882273
60349138
225163623
611285950
185478824
29486761
30048202
870601608
619966517
25498174
35226807
2922918807
668563
768553933
1632193579
93302391
2881578149
8468632
191914406
485367824
1314153752
21012031
2492888192
369798319
16184358
28140646
57519500
24919054
13066892
1720223250
2245078242
10880202
41694302
2657649414
14226495
92653124
2839808936
1102104966
517685788
18637396
838879130
3041241473
19929828
16001892
1261040587
367338392
137901227
872909624
701279630
1598852467
167771791
313709123
2187272520
1195370804
2382545940
16175706
41375456
1567516286
2451759518
961135980
14617637
605025484
334780293
2728231038
322482153
1020135954
8539242
321528421
45906023
20317002
245149208
9936422
2353556912
2902150645
43931662
73270682
529140270
23880612
2841579616
444240428
1620432679
25382552
229154955
709078866
2285934440
17573927
365280154
1670619632
2493141019
17467699
94215989
430361892
41471591
594099145
29100243
26244629
250325366
65589378
2773235582
2402091078
24910049
2357871590
15463179
111661620
54601825
304445843
19217166
1523579436
16381500
25007589
2279396087
28261526
50871831
2451994573
2612229337
17850785
107523645
18458170
29281762
994293373
1632099486
1480922671
2877641141
2873664929
414977064
2670122929
18185124
2895116204
16724361
240537150
17915334
1115983164
15747743
337842750
17644108
18239795
143154404
273987936
330509973
1252360333
370808273
1092704977
40029674
215436285
309128877
208077015
29726390
355001525
20362959
414136651
164775233
309137582
90195892
50733505
1338733698
19202455
197020231
17968963
2423838996
19621110
20269113
83171397
86168856
2851490035
18909264
90999547
2511541668
19734025
2845043837
2336496104
281192490
367700790
14448173
20870395
2416355268
17489099
868637460
80090371
635067426
212790740
22382317
1152482106
127936182
38846568
21493962
41608591
250645479
35466620
2548407828
405226284
133027929
202917764
2891494347
166265946
197222147
40307972
374717113
455288986
217455325
2546723364
14229989
153929488
1101110382
17391733
253663760
27097694
19053307
724397754
45574645
2535926084
1610565054
23794763
2800464942
22821632
344925704
2317169808
191110867
449915327
2815850443
20190507
25446006
1944072716
288289650
40945716
437154911
15864679
289723207
8200352
481468399
219742889
27684796
7978322
36071818
31469906
850126728
23596654
16506355
1900112190
245534374
21407083
138577594
114798871
269023982
272141779
19319778
26158489
19496567
2155496534
18124003
421415010
1670678138
113237584
19988797
78890426
3857391
27542520
18191723
14977481
27807073
1257902442
14388669
17369410
14804281
50360725
14641650
2792095527
46668984
404320679
374581218
2788128021
39567780
178343390
455188193
107478659
2247355933
562608012
976405579
1934332334
40249470
25665666
113736520
565581653
62667008
34000178
189865512
248900032
2491759050
64786715
737384972
9600652
344082277
28700212
753731552
452668417
216362345
26038112
19422491
71609512
2342724338
2202568208
349249164
241689056
32187100
170918394
41509378
2437975603
955481971
19078802
35639158
27676040
820674420
2540852360
46362787
18635982
51241574
9982712
890260178
1931826146
198974997
622220052
1372212427
2692382430
21703259
6772852
22941198
384454780
148944935
2291994006
21714822
18025991
21170191
17771651
65116206
2670312236
18507505
557768645
2936811
415829476
111327677
250831586
365158821
15627442
161774543
1064186144
257038654
17008203
1700426708
49269819
15580384
26258900
21697654
214672897
2174765982
778556773
2307675307
2176275918
27943005
52827091
476786162
44480032
606444244
2687753192
1004676342
459624881
1320465548
39930469
736026282
2407415953
137041711
341251022
16463488
1552955617
172889061
20863584
781566990
14119412
34359954
633012036
801199490
201030119
1431632156
497508883
88453090
13457562
369063212
2483793698
2214738150
33525528
326975264
21834373
45001440
48379756
90698568
22937798
2416268268
50324598
36443168
1569210330
77019386
18126801
2291147785
135318515
1198761
309414541
1027473864
431063688
241264504
36565949
17461469
2483140808
57700175
274656068
23648764
14560316
468079187
45858911
92803037
531486698
396181161
500601568
27789480
313547588
25644906
2587984530
411845007
184674238
27005740
14422925
601372761
273203585
226029800
240527238
20099244
2478606366
28732041
14255057
44967208
2279576846
65893882
576599854
2577260959
38397550
52791522
227462985
344979763
946601623
2282673787
196619311
121913223
543062548
16975600
25109150
80318660
62643312
435965051
174870251
38599467
135505383
1506794990
2511380766
601270110
27120312
2383918992
25443684
15430772
3041201
2534097860
214138549
18780340
165771391
102415355
23642446
2459754122
12759
20201303
2208167670
29893058
16386752
343372095
2535028172
21928429
28731888
224372609
86378681
15816231
265705962
11673662
28003453
2411087719
1904183796
2494670378
37270666
15926486
703676027
24672191
37686124
72650262
204984248
1343734783
293338829
1042003741
603201638
203001621
20587747
1677058597
619350692
2276246983
576636432
17459736
17411726
180273672
98584935
18195019
33778988
25916017
1507001136
15621140
2382607483
75911910
17240235
224251598
78126441
12460982
28871619
1393815361
1235223043
283660297
23145095
1616435455
2342696053
1533717462
21793546
1154819388
148388528
249113106
90650454
16375317
28843095
1682103324
474530499
601127755
1101628346
100557537
627736872
18925538
86143723
17089670
604257891
331097770
207323988
32896052
29807370
28172438
14286954
46385820
2511705477
91942071
970415088
23135992
484487313
68008616
32929140
21119061
15039436
1141133702
20964585
407940884
32868010
722622859
15539018
864001974
118952409
2398485199
261035176
1089975331
224302898
128097869
546225058
581081259
18228898
119080194
214792314
242911996
40246652
1733073031
14327734
1744621
18699438
17424053
2233525274
15924408
1427708112
543063507
1371191130
30122109
146187436
25566676
14170736
451071662
524347112
20524416
1553304019
33330562
381073791
1429761
41807002
46932983
46476526
2230524366
147734609
21138172
1895986412
28841525
2372038201
21154072
503992319
30673492
2153069923
562360060
2414654954
1952391668
134206655
28330291
782482825
18759676
84138727
83724150
1611264181
2367034881
17782682
26269597
89747840
96820516
2335945427
2317623792
21439271
1134985088
227540827
606630684
253563556
2389273772
2400132618
440211079
252908640
22516489
518181766
330509397
180064167
61588375
43458076
116460813
362641628
47275328
23487853
40498130
144876529
15715199
2294692417
376448253
458885284
284709753
1054283395
78804934
1314810937
223008380
16555317
1713087170
1330974720
161710528
2388721414
76004365
14060968
1720306747
741061891
600173041
68587308
504764397
142921612
381603450
1968053532
550404464
21128775
251191504
226348151
17277164
1093090866
586779124
716575038
30450685
16385353
2203693236
1439195366
67134442
180092139
33920667
15606542
1008029330
326821147
1735797524
3264221
1454946194
27741698
18628978
851623004
1925035266
292765604
255609205
105242077
202626520
560061935
1621472791
245973076
52508980
2338857146
15329878
17520718
107136502
241318160
373376983
14802044
14288691
52595122
65963863
31558618
21886822
16003241
21952894
65668018
1597515800
71165327
2214864300
315469038
610419728
968309288
354582942
467022771
1575731102
271275153
2329848780
17737138
21272440
88355255
1400029429
189548104
66589185
398795247
21367183
2322113239
1511925517
1633837393
210488791
98425584
24436600
11503282
350920145
360985277
569528849
70872293
1012052653
16211566
1491876301
369261529
633287684
135945569
1576253832
198716948
220902348
1241882840
22720424
43156991
92384506
58186248
17075525
14324552
625974204
14107079
75051887
1553972634
39515464
15150966
571706123
8374662
19539314
436335782
21682316
103550181
235595412
2302508937
16262476
17169685
26029122
85200927
418214001
19375070
386263630
146132568
815985576
32286934
240518806
18418984
102761412
1620505430
475171083
106487111
2282691084
145305040
128341062
23631339
71482764
181090894
137200442
23422107
19580650
297136517
15475578
16650816
69327888
15382074
29230762
2290484720
14315150
293768205
2260350865
17801384
33057154
23251100
186952030
14885549
34629888
96140805
196357347
462495192
259725229
624282852
278072240
19617761
301495274
195405055
119393353
18995454
136709880
19778551
14977137
572744215
41669904
16121386
76064988
110866731
107435013
16226069
6892312
86399679
107537132
64800187
14545975
14327360
21279340
601022428
359454214
1440641
62965429
101756062
930403092
28606058
39844028
35767916
275248802
23130098
126385620
932957318
33290142
5660312
1632743646
1512536762
90719213
1305995330
1048223544
230796443
18138592
356245729
946363056
205443162
581020028
297509403
102683397
18206231
1926927175
17424617
380086603
2189516559
239085537
49992683
22634520
540783428
29916241
16339845
93736499
475955430
44680593
2164983601
70774194
184517281
172846897
870546763
119752611
48593200
14781615
1113440922
16648092
18028509
18090199
16493868
28168085
431983412
274086920
5768872
88007652
376206322
16816972
42609957
288417121
16008484
45285833
32472585
1222777830
235314284
57497901
787417633
40464134
137808815
563885202
14231246
23485870
14346484
188443744
257025239
1155317912
195898152
403859674
762663043
17010968
16475096
505908596
16834008
374569845
1445451
506067562
14738804
499107187
48019269
33964620
353169554
24229692
300937208
16820228
1364912978
77997812
373521857
85714531
173973555
224765197
15516127
14211474
23065839
116958357
1458241742
236905547
51167726
262749118
14584657
856618064
257581957
2149473410
31475315
190651597
251198007
501042395
29360994
134221048
189159436
1561535238
14346219
52805802
1211783551
731245472
22634164
309978842
938801238
26234606
21816402
15963463
49638419
1313424913
18728203
634302980
1935239864
451112767
41153837
18050416
21213658
23015020
17214744
69648081
33934258
18947406
819951511
13058772
46867479
745620066
587167008
594325449
57266343
868476660
468583731
16228398
21982720
80154277
538316273
29753150
398037232
158873953
345151130
1250288886
30603040
36054494
14073364
15365614
494331485
28111066
606552845
606549224
79275374
262194465
329446271
1342761631
135994165
45424276
1472802091
135590930
12615582
26688109
22980360
169124154
15839517
14205258
382235939
35788396
16584443
34282709
18539631
19240604
211228546
25581439
15918898
755201521
182407547
69039429
537443899
404207687
158504581
1413704388
95514247
58495183
16499590
49706919
17488246
600247121
19029306
96564060
117059688
118505760
27073265
55320328
474919127
275569375
16394643
427799256
339014197
469528107
823341384
7113672
282603928
16027638
11426
57406040
460708976
23836670
14511951
83924173
22254505
86392183
18590697
27476898
16248319
19478383
137388388
1478869458
17196937
196309903
16201819
15259875
17574968
519633486
1679199943
14333690
79108383
30345356
11386502
115474151
44641066
67358777
22842014
952152086
1206877148
1265936185
18071905
7638052
56462323
27888179
2569261
31730514
718692223
25334080
19087563
6750982
790577978
278855754
225095543
21328656
23706764
23674342
80619566
174434451
381302716
1182930830
71555146
16274410
59003
25373949
382685028
130684475
89196041
80681990
1436252203
21971897
34412295
1616100996
35564335
108785478
559675462
267921808
50189730
54047668
761937362
14332143
336513834
467496173
18653804
26938074
28319608
292178544
49706483
22061592
281084047
366944833
1573751136
720950359
543928898
1225367072
211886272
76404659
2803191
15749983
58561993
5746452
16564679
79320096
21346047
54642490
1281638610
29460627
5392522
1177491265
167691830
53473426
44686890
34295698
36649964
39314389
19749897
17502680
1556901080
15223710
74182049
289776827
117873464
302647517
187629131
550118502
115979444
20989505
90939215
1262302327
208649474
14445920
279585613
582033777
826856694
1016653885
90232920
23854698
23823684
84357237
253856879
586671909
5408012
5772422
28017444
18772471
26340164
280557152
611351722
288361494
491624587
50380676
126016605
12297062
26528044
175576528
78430020
18431744
250327399
69962492
20722851
259096756
27931815
462943298
91265959
71469543
367247994
44183122
87667420
309930569
539373979
59526518
95504576
19869006
586462480
22460411
11960392
7099112
28667639
21589804
133975702
236117774
26391721
35720628
867028730
441534261
14303674
14356360
200732489
21247587
16953251
20824837
50077160
14620190
257668322
17816791
442789788
39570331
46931245
248874709
17396566
7277042
27025414
15288974
42793960
805103306
17463660
75263523
292901296
279935260
306238400
14309636
146223067
19343643
360844323
14700257
70689433
555595199
412360172
1421384095
19714200
1411328162
1286476922
308232430
516759025
14282672
24236494
36581980
16259366
51199866
108633647
19374728
542912158
575877053
54650845
120183482
355660627
1375970210
20212448
1126584176
287691384
190436356
29781727
355254934
162052960
19246075
586017648
1262353764
16334281
37124836
404185484
184118472
17641844
23234807
48128820
13837292
19036660
22788791
586749955
277165873
33417701
51085686
15757528
10819662
30901236
163353431
224335532
373385667
23269312
13184912
312532849
27931927
370234183
346924614
25427602
24788326
443133219
594156345
71003059
340364507
14447158
419630613
22934596
1182955819
19821084
585696392
1131568518
17744939
29726382
859855404
883567716
16886925
79827261
52070270
235295054
77339209
17148802
254135790
294119711
291890826
423725595
75383602
136361303
294191578
31311003
966558248
28509772
394046892
146490400
171160722
8724362
15574892
347403256
420024774
55419844
53217026
64422625
77573377
61566144
460505852
14221435
21018043
15524229
23976325
287912664
31442497
72927512
158414847
7841652
84424898
20609518
16169272
308224206
16287767
225995580
543809313
171109932
103481551
17861721
391057715
16954157
27151820
34104616
21220931
17997789
317143642
22256645
235716665
401659534
81164001
52422878
409693321
31207463
15394187
565548677
404358908
20333461
334825098
26042217
72598780
116902169
68010454
14800270
29495345
304005575
34381878
72820292
534026234
20567743
14519349
36228831
2884771
15569235
49967534
281292420
207560742
18553324
46990743
48834856
18422955
175179307
28243306
28138055
25889980
192171500
32125585
16049723
31969981
216870178
313308713
14497313
14379115
50393960
191154139
267953095
1298061
18170601
292408607
107824848
15380951
108139457
18478410
381726207
400375891
43937078
18198664
14216821
21534260
6655262
55031474
410282266
23632864
66704572
267390486
334461593
60111615
33528494
20793816
204817833
112714545
31457571
27323416
78492225
23898604
20265255
47665766
206783284
31821652
383910999
28393706
428333
69380074
14663179
14085040
253599280
22688731
18225966
11603582
33521744
231839201
407811512
71079219
7212562
18507391
117529716
16435117
14677919
126194434
26530577
58488799
370408500
26031765
123122558
19679605
16515297
236544599
14060372
17236582
330537189
33665914
17625522
15838969
15135567
15397465
92341774
53522797
20844048
14580317
228956964
175512349
15724606
14421866
78084813
49857553
14850964
21000762
137460929
176418779
11672342
60824539
730833
141366177
141295996
188193508
90911979
15162193
40503623
74605870
227941037
212638670
140954728
192611791
19154824
361322178
18500081
207215454
300909060
111444334
33616795
65369591
157380860
68382512
19923293
297062133
23784266
266640579
40271784
15815704
18148263
26211641
41188280
148135656
14855279
329761423
18490990
164841408
35563232
14870804
326792977
319097140
312210565
16472224
19064128
39775563
18812301
96153848
207623295
17046369
312210986
18692539
282586329
275466801
20862357
254777245
15492359
74319155
183337114
56995054
64686707
14562685
14184076
19921435
68709875
91478624
37912419
18244990
21311825
128910432
22163836
130989761
16035622
14235990
297446132
299242309
15671661
14315582
92089931
22399021
13018112
69699437
285708756
288928433
275130442
209640562
192990406
23126875
15707400
36211779
15433693
17899109
1434251
15110357
66763690
17343516
19216918
174689904
37853884
15157168
15975969
14173315
6449282
33767296
86793607
183215374
51095381
37220429
165209471
270702968
26522094
33324552
39657792
16933101
40153208
14372116
26073444
190514335
28011696
38536687
18845281
158615057
39874066
25103085
116546406
210704632
19595090
15706633
26188212
45574842
30474138
75039697
126406160
205573453
20641967
239976346
142977623
168239031
109348955
28385268
108352928
157635795
19192100
21724650
14085464
215143558
16843180
15757399
49330836
11031132
12699932
157077177
25286763
15825852
34507480
86264257
7215652
63816745
14126817
15846407
131223848
19204780
149349652
169178941
18204122
11026952
29471630
36086275
11259442
21919379
25300308
131116624
15727981
109707145
38841791
24889076
26471959
18671218
123327531
17723958
26307573
48464107
21568094
54649277
29375883
70054190
34703690
32166597
17758943
66001930
104911843
30036097
