3319590117
3242653268
3213726982
2723415538
3319591053
3319668197
3319667501
3138218655
3319186390
3319631871
3242664866
2200351527
1503874446
392409972
2894053181
71349148
3023260101
506010227
3044892863
3069201493
134251809
92205035
2980195947
66746594
3101702818
2842671904
471396518
2942217047
2800827052
2457967778
129196081
619157050
278412963
58199261
2791145039
2541341101
54594262
364150411
1392285325
1265153311
2901883849
3109276383
215688481
3153835344
550448405
733596390
2326791106
3318535115
3319740616
21931150
3319689425
67332911
3242706295
3242666930
3319652727
3242707357
3242701741
3242673392
3242674364
3319648792
3191899383
126515793
3148611379
3319736621
3242628738
3242629578
3319816204
2910820048
490764714
149073853
1946612053
3310850824
16525232
78757603
88258912
147895157
301926897
267809059
15830614
2309050320
3118782488
992878530
2180229600
47220472
3131100527
92680235
2180823392
339877043
3128051700
2480079168
2797378208
86203842
228583895
229550299
50520778
3171593639
47063759
3164652956
159954000
403870266
967055234
2743169825
3242728627
3319722561
3319824658
2725425428
3242698118
3242736187
3242737375
3319752057
132271572
3319873048
3319778235
3319781139
3307768228
3319783683
3319835669
395872964
1929609650
3140485476
3299990914
3242728112
3319842473
3242730830
3242771059
3185970536
3242733680
3242677854
2492175931
1723742552
39259033
628875067
14184375
79009106
12793252
19518117
3157028365
366622592
3064030807
95294431
178662984
2826689731
492246692
2831697120
2472857654
2799341796
15085611
431418440
160830634
15222545
73974004
996689282
2501005812
3104607916
568047606
369848788
2157552935
22646768
226357258
187872824
20626613
941358985
3234197569
3242774755
471282361
34124456
168762814
2360920921
246602420
249448161
3319889223
3242700420
3242756534
2391948216
3319896519
3319944683
3319901241
3242815539
2950731547
3242771792
3295158544
3319928487
3320028784
3242779466
3319932369
18441706
2965962615
2990052945
3129928605
775958570
1605845408
25975153
353817162
598395430
39639329
3092607085
2192654095
233209434
483857529
1443212263
2865840396
2807598206
3097505714
326031534
20802817
3186674866
2915542013
107157220
2741828342
2881392023
925504921
2337136188
2705797471
63098819
3153332311
2884142879
58998146
3165151902
21296960
2327175139
3297824145
3242729016
3320041000
3314138625
3242733282
2233290283
3242832637
3320013203
2777748908
3319957521
3319903121
3320022857
1909596667
3320074210
387104294
3242802794
781797626
3319988547
3242848369
3318987873
16115769
624069936
163614345
110267581
3114946252
91329122
21183745
772429747
868439215
317719376
126596959
106709121
20348613
621052709
3187000125
2335951890
764442811
142031780
23661616
367761208
210319746
3165392678
256845654
37323766
18279064
316817306
86510060
107706886
1183221751
842931607
2232072211
2842613533
2785092253
85085073
379729224
2849185207
3242818622
3320123542
26684068
3221646493
312161601
3242833178
3317619671
3320094833
3320148958
205309038
3320097941
3242786322
142601100
3320169136
34265269
3242850422
71509040
155604539
1105535306
280852552
1452681876
3236458596
3242862050
3152599429
3144693245
1464979254
29462482
602869627
3163027982
183161081
2181445772
3169652272
166707717
64836488
1525618284
330985721
235571848
619975046
56383889
15056611
2809600595
101413794
385864134
246359763
276859298
23411916
209340936
2761477956
895526532
3037177203
2830416102
134862901
1317341617
3187575771
33920928
284729966
31611345
391463736
3242904973
2624420188
3242873342
3320185276
3242872904
3320224300
3242335860
2854207980
1579458637
3242881970
3242920339
560515916
3320191937
3242835018
3242889326
2845949383
3238518522
3320220730
3242934511
2731724215
486956112
2585267406
2989005812
3242894522
3320173725
3320212871
502142657
3164465918
3165877831
350537510
34579673
21389109
3026236539
15050526
2647436143
2505111805
59575876
40663002
28005035
2664439658
1089536636
289462847
3122046687
1447854030
528868698
256497146
2745754885
17375661
2251715546
1549597322
2496430687
505092379
23246523
2927186377
3186780713
1221160627
3160662042
516523940
835155842
96765797
3241990513
3242946793
2232570853
3223594166
597033925
3320238785
3218659998
2241498540
3320300962
558395855
48657935
3173680640
3242968249
3242873970
3316240540
3242931128
3320273057
3320319082
2580650526
3242975689
1314819547
3137931619
3242886744
949187754
41475712
1596929125
3018766507
900425978
17680595
3188431888
1485870200
3165440125
204396887
222137370
3084365961
42738712
16131579
176451877
27677514
86330076
3139679815
3025514190
584142293
2884175878
3032117893
44054532
2740724901
282190023
44383883
850340503
121159785
364942975
147806771
16441452
94083131
9887192
3064954599
242987328
219396341
18068400
3166016058
2418964469
550291876
3320369722
3320369260
1005292094
3242913870
3243006943
3243005989
3243012391
3320294793
3243018109
3185515298
3320359415
2968500827
488657725
3242242734
3309389116
3305677025
3320424172
2627897537
3242947158
3320441782
3320444302
3243043663
3243005138
2699123302
3129090568
3145450693
3188161275
1136821009
124001227
113443158
3078759649
1883347249
1931852473
2196163176
2480547752
1354587896
2994937192
3028340007
1350310356
130737195
2959168546
717221786
279618081
183071232
898384273
735102517
17974785
2548754096
15740256
2950353923
2950046051
2911477184
108509879
3120020199
231075541
1490899279
1628623092
3103398451
21911778
1006049882
3243043609
3320361279
256480364
2903083086
3243013370
319493410
3320384253
13645752
241794279
3235565900
3320423705
3234636056
3243031916
343415389
3242977002
3243073963
31084205
2915050646
3320515954
3320519080
3242987424
2444741677
17917851
14278624
3162574741
143537787
6252932
1516099554
2858239681
3142872049
701631282
3166398763
15796678
3016445833
581564072
32338739
3187388116
3021192303
137749551
260249738
711011762
2204319091
3179511795
140151467
19660808
346561567
2989234902
484259745
2315806351
2544909451
44564529
214374321
3074427040
2976122471
3169725172
216115918
2932674806
277503433
82983192
3318385713
3243058022
3320448417
3320440480
3320512499
308095434
3320569846
3320517605
3320546914
3151249699
3320593876
3320596432
3320550065
3320498553
2367033558
3320606446
3320551757
3243129835
3243037974
2587128828
1122390762
185463430
140799023
41548357
3071782966
63819649
242361761
53461523
1411270070
3094959408
244568543
101026056
219968548
498977823
80299262
1317051906
2594552383
413152756
16395202
2265481058
2601572376
3130603595
61805728
3126368249
2852295271
65346306
541653140
628263811
23555888
3151889437
257838079
76206182
67628509
3227891558
2957593713
3242812525
3187017958
3242930569
3111898641
40988253
3243160933
3320628473
3243128312
3175979057
3320643119
3243176905
136729302
3243186121
3320626581
1437906678
3233020956
3243167701
340423486
3320642289
3110516153
3143034425
38248219
3084243995
609978891
3150635178
594690472
2974850126
35459613
349943978
424110084
3036209819
3069805243
3177693718
447400211
454394389
2886797560
3166553064
2778952321
2996437856
14607678
13890392
16915450
252864944
35125635
2863903792
2728011294
89421427
2902117137
23367786
390283600
611903536
88412217
3166654592
453601599
2363880448
3120090847
3243208015
220353258
3320778106
3242635339
3320779372
3320780488
601884281
3320742179
3320776600
227800427
16032138
3243080090
3319268405
3243085896
3320759739
3237812594
2865776963
3320823107
3320737911
3320875312
3222932816
3243271063
3320797215
3017766683
2564951744
18770658
2931262399
36356006
242396117
764724919
91412333
14422995
3001494028
3023714489
91088368
2761157871
3105484243
2286810178
2431828824
2841926938
69630029
234765176
16445047
3163176752
2987251958
3139399452
3139484672
21125680
2533268461
16549266
569958845
2893097343
2760954050
34927815
59544734
125416905
2301107406
2561991229
27354571
121602651
2993579068
872882810
464039897
3320870170
3243258956
3320892965
3320900849
3320857803
3235674464
245892655
3169238972
3243322357
3233493311
3320989798
3320897403
3243290900
2481003626
3152994198
2675268594
565702807
3081936737
13108772
2854667508
1465421102
702393266
612047587
19908950
32314273
394087677
1284276458
2535444295
3121853155
2896621617
3047426344
2442904772
43750112
311877329
1127775134
2860182381
3149099228
41087173
1362822786
2525952691
2221522081
194151169
14401840
2159853342
2742745998
928428505
810975079
3124667410
3320918673
3243305156
2444261917
3243250614
14183687
3316282325
3227377049
3243353179
2971153113
3243306530
3243356341
3320943771
89561506
3243362395
3320958381
3243270492
3321058438
2787070786
3243278406
3243377083
2297264283
3320984115
3321056344
3230155903
3062535337
3242356370
3169653383
1008207168
3105243481
522320141
1853680484
1517226726
2859372911
2538100596
3121074691
2545654507
44978819
2392063124
14803640
368704700
373024923
3175513689
61514209
3172778211
2551716336
199744815
136738344
216331115
3133922242
2859705468
2492285185
1152533677
42544828
3165965636
154549978
2490468990
68566395
394222685
315460454
3321008247
3321007509
3321016275
3243357290
3243395143
3321029277
3321075329
3133778119
3321134116
3309848867
3243411229
354396275
246358342
585686818
3321057315
3321154684
3321057663
50604222
90562756
3243387404
2214017104
3243406759
3321175258
3243437641
357361584
68212172
63190722
3129732789
574673249
487559722
797803922
30535646
1091395602
2493086299
3026874529
289430147
17530279
331175654
36390474
21274861
3141094375
132778124
2211139409
98936449
100458441
1384303218
2940539702
3172799386
2416456345
465709986
3143664005
84327794
3138924291
2283956144
2578435914
69540950
12589492
804333
67580994
91251169
2851269054
3243403334
3243193586
3243349758
3321203686
2638422833
156877683
906544813
3208180774
3321198970
946366758
3321115467
3321180767
3243409136
3243424982
3243463981
101015059
3149827307
130485380
468720414
3321178787
3321257152
15202014
3243441962
3092657751
2795680803
3085875299
342021241
7347012
3015542723
3092704425
332743282
843035659
3142422335
3105433974
3041054283
26780176
2943200657
384611022
2997981357
3184348305
2604374742
3033092685
2800373202
145753837
3116903827
1472931168
231565790
3114354994
2153870846
22466046
3117949328
549750031
1957947373
146021603
781379946
1284889298
22899150
2545595724
3321210173
3321233399
3243483655
3243438614
3321289168
3321193827
2805689886
288500323
3243445820
121770075
1032142417
3243502831
3321272105
2724352793
3243481136
3067490679
3321267945
2587539288
3243431550
3321333533
3321332717
3243267266
1257154920
262478363
2546330804
18855444
16570043
28198073
607534663
3090295294
2660022516
3164526192
249863138
174804569
23504177
12240622
351612325
1628235398
15581082
70988997
2190523385
3015840756
2531309462
27690345
279461665
865789878
838538894
1671539149
3164308454
1830731113
833477486
251360541
986932298
2996412217
2728850978
14193433
3127648402
94331218
870700213
3243440304
3243495152
3321307689
3243174060
244167813
231272389
240770440
3235248114
3243545119
2377275746
3243507350
3321431524
3243451896
3243548581
91454507
3319687601
370944405
207043703
3243520070
3104362861
3321405629
3243557107
2986449662
402623124
2687968201
2528255992
3321375231
3321411869
7011762
3096875869
1355015406
3104030984
18905864
215505097
3125847610
18069292
18754877
382076837
493251230
3044919468
183341936
3083718868
27546576
384592971
406864028
22037316
58155533
12294292
1563562644
17646347
2992940017
25944979
48726397
57397304
221301947
3193419395
3102412464
603751293
164443037
67566020
3131292831
592231088
49856564
3142539823
3243470250
18711950
3243413054
3321423707
380709520
3243471204
3238845211
3243571765
3243566929
3243478920
3321354707
3243478974
56070363
3321512500
3243572803
3321426447
3243488730
207427174
3321543298
3321556858
2694017299
3243555236
3321466677
3321510713
3101499053
482834081
3243568754
3145675364
1058750251
23321596
6132682
3017895307
14055675
887542416
1564012728
23278248
2413256048
2546985886
79985332
1678531681
1288207849
3114365884
97096272
1680366732
317691603
407839074
603666503
314780116
20301961
93370630
181982970
1488535135
2232054102
3169849876
283351803
39222682
3164673670
250121989
3131059877
3321569171
3321604498
3243519546
3243616453
3321581123
3321642472
3243388254
2961973079
833404118
3243621325
3145098494
3321585113
3321554511
3237295902
3243586154
23665511
3321679288
3321614825
3321686464
3321636047
3321637997
140399176
2477881998
205164306
266235493
587083303
3069887239
254550829
606261606
1065972685
3162503411
3193963468
388344827
36916075
229665579
2232076718
3033053048
351911784
204637107
2511970218
3163019232
3165863930
349829504
440912471
22526770
27947593
97501268
1601070344
3139352916
2593030712
149544990
23456505
3187104880
130806764
3134523942
1613043601
111707615
1697268546
213029865
3321683938
812418968
23677384
3321718288
3321717430
3321676955
3243642715
3321727426
3321636411
3240291709
3243642685
3243610088
3243614054
3321712043
3321698771
3243616832
304370053
433570237
3321691833
1392383329
2775628438
18652946
55189002
1497595147
1904390868
2744707080
3190539370
2919810050
78233492
3193811483
49227700
3176673052
428428706
93318057
874702598
441614948
3092434725
1045657988
18174720
2205170515
3061941354
201871034
3170985317
25683504
80169030
20622555
132254278
1907076355
3064003081
328026338
3129569883
2797652072
3061803050
3046277076
3321654975
3207557075
3243568728
3321704907
309640193
3321814018
3321761009
3243629396
3321777689
3321787319
444478275
3321793013
396201638
322105156
3321832396
2701282579
3243635492
2357964358
3321805049
3145424947
3243644252
827770400
3321865048
339424109
3321792405
3243695323
3321799389
3019882885
3148618912
3164845552
3106472265
736583197
294646210
34994053
475444097
32390044
22855922
87119134
3147525096
46962239
2800578834
2757920456
3194918799
199530114
232597455
1213927975
15078068
3119179412
21124421
3167616668
396156486
2922205468
2307249722
3013895720
304295485
95229176
750756422
172909628
845289506
14674477
499043090
2444231235
56482051
3243658556
3063390422
3321866639
3321932278
3321089999
3243613860
3321944608
3243709069
2883402200
3011364879
3243677942
2786609310
3243623634
357081379
3243681794
3321826533
2499646002
3232227932
953153324
3243727291
3243730771
3243691736
3029622774
299817723
107973062
3107498952
455864256
2962803267
3128527697
889685838
3167749256
14999659
387646065
130507676
11156812
15231035
21110984
3195499829
35920610
3154596641
189461591
34693117
48704584
2846134437
2868162184
3091275909
238250435
29645212
460693651
3092580641
90969456
16040735
258949925
26803301
3152235263
727173746
3188972907
11600912
45501874
129440660
330778045
3322030264
3243713318
3226185301
2170746434
3243662226
3322015571
3322016645
3226410835
3225208812
2912219268
3321992079
3297021453
3243684840
3322128040
2920594935
3322137238
3322138228
64412700
133890958
118355957
2399286008
17952864
886549166
3192121421
76121182
2980063763
2516275242
3062977456
3145612517
2937066723
14618805
101025940
3031348679
371957856
2590131696
29021886
24288569
301521580
14693953
3117927175
257359055
350580424
17990135
139794324
3030756975
2863222205
3196218951
520000254
16500101
18505068
804983004
468564399
3243805519
3322164706
2877535830
3322178608
3322180696
3322182832
3322180486
370537623
3322187914
3243719052
3322086015
2577263310
3300678651
2727421301
79695548
3322149485
3243819469
2924502810
3243726240
3322123533
3234196009
3243831925
3322163339
2903898058
1035220122
29107171
181813417
44690053
78698307
585864239
1465792459
206232082
9175942
1099476121
62061240
394504154
55570623
470746907
1153785992
2813326892
399231508
2514105396
3274638534
1015028576
2863053625
3195524950
1145917555
3004047484
44557068
43931320
2908721704
1446191
2570264052
221784055
2889396701
372668564
960047118
222417401
14324837
2311543991
3243744696
3322133013
178818756
3243750810
8698812
3243751914
3243754182
3322212467
3243757278
16897876
3243815924
3322182093
3242629452
3243765900
1511800261
3243825854
3243815426
3243828446
2490647311
28273412
461885655
2288404382
3062144978
2270357371
3008533566
17999630
1385710416
18796477
17846533
2353267057
887419898
1024882830
3088173370
2467459291
3190166639
483380293
3097102436
3168318025
937661948
3118698941
27512035
2874803581
277920494
2721613554
3052398320
118808263
3168426306
309558286
3068781119
15491453
3197085599
222727229
3322305490
3322322404
2243402004
3320368595
3242026399
3243881839
2891745391
3243381661
3322364002
3290867439
2973333490
3242736042
3243902617
3243875924
3322215047
3243849644
3322307283
2707015746
3243887258
3153883660
450460669
24585122
3322421746
3243935623
17664241
516353099
196543918
10107802
1498557216
133252620
186561073
3092498974
2304866011
501847500
16650593
119435336
628270173
17482719
3130992539
481104718
2965852307
60641867
273129821
3049882792
2337504944
2875976958
14526364
101994358
31397016
2801603917
38745337
2677744224
74270276
2559214208
2399700496
3110507766
23598161
68664020
15392345
3243849438
3243905972
3243849990
3322390307
2946210437
334649705
3311053276
164973367
3308771729
3321606304
3243932456
3235873165
3243883662
3151597867
3322406751
1161979736
2837566489
2646107110
3322421055
3243948572
3112225022
861615252
3243858576
266906396
131511065
112202312
1204857644
2572861499
190427078
2287048771
2271952691
203721558
2294220576
3147630722
1662423955
2793627087
86907439
134035058
21952353
18186909
2857237838
2831422219
1273437535
1894033003
225529055
62760916
20959704
3088320946
2248951374
3072227682
321132550
8707602
68273177
370921330
2876735254
550560166
429968643
2918051675
3239624455
460448302
3322441263
197840943
3322489871
3322446861
3243452551
3241916953
2559120257
17589063
120847719
3322455171
3243909900
3221242346
238125609
3193919777
3322482915
3011313690
1557706908
3322498437
3244033735
3322611154
3322613398
99257093
3301024895
2319560335
2975649226
214095297
786766700
19667145
2904012451
270197517
3168588354
567672908
258831920
178038503
428659012
821847536
3011231016
124248726
355604477
2777486856
744779017
34638946
377677134
3063868953
14713209
1598698987
2831564594
85765520
1887280309
3118790484
2647707602
29717862
3159273985
116879740
1169087184
2561088013
1388239087
40847455
3044631951
3119631678
3243961650
3310945168
2941901
3236998890
3322598332
3042757813
34511679
3244061695
239380215
2668834745
3007342003
3322639727
2977830621
3244043216
3322648325
3243516638
271512079
2665514754
3322607319
3322610391
19872913
3322725280
1429346606
3322731394
2886628511
3244000890
159476093
3244102477
2494388989
11603642
3193037206
26280189
406296966
1173243583
2495595174
1406540840
3115656765
157704139
2764194876
3164759947
3133031
1252718744
3075514467
178948597
3020272996
15927872
14513608
2435787696
2893114146
2667082196
35015523
98328612
2964618809
408823756
394059000
2989383910
3033829189
718749780
242460248
96809287
192082858
3065851085
1285211450
115751765
2167202316
3322636977
3322691441
3318863289
3244021770
3317367279
1901127630
3244023420
3322774768
3322683153
3232432927
3322562056
2321142360
2407337905
3180926054
3322811980
2481868460
422911525
3322829470
3071999233
3244053414
250008406
236440079
40183769
230903550
1344243432
125348354
384824365
606318142
827269981
20061288
2586055010
634755858
41337806
2468501719
3061961809
46695384
2777502390
21269964
209290871
14205490
2497388100
139538406
481503819
3140887819
353763139
2319345854
101956610
2490165774
3091930233
3015277702
2848576694
2917959747
3015877416
147475285
3322791983
342645049
3244030446
420311250
3322772169
3244138112
3322609990
3322848473
3244179871
3242600221
1575277460
3322865986
3322923550
3322873733
3065977206
3322923892
3321225958
3322884593
3244204255
3240524594
3158079834
183240865
2270674606
351626425
3145368553
2971464595
2798243798
242457183
14136660
282961360
2199167142
403057684
44204852
16686601
507832167
22386954
1695010238
3044344741
465052791
3150208143
2763278404
3005064079
2312450480
71512077
18217811
914979684
252761068
65278254
3160332840
215348741
25566683
17746422
56687924
104629908
614944142
2783402267
2986964793
245121664
2846419303
3051474645
1022795814
3225381049
3278927199
2448615920
3322896987
3322940435
2608780541
2367056286
3247519169
449258118
64966955
3241839091
20439646
3001091598
3065911996
2970296214
43728638
3199113467
14286119
816612648
389164368
2857260507
1950317107
1320232608
512486614
3016164848
2336885989
239328891
3169209631
376353866
3076188114
41157208
2363037577
2883711359
1524761017
3198846717
109012885
283390450
3130740437
3076268479
3154769212
34106365
732013561
2634371750
60921062
1850422934
192080926
2950216229
3150009680
15912954
3244220066
2430761574
3243946994
3323054002
3244172574
3244172898
3244231976
3323057020
3323068006
2226553291
3239004140
2296726616
772368
3244222382
3323085934
3244185330
3322985001
3322993539
3323080816
3237060631
3319937728
3244296385
3244203222
3323113162
3323020653
69363611
3198380476
2920027085
14329203
2841326331
65801233
25419010
627955608
3062168155
3199580007
348095977
77664573
15228091
34225540
3071965230
1390862934
206025401
54618880
1288683445
3063817822
14858869
28347604
16346886
16221126
1135595564
417851416
64648960
2966879421
398956810
1298825900
85309641
2829934590
41058575
525226066
2816559841
3244208334
3244300867
52319803
3323031159
3244310395
3323139820
19059040
3322437969
3323056451
3323097863
3060187294
3244316407
3244326631
3244239396
3244245432
3244244652
3323168956
3323124335
3322657679
2952110576
3323134433
3323057769
1370111352
3322109709
3323183932
381647842
3181690233
2770387560
2572178120
290216175
3199996523
184951029
352971934
37493503
2828480624
27202261
2989595490
3170095346
3177330843
3158501910
1870977326
883968780
3046578278
23088382
633669843
619146464
3022984182
489324863
2446718334
2295946416
1327218344
526099870
3123682515
3050241286
299610080
2707119259
3170388323
60360490
817636
3314060823
3243343230
331258917
29575406
395220723
3323168375
3323221762
3244328162
2695560264
1342059114
2964647037
3244397359
3323178867
3244294110
2713649800
3244310124
3323189697
3244363688
3323293882
3244406923
3244363646
3323310844
3323259671
3244419577
2973217294
2556688484
3226794529
223708773
427567796
2270236825
2475520224
38949019
3180801039
2862613996
174662527
952632404
7990152
79730794
2387992356
886355772
3134066987
304513643
3200448532
858677202
2842593337
474741556
20272197
407010321
79000634
16650819
2999886705
403512675
2475612158
857836572
2797641187
40036399
3115722535
14093050
122338407
3170595276
753328310
2585009305
3200058184
3323260355
3280914406
493730420
2977434143
1026293911
47423884
3243917082
3244440595
1496986052
3323259723
1247529536
3028217737
3050276714
1498654909
3323388496
2157013591
401055900
94313558
3323319963
3323327067
3244471891
3323044581
3323385251
3104531474
3081135936
1338924097
57578218
35324444
117097975
2890640906
2820097405
1060857456
61259122
3130342016
159485161
3192533465
754272146
540242211
3081574449
36909725
3159734066
2868964935
28252647
19705270
3201181924
3201163673
2905493130
2572028299
2381313776
2881541470
24586843
191866901
3194335858
250677448
245975884
2537757110
55651936
81665240
3056014015
2273942713
3323389858
3323402501
3234110166
3244393896
2264316751
2193223539
3244452260
3244399266
3323377911
86716225
2999001907
3323389539
1191641976
3244500217
1066768357
307385688
3323398359
370365295
3244483021
3244414770
123565209
2426304594
3201403245
3201490115
1184430097
39377011
384503305
2711280168
3105225064
3169127284
2904986085
108296764
250882217
3031490490
3168575943
1680069493
110354641
30418656
29217394
2678639133
15008367
3201134219
2312568092
22135980
3115951539
1810292720
1320537313
2828789520
489795346
3181636270
284006455
3180485529
94722577
3148566777
188357832
3237786774
3244510087
3323531812
3244074613
3244406022
42259140
3323544388
54073091
3323454687
3244523593
44575632
3323505143
3244433016
3323563048
3323563282
3317446793
846912216
509634808
2495384645
20191461
286356646
317829231
3187536371
21293560
61673590
114746665
1368432745
625835705
3073562685
3166150676
142487496
25492496
25276807
15138680
42952354
3171214273
2264466776
3121131935
128885886
2798455999
303962391
276290577
2274663336
1038455856
1589097390
313881230
1362464928
3042477717
1106875088
17141151
80831049
173575829
3124841955
2782307159
2465999381
2975817924
3323509641
230722998
3323617534
3323620432
3224601469
18754244
231637900
3244551259
43766714
1587077558
3244518704
3244465500
3244465266
3244523084
3323574651
2722836303
3244567357
569776343
3202166302
350301001
280244353
557170346
3120314621
2860815264
41978994
88894779
52874338
317864291
3122590869
3145070991
2857974106
2450472715
466959714
3062151
576684383
929856385
33216089
66587032
3171519914
346402406
25349087
3166333286
1311875396
314749102
75731426
21055033
3196219679
15802818
153303028
3168388297
803933
3203816673
3323694100
3321055559
3244531778
3183326397
821519328
3244523414
3323553340
2543111572
3323664611
3323626893
3323672273
18472231
2326886880
3323646921
3323647299
3323749468
3244547528
3323703209
3323647965
2861102436
3323756302
3053757765
3244499790
24887060
3169912599
148703730
3005687819
334803190
89835453
1299127118
267793199
3168097735
3051176817
80413939
16409147
9891522
158742936
1850769853
154950149
1061394276
631258207
3166319827
519873481
2972609021
16664819
3171896329
3060737468
53008811
2352775141
3171725598
71047240
3171865874
2859916951
3170243763
14303855
3089298569
426016648
2628072573
376178128
3323730827
3033321203
3244506978
3244525226
3244602835
3304913817
1591570909
36621442
2857541969
3244600909
3323823760
29272615
2418666512
3244577234
2331493542
3323844280
2185031334
3295923058
3244520898
3323858086
3244588946
3323801602
3244534068
3244594868
3323820233
3323895496
3323794205
3323804721
78623171
366780384
13156622
105405257
3193437231
2760237170
2989619819
2534562534
364935034
1573653493
1292671933
95607035
44484881
989411628
2350417716
149182554
722337734
86993777
1124574102
14858128
219426753
220829978
16468221
45292185
86136328
1083650642
97232573
16038728
2511473510
2174662960
2856385655
82168469
428447172
1927792590
3323804787
2920013839
3244554624
3323816997
3323864585
473439271
201748563
115092017
3323864099
326597147
3244625732
55959054
3323906987
3323906495
3019071355
2927190169
3323918315
3323915735
2383991887
3087437914
3303321729
3241103258
3323944559
595985017
3244650032
1551443556
3138812281
3013598329
2369658666
41376035
513479046
257022688
30896727
3166685507
3172058018
924511784
521816704
3001612776
945540668
446923122
53489202
11618232
152241649
3110771782
112761154
50597931
1713119503
83307825
3131619527
842795971
3131029928
326477239
2821706407
121937514
1890797269
41172339
3145634068
2721264822
3172123116
3065397596
3324002830
3323948615
3218652756
3244114928
749785718
2335374590
3180071743
3324041638
3323991101
3324025438
3323955309
3306654478
3244685156
3324016829
3154050416
3324017945
2249286584
26959800
3324088726
1564302343
1091994800
3324050777
142781281
14293450
22195965
1312401260
376897445
19198700
971325319
2150578241
132696477
3190641220
21321796
124059687
920393460
14210471
3050361598
37957273
2313001190
1109638910
287617086
1572988692
3098481822
3115316998
2529328251
3171365658
40245737
305146054
3015865218
17221539
2435633228
21967209
32428328
3107344142
2928014907
3014866715
17759600
2757971937
3244651932
3324045851
3244739467
2286997296
2881400455
3243522404
3244760863
3244765453
3244609224
3324049647
2844891074
3244697377
3324147016
3244593074
65922865
3244751984
3099184485
3241283006
3244704852
3244710222
3244788661
3236025301
1305456686
3244817947
2471729917
1531136018
2214526442
3205018019
57602201
1452073122
1373105712
23065591
3140457633
26085251
3118034959
357654972
404624889
2307656165
2523486066
93033971
18658054
240073445
3010981815
15997531
159319149
1061240372
2836408425
203680448
2733460201
2919929612
450862735
3122685548
3150183916
386891121
422945814
309412526
2352290426
2353606622
3019566022
3180118284
3324131991
3172412827
3324182177
1591921164
1705073234
1051555758
3244741074
3244796948
3324151629
3065213610
3324203915
405448750
3244808432
1231546244
355273285
3324233309
1021411111
3324192693
3244696094
2954371010
366439635
356247340
3206820598
123060511
3024969986
463946127
258369861
2600477870
85666223
3204828815
1307948767
3206897441
193426806
179672450
45319204
106544374
2738219366
3207050458
28322593
3112137105
769108380
1166601403
3154340175
3120197703
436646868
3141282110
919942471
187026642
206956574
95982955
24447634
60080711
3198807465
3143762259
2809445728
3244781286
287296013
459711214
2661596897
3060119208
3244813206
2984306576
3233527236
3324250911
306930864
1532073492
3324392254
2865855493
3145130323
3324294747
3324299319
3135660532
3224581236
2843018131
3152179050
1378870651
1136389734
3244860606
3324333621
3244956535
3324430030
51368273
466877594
3079831249
368821341
3026982159
12326682
103037383
3200053774
295562121
14050250
3140994840
1561823648
2175038147
14849311
2337485499
31096519
2735049361
17795980
2999514674
3163584960
3004504927
325484371
3189017087
32351196
29953973
461741892
1693444302
2327559847
19645439
232971188
2997134413
592617046
3083903139
243660064
194905197
3201436107
3324384185
3244845534
3324440926
2981430111
3324362499
3323680715
3244986301
3323930493
3302322718
1371217777
3324406671
3324457913
3244963964
3244910328
2225721829
3324526888
71185991
3245009101
3323491090
3304864978
2740265317
1291899553
2498250086
109486944
113386253
132021104
333837119
2732050417
15760783
3003905399
3164557478
636979379
57713309
29467848
50263736
34703873
464521081
3173649126
21067833
347399837
298123042
964070479
284213850
805504196
66836994
2827047008
849358704
15672663
3003876651
22082492
1581479792
3166485116
1674318860
3111033598
39110511
165657671
3317508615
3244986728
3245026927
3245030905
3324460281
3235956930
16611796
440099806
3324577594
267869409
2209686339
3244956666
828536702
1338915775
2955245633
3324552329
2251187937
432727193
3245061061
3324571037
2988367899
3245030750
3245066629
3221807940
3307346529
3231433135
1640239291
222223513
2293064354
18691731
302146843
26410482
223368412
2283127086
1386286244
2981621526
3102088087
178966583
3024352285
2422540296
2508251356
75864631
389218572
3206316683
288116500
2279194296
864930362
863725675
47552905
762629947
1965948566
2258097501
196941645
1687177795
306077625
1449148154
2191955910
3033764656
3118347243
97608226
2152587224
595022646
575410471
2667888488
1572662420
1445171431
224910171
1433994710
235842471
475456840
3375320572
215362644
42566224
2230324225
2467214520
3375535803
3375549987
169604058
16415546
69914357
1202769337
489065496
2991306367
307008256
391436457
253720743
3346812286
368231469
132952704
223039712
15108801
44833168
3239139106
188080532
265182832
3280104535
1617891518
3268496857
167278656
217663129
1066529623
3275075935
412156734
2800430780
264153913
162437804
2445878701
1670095975
112364193
1061225234
374511123
266507146
48699398
3224744707
3041829739
70430013
1419037717
3377219230
2959943585
3188676007
2586529135
56428052
119829382
78994592
3238149355
249100976
217889736
1882357488
113152302
3353304353
41805140
3377689528
75956510
370733192
52391825
481605451
3196817515
3377829592
3281011783
3077885139
3137602532
277951465
3134427309
418324315
3045306605
84708728
1538041862
2325165709
3374792159
355701905
3110452333
130481969
2445153331
498925197
2830123862
3108157410
25990927
223981400
2355334699
2898606468
2816577612
15952344
463939224
5531162
3008561073
3281716921
17993
130832822
359093088
3281726978
334168761
2493536191
2741886297
44786186
3379180498
975664237
2617477592
3379484464
230218871
3007884862
15981432
2992873959
115725666
235742412
3379730651
3214082129
3282045157
174955825
2628652822
3375327545
500903399
87272443
97380871
299886613
3169777035
3223987938
3261856596
2746748817
2325069456
101928156
3261570133
37063596
206601772
17799775
612305356
3299898423
2425106034
1199927671
994885057
2196099781
2726477973
95940338
331389566
203863677
2371035066
281012840
1622601642
3336861346
379986363
150985520
3336933815
1426194444
2890834465
303594953
156833595
3105034053
2801946730
3373961751
2739283063
331631952
229216948
354910548
3315770524
166303751
2669931534
573691393
773609720
72584867
2607834020
2918719989
311664727
2563856359
22148079
362952781
22934332
40129348
2953327864
3279531416
3375612587
337769692
293614643
2832698194
533276402
2424592443
3375763427
1935978414
1520143784
994125625
28416537
3146504234
40160595
631733267
44294809
465951852
2555826361
238390684
3366048742
3220925742
3262993968
97926273
366912232
3277003136
3279776100
178068462
1490566591
173969801
3115441278
263114555
3321511413
3086159597
3155185424
1306145779
3367521447
15324131
3367950993
3279849174
2944531
3197427185
3376375569
3371821289
3276635166
3269393588
133926036
2577371018
3337600931
133799334
191269022
3247437229
3280055288
3280096393
3348737140
3117855268
562335902
131475757
2765610205
3276749732
2884562145
1216125972
2735141645
3154271677
325583732
3044629233
1721136696
3159295513
3376791701
242914557
1157648454
3349097908
122672953
3376843577
3280298491
2487311209
439115178
2180362304
1482224582
2280660613
2904988992
2325340434
2793870532
295033793
228656619
18743260
1561182607
3280294214
3280273728
82623048
963055802
387618496
30414356
20706241
2899639388
1960475023
547553469
516661008
966396938
3221325240
872850518
2836983955
3358312379
3376980393
261864009
19995430
74789590
133203429
2757356198
300101709
842975442
1544089513
3093644861
209896973
2845561503
3141183821
137782422
159918821
3346776567
3297338775
110824551
2575145632
187794187
117028625
3365496389
2856967657
2172629019
3302846847
2811017433
3280771351
127108685
1183169646
1634239256
2767878040
2644487275
349683962
39391231
2147712428
3038777930
542107405
95042864
19529292
3295541765
2355030146
2730476502
2368628198
82235809
1126367887
3300710001
2914136985
1529852652
3331714395
2539462752
341747326
79747494
466018239
127283974
196479224
549847591
2985842039
229942708
2437525885
3352932047
3377731731
3280965452
1202515466
3329200390
108343117
3245735821
63766912
2568385406
3252878896
3241850086
763800486
3341942097
2478331322
3307255301
3255174798
305726849
3378077913
41160420
2597161688
567839716
2844624869
616605802
2566101679
1145245740
555547241
2258949806
1075561928
92580092
67495089
3334813499
346908191
2895959819
65232726
2495501171
860062184
36684167
3281267629
3187105740
3367818471
222724890
3378397791
215711626
2431789620
3235965057
13783242
3331959754
151144001
3200947768
2902627958
306618160
795942570
139747769
189776523
629893393
551795803
3305389276
61011524
392833264
3338898016
2874814516
3351529432
3226283882
2176811917
312729656
2541034892
3185156969
289176806
2182618920
58264531
505041557
443840042
3378609227
3378677032
452239125
15076583
3291029133
1176260629
2761656947
2464298918
3342915749
413690564
3002831895
20386233
3253744460
3167350403
741362305
312174466
328599500
57744973
186167473
2563748017
129201798
19683676
2151261441
2234305914
3372981239
2968065905
21285604
3312558219
55012622
49144159
159753446
2392562743
3342774688
381579284
377635912
1591018723
23071068
3234794412
224710144
381675836
3322294997
3135134644
991063610
145254807
378268306
829551752
3254951168
789520878
3279895404
2742213535
3278840569
2443305524
3247727077
2986453903
2203601845
1030843848
3275698909
2436787993
492890318
3248236987
59117425
3156982363
860612748
25026032
330509973
483513096
2791390295
3379455580
530909195
3067705990
1244003833
24783486
3372633885
289080279
3334422789
253541058
3281884160
38574266
319827573
179245653
228462983
1249823287
311040697
1393669872
70031115
813022099
3379035195
235460634
3221710051
2933703811
3279680762
3377952130
280853897
3282015002
2178430621
3231173851
42633369
42217478
2408260429
1587862057
3281973726
3281055146
3237868176
393027491
3336740937
2471218339
3375953734
3296913837
32552821
16726539
1560289182
1024598382
1106290406
1738247186
375610773
2470486063
78895525
175414706
193230891
549097456
224709140
2827874930
90598880
14324559
