1183020330
26589987
624307514
3011857951
2434675879
2640348769
2304537950
2923296332
433792315
491401602
3301055757
2302134816
2848919816
1128075277
2827136088
2388210806
2393310205
2990729241
60229149
16794949
43947294
3193592186
74677491
2279098645
3369631679
2373596067
3057326039
19479487
341921682
2372501918
115580069
2927016225
138182116
996208081
3264822228
14513154
362466134
3312159769
24926339
18568117
1383097530
32257770
1056469927
2363575506
2149300830
78140378
614359449
2973412923
15297452
544686866
248453867
2364648582
60784269
2157791080
37191301
461671397
27968183
3318394955
21581475
2699057586
84337036
280577581
3033164298
2596744999
18772468
34691316
90649593
963480595
66930495
2832653153
151079919
40155853
55712033
838782120
31014746
90956199
3019717827
491631817
14304714
3305603403
17071358
171841587
2589726157
388568597
38984632
21304054
34613888
35789477
190032317
1355223600
2518878638
2602104685
16828823
17365373
449066335
2627409145
3154272403
33750798
61517596
62876780
106769801
1076628936
555129041
1708821780
499202239
2321535938
1284851870
190688122
42500897
1442766126
166200173
831143281
3024405150
581164051
3104705183
73185158
460848738
2559111110
1617731563
640893
2468304247
498468782
2991022632
1349071332
3074659090
3066886655
369820241
607118785
967462280
42562446
37730129
2691811702
335287791
114334684
1239613723
961861374
489793367
2277226912
37155100
11347952
2721929333
27857455
431057501
234086030
44683301
2608399266
2911346284
281800967
130188063
952299090
17447634
97157596
123415966
2974962329
134588802
40115757
34726326
2310147836
2465069684
415605847
139550237
491719838
17757005
2948859273
32143539
586151022
271488542
317311515
96143398
294535183
1470712969
352623863
602188858
485215391
2940208568
2929729318
249379601
2382538321
33874055
900538590
30935785
204938747
101107997
2915513715
18962646
183711447
31126587
2484536118
252722806
1454950465
1225604022
118845216
2409263132
2900876004
1613034002
2901849316
26581267
19999714
2891248933
319122139
435173631
14592586
2889111332
456257359
2535257420
2729846088
2844585363
2544223465
206522381
2319105211
1202033696
716190008
2316799855
2483010143
25916881
22047070
280126841
115557718
405987786
2812073995
1671824342
70865433
2612733054
728523427
51517262
729051824
66756794
48055615
29047682
913679977
1873568736
2385638532
363616374
32143326
280829601
22970145
46032859
890891
2302468187
204349049
23562007
127550240
138463658
1853114688
2705469404
16148677
2591698982
1679706217
467853503
78466041
595667888
27291058
2688946674
167976413
519917075
348166474
2507840838
24026381
899542086
244769824
2329168248
35993625
2527828914
17023392
18513095
963626000
48240574
167213325
30103418
424535579
2614842918
2245446520
457878277
2460604374
2371189538
26559909
1910364390
2313899726
2205848491
552205232
195801023
18161855
932015076
8271292
374237792
2336180052
2295249962
628950677
968650362
2551054602
43955682
2565517003
105807388
1643594473
565589258
205837842
474607838
17466994
433434788
1861251289
366258038
36148864
18991108
1832775446
172088253
375823081
800715020
18248809
1260430568
18589998
93766063
465967911
24537008
107464341
2490672469
1906116211
523251938
231852779
18247062
19395857
2450439001
2488290029
423527950
421305695
2463484638
234468548
157089828
2325941522
141350942
1677033619
2489890852
236558989
18313897
724545037
20022678
389094655
208155240
598686025
855552331
129665772
899011268
40693712
331028550
381134843
1464858176
169283462
890258484
105017090
253115222
380163715
494140744
44945327
23015825
2334875745
35755356
35780175
35761281
35811538
35809525
516839893
402880836
109605679
2424992416
911319404
579498106
171635325
7979672
319304515
400214000
2353271330
247008669
1088117978
22195441
600223431
31630805
192758907
1223090077
1611699703
512723328
14098862
1392956425
33906521
21901680
1534167900
20917365
202396203
263846353
1372853570
237018282
113712551
257781994
234823886
45468295
1961561966
1935215810
1107923035
91479145
2332108454
180045208
1061658181
244912296
858798594
1722902520
25816369
390520546
1938895280
14869587
106233048
318091093
1058431974
1969292083
45584066
28406235
2234681443
55210694
2304017702
1323507668
44965643
2295011054
93755660
46814456
29992742
1726291771
1281797755
2237908740
409468260
422287477
860502541
18691328
773944860
147570009
44824928
41839664
1957024358
325776508
2255182597
2247635316
379367193
2187744057
23973831
509518811
566019038
1849068120
1324942015
965780071
632312542
2285981114
279160549
41591898
151115182
200585325
321730816
63593786
582107193
1382440478
293730325
2255570024
302868182
43343869
2252396706
51850859
56443153
66356704
5920532
147812313
16032925
196406507
999689012
533408527
2243125614
1660979400
52267252
1858103305
1397342508
2214160084
375266631
42805150
309844658
608000855
428655078
15551300
459750776
14813813
7573792
202416362
203052745
18134913
55245946
558995706
552375427
86165885
833349043
16989178
57540487
243304433
20713061
396593637
18168068
551471153
117786848
21315697
491828446
338758785
42720695
1126806240
65448844
1219761439
19310250
111778335
483177474
1375899518
74469703
252723926
28171178
529562425
47622780
92352691
23022687
130600206
134614789
65187632
418067914
1284646842
393068946
156685837
767906634
709104001
68988251
236870802
582254173
52407922
1685973428
256697644
213165483
491836801
1876541868
262629034
1334339822
24358852
105918632
63615723
455869849
14842061
521649556
466864852
15770447
20105140
348559702
357698960
16145103
22055226
263292446
787823042
118401061
295747130
1551495055
1870327381
524905574
26487169
281610530
25121410
987862452
1655877529
540187387
21354868
1710345565
56562803
1378528580
1675907197
114918685
77381786
177072671
208332407
11258582
279705611
8944612
16375531
212961126
200475524
467940184
74258612
17162831
1610740693
39399066
863405858
32078122
101856004
849994220
38161424
15714682
1636220004
42084906
273469190
272022357
63229586
1583526884
1589145391
24451267
1544082290
396143579
329414795
415745999
136854509
16030735
28569546
1583559176
1181206123
1566174866
24937162
32536026
248760545
36392778
78523300
89292782
1428219750
113669611
29050245
183522410
113450686
20748745
244169722
509076966
224798393
1493901511
1793081
1112997350
20692367
20595832
138562449
260749633
332591502
760013964
858415148
14807546
43721097
32897787
183732016
368977124
19154824
29534841
26559586
1112608868
437700198
60866477
41441075
71022075
21014439
16257130
280704663
64453098
216765454
37170787
1560643568
69666298
37556811
569322806
554425115
1377224900
819954614
43334945
142837661
73245742
21111098
1117210454
618141780
316781372
59542620
524758496
529633403
224741569
106287392
343105430
240402787
566957520
54318339
19460690
820255974
304750149
361997814
93683105
281278793
807842274
516327562
44287206
831588692
122731004
24752003
20934272
19353402
17091571
415325078
573056468
17197806
277671395
36569036
620298978
233768663
394078615
802999980
88784440
301251379
214997626
1074480192
321736346
391723086
1431472327
888867654
612952676
311658544
342687023
84681236
179985185
407117130
1057255670
29458079
257163808
15931637
29332501
21233676
1397930605
203226736
370868721
21218367
20552162
1183343564
249974958
32150862
300011126
154150261
480110352
220048775
22736710
430344908
24066603
944019272
70468535
634998329
26134740
33662191
41191289
46318078
846626239
145107843
913639039
138166066
215860662
303240002
1123754520
34609299
18460612
16227374
80062965
20823648
19625768
16112278
382188294
75266034
146938226
18098313
14440142
16953081
81172502
24339716
15893379
28382729
15184249
590087328
176663691
335725885
36134041
740010194
108668721
314085645
133115088
111409543
1099717411
16423253
178086716
34505339
117640526
1365614587
107283918
21010214
472872558
233638131
588983351
252079819
24340860
1096924819
783763632
1306145564
1349447202
62511148
1115127925
38875006
530901356
546820808
92640346
1152279248
132611730
326953842
85294914
48507621
531565748
495124607
119148936
589296284
1173288744
128606029
240412592
507842355
277616831
1164038592
289754247
364970961
531475556
185684899
36139166
1013399341
19032103
433488317
85912337
1199324294
78446776
253103576
96365384
462560281
1115922600
32094574
16743021
622055004
27909084
39801131
287407881
254085325
339143341
745819562
503217305
268116640
336071389
498472095
331209319
23016395
158147209
519959889
118739821
28574769
246323183
875771341
512820440
1038293940
544259933
1222699411
23156732
87874905
494576934
203266852
15936009
376491540
33590096
119957711
1225975333
612756797
719128153
17078632
26007752
39295587
52430791
939488731
1180379185
85732758
209099735
348068215
360999833
608499479
352305820
533466695
85917567
17879692
67974410
593037338
84708354
521321191
122167306
57447904
472169572
794043440
519555316
187928075
75270361
17199139
69057038
27748700
305085401
75574900
75572695
633988044
475164126
30278995
22269582
205444070
20709304
34617274
167080088
20291907
17475575
177772435
294368726
46845229
288759735
16228408
516362890
334247657
19994074
147625714
495699286
28783002
69641396
177019667
44611638
45445747
190905427
35474809
86364947
484965883
47975734
388555493
79190576
50532092
596551178
198511253
219703427
16753884
16612865
19596075
14730894
118756393
498979713
48445000
713495576
18845686
44958738
227446030
41358788
974872416
227830228
21202729
31540671
244212675
102407872
71940894
29246728
319064595
218023318
26981013
21839775
467999042
56120910
271115254
16906785
989435262
69773058
190758544
138134695
107498032
1065045584
69489099
266063982
18906561
77097930
121877952
25117278
19406043
269606470
16032407
238842657
1081345285
21672027
42813442
363408902
107650154
97274778
21207762
213431432
63766655
249959812
17995040
1038281677
106845822
423681536
34109146
995589925
331199197
23435372
19264279
486367936
44951059
98721900
181993126
517964938
84958473
214224436
30977226
170021040
301112153
28614262
23484039
28195764
451586190
94793228
588469818
65744750
270412323
58204524
48459553
84507232
793841827
36105669
587567285
25101996
637424943
634111585
897947797
956893724
130039064
130070903
593212108
592434464
59790652
526586003
221898261
39262155
130189526
129928638
129956753
130196334
130074681
360733739
157536712
129906181
161919221
162204948
129909210
130040677
174423467
125465697
129951156
335971075
558591561
54622492
25389599
308264941
28482925
312362315
20561151
98932426
19134878
351614867
191228496
30877701
15147008
275451635
601247231
18142783
487606204
191543376
803761884
335047977
30007179
49623914
16097702
739233456
763971703
269927781
326510820
25998954
291816723
105248359
185868832
537340022
180083636
106428624
293755924
18805644
120825412
23492901
14177051
456687233
62966902
19400611
22017602
18916432
68739089
333070729
22267198
36968838
18958999
72309720
64736207
103691667
997679491
28406157
151933315
1014767509
41910099
227521202
28096685
31394520
55276103
245514688
42992747
18216752
44401911
874916178
35027698
40250142
20479493
111704438
268553103
15976697
41196219
20406618
47475621
156012476
294728278
40116885
46176168
435978700
989615364
22516671
272395158
21067236
15017311
35372631
580499373
79633819
593163016
615443591
320754780
363400113
19926983
180915603
561128153
309676778
4276531
908793540
237348797
531637764
707704106
387979082
327854620
370458410
15876379
188767708
27676828
28423263
22509548
324230103
19599446
244368081
131948686
111795157
389001032
18251213
148246630
144925401
371226442
27441005
57338175
31514451
117719204
59037337
706088010
57422635
17454769
831622650
482648147
801228949
26072066
25924603
48343034
613280089
919613923
818776159
16570573
221762308
16232080
156743639
257140075
145746250
576559070
370873114
67716150
67460872
526649398
347759070
70127109
132239948
553876304
90252949
15079315
17815082
71797225
24011365
71281897
143948513
43680511
972524046
567523972
26132246
230338297
170424259
5577902
20546536
37697834
16082094
22515362
28636869
17950422
85736364
20476979
7228682
184074288
107125748
326377159
78997141
189671070
21434408
40101565
29770713
481627554
113438519
44282719
18318911
57100687
19509884
20943070
22914905
102488708
17061263
72369828
242770475
16043308
46002396
32927258
10774652
18280993
40923070
15416505
3135241
93241358
86177206
240393970
91478624
7039122
65493023
213795411
28587919
49279876
30354500
82939484
74791999
226253322
24580952
14266181
260337260
432146658
300965646
305133386
130997057
27311044
50055701
217543151
15513604
19878055
156703580
500304202
246988764
135108504
36114446
7439692
241271737
122226401
38002432
36845724
110835748
45591468
251489444
22932526
299373263
42757550
115597898
350508156
171684038
512613427
23348749
91208190
464139346
471053592
58669256
71023061
197496309
571371777
548887582
85834204
19397214
544473754
271150932
221149535
90959399
183370313
52838588
76901771
23157279
300253369
122469188
19417492
230797985
25822012
64411570
16533116
32413955
325687450
89023284
34722669
369106718
342814879
492771309
439491300
342165503
268985867
34989477
35333347
34752870
19601395
32501698
156798981
68441962
48849410
339085166
41509142
252734049
22517990
225072440
25330246
35936474
602326074
441951136
16023029
21335124
46195370
457929672
36295355
325497347
48355658
372462380
148792218
233825780
308551490
301498023
109014898
936826928
158815651
20078398
102462054
18850586
404865489
14433891
237822256
95176766
212454201
156394365
37666984
21313053
201389881
91882544
56338089
57044006
270920024
158016884
24425340
39503145
479621490
483970346
95251230
185385165
539371109
38255477
32127835
26515347
138804063
323903033
25419884
27116933
22184081
234521957
26315586
212075286
270949258
37941938
714438498
188575356
54083366
55727971
212286801
244207063
274654383
19405487
42673970
36679806
422068543
569419952
174294407
179374724
22097670
297139633
23574106
427894855
55933483
17908195
41217192
26578816
28349128
29443354
153118706
219243547
223008427
20463402
44916607
96355458
198587616
809428885
21311294
308778954
22228996
44233988
2480891
256559464
32073913
109004666
153110023
24926933
216825808
364054791
22502646
53132441
459510609
240298061
349993647
367500727
24749010
28166436
346940307
339946047
47848627
15931654
53165342
26020313
104633982
25355724
519916582
247723476
885149478
35028566
85961526
30280952
286847694
96497966
18774567
25071487
16880017
134600833
58547752
354604673
36697854
734975570
129193152
24554234
457984599
39137905
159523955
57428429
36082429
412682869
14669951
29216764
10168082
4923811
479947682
43919633
38495835
50769180
30381228
40687298
78183672
19785801
23970102
18646108
25073877
23454773
548853089
186646579
232062748
218349448
145058884
299417311
33241224
460348821
569540227
23501022
326253259
54989273
17887763
18087749
46681100
158769098
16045956
19553409
263758909
18020081
47739450
384910109
15075999
3108351
234540332
14839147
22703645
17169855
30720072
71627462
16999112
2704951
41634520
15111011
580297806
141284131
15731751
132981804
305806679
33386818
45006808
19735580
45761857
14335880
18983793
112047805
9508922
41135782
242813383
66945745
231209943
369826046
620657261
437756641
18440721
75296671
255626761
38478154
472229702
77117012
240380466
309128312
744030799
540292972
287502089
269151092
20516068
24703447
63133026
160612460
16546044
51263592
297563617
293482180
88706045
534842435
175604590
373482470
20344118
25827016
14963032
33395719
24627889
25389194
45860781
82420429
232317107
44623496
29300352
185507487
335555024
19212622
68540316
52969775
246533164
144595613
426737151
26664274
790136510
32135704
48525320
52916881
526697132
27744185
431896694
23505298
130594732
26548841
36935647
179245596
342887079
75592272
40892016
31460725
127981953
150846769
438550809
360926956
76987599
257281635
142319564
43849351
525790064
601327196
265062844
223970563
111734160
105901883
197418586
42297347
537868113
52919286
123386549
21842357
323644494
233603286
166270127
497325390
126716505
237072181
28370738
21257006
27934142
32717570
345376239
27500565
109975247
25525239
177882435
247127794
319459265
78122166
259375460
88763317
298230179
488011724
15890094
49433960
177443718
167516260
16214870
36666490
26257166
20710218
188039706
91394809
369308392
31500241
365754025
2557521
108715350
733751245
8559342
160573068
26572383
70728069
73402979
105211981
15989384
1367531
22146985
14861108
52847728
26828234
195964116
32988140
23808686
21311706
17070013
14063612
14063426
131169196
