1456281277
1926023845
554558502
267406449
117128893
2472160849
3044565263
1886995458
77453645
626910042
1597849692
297338258
37238862
35108423
30017772
25969799
7563542
304854934
615495839
499590887
976593558
61210238
489374719
200425903
246764921
80668009
20839563
120227738
136364039
61172258
3920764398
359616627
614246029
21007846
6563602
11873432
38212717
8860212
183059389
2160968579
19436719
47151787
122650698
2171333902
422114984
27096905
875187438
396947901
45100496
2348819747
20279117
2569843521
36334118
240364967
135072225
3294212553
571989515
1275324774
101561070
173150937
22745646
41799497
1299561
2184298599
20870409
531346364
1953543865
5410882
365627981
282974671
513592407
28753531
20255610
2735332451
94139973
5402612
87818409
78874095
16869351
2229775704
20196266
3363812345
158879014
98012335
152776423
14369901
211875885
2629628787
33552794
371123110
2156549311
107943025
85976096
2967287384
360454490
979545181
20993729
392634267
91870534
1104507672
2785148757
20277023
2491487924
128216887
295067024
174987152
80802900
226195230
198584761
34736049
204268938
422934346
516436079
588618574
2258761044
1537128727
45186544
23516072
503581872
260381959
238287470
20345621
1134967730
190674658
428004928
1931914231
18939006
370555175
19490491
972733975
1024971930
2179499404
1022888078
209701146
134071313
2299669747
2392897422
1079236063
402953276
483232642
491569622
199673724
455500569
3436677424
21787650
185597746
161580500
19961822
2467551354
2335217159
146139473
2872791100
510969057
2335766641
3272986743
2723091793
538924043
1170181057
389549089
305198069
1601588042
82889940
20623852
412957360
311580724
170344766
20319795
1277282522
28404552
988876783
231928459
2241970584
2357835259
552274206
1198510885
278012566
700951202
79401897
289259421
2896841402
1043171376
32360913
138527399
2541948595
367360404
420335277
536490168
379197262
274163050
2304548662
184546533
422681893
394945640
267094769
780088472
133412154
23361345
364251202
978369085
613446992
2242597867
130108575
1296041077
611107931
317716023
206979770
143488243
830745734
2190479443
382896851
214504632
2788680075
1909005535
299245485
635552683
221300352
324296753
1898609706
525413854
993441456
1278982447
1072199983
998960096
36151227
133008883
910902397
2513441798
83902798
1071430922
89560712
458601788
1305643632
434441109
211986535
1863319938
244851651
79301650
83707317
482736776
1928456268
786798097
2864148958
129095158
2331870835
17241403
85813327
305588032
29447358
1093007138
159239036
84539939
543427947
467686434
37425420
21792690
104291353
377883260
2288627443
2905141041
26592252
50781408
1851523327
171000782
351576961
83906995
21528045
1485447024
83625926
996994538
206772422
1631561119
376699050
21445689
502038176
14138494
482068008
18341453
17098608
82591098
92386305
328125512
629585162
87903271
2781768989
2178765000
3214839662
158277502
35415477
39721282
19977259
408343183
20937146
46083619
7460872
398746460
282504743
282469837
2893493248
616951084
19481328
615513819
2438626843
40648992
26492874
823930544
237777449
2450894937
48672367
366242215
198259655
417391319
772097
49651634
44962017
6210422
147073424
575894779
48945530
391917708
25813214
774137
455723766
3119188648
2231218225
525700976
1975873308
136169487
187102103
1385041238
388837419
836119291
150159805
60699599
233113870
567377682
16361307
407920351
991712863
244984530
2347362873
2541225164
403488296
2965050507
873393330
79115808
2751527951
2497973402
144530413
2475817758
422031589
989586200
382766508
31385903
265306580
2865544553
1442240119
141263547
877994564
205528039
150036660
589375890
20881058
589911988
1670166325
264700818
316658396
2533189386
366283556
319836421
573569536
38127029
2849617575
397490403
292937354
241114330
191954076
54656671
1322178757
2228315785
1097992003
18699082
34858955
51557846
261813563
835377572
470399599
593914421
2199746825
536291447
1168304089
493870389
1235300358
79567470
500137121
238515963
444675356
25661431
2436029588
337149339
1638776448
35199423
165510762
52426895
175475048
300383228
232106695
3036280263
85666223
368535966
27322825
21560089
596904482
11937442
395555387
3117680849
73904357
90965117
86160648
114015711
579677522
26333385
588652233
709572865
386733236
248347495
803155470
445669722
310886253
307250960
166698354
491434895
22946377
817918164
1267433940
35795893
1267445762
216421721
1104718471
958509696
790072010
785371112
84842105
222547402
60399737
485171589
17850048
241179410
316054761
380909784
438419890
365480435
26928955
301469692
367628836
418240820
533583624
576047461
757850731
219749468
82697426
547662053
1001579532
1055231498
237904358
12127612
555314609
475156073
436964891
536138568
1482779239
104857104
27720982
420366322
30907078
182070441
106730860
628251837
20262258
78270645
20589345
221702605
185397767
56461930
220830660
272561168
1425392473
48203749
19824351
1669415892
179248364
1947465248
212859013
486504972
1293890515
373337919
17118713
253536357
397172428
1149102020
1583824903
67977976
586322651
243793138
77986647
895817023
30010175
952642273
925829526
957143875
246811252
291966211
1161332952
332106489
17851117
322641013
629554687
126288248
21024372
1161735547
1592713362
78586254
97292607
436655333
1390245986
962944632
46408217
527835895
291838882
114476497
471899622
140508287
1440515702
623881389
160573474
505772786
320879262
274620149
1723040989
993730692
311382372
470490145
1058745314
169999427
278936350
21129459
82342846
249674430
233624558
300309031
22145200
342121975
30331404
36022233
45336219
14906194
22487278
2337249888
428019827
54554478
63130652
632109907
167792017
591324048
217794998
1337472134
110272648
17194031
23309364
168737450
23329479
47298419
228784017
19684260
2309724198
481149748
2425750634
241065432
1545988158
329230281
2665198090
978428742
566618791
21125666
2979544732
48690203
194942733
231748175
978027703
562743021
19815171
1135376420
1740831469
37702831
398107992
577121538
597713047
809462749
1551440634
1346769776
11564602
31550041
282525422
431719804
19142553
475682061
425019040
29041227
1343895584
2772126602
2153218554
426837557
708534583
1289037060
2584318730
1265256882
318988824
53098058
53374143
24907913
99895700
553076604
19063034
1228647284
23602643
166152151
28074389
332819299
322743739
1710041041
518871721
2789580510
314483971
23094856
271852272
40025121
3084845377
2574487562
113695792
39797107
20990007
2275219722
240816009
17047502
398914015
107975735
424277262
983562338
331672974
224027358
947844295
299724138
180327352
185603644
3092798957
318973252
296392522
194763673
274504674
2483989365
16400734
84115312
416338360
2244998437
138462306
105165323
158755275
115097756
92640091
21862925
34940114
303820652
334679919
20551303
588999245
376740606
63289705
250717289
133236916
621563
325116618
143039548
57304101
365445527
250777659
29506948
3065991381
2002421
130135493
50612517
23068708
27443383
2371991468
225196043
1094790043
18779089
78554033
60861710
103595991
82960348
900201026
19760125
442092966
18973501
38379055
21856390
317405206
191372722
3012008427
833111766
84851618
2529929208
219040027
208996041
41098406
19088758
177118090
212298649
273890075
372222947
104190221
41144475
191822906
281005286
372284750
54284894
2611160760
9966442
6705042
