1485002750
3096637312
14946736
28249484
339769044
57682127
52264878
98738389
22730851
4116176236
301217997
2993341505
398705186
3975151702
191853210
82471974
134842982
633176940
406728105
3593162056
633835679
127624086
1596984109
39335829
178010110
59237642
62573068
487822622
3428745981
2983551623
3435683321
426766365
461706186
582219328
468494649
1876844384
1735888392
474573123
2765193117
583438815
162276382
2923384385
1352746950
36846393
22029226
1702886546
296928157
2780517945
347526521
238074336
36934184
331429018
2577178494
24521839
1478325254
443526683
198493197
3380203733
3359325880
386867882
47001602
153530433
48488561
1048740205
277198394
1319133157
2601575118
349416279
310553216
1626042241
135532124
130238521
46598192
434568798
105291083
191160453
337391040
220906766
22396689
531353756
618727322
48119894
869871668
265463752
309957644
376565163
274258771
66467378
578944115
796854236
1112252905
288528153
286760240
127993180
65210313
2833014018
375921232
216204292
437878433
19923144
1525350164
263959562
2223681568
551967821
248795646
319249761
497502081
498386179
760768255
860131686
454994010
58227377
18386021
2470080013
593849954
795063600
2683774852
796800326
46380444
21401231
274308144
73746135
67567084
1578004928
404882395
332369770
317919531
240523612
1506839210
311221132
23501022
814251638
62357558
269366361
568385665
83728966
3067368478
174284779
39573413
55632480
2429874758
627348347
2525338442
63751266
25171897
16987017
324595584
296821590
332602063
289677333
1504403665
1510297770
180644082
40975755
66036578
1694577061
1947249031
452392004
329292089
503425053
240746020
417902758
36814561
355762742
43367880
533136012
2518523720
3109237564
25846651
703783368
368944193
31278231
202416362
325852608
481480562
862304822
3071704331
135649762
2300765564
204459562
188978496
66792017
287497021
40949136
19546277
447612406
118861173
2957641761
2447718587
81904083
239641139
2254397996
294184571
342510902
586103388
93975591
38106001
2864727845
2169830713
2865423168
97904497
732011156
578628318
415605847
2420898127
2803868611
2788533457
365828979
446642677
16330790
25938355
18576537
403851897
1377290395
89626699
2635497912
48440047
53084728
329444304
138145412
528073066
190522387
89043072
41843811
2596938864
352550676
372955831
2344449133
369665143
299611633
282620047
345658343
2583468514
187922333
367877536
520769128
90406145
302675121
2249964344
314847250
469815378
347620963
176284443
227563160
134610787
459796550
361690496
2429635717
2187974522
329414795
601874415
383053228
37669435
40709264
17342842
2303751216
1149906290
575902679
60299806
326288713
449444795
1214098296
299503384
526957108
45241945
429416856
1586425070
26033091
50885824
355231223
53132226
1319363720
325955084
20950304
1104800682
1955115758
185529670
366832147
1912085275
305364412
358201125
370723081
304666802
305397345
978908012
555928038
998311147
1619417611
1397342508
291906777
512379558
12398782
253865970
1469989344
176909855
22066555
708179546
43823953
243448209
19252079
278784998
50684256
43641364
99394661
251738417
477396447
54424700
36208809
259436438
1260366252
1283583332
351847669
167895541
774296430
17491445
39215566
14778548
16983757
254769701
1060706064
473107116
40145028
613059255
336358144
5988062
288536362
45214000
534691099
434337098
17428419
868654430
191627701
19017659
752104970
1381911
17494046
217637843
15736476
253248439
1832181
464038880
381929035
137246641
32135704
13213122
799069758
187346610
19752348
139500360
18278257
18840896
146089754
21897334
705092732
607701050
14216123
708280064
278694321
86344052
807095
42303550
25019638
620643033
40324539
608762046
602786737
41540854
3108351
89572751
23378774
43399264
21841004
342715392
596997927
2774211
20884762
63859155
32709682
206472711
55424198
243311505
272048603
318664985
18262138
90959399
523903976
430186309
556109895
391528592
24277551
286925953
43581945
50756605
245514563
527199569
17998352
59037337
532401449
292747191
95251230
488011724
523895367
34386721
33133275
64004148
289518450
258408488
336896450
38694088
22870549
85605195
271170206
185399426
23126914
36229516
42987732
47243043
34930912
132022996
158748283
16862154
40927173
312862821
88763317
33929775
428333
37367512
50823706
414267666
368118810
50323173
22627458
20336399
23574106
70447611
308855524
84111551
402762392
150161692
48000256
19735580
331276280
395984059
393120842
101852687
127101031
257986577
382356245
17599264
24903274
38997960
16672159
23825053
32220077
300657392
40058329
341860818
20899023
25084916
247822944
40093646
332420025
314883690
125383306
21216141
23850184
318009278
39851368
17374972
227789583
16023029
200135367
16228398
22485284
33198437
39829893
38002432
85961526
119234601
96821645
43152605
24991819
310349938
310356345
33543626
74810198
310351276
39848056
302131531
34153150
48259875
135249573
20381971
22290224
27339985
54314485
40892016
108186684
150817004
241964676
51263592
297225235
264579442
32765534
