34367582
3771394213
2598880208
1398194666
3253626294
3046703763
3738561553
561802635
101264587
3514700840
3302862354
903377622
115109785
893856362
18247062
415732951
40630448
2208205189
4043851276
192402287
4140909373
118579444
21360280
2843901666
49217766
1852488133
143157367
289754247
176336596
3299793525
236487888
140233495
76966092
331983140
2994916294
3152765843
325005382
3792814767
3761322555
131262336
393469195
15917046
109634457
48567923
33014441
3218557654
2838268160
26652733
922144939
312887209
138463658
3329864860
2651716056
38691332
3436560916
3436459785
2527828914
478805119
45150041
208568172
1197908053
3130979555
495509842
3425314161
3119419168
565103969
23049758
173167923
1618641848
317234761
53210455
2495139440
14645160
490857705
3195794750
3010422596
315897680
70587127
3370854327
25692368
2771678740
96442308
16523924
68247622
948502490
1378240230
842580410
2451867288
83312898
71627462
90480218
3257948678
404780488
1601587044
237888723
398919818
3058772732
356678962
2400184374
564435747
277354109
339832905
30694631
19370031
79848384
15920162
2835754637
1884962527
2686780045
2287887180
2779857823
29120721
1717472887
24222640
21651982
1952726582
317222949
2821359468
2945820771
999453985
120181792
2927178451
237531093
3090092555
3104857745
3105930066
271710717
3241895495
499154896
2218423328
831729216
421983899
1180379185
28478793
491719838
69469543
292929271
102283681
44914646
2362831658
498381605
811477999
70156027
397416864
1917040818
1087810987
1406015426
3007928359
74014041
1723398499
183635792
2962595974
18946473
288859635
3065817013
3078369661
846152197
28873611
2716100047
2940767098
1433427858
532457531
32896052
289860450
215749355
3022045469
2880211960
17061263
634598384
212708176
24511803
2976043898
212097279
3011527066
3011543062
3004184403
2425815650
2996462212
2208198138
30739842
860200224
18004009
2918054983
2186062965
2749858280
562372370
20823571
19847005
364844072
297457814
1157143663
2869448858
2827109622
630645066
107562399
911688626
12506222
22461427
878890962
43418502
2997192263
2789153572
26200885
2559466280
272388054
44945327
242822343
15728098
21809256
2413485091
2953620381
2329236396
492637861
708522042
2858316326
1717464030
259059584
2599057032
312579203
564041346
551462946
2599444560
43395057
19136850
2462808887
872125404
2901245151
2483451386
2792409146
135789579
16864146
270365754
157161926
492991594
2718609396
21155483
902012588
88494677
616677817
139974630
186263863
28610770
444274499
2316003960
85985754
619299246
19336661
822663973
153047008
21484891
803775529
859406618
1915534530
2644482314
1493267851
711007148
18746811
28096105
1117997072
55074948
89269664
1407277784
64088396
56202097
307897027
1614546522
240107748
240112167
1280576138
1271007283
2693279949
856833674
1397674231
914478134
393190233
197845065
24935003
254777469
1345822466
807186013
913228118
14321517
129235890
2316246829
527516258
2901143012
408537934
1641614732
2616520477
26802755
1356992605
20215316
25291723
921292178
1183453399
2772021782
379962842
1542335869
2669657311
1759181
2511584504
113706106
1118454896
74912769
15219770
281551999
715044396
184153602
1040958458
39755667
534903573
2756620887
50669520
563948864
24593555
452946370
32305920
28407251
2586857546
2621191159
213823817
22268924
26545339
570854575
23330730
1669492729
2483010143
417268363
2522985073
70009161
21517782
423561145
501056025
15335534
100332944
874716110
22956220
39327538
338341096
84217658
2849307526
2851607014
351198392
838399572
91349952
2292488509
510245805
2209323169
114362106
2293954746
1201360904
558360059
15582188
393768350
349419581
15455893
48605417
18373162
585373512
403171779
2168995328
329628740
16038343
23283299
469381281
19515059
1849297728
292590965
974904397
169245808
114009456
16917736
2660345310
27091353
887905129
18144612
1653974461
14828860
15954472
140666664
930784507
2473416096
136432427
506529550
310354165
311048938
860613032
123905976
885721369
374710346
60310574
454513795
1970888900
469484420
97285407
43037025
293577666
85095538
18697728
342480796
91882544
2160101594
88168692
53544165
71518398
778506216
2734367325
312149882
101857419
509072423
111212517
46576295
2790740676
342894187
933693476
16113700
16314953
264325600
19211550
457984599
29281855
836451109
2393063119
313049114
23202843
343171266
2685901709
2235189276
2530528248
111178229
73774016
501672687
56803066
296704143
34328532
2429083328
1096901059
554080983
218669938
2723055533
2273785214
118065669
254732884
230859523
559866992
1548177055
193978434
51171395
24773493
386667988
49029763
913138123
18646108
1031612047
2437841200
55543113
277501298
885733974
185464131
863405239
188960287
701825647
469194846
193759500
294892027
534831016
118970228
136708051
2615814825
2535755010
2601870554
2591798060
2387265954
2669146427
30503160
2375559542
16992416
35039490
1689419970
567439059
181225508
2206117968
367705942
221634221
552708299
24333544
67362892
1516479518
104729117
995556506
2224194859
326639353
236541060
2323045039
35097545
96046850
2207780696
125471278
1957674949
409062401
166329578
329706765
16552921
115722328
100638300
14532503
36226639
1110687956
55874022
373419652
33079769
1012724688
2464978015
295171830
952112047
62708431
28578374
101395252
342821167
58710467
23010592
2486522667
169137868
112874216
22965071
38798938
1950219302
115679415
8115852
6724252
36529101
1662917528
2181121594
2334274885
22195441
2415070573
1523084330
1253750108
2233655412
373703200
16052860
44707136
229291732
129665772
288489092
1349866494
346652256
28211427
1492144213
208083510
1379288282
940368062
15920054
2217181338
1147086920
180039330
90310822
40407177
407579699
807903344
382157345
1335564913
2285524735
434449429
455764741
356285402
1712895234
1478411316
247723476
66732795
50774064
82113500
968308464
1372975219
2373121802
114859756
1398693264
14594862
16459554
1963954820
27943433
467296247
385118676
38007098
1910919804
1345591411
112562263
885571634
2348876166
316836681
846493376
922047901
341648046
718407421
10505322
14163748
1447482056
14163722
1556656363
1620539378
172840984
362890200
271401179
46633751
1673501449
202396203
2352456655
14457043
22087935
241342466
2157663212
885265748
190589983
75892358
27579091
1464874417
347627434
615869988
50012401
41280377
23354702
111987133
352225289
184239682
31603074
545377339
418830106
1650866107
861492331
60763202
705069115
253831875
2246341668
475811383
26860506
60142787
51738464
1370016014
27545443
1653621487
240736691
56141542
554335063
1797850818
703775046
527007725
1144352455
34927577
1065869268
1955132936
829735580
49964679
732980827
287357600
1937921250
464245176
47739450
30543835
42091611
14465607
50094643
24568660
60784269
36902756
18161620
291513513
754185648
352462668
1050992616
52944689
14964429
1150915164
1531527961
1541703288
62692433
139550237
339552778
117820895
583490818
235140283
188869825
45641358
21527658
39885951
601076863
121656624
417451460
126132546
11739322
1337864071
115218307
37409515
20443460
26344615
428081159
1080126301
1037571367
21142500
86177206
161903781
1835020626
61869192
18892099
147658452
2180277752
97383592
1954192566
90252949
22253744
28501330
26591324
605143070
569991546
223003520
823112684
44186262
50771088
16155881
410788286
41741734
842654094
1582853809
948218270
242618658
361859989
1904216179
1598502734
533262936
15551300
237348797
27479025
255773815
16306235
129019194
1666889358
636239122
629834583
23022687
128393253
78523300
605762052
1368575406
16425672
399985854
1610529055
1345702333
558810910
35041893
49920951
862516914
38107684
145735827
9909412
97132297
377105284
614646192
39278803
501709599
844238478
385585104
512446262
44364694
69370409
516759025
123134034
515597525
33611715
22957295
231259869
792854598
574639151
14308012
27487838
978908012
1511065117
349582502
260920107
429533485
567769553
399728721
608717802
241273903
6017542
143563139
492833134
47465591
299776583
56773228
24721342
5820642
24295482
18610043
30524827
145083191
575416414
17674486
195271137
189135890
29653923
907165158
15256077
15703541
993951462
748483628
954124423
138485782
1022481914
864819445
43906698
1033882896
111225697
1376536760
406616566
213320007
974183917
14593090
226675993
569915255
531291518
27193840
840305364
108085194
261074207
53664305
41772879
49135957
166270127
1152279248
48459553
631088485
44438692
778555261
18653708
42304448
1549211964
20865466
62815642
1092757885
329323059
47553531
578321883
1235386303
1009195424
18009781
17079284
137954423
379800937
311137675
783276926
1515026526
556070052
831209202
29327994
15473626
605027831
898212781
19017604
19091173
27131092
15611205
964729382
1373607012
132204038
239040499
17215933
801723252
96546283
318181127
465037324
13759822
26447410
53297881
309480442
44771937
234922535
21780977
104342107
24431556
52602742
20656966
1004626152
17971747
33345091
21343653
30040463
73816577
34698303
20336516
240393970
159598258
236682033
217543151
163491404
613288925
1074480192
518399661
413493599
59909115
182265955
11203972
792155928
566973108
351262776
940503344
190905427
455543642
10168082
260924112
323223149
1142505546
21032998
1225934070
10102272
469586568
34697704
792660210
607824849
228209696
111708715
47723728
440688620
498911171
14312655
17714851
61638411
38208178
17257931
323963398
78746288
67822771
246898347
399192605
387416970
97912404
70838833
233933230
562323802
599441886
422886592
20748745
32258396
1402695007
313120760
68212252
368545981
104072209
52559087
29458079
21829541
67198853
118752327
39959975
571846363
15976697
41806188
450033262
585460536
295283901
633007028
17190622
454651841
733814106
232663949
344408936
563362273
22540123
26900055
478923537
19202842
15978475
92298139
19521569
755780250
1054012999
494607890
250635872
566264563
231023430
325015863
19982260
72859427
308997977
54338361
1292208666
509094296
55418201
44966078
613027374
16639213
15958265
272956144
39680372
93500844
28162811
88071033
786333739
90379747
28768235
13396002
299869924
763498831
234989406
537591246
320027703
17757005
373776373
543373179
58653372
542903976
104874562
22770373
324602503
1316808992
580997146
168485883
34037679
138356549
279132601
348353647
570387863
277120302
22984882
41957116
95562040
263471041
126063703
719937601
25713562
17327882
297008041
73657657
90895234
335544497
352999575
82915010
588284432
27671624
30909846
352750154
1129426950
216881337
32693404
26034181
17726384
905374200
27903560
144527487
46204459
417227839
314287177
702947989
14519349
861266959
838157954
382049251
17064421
264268489
27804979
878662339
26246387
75736238
37661594
1052046588
826301749
420263792
43963632
589743866
21537009
16781837
324693875
29199144
222695674
465158270
14851290
531598198
80601437
231934375
17961649
43147980
40173703
198305999
158079035
14389132
829446506
134921669
770520350
92112392
615687834
323754244
149315713
466090255
378933826
376388082
107633302
360080281
1006905614
246104862
17957892
366819502
355630581
34867965
590320358
290894597
367141001
918143912
151405084
50210851
543434739
436218845
500101798
297769932
919490840
492279887
152043061
947817373
540100041
160358278
98158642
254222981
908749086
57497901
50683103
38923891
89297892
209307702
1086142638
618198491
847641643
232412669
277575748
27046785
21779975
70556788
624087848
413347462
548402548
588778634
14898452
555832700
89120565
569606994
821284784
73013623
42984864
608545431
347880438
41209211
707320968
836219738
769444350
1048565382
828786740
613232256
334984455
833806916
54604236
1007473392
825895597
631310817
257154524
402102629
56362103
939718562
94619416
275151435
51303797
568825492
868787785
971904896
501327362
19916238
783362552
407121865
473503981
15412070
942192349
953689166
200399477
917259978
247080090
44951059
360384902
520932812
518159107
45255976
117200024
472774776
947843994
253221414
257507286
44135635
16190478
547969112
565883475
130644112
561441494
363883148
861625476
474354093
457566485
415249936
707305604
19385204
23468661
472567003
805669518
885463688
115945502
96863785
17759437
806010806
937362823
21465147
18124830
73408582
823809320
853758350
792995834
34842246
33811812
273571845
409122325
256671170
53999460
31504040
33806114
74588888
933336938
36079719
50925084
780787512
359431269
421482987
27783848
245649240
367229049
898956228
235346006
840615943
612631878
863225215
608017960
545406298
378752562
152841214
832845870
345811633
200622707
127514875
53021040
89571948
29659393
536669592
261696961
22880767
27351329
15843988
572833668
768578881
206666658
629504748
626670392
520629841
488429196
812215376
759830371
108715765
588892663
841112216
14192558
53767939
829508341
550956798
38103536
406318336
50145787
252493784
461591956
495878363
603637239
825777060
95180720
127653155
167871020
400875961
743797964
250206266
791990515
17804976
631003166
357277497
97426977
64335872
582435261
177541779
310308834
347733142
57806204
452513697
318694675
603604024
51435629
65377772
257907504
55684105
18723725
36099272
503689377
198292079
405996524
157445370
399272514
564894822
152851563
604783952
348987018
146962133
547995195
25141551
729748290
458594582
453042366
462104542
67210906
484469369
163813431
627173614
268671359
28507287
438413601
277651636
88099730
36374979
733554175
211922013
564868973
26369937
39760366
60569464
404087976
35449071
46702103
349889579
42473442
28628850
22084427
546892476
630183466
567110582
772716530
604793430
549713687
566569333
341105694
42630582
40065003
116640503
48289820
735319333
384823132
158164974
52590811
177249313
101600515
48127457
320756339
619704867
93847964
82672159
185367589
17233536
636303971
363023195
573972193
164685475
225269697
52481257
334107456
130294479
17295837
17118279
64723403
491461409
34797429
403166926
248419585
23219652
503917772
287336295
174316096
225298709
61318348
123265079
620368410
369576274
49102554
24295093
408915909
76057201
22300305
38141157
237403203
23157055
18996558
22407074
96786234
15313687
16703058
374547405
623791921
379767285
96475511
76064527
70171397
25579796
427722296
158060289
21707592
277847562
15726358
587213267
59673815
54769979
16685866
295712099
10207502
76048819
64914137
56449803
348119978
218625437
294145954
47893782
49848460
485131180
466155752
70769866
498512263
14202465
279330463
374688806
143053356
181792363
142585230
15701234
373954620
458694231
25770408
54225818
20194941
24753462
475274420
53526240
494994248
21775637
470039747
11102352
67195107
291941733
494162032
109441206
80619799
45450902
234419508
378816279
40527525
17919287
107792558
164336721
27102726
70244163
343087091
368918608
182550591
218246304
398330894
393645945
37589966
450224751
307749482
20651510
22329038
387963044
246840905
401055828
109654184
38021361
50434933
270614779
448330037
129888557
280535376
19847810
325965720
423723006
16877999
430021046
121311670
336243098
12007872
365112822
401104440
18058317
17486092
79704961
76133348
19480011
374138602
28106094
14367719
54784769
118190428
299205846
73917516
18994290
285776648
31703974
16700729
24100116
321572161
265986952
316126656
19850687
22517956
396158429
14344823
154994801
27897429
363713851
29620256
18461227
142300344
292051264
339225914
72640894
232710967
380502876
18345648
18231666
204786099
17970280
318182225
258527170
18191358
17522884
68956490
21631487
403158693
391897915
30736021
21173751
57174231
55885084
95606548
209319823
43232530
357998793
86662638
190965203
221749428
26122639
410180923
262790017
9105802
24305174
128318585
71962895
16672662
60699354
15226143
203449438
343124987
26942316
20958510
361397116
292594060
169629177
36706152
54237828
395447470
34598074
305401656
413198643
288283415
42175658
160591174
120077837
44902087
42038896
17628108
72358967
89787930
266343416
18860989
22770745
89496720
383232611
336245444
359543307
380887585
127360094
63811288
191162512
24801554
76387233
58602902
44014149
263358545
165880052
11341332
176950935
360620292
270535119
31136822
9484452
26418357
98820317
70218045
381108914
2364311
380026782
18190205
154671263
64072619
372823011
19203600
26952197
21944745
56415625
38284349
19068720
73346831
58443226
29216764
400081751
62407070
346924655
45019911
386776833
159695505
50952830
217548189
16492765
408762341
60625265
22296258
60680268
127086509
70133171
89222644
336328667
16583986
107140298
333772376
405721647
131061244
282695161
397601045
113101037
151447270
22059613
66951419
82144210
36472325
391039682
16989130
8234132
40443752
21283587
269488377
39308549
355370633
21604052
28156710
14335880
108070814
374319289
407060349
15654041
37256565
66074585
60429771
202359903
44403079
20858606
398876465
108437634
20382700
75569559
315878798
22233470
1917731
25344447
5781452
22703645
57428429
15515169
9300262
22509548
218027755
187059363
392953674
63039818
327913057
321057536
22740804
36469214
56839273
56532503
342460950
214815113
785595
274510502
343721012
21973078
158232890
15576494
55882303
142985281
340618621
17205449
171482213
378960243
23195603
152293091
30771049
49224286
20974444
261431332
37918832
36686069
24316912
139489227
89300184
281570507
373878101
303813482
19843308
333057557
89005882
86594419
21040094
15694995
51609807
59868822
97532500
22936237
343763819
65553269
25712028
203567025
300332615
259405936
375853829
205911928
23108383
76986762
138459524
319420349
51908250
32798025
24645354
16349648
18294600
111427015
21711082
156187068
6273762
25997640
27164880
21634393
48142971
222861547
19610325
49835713
19218108
125416469
14204848
14518725
63843485
128449177
65075709
257399079
16140358
33116130
394481103
14464835
14930128
40460342
22099720
17614200
127359799
21540725
299046498
53162642
20347310
7597712
42834939
12896172
20826129
15115172
20823648
17922825
241960868
57338175
18294521
51197959
50836292
378907110
27413440
20897273
84491326
90798408
18020819
20318442
238379326
19846002
20435808
33746566
14093404
335706472
16281653
345133440
79258361
24756899
161894615
207819444
18183592
77703940
191186015
170433285
72744605
261968926
45439376
196168350
167283228
361444442
34109146
34434801
70292462
17766973
54281064
110918004
382424159
52316850
32274411
52237499
51473146
333157283
59461030
183429578
33778988
97963881
18208120
18953266
149913262
223709915
212302405
270973788
125793686
29716801
49694359
48442262
16814727
72547151
334778943
336829000
18217624
41634520
18280993
16725276
61507601
309282633
325088819
24613155
15300388
140640762
26618468
299449585
14282169
373418684
22114428
12144232
24914494
22523182
347299728
19491594
194615561
373174268
266789857
14720411
372607980
243820238
356837905
17144024
54229868
144350248
18176907
21923330
84376820
27789999
306199099
44106429
20154994
43182702
16007872
16163639
69128478
217285732
58708159
177584156
74945157
22540858
245427968
26604904
103992174
63615980
115753716
46007759
17909913
328883837
260823087
16054649
16930489
32497478
81449012
16297250
7702542
98445173
37000209
71424670
15485532
50880679
360694371
358520328
16386704
28094219
20369095
149556381
17714709
113120838
5656402
316259632
223018591
29406621
21542704
272150198
17995040
14469996
187639607
209691512
159996321
17609675
18089606
17738574
22774874
21888595
41410702
314161840
2704951
56149176
14149825
110850383
303957483
75674174
16538446
279373401
106366020
77888423
46544197
23101285
201395064
171224696
179738874
158923729
77079077
72928379
22565066
15612245
81362489
20369767
15324184
53112502
275335412
23501161
37016781
156254463
57691360
43935737
8659362
6173842
