34282709
29789545
41923660
2540852360
115994876
222691723
49269819
84019422
2367967496
3262964208
2774062997
518674126
45533214
4003631895
4294006215
3861790102
3122511059
73457688
2260244318
3309898001
4516777480
2265661259
92760154
254498060
585794208
455921880
603782152
41872226
347973629
3947177361
4466560092
3180484881
2825130513
846057444
1486864062
891126824
2332073610
276470314
403672628
150749763
245772130
187655459
3269322830
360935984
2869079154
4595361134
25547334
1464227972
406829217
329745107
285041343
405729703
332927893
1330457336
420987009
222014292
110516065
757303975
254328909
2555816136
383075978
169648482
434768070
27873266
402944504
53689588
235140283
2563676017
447421329
3248778012
525869716
17323290
23181999
1718448012
2357815417
194435150
342822563
19571800
339697820
10955202
22874714
32535143
20479321
384745292
14671170
19008269
15361095
19575366
1192231830
15667763
126424795
41087930
31170235
104389564
18202664
15923797
25584007
14699835
103717227
4106830156
3282859598
3437655783
30119441
194826440
92628011
45105778
16275044
468649346
30249176
2971219089
96059519
2205618662
3191555444
47846709
64929124
840897602
3231570985
410186746
410409666
82947028
581301629
2156299840
2156278138
434700167
355795737
1452922195
1556393042
1949322061
125806240
344316738
382402366
323998361
33705556
313087874
37717335
3213652821
410168526
252734463
56038149
363961928
140980510
310072711
330705266
303916100
405728790
1396698397
221980529
209003577
1088207396
59645072
3327909827
343450546
435905657
363972381
278328390
27776098
1914191888
379408088
739784130
400524509
2415760394
302229663
4206909073
14619266
21238552
20597124
272019676
17469492
1579287858
26547055
1175914255
17486040
2405133619
54311364
151106990
46722627
3309262500
13017862
196854080
280386299
87711816
39552905
393474189
3555984075
586309362
102104831
3188262614
20292001
575082557
20110907
15810520
15853191
58871793
84279963
352470944
1362017646
2583039313
3138119856
105119490
38520522
5185131
17463923
3507260114
2603080159
403246803
175344481
487678829
2617471956
3492180568
3091364296
1129678358
3584633117
384047557
101808935
3998949694
840495458
20598058
173424040
62011489
43534925
217531979
113439399
2474666940
3420190456
403451073
167361989
457501640
1853889602
3886750582
3976766235
40880134
429534648
522701657
3378757573
48535444
2716368593
946831970
3682498872
72963997
194681268
476776847
38431215
72564538
349249475
27333959
74711686
49580737
25381864
23609808
19528178
224573858
181146665
4241969099
19526972
1606322804
3757670719
251903314
39603151
17008203
20861443
20846502
15372840
78912272
26452026
59545254
2307291296
745057788
500010484
48272619
21323307
2802194439
144866558
15147748
38132559
31983710
26482350
18624044
45524837
65388780
22014324
65184429
30439207
20867339
82914718
25308195
18548136
2798555951
21905547
3293777279
485735637
389548615
44908881
30222765
275742404
2595060925
310341559
3066074551
20683482
19388771
23122371
37508790
25524289
21086501
1071629592
44850810
281098482
21669123
19120191
2693137016
504914052
22676022
14056708
19687912
46237849
18229081
59502660
3107047915
53269560
570216983
335526479
21314814
213295930
19453020
2850753319
86143723
4201303699
18021496
18916728
55526996
32774989
31583882
4258213632
83487731
19608297
337853585
606412878
4086122793
2959815473
300509037
1833919200
2730249963
2726513582
1180208269
1380250812
78041018
4098510927
4041434182
3396167825
2847201994
3423637871
2844928951
4115299107
173929478
3521996474
2850831413
3327109139
3227469342
3569243895
2203601845
1898561166
4152068853
3648323538
4204611273
4239854052
1909023289
3008517696
42062806
2355003864
2829563704
4241213834
302039567
69703307
93665190
361468994
26547320
3064639665
343265645
997180501
2883143151
20148039
3114313702
90432690
354911386
61733092
59186725
82129155
227730555
625673431
2345682518
797335448
624136316
17931044
3298617980
329425788
20796398
1895126370
596893898
77224096
34374472
143212610
162472533
35781487
192935794
124270074
20992801
318951712
21713090
15197262
249709671
88548080
2262623615
1856133187
4115048294
1899184381
4121950071
2572855053
3535102216
3690921915
16775132
2165015702
1325559194
2159406728
1149963108
3042858235
273331231
2175256161
1972757869
121283404
2861524292
91261371
3073753993
4135491494
54084968
1693986613
3472762932
1152708968
4090828361
2773401199
2880404954
4023991052
258438689
3239333942
4164987376
3984918095
239615010
4221871274
4177241135
1384367504
1309090381
519075771
3350791007
4091661141
1550152471
4162800773
1175491471
330942220
3988536072
42554945
2886880469
2830677916
239094790
259387453
138478501
66587284
3410247220
3223621387
19728742
55031484
4180733133
3091413365
4166463941
1092046411
248480077
2995003719
3543914901
149528992
4174031422
861637002
4227312914
4154941402
17773776
3074606296
16403269
4104989931
22273740
3840901633
1514537366
96143398
17900851
266389764
101334128
4103696662
38881949
54509416
50587839
16570878
26798553
2371101
10321222
143519854
254217635
28991368
229537847
3171833064
4079124084
3843606622
138451153
1112693035
3011694661
1079825084
2876314931
4045343135
4179450982
4179499827
1875420266
355494338
2510282706
284928304
157472033
3315526756
4170318254
2434858177
4168188980
3896437941
2719824779
20467920
47645119
3036500721
3943055675
3327677424
299162019
3026203035
3253239281
3302115341
1021463382
4074593555
3688033114
2918159887
1912336676
2886401351
3271233638
4207755259
258472096
36291047
69543654
1416159344
476365442
4159840473
3139910073
1160356261
3879432147
630321272
1110915637
968249089
6292982
965906749
4156869723
4165906319
2824831890
733770030
937470138
4192353074
841454724
3376352068
132749194
4152031659
212338447
253730001
181114223
3415493151
3412386483
131892316
2572935673
1155342026
1081070282
3430522348
1686292706
4098023292
486002594
58152567
2830444237
1318326290
3439701465
57947609
169678087
186523313
327844075
192024694
164415862
338713421
394970418
1212939678
399215286
3305501289
4128654255
318215854
730450284
4128786383
4148834292
4122010726
4059072267
2419484737
3582432012
2544280556
3011228625
3305451949
91373935
2815038809
184046812
231425452
4122857259
4134798434
432090450
3938609854
407146468
132950361
1230279193
550723793
4122071963
30150841
2967867342
2316735269
339698395
4092376467
236456922
3535394893
182044602
1397750004
4096640487
3998302995
149132512
3020993885
311524823
3964091532
3239242570
4107822803
3496493953
4112330782
2883089628
4013925916
3590085503
3055455155
2875140361
2263088354
4138105273
345501915
3939331576
3435790852
296016547
4121536179
2257947838
4121830342
36989270
4138575553
822700370
176941517
4121194229
2879990101
4091462350
4122011073
1944937370
44197780
4138982473
1591265509
39625648
220815099
386292207
1638516866
4139313072
2267596824
1211033672
4122424217
3973217068
4122437332
1702425072
2509409562
18777513
39872589
2383904760
114761840
308399151
2153275159
613684183
4116193474
2777011471
2888985265
4132433592
602763468
626312633
3035445321
3014942578
122720530
64578492
381477303
3072151323
4019204781
4109832014
3335178792
3341574569
4111968617
2816753947
15351531
166120057
3957991313
4134382394
2966182263
2877104661
4054324432
3600481097
4078217482
167800731
1299300426
985243536
2916390820
37955257
3146889640
1532940254
4135099873
3686616617
2545442232
2395457425
37065614
93143696
589914941
4008034156
202329102
3569101576
3305165185
4135719912
21954891
4096950502
265590420
904475234
3311933049
3140502750
3814745005
3299584272
2800367057
276785259
314876322
1372813656
3954778574
2786550830
245409391
219138731
3024100736
3633703095
1006085616
2968051569
18454034
26633257
2281064078
4120415278
3439388473
3917136192
2778190368
3700018217
3533284515
449861586
418211666
1912355461
4120943794
2207614212
1908042902
168640512
16929592
2879546635
2687715556
126160152
3949369523
2777104109
429256406
2741915948
3974314563
30877562
4121176774
3028692436
202059210
251329256
408492806
591711093
122066430
3412624564
977835678
3739161975
3827259269
58415128
80196900
3048405807
2734521559
282278854
10340482
114930726
3937658613
614672744
1010810760
36141163
1263866521
274555108
2159970682
391791577
350903680
515550497
1577861064
15882393
71165327
2990407714
544459972
3213051034
1324108164
40838211
3254008818
274254209
3193581877
232905913
29610442
437691294
2309294342
282100036
21705678
28918980
583069949
75314847
15255734
1620798504
41211760
170382026
173804196
329730798
1478204994
85021241
171119403
541940527
861548858
104966264
33074088
141211692
17779657
2471730049
1636468788
2929528563
2734443746
776230308
522321139
976988131
968291256
915569102
711271040
81209812
14115587
49005422
15040988
17641457
497554467
21279340
19684844
17463660
23664028
8071902
17011345
11294522
4025173240
1850929850
15039436
56293707
277805390
116766949
36832842
37877645
15645871
20897273
15274836
17943171
17070787
68198959
167760471
578321883
20414217
24636191
69681766
62554155
119122348
77725938
39047949
62758291
14425899
135348838
1364197111
2734150944
96967460
522651068
3041414158
4091986673
89475184
4105862243
4105839580
4105812675
4105821321
4108854631
4045560196
4114847834
4114933873
134857150
4114819098
2918590351
156798032
3905090355
4114968739
2960683374
2659715996
4114816273
4114932974
139279856
96640273
4105943117
292375585
4114985054
3119707862
4106019976
4105939269
4105976105
713521152
4003637908
4019382634
4105978936
4114979172
4115002032
4114997412
4115103386
4105864275
27814665
1081
54485923
15532569
156996081
20232892
91012317
23432035
273988407
4050311952
4057578694
1466889895
124144817
91766567
4066904668
2180425822
614346185
316374096
4067304976
4067305827
3989696541
2951745671
2274489315
4058083272
212292323
1570562816
4059822793
894996397
24522167
4048164689
4070047133
2304094349
409922330
261069458
38992085
4070526627
565969305
434176568
66100299
1718714892
2383368935
99575606
3364310884
3379673795
4077650776
4071056665
4084804693
193647456
3633644717
2791372945
156204839
3348014174
90961345
1438089554
2518300755
83609755
4106543892
419528840
2869057060
3304593659
2835345813
2349926280
3869404522
3930105314
3613501037
1707613195
21614186
3432180381
3561077173
1605947118
3278364396
3560938454
4104157213
4097006746
2331080422
3951692055
3750300749
3740761703
3835384162
3395357350
3881291254
1133129990
461645376
3243196181
1142131626
95609825
294245418
194671720
2992550323
1408458612
101868031
2328330488
897912018
2498465433
2288616594
4066451109
232557524
249712302
3372813279
1165501237
381527829
281467802
2353460791
1066527703
1842330247
2960381066
3250070521
1952493930
3038728175
218134077
3186563866
4054924156
1299363006
2221351512
18458170
121200404
394094099
133016160
227374771
35409565
1223751678
2512717320
2292860172
49566762
2790553414
248536575
464207361
4009526837
350890991
3242758916
291519564
2908002949
3370638088
17269554
2917425461
469640641
558484240
2370974492
1640648418
3434137307
714439026
1101487890
3591284894
3896199493
196997450
2547188330
135260674
1344402788
228964635
2745169315
44989619
36939467
3979135222
2167675098
4053506301
4039626898
4036139485
4053779661
3311837268
4054003726
314415103
4053967815
3951721994
4054413142
36440039
3891736155
4035482593
2902477991
4037115499
4020194773
4037226614
4054654732
4054670339
227257411
3817427722
1550488909
126045648
465267309
76801091
4026028553
3390287265
3062599290
3928261277
2693342996
3982083200
27235932
4026292413
4026316773
4026369437
3400235662
4025135781
61938930
4026686296
4026656872
405631960
4005409468
3993197544
4025879655
615681700
3414384492
3995750294
2366329758
540923995
4007102121
4027088836
2227252646
2777035880
4004273596
3105950255
3961295901
3290309928
3837112577
3306351750
7934202
2914632216
3526112536
289917173
3870795142
22006244
3321015412
4000269807
3936344505
3881466856
2845089807
3977339054
3830639052
3399136479
176380364
56455821
1043331721
237866353
36599995
3888747142
377285380
3249895429
67063678
334923012
24220534
1497783805
1043851315
17602262
241714964
3774599915
3131590426
720698562
3430279563
166242781
2755121887
618649555
572823763
3565965615
70501107
3322802667
4011709786
506882493
3250314312
3968631793
3843685272
805047354
3918818657
40335971
3933710182
556158252
3866000181
2177074008
2369737145
2365749823
17873937
3267760074
4014873316
556340189
2596256940
3280334490
1100575248
3966264146
13981342
187197395
3978953533
3967147765
2742992233
3526565908
1406824254
2544345974
3082079607
3331204942
2652746400
211020179
3140201955
15010378
2970708424
192653229
2472574924
4009815142
3959357240
3901678648
3991146975
3986826261
2333981198
85838108
335310657
460698740
371260098
2863006655
3391885432
3504416956
2928419882
2832614867
2203664704
1593295976
263332784
3386360111
2439453053
143374984
16392208
162611402
357590132
819597596
2746521359
2308416528
3969314773
83603873
3958532112
3969445994
3969636853
3704668513
23993215
276825041
380917782
518975615
3177420048
1602535488
4001454501
279171616
3388182591
40309070
3026260020
2401143103
3872153981
4003919657
3931961713
1333478191
3923722935
3815747112
4010464835
518869785
4010673803
3970240212
144163085
4010829275
3863895379
3941708474
4011007636
4011001882
3971287933
4010965757
3970894225
4011099256
467707599
4011148427
1732066969
3247335236
2682982654
164000986
3736156392
1338496956
3987437788
3427200023
945930547
935018827
210931856
2330812808
3973737687
3009937150
350409329
73278102
1258843836
2955407326
3347619741
2439199604
3675503173
95748010
30543835
588291079
70370238
2657177594
3989577557
43189778
3626426781
3113507478
3661334114
3904136511
3431985892
279425168
2411893190
455822118
338982171
356360146
570050954
365980662
2282689159
43489611
3696261197
3934946414
3223649317
534228309
3938202553
39859984
3892723101
3192331555
3933584654
2462803873
166075852
1722639336
3993559414
5541602
906122610
3095925021
3957142642
273603872
3355236010
2484590498
3601619416
2427203907
3043289512
306646835
529853868
72971974
3903390267
3610120155
218895938
3095097957
244984717
1262327264
1621070743
104479327
890349312
38639808
545698887
606890562
2758385631
2880749522
3396163299
2672283820
3156085610
3892770074
2345575663
3942296795
2283573187
3946655248
2426093874
3956585122
246806601
12410432
3121403397
267948901
2175945061
1331932158
2499613936
2364824408
1237554188
3884260276
3816027799
3068357570
3834750454
2545009811
286897768
2912411983
54078718
3320043482
2915935209
35303970
3904415786
349643286
55007586
18695901
3946967428
950058222
414914242
269859586
3907044072
15825133
465136140
3907177838
87871100
292623696
2535857296
3460082412
3911809332
2780384439
1169693862
2823653589
1431168336
3892598834
3929512943
362105466
202755777
2618756844
3013191149
3904450819
26740846
3296241798
3599438303
3904715198
3259203907
3904761254
3061142809
3221908294
3904638108
3224815048
2517417390
1023484591
253738385
3345910588
3956764155
2170929048
3905151392
3929192133
932863580
3243903512
1618576188
1539006888
3028328687
172397445
28427441
165498315
1634544032
866504532
1437693391
250738105
2971554502
207392880
128002776
3850681755
200583835
144475977
3523450216
524916195
21432043
2876176194
3327621223
2950073895
3661064897
63101495
3293429306
1195340726
565627288
3424070074
164717782
3875959349
3239122739
3292889415
136392804
3428096872
1095670514
3751448243
3311894863
960527528
463683850
3102233732
3259567487
2769760081
1718673842
1370171941
33098495
111698159
52559650
3309011151
1190035418
226662318
1528633242
2201064042
352464696
15603803
3340761866
3828462975
3898158082
3685371381
1403521262
3686688073
2237719962
3794482280
2746347196
1390683692
3223964438
2375545914
35836431
2416616624
2569182484
1709937781
3878572048
2884948613
3456742895
278565003
3633772695
3834668901
3850826296
3781588693
3086071658
412675340
3096556656
3881111560
3228637478
3881005095
997630260
141268666
3803971466
3253756806
3803979158
1575310692
2615848533
3804085873
3730585816
3693119294
312716460
3881307801
3024763718
3804170484
3881530126
3881406141
3804328034
1472487811
2763042821
3881285295
3804285078
2571247404
175168253
3804285138
3804407719
3881558729
3793018094
3881515283
289519822
1139834342
3044274992
62837587
3881552477
274951451
3438131180
3881555667
3804315973
84891215
3804511574
87323464
3257602657
3803767878
3881700695
3881734048
3646397712
3212661866
1359170845
3460125502
3178054665
3804238814
28960152
3863615902
3783437532
3189587947
31721181
1172419430
446403436
3711081151
3748970053
851569728
3323470106
360046324
14369901
282280747
17627061
51885045
17044207
50360725
65044131
586734219
2361855198
3872062335
2519489237
3770314873
3837426496
477727097
99191525
3852799163
3699308657
3770706865
3852804688
83141310
3745138872
3852961157
2269175274
3769342340
499122174
2279702796
2874446142
3131364659
3291465679
3834665139
2278010462
2420521856
798469406
1227790394
2156481088
702890599
2423742235
1382515604
3393238497
493491267
3315445601
228764858
448203900
1315841468
2642428433
3772925957
2220469702
3805512316
3559498040
82627528
2588026388
616219949
765008923
18784113
166219122
114819306
10814422
15442150
16571541
17200756
14206711
11947432
2210187602
1710367010
3725751412
3764094501
3166397975
2979240310
243737524
36983777
1730399072
58580137
61524466
820935434
1358512088
3747842362
3393648238
1654429820
3599628196
130631479
909097026
3158456408
2535563772
3145757110
539322301
1302293528
2793750237
1028423130
567091909
116391533
1371298999
3301584380
3369191027
2870436333
3347047480
2357624207
375273605
1327639712
1559287946
82603091
2542979125
256361564
2418098766
3506851100
3534236001
3671855713
960997760
2798097787
2166290084
45379806
3807912261
182637619
3266953148
42326379
2901952261
2551868865
3787648347
2422743184
3272031445
210015627
3319591487
2542070082
105774570
3579299535
3751717775
150487707
3746400628
3553388062
3543257177
1261950265
2485527848
467876704
23959413
3750331461
350430967
931550186
3679264153
2573006412
3345173385
2756728705
1895787534
2805622398
1418968513
108327857
3251607874
262803494
1632920990
736174728
2467673020
556975793
3265229116
3750608421
3070025839
807843612
3646574415
2902191658
895186602
3740544977
3299391464
3317630858
3060766220
153932186
3727897156
3728289563
308398144
533764646
470636004
3238381842
113894436
1131871370
3710283502
2989353257
1009690952
2990544255
2895471159
20480704
3644887039
3645531732
2426984760
419725415
735092288
3292290664
3297474896
3649562905
2832263371
3649760413
3600319941
2828272136
3161672617
619813092
50533049
3088117306
246361243
238566838
3236140370
3129978022
547815520
52101142
18697521
406762379
2321104957
1855969248
3049040274
3053392948
3170930204
2197352460
3419813860
550131313
3367637523
539369555
2384918107
3503332420
2922551305
2952050848
1020983198
701688198
3165389398
3354714375
64823914
1338927763
3573256820
277527745
3000387886
3071441173
3604083672
3237990612
3195189181
3603189750
3576681868
3695967196
705353796
2950545236
3314075896
1207220557
3696734661
186439296
3022778603
992999718
3166759343
434017069
2954981328
3330246615
3606835634
3677536335
3607432820
3607451053
2535340235
2992025799
3580077674
595193193
713614181
2527789602
253392641
1705649064
233612293
2616078570
2997266809
3288917716
234392104
103413904
235465001
2950750504
1956538418
1017960612
1342078988
291355192
1470995790
1522402777
3656101485
787076893
3534306552
756874478
456098686
1094185555
3322646857
2455510302
363617760
3327277798
3269181337
47636353
985404942
609389852
1021670802
2517138274
21842061
3558143540
184439365
1105439472
2331887057
283504707
500790764
828475044
2851245721
2786990982
2577529034
3426612935
3662139195
1498336628
3317185219
856808779
760917768
3583806854
3432868684
3340869669
3309388537
1391622313
3390310371
2897051049
3183327527
1747333177
234503279
945920827
833907972
181279520
283762641
178207796
2975739058
2876757428
3004998563
2980322621
429219637
357799959
3614171957
3386495991
3644861842
3506459596
450270481
2862699352
1420238082
490428163
3396556453
734437141
265652957
3100650360
3550420155
3656504489
863197412
81194894
3332983606
2525876901
2915741300
3344010419
706752198
2677678832
1517688595
602789084
612579575
3494578872
3636592282
23897977
2422108128
2894112769
3655287856
3538426939
445157535
851532396
583568624
1295520848
3668508861
3519768312
1969100486
22480485
2985469493
3284892727
3380529304
3604882817
2874377653
2334551126
3306314771
589977543
3657050601
3580839617
282434445
2864216284
2426690569
3656096002
3438946756
3656098101
60349138
3621833295
194210377
2235293101
2534707014
3391943254
202092831
540570933
3369570740
44104902
2822329581
1711343857
2465752022
572881942
219230017
848886253
3458283615
364926142
3406899346
2443437994
2368895130
343839063
61372068
3651157942
524678866
3654061637
188971240
2873651963
2202869202
385846198
3022109583
825054134
131504052
129954415
3076256505
630966152
3562030454
374773340
83296294
1531398566
67148825
2371286084
1292988787
3644171057
3642975856
2979088211
3051368388
528390519
2726709913
2837991784
3320835547
347360459
2187853060
559982670
3235035572
247977510
143075812
41810686
3182255707
929199385
3348814697
3606151102
105408290
3469816918
88554449
3495935181
3012602552
550000019
95975945
2327754104
561212764
2165730836
1375471386
3243701149
3299514638
2355460494
3018733763
2899596306
3018706197
2893188739
3339867133
255256340
380380233
704952805
289353325
836496800
78912680
124585395
3601511248
3515572883
2371709935
3601327107
1443829098
2650637730
490977434
3574459035
3412486159
2176089575
3493671856
209689010
3320021160
637363306
3568582396
3314029723
3076085301
3301728450
110844657
35071769
2728988123
2167290139
980647189
3580515143
601932622
2976254831
3493776379
330328359
111457805
22947931
109958904
163595503
61556175
290007696
1230766076
3500674937
3010678293
3426648733
3468275478
3318067488
2985036452
3468888252
3328074590
3469081874
3331842134
286664410
146138163
3469004474
1233525858
3444377652
3565222215
620877934
3450273434
3562882996
3469889173
2261281335
1390352778
3565992622
2807497500
1471798934
763738074
3449266034
3552444617
3422032727
3470697379
3172191228
3470774958
3470154852
1916509418
3552950547
3566815162
3471142158
3081000594
3567078315
3462798973
3567567796
3339567221
3567331521
3567676762
3567684741
284718753
3472056440
134580366
3472357873
3567906334
3472373419
2788894760
3472123693
2822221353
3472515373
286784593
7383122
15947602
2986453206
1326358698
17899109
11695472
424642818
36683668
11695602
160645492
20334108
1514137740
744196639
3288559469
2330378302
2198345749
3406960161
2753128047
2974470515
27928235
227570387
2540599442
121113384
2222499288
806578231
217987514
3288481318
3265481238
3418036983
373025501
2932268039
3426070096
3413338204
26912315
3400118776
3430877543
2752791196
413190270
3019883434
1459420512
2399367686
1491207872
2974471293
3406970601
3010380408
3461121269
403539125
1960349701
1443883338
200142434
36982622
3472961837
3303576068
3249933595
2563786766
3179553755
3168170883
3448019189
3395278453
2213147168
1573873243
286257401
3458049256
1727056236
2718539018
101563036
498548101
1005931044
61815270
2761236297
2389651789
226534392
2875337020
2865364349
3458269157
2588492311
3404820610
3220936950
1077926941
984180488
3443431762
3039928022
237625316
22606163
3325724261
2553087300
2322563002
3240111415
3438605692
436890995
3443297057
392315701
3179179910
160745841
139703483
41470436
821785831
174231741
3300810762
1116312452
1727029310
24148377
899520192
1669036399
337624006
3092809036
1914129265
3431847491
38838466
391703202
2844887462
3384336123
2778929532
323576043
3328730978
1701968168
3026429040
2297263188
3087282875
499846759
3099570538
14869395
1119984787
3421747384
14056502
3458001676
17379500
171451047
1228278002
3394234018
3232287908
2535002946
278147453
1527491689
1142154318
3313466845
48380432
817678536
186520409
1418365818
716451976
200961280
3425585380
3226115324
1254492854
2728424702
2619816962
2207278718
1379393348
56382058
3259740471
2510590838
2855593566
3387100013
3319840843
1944335186
3321252151
3307794307
27052087
395199269
43928915
3423726509
2323871209
1332260851
3430090313
417270850
1630911217
2360644794
2466799118
3326896250
58104637
2406999966
2960346136
2883674984
2742180751
2172461651
73309943
2716262016
195669757
1967339623
104712982
44496968
3149614705
2269308671
3315990938
3433215556
1378685580
3305545687
2787692619
3293659745
1650854071
629136292
3438290255
2989337932
3137632885
635573424
772235383
342851353
1087733040
145358586
628566587
3301252754
3369268613
33356726
2827805925
3191066969
3434496731
763038390
97640127
3316583687
2580748304
3104289122
3306213499
3379159965
3327919152
2747363535
2838084459
3341226664
436343498
50004119
3382486325
736327092
3327519858
2678546178
308522410
2863948683
83932240
3374672963
344812508
2925596177
1104441068
3081738199
130901381
19797240
2406559232
202080163
2781551504
2826040749
3307869009
3286711285
452117070
602076133
30260425
2261769063
1918499090
1084680787
3299925666
3310215882
138229470
454040429
1090354255
3395918807
3429814643
2496785631
54927335
108988495
1408668054
33972854
29881298
403643684
995429042
1633717896
59145846
223258725
3012538552
3314786725
2278078722
3398184539
368834865
888860683
1466944513
3433302189
3285749646
1871975606
3322043138
3015881964
247336311
2853090960
935744538
104093047
365419621
1359538502
2835739686
14797298
1519816783
1434448400
138691584
549846000
326044376
3045190944
1851301550
302758056
3254207822
3247875321
233084649
2855052813
324356754
1232675514
3306432322
1327576825
63430395
2678489772
3214494093
3319078888
132257927
2787091938
2715030648
283773334
217850117
25081451
3285421039
127528862
37810061
73850142
1107217238
3385452089
2608031828
24873595
102415880
3267351055
2707609165
17905508
191817938
3120687025
3181817330
3195617875
519641816
156631660
122870123
3310606655
486605089
3414322343
2724959564
1960293200
16305330
272396530
2535705721
100960585
965997931
1177200942
29748673
294524755
24142215
145940586
35767916
966842196
3150153098
3366269314
2366279417
3310724636
3162405241
2157503985
2845915798
3414432497
3307465148
3415942180
867228024
3239287506
22147143
3420340515
2979412686
98437822
1198111110
508953310
244167077
40977115
225076287
266653814
189587387
139639895
201803346
1432868701
2169828057
60317288
179231557
101712359
461987049
116631854
130448478
343269570
519922509
272366709
455510718
76696974
111104818
201660478
2455165830
259264989
29776689
435746824
2489494920
162807286
1188387612
209779240
95604452
2474552602
21408410
110532614
2714768633
2306713069
115554843
127497640
191017573
41345609
140283225
224620348
54410922
330981276
2526436162
486571730
2162531780
144136959
99524769
2838011326
471816345
164585495
2465283200
59505872
39546343
73353532
198910545
2469371042
108326157
397603456
110797032
192477353
1037982954
333414832
42034114
1374799134
3044105351
3057588024
1098507464
868998504
2519753564
102916948
2863422567
2397315402
3303527689
278785905
1709644382
3314139204
3395724035
3353071967
3016974140
3314224994
3241030859
43892241
27192522
365496077
2738864234
829527012
2829452518
193945370
419484261
3288778312
3313162116
972858206
331795568
65884129
3326720115
3314590015
2746198637
2887490298
3290566177
2271559118
3310342058
1688614670
3306861945
1246004437
50056314
33726066
2255000773
2927877858
862468062
2460840878
2398648992
3389124305
768579
3404967855
21491142
2658451963
2768648074
2523326318
13361922
50048699
3201946011
2764557168
3390562731
55801465
3308162548
1226885796
2440986655
3172836001
3401243236
3144284835
2495722310
61996543
3408952126
2910190242
38440698
2809377550
3377658604
222687117
3301582309
16187507
2505134665
2234567906
1087436214
2821565957
2573718784
2898174441
3291817880
1431356041
3260455381
3310946335
3063225486
3392512829
3223621105
2671919722
272201672
3405678497
3254321143
595686903
205498248
578210855
1092800568
3275373115
3346771823
562849674
3394139044
94618033
157336934
2991903914
3385749532
3394267564
5129711
260501150
2268574212
519837532
50677180
2987567668
76583112
515083930
360173263
1004650284
17983854
3327478637
1104339013
32062804
960886388
923040560
3196772790
168708565
2412596798
3097570799
2909381990
3135371066
2660230526
274402062
1854166074
121909155
2505728503
17467699
151373572
44362897
2984570982
3123654277
28091881
822979849
54231528
1025205878
287750109
119364592
376211514
3189412436
2761087631
108569190
3233199022
87710468
3156090627
2884691375
3108962446
757273052
3020150838
254717520
3256884264
149424356
2299663596
3301319861
554773341
3377915733
3292173783
2203566462
2348152615
3285846355
531041675
3331223535
3288277579
3374619071
142982370
2458897898
3398897477
3296706067
1873117578
2654484923
618949599
3277637539
1440854222
496407095
3192513738
2221234899
2891225978
2165341368
307913668
299013530
42609101
74257035
1594664138
367301882
2735201530
403103228
467811827
47559094
2687873154
496054455
3406971941
3143222036
2493202796
3305678311
3308753282
2801191348
3257455207
3306666024
3306965142
3083706215
3314071665
1885121185
785781516
3405383770
734700798
3396749194
3308835186
1184690454
2770152347
3189118094
294948776
2469867589
2819372722
3243337660
1647184686
3320857923
181554275
49783954
3013471692
3222386134
77527524
3397309156
3400350100
104289777
3304620184
39188217
1961281088
270511587
253145987
1656867109
2863689175
54804436
1678604820
2666093413
1963072106
713198036
3266287554
268875517
112942049
73403131
3403824927
305562131
2982760290
780981139
933129126
375179955
3405355319
3307294656
61735391
3400267755
31957766
160950277
74506358
2902926533
21417687
3403508747
3373041113
57106936
409256455
5120691
102700680
169963553
25390350
25098482
27860681
20596281
194643654
24274948
27648752
128246602
88776580
359962497
296690561
23135052
176509524
1917910224
264377857
3355476567
1648561022
324944519
3403093905
3229657743
3399389513
110336940
802151431
489648716
230744370
281486402
38593287
49856101
2762276646
2877479111
3299018316
379135722
366812553
2699342012
31538748
3361064763
3331259133
1339922144
3234670263
2257123017
2883261837
2320218438
3392888224
1305486690
3395735405
297941358
3290330347
3305912277
13591212
3148565688
3295833085
228462983
411884493
3301145263
3250458948
237726869
21453229
339007632
2998136855
43413244
2956990427
3390636401
3295400078
3123320000
3021758840
386898259
3106698480
3301288524
2368639742
55326069
3046196625
2997906170
3303442676
218323877
170060452
117131730
92415827
534563976
781034461
1968383395
44497801
1967939774
23251100
2795878819
14562685
3399471983
3399221265
2939476326
350634294
3387151335
2949149103
18684759
3351885388
3267539653
460364759
115097756
249700990
46408217
571072597
171314974
3400266765
26703939
3401343557
3027189339
1952911621
1209858608
3297799080
3399712138
3401935823
3245391426
23281712
3305396239
196079655
320907104
2336057923
2845432463
45349211
158659433
124751762
283928500
3104507704
3291537022
3389535725
3119129610
2966354116
3114985167
3291075379
3013240972
141227542
2737444592
3385759551
2303267462
2201600256
517918346
184720517
3381956237
2975721208
3302529078
494798216
1443950486
3232762926
590389214
3397405871
3234797009
3010255830
3355916961
3308721975
3299632675
401524946
393824222
1973281488
3297189488
3291351103
3380944229
310408180
381224325
2776196211
410698724
1110772508
3298955011
2921892534
3196362065
2815858939
372412326
2475349674
837550830
1636915494
3170712315
177656873
3207570965
3245777604
215510127
2924137150
3302121211
2237444067
3241122655
800541632
843785436
149944319
83221025
56363702
3396065243
1544821405
3301548872
3116892549
3384641410
2761050863
3138188567
3396335020
3041046711
3302550122
985049736
3380303817
1660208966
2541729001
3293775781
2867688013
3302635765
3302170874
1084577222
3043453700
1712938842
2902486883
2865966443
1550585018
2355367134
2841298188
3364478895
3396013257
3300661344
773637038
2729830138
3302654011
2373307086
250945413
2425317506
1256084814
2983090491
806430818
779157762
902370438
1921278606
1710601207
2497224592
1418417424
3278262019
2489114233
3364014371
2199931109
3387089333
3034323970
3084733941
3295579598
1273664262
2995046591
3208808577
3058356402
3298063513
1272424741
2151581663
2856433963
3388340367
3382331182
3384845979
63932559
3233553234
3295833847
3298210058
3316684431
3376152112
3297630968
3165908816
407849063
3025072751
3366293969
3294683684
2768648181
362979680
3190618411
153344840
613791688
327624288
3297581856
3392556693
2920269982
2631744076
3388107365
2961151425
3283064700
3298553324
3298363244
759967392
2980311137
3266128261
3392597788
2934214659
38477084
3391775487
18213483
20646711
14159148
16153562
478697388
3243205524
3379313163
3323930753
3281981587
3285801446
33380752
3328211542
3281735316
3288327194
2790026442
862115502
3288552829
3288635370
3288865621
3389235719
2743306053
847730022
3286800961
3076085791
3390027321
1048316119
3374890270
1492681561
3266784164
525927423
254570345
3287853470
3387394341
3292066999
3026801298
3197028926
183081546
3293268103
202554976
3319033967
208505738
2227743379
2580460926
573014713
1563022664
3293616290
81867746
3280678898
3203140707
48404967
93871532
422112400
3298152596
2647425134
15487001
3246983825
3293618352
281352450
31249749
3298615207
34889448
39511166
16423109
26784273
19673700
16348549
200172301
2893271394
2906354450
2893164338
3031667260
2898782161
2893303022
149909509
485374561
2170922400
1270419578
3317853388
1960905264
3296418062
22486415
3356538058
301883035
557675725
2215402372
3295651014
2449580533
2552108474
1001980832
536549475
3297276926
2464544869
2938150863
144750321
3297857552
3297908522
152528655
2890301419
2463472980
450438759
2461502454
2637044444
102463893
2875500589
760227948
1224284407
27580868
76106507
3298230474
268444093
2957656686
2879713255
252765049
2896889234
897677833
341836189
2577852761
3237751507
329249122
1316032628
2268822704
2325544891
42467881
2806051566
937499232
1581289837
130991061
10880202
32469289
3018713223
3018715505
917389446
61206610
30460924
322882276
2777736876
3048482514
3285842660
3286839018
742143
17137628
3108335411
14700316
69231187
1093090866
1339835893
166739404
30000912
33933259
14055301
2476873176
18812301
