714479521
347555340
252365272
3818669123
4442633479
4485081433
516054993
1070260104
4296962904
2902694977
2968672144
390762390
3709021693
27049579
4336733114
371423638
1329191322
15448265
2370815455
4406400437
2950730335
236930929
3098182606
161686646
2769939029
4322735122
1106661001
4463770892
2642702362
73089405
98652646
4364845161
3002518577
4406291237
4407691401
4454601498
858159445
2951644654
2390963777
390723125
126923903
4406031737
387902845
37539949
561130273
2717027031
4343912301
4377058041
4406044097
32800657
3002550881
2917859649
370574106
4115901553
2246468815
4287943462
3947877617
116885399
4230925219
91870316
3057417749
28671399
4454417713
2505036288
137318611
594965921
1495005968
81824518
4484658013
4372605922
291632230
299276158
4404133641
2154744231
4299867707
25307983
3346427998
3851465194
1464357265
2920218674
4483619173
356629519
4467198972
4394941527
323002329
160891088
3091908208
3513157529
163906652
1932477440
1004013342
138381730
4332846973
2964878608
175025020
2450911639
4002490839
3237809660
114729835
3367175848
3957933227
4470113894
2173414970
1024392368
2357057264
2401453850
601622635
536998415
215845542
3229873101
67215778
4461308898
48489380
1169321744
2273526366
147051012
40113034
3526900272
2699650375
2745190357
2341855316
4200468959
2177326317
1267729484
22902964
85332821
34000051
4398663094
1040606436
187850385
2595114292
4114860372
4353312269
3582769353
4397197888
3671136139
4377053714
4389249202
4320623009
4262800580
4174740459
214698189
143895807
4396320747
111737605
3959906900
4255354145
380490487
496968388
4475724138
2929673407
2983086559
178801131
895746102
4318307233
2875316246
4365824056
4440850555
3002924659
4355932755
4394509876
3323398842
2371650573
4394448681
1351598467
4475184132
4394232256
595735267
29943525
2304942870
4361576176
3764376612
849445154
2504135179
1329338370
1720387532
1643032009
16417691
3242654117
2203130856
4361161752
462236506
3757891457
4473069252
323044723
2960694453
2572200096
2160541955
300018587
168128986
4396677492
4429135704
4390966582
37526114
104626843
1065981396
143081841
512466294
94286232
4383010287
171647271
1388052276
490937357
4083547272
4470810554
4383779849
256030343
3589152016
3342967318
3249774469
4464603259
3131587691
4345689616
3973394909
4382757381
4455703754
455263458
91867684
284189052
366653250
1628542832
4378174335
3509067617
1086299058
4386983727
3718717593
2641105976
371463762
4467301512
4279213937
4248799468
1043322390
4307824645
4060404075
385055804
7164212
540500660
741537860
886642201
4059460053
4126218735
4205171489
498900404
107084488
1173054752
4357680022
4350944242
1578329594
3353587587
3420199264
4464975379
3970598241
4020407240
2892971936
4384021696
3118341739
4383938565
4159290076
4378723696
63921811
1611647126
4382979225
622955396
2793822245
218434553
4382600201
2245200025
189588815
351356671
3935896852
4237158909
4418409194
3970122557
1409522701
448486582
1968465325
133693206
4353575423
1139267102
458718824
2726736864
521469336
3886708816
3988908395
2262107630
3550925247
3388194723
56807534
4370273373
2821624843
4078226026
3905604979
137641004
2438966648
152844624
585881499
2850385836
4378428616
4310657356
3832113313
4400191760
4176676851
1968950107
2961413206
43081589
24077167
4310101523
1660635013
55673561
1884314694
3440789848
2868961003
3354348677
2729145411
447406297
21839443
1355315389
41830990
182038270
3392381241
223705471
1188420271
3353340675
2344883685
2198589717
321485473
356152244
304651235
1281363840
520974828
4031848707
4371317835
178511905
2374638387
3515087122
526104679
103750427
182143611
385535330
2848461121
4373700195
2239440498
51801646
913638619
189610009
996785606
4454327533
3086369244
372745722
130423355
2532279672
4453539614
373255494
3016200017
151689668
4367432542
2358328380
4372408997
22572811
997106526
171933864
4244954615
4371295456
492447179
4452346693
1319202630
2866223358
3046147341
4356223273
1033933862
4451523260
357711027
3446150422
353034182
2238703890
1080349256
2978075595
2659544043
3131630230
4367203288
4328284299
4369643717
4366927756
1568264605
4450224079
290908807
270722364
186691165
4340335881
314756955
363646307
428431810
73358169
1634039606
55631230
115574645
4367579056
122432104
4439453418
4111968795
1114852562
2956658628
502249391
4405887613
4366954576
29027122
3903626664
572445983
948697460
276417140
3243809425
274312360
4360442236
3431478875
4032924492
410105490
4010146715
2369949057
178626109
700072554
29538878
4364560167
4279855222
4259196521
35904870
2741557394
4237683333
4364375656
90665122
43878547
30384345
2184876370
4356545897
4359321677
3011519452
93262727
2610308491
606422716
2789989596
76643495
4363287382
320284046
2376003146
4069027235
943985648
3355480653
306342122
229934704
100223144
600105914
3792888134
223786862
756010160
3244798201
869929975
4442454266
2907347844
621456108
944539286
210969371
3262949947
96709023
4167240865
100422865
2965802728
3365621463
151897278
727952096
132758483
2356799852
109577961
4282340424
16269450
1253702588
1091764369
2451358519
32437966
2269383120
4419014719
2896331392
22115056
500621682
1899614688
1899915620
2161979452
4353853881
2591751954
3428288711
4439301973
4358315477
4439151612
4357982896
2764883486
2218687280
3341085299
147071542
3203213962
319518155
278387847
3889200614
14456057
4423981094
2871655082
4424013734
604339244
4311021027
4356654255
393504590
106454606
2587337988
31498049
4425841814
3705397285
1535116142
852056700
3373257585
2292870001
4434249372
1727070494
2742206894
4254763754
931569362
2606109006
4353302848
3403406488
130517450
220637014
3259289302
3410500210
2474954065
760067912
2586269864
4084806227
3676077378
310316436
4342251252
41760702
3433181310
1419985381
4433462894
3942273432
829495364
4283503817
2279293441
3603498912
467293094
191485740
176733810
3034125075
359357564
4178685988
2796839465
2414146208
101431222
3221645946
36623055
3680936716
30203237
4396892654
2470515385
73438529
4341374357
290835927
2289769884
19574495
34714028
3201456280
557180251
132864679
1706050807
4429368079
33171605
3584723772
564963314
2928743955
56642783
3232505948
50601829
3177697032
4076146816
1342544156
4348378402
3078857483
3571304775
4347835762
1689133333
3046421400
770229367
4347961273
3588831975
4355796745
1435153034
87965335
1855359272
4098306314
2590467295
156228578
4004603594
2868186125
15490739
2715348787
3287949494
4331581276
550277878
4426714932
2167219787
15829124
3247754089
3232369252
248999054
4345228223
296165469
2653291404
64460018
258460797
4207966812
4340597657
4212367233
3033951627
2781272038
604205949
273744553
67260491
4207954398
2225836439
404168844
257480606
1941509204
426012978
298110180
2579070870
173746608
3425984117
2832119976
41222019
4002212075
2311782425
2834337844
3299765744
64500998
3039553694
2437510283
472214847
875342028
45647124
2290005150
2249901217
4341612508
4341125535
4341306934
3248065184
342736774
4319953576
2804735819
4340394921
1195134044
157384006
1527231168
3804540989
4339452507
4086983599
2873523449
2470484869
4234828181
2820424805
2801664738
4419329293
4317664941
3302545451
4339067734
1904732508
409154069
968479034
4419520393
3377670353
285588073
2609400548
3259970002
3309682327
3259517984
2209962059
3248519641
28992510
4272990209
3944014573
4319246413
4337400153
613409379
2393267487
3321130033
2927373170
970438544
4417326372
1463840563
2469024576
1517574506
3012008738
249200862
516556611
2810086428
339351703
71064046
4350770952
1620324156
2265270099
3137613576
4243059207
4164488920
4402011194
1062246060
2974213931
3226955276
4362423074
4324641802
4137759921
4376394079
3319377062
4311849137
4314649395
3415097533
482333476
716693439
4318980755
24414443
2983777209
4000662794
3906065595
479388158
3022189907
4262495716
2820576835
4195219275
2294108632
135846497
37665960
391358119
4258584552
4305588089
3504434839
4335988572
1509873559
4360568659
3342476855
3979497613
3945208816
2449181397
3000403850
2976525851
4071217452
3271765370
4275719488
4192684899
311900089
4304049134
2202374260
577086173
4292943857
2533289695
126924630
2825859168
4243041515
2552858940
4340363474
4285340249
155811739
3249529067
411170376
77036559
337220929
3003554370
1581613746
4225665792
3318399150
2742330037
1575916808
434186752
302672799
540528496
1488016879
728862319
4039438403
2586344551
3383701791
969446612
20980702
3147939080
2537308532
3273189060
711123755
156957615
3310569256
20034257
2186146144
773966060
479160935
2689440504
804133015
3048770974
3207877793
3038800532
1177359414
2887303571
407873048
3404689953
3238595378
2950501046
101332592
245711307
4207834934
2411222820
3999433277
4220987596
195457778
4250696952
4174181549
3964091532
3314205852
4184253015
821209596
4193815935
404967731
2315846522
3608203158
368983860
3198909881
2911752602
2726950408
4133202621
2670303800
3258021558
605053628
4199967315
2175267419
4168755443
600300290
4243012752
273190575
491002404
319394047
620890424
1671796778
1008386658
3635599708
126878611
222400416
1554727482
458154359
3096082026
1015625503
1500829969
90815057
158074103
3309460620
1214242957
2251957089
378617610
504288545
260215564
1106221897
470301843
473347552
1290305424
2667014461
2898190016
3072374349
2207666611
61289271
1387296565
1137200006
2646477211
351002610
15133211
1261763982
2539017603
3810324495
110879221
3146651303
1216584468
3898677917
365799672
3845135901
2851332487
3298659985
1697158711
3327755997
527492687
377254988
137894779
2563973170
2351195232
3843058879
3391621510
3272313462
3834162917
3823007418
3030382379
3747696132
3897928215
429406048
2463991515
3806793795
2662109368
3195933396
2663391805
3869432243
1225993309
3795626532
882847442
404169371
635345788
3833908696
3369055599
3833269113
3372914153
2467123098
2893004592
3533481613
3851033237
3853592237
3612203600
53171046
3755236212
3699287774
20375747
2924666856
1506779862
404975438
113041664
2477717365
3774369143
3556300572
3742639158
3827165391
1035553621
3703505416
781311116
507034984
210387454
3733180872
3456168138
333700299
3815610981
3290569897
3681675556
1261050031
3803653462
3800540001
1243145551
2901785066
2277472680
3788891122
3768462801
2538428515
3679475774
3666348373
3409812640
3657268632
3776402421
808259227
103029219
739520155
3754304601
1102691431
1514283722
2153283486
448503858
3428493869
3667434492
2240472425
3646932511
2861711006
3600807027
2198828431
1411869296
3434385706
861366732
3658106712
1896595753
1536912404
341233738
336463397
3307818157
88704484
309544759
417094698
212735446
2670612618
3667683077
142298246
1509045494
1374126252
3715127602
85148926
2372346361
2552928404
375457147
81359038
3617065213
2491256612
18826423
2600188140
3163203324
483666460
3387432285
520754079
1465873356
51579777
3601345938
1144181845
3600983654
3396094810
2983197478
331825685
738494977
1063615981
3301104506
1925587064
1386550464
1271516900
616738154
47086731
471351209
2481956899
2260658924
2959432830
3519689596
24945948
3652722976
3364967079
191147940
3559881614
3649821495
3371291153
3651587416
3555348614
3332184807
3368964173
513906046
3645762322
313535794
3466223115
3364047160
1854146959
3290425495
1557453109
244090064
2693137346
2324168203
36807414
3432355239
2867110981
383398456
711633553
34922648
476723022
3454802354
2160855846
193914185
3311932368
2937965902
1362971682
3615392302
1546740830
3056682167
3614253977
3617184975
3613087155
3385835968
1212321410
3611644463
228763014
247673148
3511993394
1366782702
3411827909
1595955740
3303301966
257752139
3322444272
2378665052
220996082
229738569
2171046992
42407869
3589091182
3417500302
322908194
235749745
2603632939
3067311267
1018174922
92337153
182400991
3381356772
3518007741
2168981150
1885281859
3503132417
381858946
385805743
1523016494
3274029254
424512771
385962551
318510905
1489855950
3555862101
2904813358
3456247884
3466007536
41771948
1749244848
3445301833
3193958006
1273936202
2749364971
3247597518
3293502025
501409821
1239742218
3535727177
2792017505
2531877308
2354663268
2990897449
2956473092
3523561889
2172492762
3345824112
61655244
1300738404
722377074
3508030529
3305970026
1873020865
228899602
1493989868
703348941
498771250
3404569992
3055620070
3365817613
2647058801
2747373826
3473025263
66781343
1185760729
3490042935
942557168
3469854737
150156284
3388350014
3485490375
3414277973
2716945435
2757119229
2789452034
3384672500
292919624
3270188773
104619583
2996018197
3344966473
3365135533
3318001665
337885203
489529250
3266598199
3434485414
1375827516
3057232110
2717797574
2589534169
36280772
3440391621
3312699714
2282240149
2969489804
1428391274
162382877
159516594
3313880186
80701004
3151361785
1441848193
48218542
3333879254
126059855
478188227
3340210634
76484619
2352168046
26389774
3304633169
631412435
2807361312
15884232
2845645199
420681234
112468013
3362795757
2788993000
3271269854
949195038
2918272934
69973104
107529577
296412022
3309305062
2961575541
3327448406
3410003495
2974220590
3433363864
2477283745
3325812055
350173088
3287908560
355518057
866842933
1879650020
3435155327
3323628973
1090611
629550798
632653536
743690972
2190457186
3320488896
124283276
143818406
3340151014
3246095955
584673527
2192567942
157234732
3431505707
3314649205
3424678126
3321719707
1247576720
3428188757
2164602114
3278162690
1234919144
3321223986
2803585585
2364748049
1690180886
2914711346
3073410918
3318086973
3425281012
632141756
3320484612
3318806186
3298721096
1249655604
3369243323
379088191
582981551
147533747
1383316070
3417291249
1972300344
3218742598
3223459069
3112777732
1634457882
2828619799
2893179300
3270275522
3423615909
595250222
500956813
3379642408
3317668626
3307024654
3288776605
3251251000
3253362960
2910133883
110804598
3256200079
3316943498
417470606
3316166964
390863440
2993394255
3424835813
3316294106
2401198464
371214323
2287258195
1850830387
2399659720
2698364905
3315649436
526954045
3418737795
1571943636
2196474926
372709461
20931609
3314448266
3189935958
289397033
289708622
3417149739
2710838426
116173244
487133327
3401491191
3285173100
2878687603
950684203
2796749412
266042053
339585917
2786418438
2622736512
1875365142
3313343137
3312675650
3411669885
77285539
39850716
150891072
475703930
1140205579
126967599
282721023
68692231
727115233
345809080
2572442243
192105409
38376510
3413133335
221313572
2800640664
2778281754
3000868963
3401285541
255202339
3413736059
3404805299
59944813
1966879058
3139740805
2541292908
3398673653
1542586586
1011537552
2492314782
950400979
2802084785
98981416
340417942
1335610590
574917793
3310245487
2468943211
2966002770
1279973737
3403805607
3281174329
2495037679
356024784
3410003091
589070789
2175350669
2293984808
3293664480
483219908
256733297
2902131818
2774324438
1193462893
2298803912
3151067372
3297519320
2835357576
2888031374
815730048
3381309183
324893974
536301605
1648581793
19963948
3012461805
95422987
3401142292
3259470344
3297779528
3254632670
2613232016
3406857676
2215702664
3343282733
3398618241
1481767452
2236800017
3248492455
555202381
3307941373
495566935
405524941
3307430791
3094115342
3150218760
163543695
3024319916
2332423804
1108896133
890711714
2701322407
222146359
20165490
832571802
1342971234
49634160
27290634
1332032486
3127112833
3240311644
3305814145
3331401148
2999764265
422270744
3305549736
3244446919
3295128001
3094475232
28221930
3401274227
62817163
3301459562
979506547
3304855693
3195464545
3304352737
3400851676
3043349613
2822543874
3312448816
3091402918
205351691
3303886975
3303855932
500106474
1450726910
817762543
1919138546
3381729515
3398505311
2903557265
3297285919
3382877013
3299412740
3300661344
219031924
1641904111
3064814536
2179741272
3044892312
2156381661
3370161119
3301952144
1514188350
593910884
452817236
3228315194
17241902
3295147351
740927546
3123735848
2770467222
67212455
3300772292
3290454907
44050146
2916346414
341382674
3237369836
193307931
3299870556
3300173774
3300115124
3070465591
403925953
1909502827
1142576466
3150588162
42599297
2313945241
80695441
1521798950
3299394733
1700412630
2375455253
385441019
1614053094
2838827837
2566192594
3298733076
3368418255
38802515
128800185
2320546568
2620142510
141102194
3296925613
2983094781
3368791845
155032509
2899104877
1595255618
3365661778
81362392
335180672
3386511585
2608866960
3387336527
2911723648
2558820936
3333725393
3191793090
413334445
2746670289
1552359385
332850225
1159686792
249044910
866468954
514400051
3233728136
1036110986
3291099282
3226968215
217732543
3195727334
1350310926
73850142
2736352456
2314342265
3367572622
2197488485
296089193
2743641227
148642051
3192113728
3068241015
3389998072
3361845550
334455085
161383826
3362359593
2574571716
579193022
2738310112
3285987656
3288310800
2234142664
2825678069
45210264
3377283838
3346184493
3282700470
2256969787
3156983971
2714181907
478233916
3385823345
3248553602
2210515424
3285934614
238098717
469703556
3386939938
1026905311
3363604623
2940554629
3227455818
3286299217
2839204849
79518556
244459179
2650978034
3286293810
61578555
2856758028
950395148
3012953462
3378446105
3385476772
64362800
290590186
544611159
3383096992
3077912716
3243849229
3105306918
512180294
77721949
3275380675
3096557710
2988708870
14211853
256504024
332065924
2653953924
1524905856
3191170699
3353948451
1489735567
2986519573
3381641471
3283007208
3379144889
537061284
3380723663
2821471652
268035169
363797796
2883246028
3192674647
3085938189
3279350090
979712642
2762895741
2237925384
2676543568
2716618329
3380115819
2814835816
2537815027
3309546562
203965221
286537708
3235005291
431889793
2375287710
2477934188
585132815
3279978613
3361314533
576592021
2983584926
3074470992
226534392
2835708463
64380116
710984255
1917277688
963386384
2436257832
3311633495
231066461
409141970
3367414481
85313923
188942997
3374708135
2922013997
3181520996
1519556594
759019957
455837152
51426426
3291029133
256210985
3366305819
2902345379
2784437820
79187956
252512408
1916333988
3195067590
3038573827
2975747351
3351016295
3278887080
14480478
531981242
485596144
3109679557
3191588027
532977777
385579483
1270019348
405915534
3261134413
67080159
3372338085
1281328952
2813305330
1467988891
2540782162
2743500675
2358770910
3312558621
543287320
1859989405
281932845
3370856794
3371052832
2250192475
2982304127
3068611549
218343432
25164214
93890718
234549235
176478685
3368319964
3196647270
2529725454
3367380616
3316136703
131577129
2805197587
3274221440
118642803
464104327
1686171198
2514971886
1636481384
333100204
3367953214
99403823
3368110666
3108481955
619575465
3363871017
3234953682
3038806360
244848725
2614597556
3248455645
2678062530
2833874101
308309028
3272353471
1378229654
2319017782
3143128194
225497309
3047456427
175536660
1428133784
1372658905
1516010269
2415652908
3195675078
1312368241
3255643826
3046811071
3365219435
125957549
3271438423
3270496363
188711835
3268978322
186470472
2861383732
92533100
3267531342
2874451508
1424847319
3270520634
524539407
547142079
3361505069
3249051316
3270281780
748441129
17116078
315225597
42991900
3303446338
2322750421
614254573
2434925007
3345398727
1677702391
3269785501
1371197160
2393639618
1929385914
2501797128
3245225275
3309357459
23661427
3135685507
1183115396
3313265248
87041683
2350436504
358750258
3301064051
3324923957
3267750978
1932513072
522189801
1482330950
3248647314
3248047825
184009710
525734192
2360122585
3223456086
541127372
2936789275
348033737
3267259963
1863690338
3243485256
825124483
207964541
3150478598
2801576753
167221869
3017355078
438164698
51996129
630674661
1092158606
3064855918
127807272
3114813753
387594871
3084223299
2807197538
198753791
3103367172
557681667
3352427890
3353021925
555787578
622928741
2811828958
3290476169
2975412359
3068307716
3332634599
3099974656
1076515717
1274298037
2250890861
923195246
3351382786
3351303172
1379376373
2289106900
3135758788
2430730142
1004409301
2863079628
3320394779
46014662
2326955664
338350412
61205417
3079321973
251747151
3253889809
3348291892
2191022345
3256358984
266004447
525884112
3103872337
3240750074
2256372797
925544720
442838871
3257456096
3347080732
243545977
3257455207
230441160
543749220
2983442540
402841276
330773908
3014422636
2782579924
93844761
3332676561
30646551
246424604
328083213
120706039
2992371592
164810015
3256430000
1722912426
3344071647
3345736955
93584088
2994218548
3288186885
3304475003
1501104469
246131109
2809327130
3093447919
1553854280
3017663077
3053595890
3031034586
1099468686
3254835176
737466474
3232849653
17782766
239659034
49143423
3225592466
2931967041
2248086092
1087685360
3231291205
3149775780
3239051732
294324972
62300130
3222167208
2983190341
181405032
3025965653
1235999394
795003204
3140758386
3251995074
146125503
23021607
401037166
3305249284
3322982927
3328271711
39639336
2706287647
165476753
3167221129
747673458
100923058
3305766358
3236794008
3336668885
372345460
631247772
3081430718
3186567103
368752860
930644774
3334570337
1656102193
3334198251
3073849843
3099171800
3332217982
2796902129
3248260099
1095937754
833365820
2625776248
851667488
2558372331
3327642982
3243879908
2924893691
1305472915
3332588103
2708905404
499107809
3248430956
2755059540
3235577516
36076815
2347292334
2472734263
3248040650
3247155380
1543513922
3160548519
3108495841
486634535
3198703302
401526779
989770166
3329522459
757803098
2867227913
3233419951
2317079289
2724489684
972082951
3246446922
2676981081
541000956
515460457
44080821
3224560939
2810463501
3246137083
3245845932
288985175
2942998442
3121497589
1498104674
3326105662
182939451
168177209
2819555327
170657552
810564973
1244643812
3236353170
2768970287
3083235029
2721736776
71687635
41777890
409754418
3243430861
39256673
212712423
617689642
555345890
34044936
310809821
3288336640
2593223580
568919176
247796184
1087534975
2548910802
3319652265
171067129
3112789721
273309085
344333736
19332356
1147098224
3317766850
3240850184
2484699285
2850269997
14833619
3317178555
1076751122
1568196217
3307973668
304135433
64596983
128731416
43919555
2955498782
3098629099
3298970830
3314917751
3189486180
3175526953
2390424356
66491362
1074141008
2989092597
134899651
100905846
2391635156
2653548515
3112234645
266064023
3091864079
3221360940
120810473
2565296593
3304810649
3229669910
2620289114
2467815066
1897960130
311029008
2732241421
3168102670
365089607
3312057922
703038944
604512872
1191120098
2675107287
271604768
2575262260
217164028
3237804176
3238505462
3310685445
2735184412
144092431
2725019781
97510702
3308088341
556167058
2755342531
2735926878
598417526
1490427830
2994780712
1048670358
2165879159
3144129863
2427712200
3303831419
596275819
2527909978
1636820492
436820113
3157898676
910186824
372288274
593624230
3013559832
261846842
1473288696
289882374
3301857046
2595762679
36370593
19700387
3233291346
3233328733
264110227
1732066969
1957444838
3305211933
609534249
544309585
3305855326
3301160248
1041954048
2817416063
3224816128
3232458912
2694578585
3146062154
3303875805
3305277101
3163732478
3231639344
2207194274
3305102669
2805094557
3302757466
2273331213
2229995696
3231526412
2225420509
482408558
2901655606
3215833971
2154255771
485603562
3101508493
3086098406
1034087156
3061700234
3229525320
2941663047
3134784742
853222976
3302943863
3234892931
3105095163
2806555682
3291243346
12425472
3300901929
263631777
3229641410
3227941100
346845169
478696953
2204092426
101104706
3037681999
3289458723
3068383643
756330680
156231702
1623085692
1628805140
2887988829
3299043791
203123146
270175592
2767860796
1021946070
1570276746
23441745
1215392936
3187095378
1143178201
1665392689
1152288188
3220259826
2750643255
3155481146
2151512441
1447098866
3299980203
3227791808
2950858676
2233580132
3224760080
3298964481
231086738
3226906927
3298301567
2706403100
463637458
60480351
3226225891
157258117
2894530765
3297763852
3297663737
3225925022
2565112266
3042697162
94585461
3067020290
2298723192
2936342806
342543044
1005425180
3297161206
955742767
2361296876
206357568
3194900169
3296647522
3296636609
3296496760
3290718783
2733762872
3177532463
3295944310
212801103
125411739
3223619604
2508662436
2823000418
86529190
3288691576
3224057790
267941592
2416587984
1013929944
141567470
3110312022
2549955501
3211411528
930691429
872530808
490752625
3003123571
3293838131
950445073
2598210648
3187912208
2363128987
2963900859
3125092171
2273985505
2440575690
1184658950
61071002
3132176414
3209176278
770250108
2388515317
1559178931
1687221230
1383329586
425046755
1725351067
3221961022
1375755140
3197420970
2393352266
113345077
363155844
38484574
2165911088
93589546
3245967615
3196307017
1271852040
1894845511
3145853291
1869044880
1259883097
3250593809
2840190483
587935876
2797111519
3020997029
2800941957
2172700631
3198986306
188167730
3251902685
2963041598
3023625504
2367091578
3001547292
3042195789
3182776411
1627565449
2895301514
121564092
3196771026
3258388179
164940182
3254881114
151904567
136273562
130766720
1198688136
72127244
393281567
1554698066
3192458799
336181959
582802360
394549103
2836102831
3251889538
373982560
2302684651
2713107534
2451070313
19569549
58291599
2537949992
2575050997
951416358
3101156620
3017773835
2733654885
3130731347
739335708
3250672408
3190996820
3193977960
2536866155
52959839
2977209426
3068979441
3193001227
621893348
3246294897
2522465377
2854050368
2853008425
502639837
3188613758
127895991
3081066275
3246473225
3246070425
2582274079
1271372694
2946839515
19055579
3021891136
3239573615
1563650636
3190740194
3232868242
167520724
1321662397
3190267160
2596233298
3242683487
477432141
2301673499
3189828337
614624536
2647377876
2873550894
534755248
26251034
3238395125
3186021715
128087395
2828477759
1579479696
2725596362
3187176086
37635354
3184672771
965989284
2468093017
242345685
321118943
2392411735
2423203025
3183099806
3236754586
3236592951
841905968
981185430
247471471
2445073610
3146403881
2732237557
3080890969
83632808
39992586
3053870343
3184870158
2906758575
2417076235
3184699045
2920933998
2189963977
2844270129
3184011469
330167403
2347972836
789663992
2840052364
576083587
3015889200
241951713
388605285
473972078
2800301630
1094120569
3153838017
2957308521
3160426610
260267811
2607291168
1676648952
3224237620
237917807
1076686398
1959689348
77237330
3217265163
3121668226
846709908
3224494516
3028772704
1029915343
394237632
174542839
2441249383
620504835
3214887952
431796159
2473829282
3166397975
881216864
364120509
3177772232
72772038
2397455695
2199422351
907346244
2903908399
3217829043
3065139114
2582113353
782452460
884222492
299317091
3103312485
1593563054
368344098
2157349573
2820631295
2939623541
1868952956
297620310
3097193537
3141498634
145200707
2531315624
2149506380
2718057168
59341246
2220416131
3141224063
51562370
423018115
3171365341
103018792
3171583250
65286523
2172450746
2352406381
99151834
3158381229
3169953068
1687448107
3142883870
602328833
3164644340
3145201722
2353897482
3165859384
2927633052
3184103717
795749346
2423357148
88868050
2388809670
3123402914
629202391
3168174174
3165567570
3143212234
791907756
3194472646
3111001006
2271191502
3061797182
605681290
45584066
3170225793
3165130730
3013361922
306499569
2275877167
3166523066
3068735651
872751906
2801399552
3164823601
1881158084
39664945
945245419
86143945
2787822782
3151282371
1510204494
3163994347
899142084
3162075187
45988071
2157178372
3183618946
1010483136
3163880419
3163288962
3067377326
3159238647
3181919555
462879457
3151707246
3085466523
3146832697
146245120
33552212
3170311163
447949140
272201657
3180082475
33426556
21763672
3160267886
3108436560
3178704124
3154293492
28100079
3161675971
200813187
2717751951
3113289791
3140730672
3012686130
921609360
3159967219
146859838
2286311202
1168903477
3158619193
1426957051
1134842874
3119219002
2967803208
3171565618
1314317676
133579928
3153983883
3074842065
332960734
2174262863
1527657114
373618315
1144510712
3165601127
876512442
182978684
3153883376
18732231
398820175
188538448
253351751
601856166
571330125
443572069
178756592
2479273131
33925520
3147209107
3047448675
1443829098
2717581048
3111232845
168310919
2552999192
881216756
2161567617
3147602525
1623602540
3040152112
166487467
1009431728
2566025941
3152082160
3152495776
3150261741
154102901
2169235298
2953835592
1349462702
23197851
2888574804
17009336
3129180506
3138750410
86360344
594416751
1104181219
3031677678
458901981
3095702146
1915669627
2758622564
3143146302
341606016
285699386
2870889397
304487961
2298432806
2450509770
2526746304
3138969739
14057659
261247884
3123860691
3139007502
2455382858
3139834475
3134171065
2978129103
1159764007
3041736609
1357976521
2803796682
145831848
2450104626
2282513724
2746908778
3136557685
3083643690
287251616
581197776
3134640820
339809426
3133186954
626637771
3138643518
2957329348
315660745
3013163965
39641566
3130379426
2507495381
2174302244
3133642332
2530425451
522580345
1188096914
62807955
1900992648
1046941386
540828861
124229352
332716328
3066308583
3128733487
140221203
2928199452
2273002003
2722082424
2410871281
2743337201
3119396376
39288259
1588443187
3113362150
