4420263442
494572204
4348237453
1113153818
548376527
1469101932
1152869286
3788675727
727093279
2285230988
4023974295
1012292088
3060470386
2505124090
839767190
3331314933
3189510229
1421961288
1914272526
98497158
942122546
2565630213
1441278092
2982669663
3622819215
1010406218
280701704
956489246
3093329217
1542406099
3422869103
772755577
589370806
548853197
1717206192
41137081
2955967245
245960105
3361217483
3004711761
263926669
499439600
300022358
924430244
576628919
381861565
2893511188
942274158
98828592
625847281
158224477
369238299
443384519
924379394
1027539968
917187168
1305410059
3304715085
2159407523
965057472
2558787223
3142186474
2188280452
714988044
3194838637
1123895270
3248665006
2633006902
2512780495
727604540
2875573324
942851424
394400134
910246106
1596438432
3146181778
3144325665
2757869289
864100206
485166168
3131064381
550520658
3121577671
3108767948
900739314
1340481588
216201838
2316464970
450080693
3081043996
926430156
1395988206
2485761396
3069006141
40927173
456881210
2832853052
2843865988
1434318871
2744114596
415824582
948665726
1018558146
2842178812
45266183
2249376645
3022521304
1337511234
3015883186
2750804079
341929868
1202573804
1611635503
1050918416
767830921
2371285530
747912650
2488428070
2425398364
2974172926
216618670
887602550
2505988514
2905513485
87070315
19738459
16550628
1480791163
2940873112
2920502247
448188052
2920379823
2259029332
2907860813
363134870
2233423910
2678072634
717510137
2489258132
2893991531
2446978161
2881628229
2878485496
2616126972
758321178
1026254935
631322048
1421239676
429517983
2850956322
2473142144
506348674
1564393315
2799175653
2754753023
1110573559
1299979796
297772347
831826315
2738737210
1450228831
755174906
2548971312
1480516837
68835298
443355201
451302307
1925157330
2303565354
34312352
254770183
701990293
2701197039
2677260335
2400875125
198046736
176243247
2545714895
2664815993
518150024
124083358
201961976
153474021
325587713
1141671066
2583384071
153694176
8771022
2245128069
2533880282
2570005211
2560704051
1534500354
1727143807
2494972950
1935985927
2415156812
1120999309
1627227924
2181439294
704261157
431946539
621107299
528966148
979768008
2367765993
230930518
160694892
593113437
1888497872
157364749
242519170
1239940298
1679041458
1107831577
2371889530
442301824
1459876520
238641032
2359081815
1730512428
1626079872
726664160
580237675
1311195805
163730859
465967433
2343995765
200533952
376746597
401681146
450311130
1578062070
616256637
635139918
2275140598
613663069
2286849465
2317956523
705537225
107939256
352582594
522526329
1118335081
2274926494
616687322
330705266
1888323895
210137448
626266113
1906234147
2242077017
2226262683
43158428
21247989
378014881
1187647735
1396698397
72663616
1323189992
551249074
2206485232
1413759600
278328390
1388203501
379408088
448679453
1371002653
529805238
1499418432
607560779
332584039
715561078
1422585620
2172538949
458809815
2147614456
1166897600
2168819495
405728790
979237879
633418367
1661439788
635675290
1581982682
716980270
380594494
1918453633
317436202
879042746
64714819
1556573353
475199073
1700004054
516898909
610372371
492630584
614512161
1040551118
1851426090
554447120
1027741489
1718046798
1861851416
1257499644
1596006668
330271765
1380224808
1033343792
30495613
1656735860
1636780502
1626922297
1594432592
1554227388
237883903
1532184223
1321511923
1458070478
1393803151
274810287
7831092
32624009
820302835
15265990
308759071
498121894
1287190838
21622407
389082059
480921488
853513196
1247849455
588594588
233183631
85452649
487843424
84708371
1184365016
919781485
709317967
865919816
716630065
1122380372
13064652
18454999
811922833
76493746
974896682
149885962
23298808
718634840
47507002
64046423
1064453304
999380533
83478356
834316544
1061877199
842489353
1083111433
1072292599
115085879
1035427598
235847172
737537330
16193578
87781747
127910704
903741823
974956352
967014444
746317106
82711420
73443014
353393642
912482706
954731779
894594978
600522836
839864467
17087270
343544824
158314798
941796505
418287933
46832898
80655102
141052723
16679529
305168345
64005334
450010675
362655140
877965684
906835261
505100689
131822765
170518138
891826837
790080344
612836178
624194049
357924719
868147182
830271114
811821128
262946886
839959435
308349554
34119300
53732896
625871558
31444922
487763809
380294247
157140968
812185952
790461000
22747276
14622632
768311322
169740780
2367911
747575192
545651100
746461717
325374680
372891057
281766200
717022171
225539878
35348026
35364809
724435706
565926446
71133355
707136444
596272151
27989078
101928415
619379402
331952180
535510911
500284148
582318283
620772888
601539291
252863309
338127670
598937250
142106796
591442988
505199855
87016990
23151437
467779372
573934312
395035520
429605197
325867787
375672500
440519618
371007702
602260512
541264472
548012729
92917614
431969870
602142842
600697563
191717056
548865364
600380981
31458042
360683785
483248233
362624538
585017669
505125337
430302015
553219831
547383089
133880286
572135014
546431156
176847327
448520950
435465454
446510249
412755583
492399548
49770611
128961271
412753210
501196085
365068155
59264441
344456979
393488321
531953337
527958496
44312605
346328111
467877332
549835189
549675547
419162598
444039977
527957208
510952787
6427882
42384760
17980124
447633393
132955370
165953518
170424259
251358510
335085572
425452984
25365536
258617022
13929092
180054347
19679611
24286351
79650494
50200725
387417200
100425564
57838735
19955482
326535924
105119490
176566242
181561712
18655998
82941287
56783491
33408821
21178973
381806361
26565946
380018269
23617610
23065354
18091904
66618379
166747718
161503651
104249727
360779736
342274142
27195114
196795202
355782450
20003448
32959253
236699098
155659213
34507480
284183477
268439864
58528137
188647212
109713729
111690277
95515846
94360081
93935921
28638191
25521487
27260086
21111883
81376907
294788459
283265252
292088638
282754258
300650667
