14216123
903090475
901951616
903364958
875866567
903316230
903361219
903377527
903194744
871560217
541164130
903395724
143679029
903400610
903394218
61039650
272834927
903402060
897338797
120778267
903416437
30743241
806389406
452891561
903433315
789294691
887058589
299620143
439265566
700689426
903355890
74409570
461781193
903226147
903473948
903466344
903495589
903493525
903488364
903496165
26209668
109382742
903509774
393548629
287153379
298986397
281475266
701619402
26245853
518211653
411470254
903578796
86626503
886625220
524910654
849080562
903585678
112179026
421017200
158744940
38089358
892700088
220620469
862803678
14826435
889938026
161432442
126428494
885411595
37824405
720890094
491158170
41089444
251775601
903589364
903610392
50518885
903630560
903625974
831170917
399973626
110307231
865141093
896270412
832207190
903667831
903656672
837091746
82173284
77875785
333424940
378649565
350096077
38962609
148778831
27532685
217208408
400094251
898046304
903708577
849508020
345133377
903716208
257136640
291727900
102384482
56988047
903725982
846569304
59291391
619712851
47002751
903752173
103821542
379027218
903732318
903751771
902999780
903719995
899748078
66991766
903627560
547759551
67925952
903748646
898826166
903777800
903778854
903778056
903787796
751839835
899756059
903798434
220196490
903710274
903808429
903759624
278889148
903796122
716304128
903814585
247734527
517801996
212278522
903820952
286589787
94082947
240043293
899939898
872498846
452999848
903834702
903841890
903850952
481635933
600986080
234261664
901738530
841697532
471815844
903782154
334254319
466844412
258235581
902691128
21877919
903888114
590673517
903903781
167465779
398088625
88519147
371818924
41568769
444678464
1045489596
1045558428
1045580101
172646244
1045518432
1045593132
1043798496
100263107
1045309435
627165484
404974749
1037894328
61474845
1045610160
1045572842
1045631814
1045640724
636510674
6596152
862285764
1045685996
1043911686
1045180531
1045705214
25196414
116362679
1040777257
1045692654
1045731524
275551647
873611449
1045743510
1043029952
161218982
322763258
255103327
1043229686
979179632
27622714
22266769
118267412
19376581
263559697
260504150
58702884
1045805245
1045829546
1044300421
32233324
30054862
330289229
1045827906
24616123
1045784966
91654002
989445386
303216828
48348457
278831592
171043439
197528206
1045478569
336782574
1045792686
1045877202
86650232
1045992697
1043957233
306345508
1045806848
295470657
1046014297
1041049489
1046013920
186428533
128013427
1046001144
1046044070
1007915534
250234379
1041808700
1026891271
1046050340
1035939474
1043513557
253176751
761903868
1046116232
350413504
305807865
49011545
1046130133
361731036
1046134645
184646378
40133958
569532341
270406069
1046101891
1027732124
762891486
564712626
1046152315
222172713
625792673
1046155015
1032880386
1046145672
1045650552
443438338
920479134
515317903
1046004158
1033978453
24398712
114245839
1046169680
713307451
291990543
200271583
16423962
420184074
1046216558
946679641
490426136
108947628
280846344
1046236380
368795844
1046272735
198167731
227545948
521239461
298591593
15203400
764532457
64032437
1046175163
47844749
1046229884
333457404
1046317388
1046320813
48972989
20948061
1021347541
1046367356
869057227
1046290196
1046384875
1046359752
1046332148
1046393215
58805159
162137351
1046349542
1046384196
394190734
1017375990
1044662304
1046429774
361348720
183333575
183314789
53132840
183345989
58961836
183347273
183297018
118863437
183350433
178976269
183352578
166331974
183355864
16116655
183356308
183354103
183358628
50457128
183053011
183360871
183363288
174001975
183346969
183368158
183369684
21786705
101024771
454766088
165982057
183372211
183361085
104553137
183371598
182311852
101292229
48841434
149157138
7480172
183378663
57203247
14910681
22061026
30732633
22685039
183378772
82051202
19004515
15934814
183341082
176995911
183395575
183402245
141974653
183401986
42838743
183410784
183410405
183411986
183380233
183413431
62874982
180365467
155897947
17664746
183420513
183421542
183421262
28784068
183405551
21120473
159265501
183426210
183427009
183426279
183426522
183425769
183430295
183436032
183436182
183436299
183436896
158557546
183432914
33901860
78466193
17715756
183447079
41023608
183446766
176310813
75336473
183452415
183448549
177462232
183456737
9686682
183458263
183458795
183459132
183457877
183461170
79541492
136026824
183463197
107434376
183467767
183468206
163653498
53637854
53519741
183472705
183477101
183127088
156811796
38002497
46676442
41487233
56250731
129205472
183484603
111965055
22323298
33810503
178341730
183487729
23552553
17924677
183490486
171230064
183492835
21454354
183474434
159779721
5548202
183497667
183497678
183498185
183498574
14846516
19824495
183471301
183104785
63558219
33060996
183499427
156935258
183510395
102289645
183517053
117558738
123762203
42103521
183134536
180193474
183520260
136320603
183524686
183522030
183396560
47991956
151421178
155210268
183531344
45110572
183506226
183437510
22869673
48391034
25003969
25966524
84346518
149408935
183542414
183541886
183543969
183546117
183546229
183544954
183545524
174606718
182007929
183551747
183553188
183553239
2330783988
625767956
2743178194
861635048
2567929600
305705637
2705632434
2587192680
1409790997
189575065
2743149435
1061340252
1538690414
2733200388
26516050
2703626341
2219620973
284851206
2733365214
28415335
605351915
604263331
2410807250
2733429817
25766950
2724071376
2722621146
1832848826
2733408476
36076772
1480684759
2573262173
580360597
2733418328
172573387
19771830
442590590
2732762564
30773897
2610287838
2733242258
43582980
127429605
160576034
300679639
439342699
2730488822
14932799
1129119722
2733491030
2599156861
2733518725
15661275
196696878
2645210826
1643263784
2722466195
76267550
246793233
22050119
2612824188
600489694
2725313870
2743252744
2743233028
18561687
214457450
2246150932
435669596
259716120
633478344
2733290004
2718055674
2283353341
2743238333
333501047
2743239623
356277692
2638143748
11837152
630727323
1538134213
215338896
2416527632
2728620883
2717616457
206892465
628261660
2301528856
2246764549
1388660419
305283850
2743264336
761458506
1755681
56882483
1632534450
1383173851
474381338
1728304104
2743246391
2610019524
2743269334
2738807097
375863575
19804817
100706064
239681047
2737232061
56159021
258260726
253664481
158202062
2733717386
2609669522
2733070472
147168090
424447794
2403098305
2743287472
1276525723
2733758911
2598547074
2649733943
108966981
47023015
2733720252
559613852
83484146
41787642
2719547947
26217653
2709923592
2346367069
2733616195
131106520
2607248082
1009921561
1705505978
2733700442
116476914
2732289044
1668552750
2733678816
2733797820
99137275
2733777517
413102946
2318467555
88363716
2392372922
2611031418
2733840475
2259860060
2287404131
542408794
95588616
2733167725
2325403232
268783808
2733895381
2595185580
1153538011
2370069732
401744269
2728691060
2706996476
2486919876
195254429
277861058
2676235767
378714587
868166316
156093702
1493573827
2733909668
2653171735
2733869774
476365897
91496067
476360345
95227089
476372203
476372626
263278915
286498375
476357022
18607939
405191492
476379575
476266583
445078659
412720714
353843859
476386097
402286731
301724146
476385458
39348499
58306132
476386537
28705606
476392163
476382981
476403585
461341716
344719736
476411964
221652598
207804620
250684289
425759561
40809915
424217266
476428888
476430079
476430072
476432839
30220258
258394619
476435410
469806289
50595698
476444035
476447665
476447075
476437624
249482240
476449991
423666105
353901979
475240333
362485887
99805989
476457205
50906376
476354545
46535093
476463246
242823620
476474881
476469760
389151094
476483730
337817423
389286970
476349311
476489758
475706512
80346235
476481854
27975890
476354179
164161673
64027335
476508588
89213258
476507205
32968906
476508023
228260894
476518150
474793232
355326709
292464110
261929091
475528016
476525134
20811696
476535071
27176325
64421987
476543037
476546143
244318039
188411527
476546959
476556560
476560104
476569828
280211643
476555282
476582829
476584111
476533719
474988213
281434451
476586515
49788664
476522918
476464320
249608889
152897767
476602838
476618278
476623776
476627188
476627300
476634337
476637342
386845297
476641949
476428672
476649047
472799125
476654181
472796717
476653113
293958745
411416082
476511376
476681281
475179567
476655722
288091958
476679819
476691915
334376833
475829785
25466601
468164846
476704154
476706066
476711354
16037146
232267260
29022797
476718421
476723867
333098708
476703094
475485650
324741518
299821203
476735125
30393676
461685449
476735735
398832259
476759786
354279439
476752861
476757892
21713360
476780587
474043283
437863501
476787494
476793067
476797785
178186980
27776269
23967219
183828068
476802479
85573493
474072419
131628681
3303157975
3303117590
3398352287
2904804036
3398406808
3303063432
3303157021
3303064428
3303159793
3242336909
3303162373
41780703
3398409664
3303118262
3303160333
3303065400
3303162979
3303117758
3303067158
3303162127
3303120932
3398410882
3303062952
3274226268
3303122276
3303125480
3303165283
3303160927
3398415250
3303164347
3303165343
3398355689
3398415742
3398317779
3398318427
1111046785
3398415688
3303071178
3303071478
3398362583
3303168571
3302765665
536437285
3303127712
3398363591
3303071130
1922112804
3398417500
3303126290
3303072720
3398365217
3398359421
3397605849
3303070644
314855652
3398420434
3303126890
3398417956
3303075372
3303169627
614483804
3303171703
1498879189
3303130154
3398370023
3303133418
626284529
3398371721
3303134174
3303131492
3398327013
3303077472
3398327571
3303078966
3303079770
3181026584
168162754
3303173017
3398374871
3397406705
3303176419
47060801
3303139232
3303140414
3303090644
3303042798
3303179299
3266072954
3398379947
3303181105
3303180691
3303140612
3398438098
3398437774
3398384237
3303088710
3303180355
3303081600
3303087474
3303182317
3303044436
3398442172
3378875921
3303144962
3303184075
3303147878
3303088830
766805708
417320427
3398390891
3303090630
3276337134
3303144206
3291472249
3303148172
3303093828
3303093576
3303185443
3303148664
3398348091
3303188389
3303093402
3398378711
1404314876
3303095322
3398353101
3303152774
3398353107
3303191149
3303190495
3398399153
3398450050
3303155540
3398353941
3303098796
2917231845
3303152798
3303194113
3363130295
1540877023
3398404235
3398454334
3303101478
3398455354
3303100134
3303196903
3398434654
3398458618
3222757531
3303103188
3303199261
3303103092
3303158024
2923780317
3303098502
3303101850
3398460664
3398408285
3303199741
2197510698
3398462920
2883288164
3398411297
3303161822
3398369199
3398369043
3397650791
281541875
3303107640
722117437
3303203467
3398415449
3303163880
3303165236
3303166916
3303205441
3303166880
3303110982
3303168476
3398375901
3303113592
3398420369
3303168110
3303112362
3303210523
3303111420
969057908
3303116184
3303211495
3398421371
197653832
238679844
132059002
3416648354
252761797
2471675754
3253071733
3342073624
248966046
3342041345
3341999265
3192790487
3342078856
775036134
32714631
3300740056
2723151350
3416693414
3514469356
3514359867
3311322665
3416620038
3514369577
3416694380
3535436777
165792903
3536254234
19699940
3428184686
3536199197
98178855
3453268753
3308340902
107508317
407330192
3308382061
3308348840
369805472
3308296764
3308300130
3390069436
561094119
1206242984
261705646
3313028750
3416913603
3588171676
3312965120
3493561579
3338055553
3587646021
3493470432
3493539014
3493473912
3588107301
381377652
12191642
330342739
2207576120
216101291
3410498354
948108716
