415355646
158243003
518964850
869276496
138725262
2274992047
135645032
37710752
2565377024
559032073
11348282
83884204
490620348
978822876
2421571549
1105335769
253577097
25969078
18164887
508843416
3422507114
588825713
3414162754
75013154
13058772
17061263
83532414
65428258
3227619350
139471324
1028172726
2835644172
171247841
3356326887
19720019
3280841863
81106305
1199413508
1631781367
1909421833
322744442
593370001
2221394253
189283341
3227430229
1009671080
3328234329
3231246805
96013710
230627549
568410412
16250400
17067902
15079315
26483706
501455448
947079175
1059194370
36258326
5695032
18036441
192742085
30313925
1093090866
39585367
248795646
1536791610
136361303
338240032
22175924
147751065
32372834
3171183072
324978824
27974100
19154824
2278418684
324896218
2593366306
2535946090
62491636
23150981
495304997
702103284
156012476
19051864
15809249
71059280
471242408
93323138
16436231
14998579
18469490
5577902
16588111
41311283
195465523
14078956
39634561
170882287
2338672614
14858160
373450601
422025619
3085541981
249392807
3215406045
207853781
527819461
1041814219
404941163
3219690198
442970962
1426079364
418858127
2910203382
406116559
85868312
944648701
204566085
15893379
17593694
1671120072
2987642392
267937213
848388289
1852820978
1108128487
379046069
346352837
719766126
2434891693
539305449
2470589390
1031491704
1049620770
1896385698
20985527
36117822
552327485
2423165239
113280299
1366183381
1855845732
2880258972
2417969263
2902238364
65451843
1078386902
99585212
1161663824
2206743728
397630325
78679863
2802718101
144218824
196333834
18629213
1393132183
494742827
22070225
