3432647573
151103145
4196399163
205798811
200284668
2768988988
382261095
998236856
4336670567
912540589
4082944413
1404701910
42202682
2864153490
1967844967
172447168
151193285
2360679671
124107759
2822650805
145360019
1917318528
3843908715
4383152729
1619374771
4428363447
161435657
1507763622
3384342531
1277918978
2512584828
263847560
3392072141
2175534064
1731661730
568481429
1129052400
4385514393
3150522796
3084428675
595604448
3233822488
4368459674
134233478
3035881217
3327855570
193640105
395635053
4413697515
355067553
81343445
247904321
4425169756
4099029213
337399716
35724630
4404401715
3101891062
464836502
1245690798
2558617490
941764790
4425083115
483175522
3032940441
892238155
3234231410
405022332
2801983936
4108466414
2591591918
4276964000
2243887128
3280487097
32558373
770532104
827450154
2172963605
3299311831
485605617
242112010
3055315250
21395410
45821880
3188876978
219280190
2165893506
220101601
160644447
2660677360
473937196
514024773
31535114
2338671264
3130347555
186212755
2684499370
714547489
3146727137
140911372
3302168704
3828852253
4346437999
98636821
3085353561
437898257
2856694175
4395228587
4290404116
3291536888
3269342725
4353024995
4122338632
1337004938
2230481410
3156146757
133745570
198310920
477222930
2531581889
2909996208
397630848
2677972472
1080354134
2951770227
116977189
3878545337
3231952937
3488928075
5720842
2895266273
1525905714
28967997
4202668619
1691254664
2534676705
4354375233
3404612020
1252818956
3047328615
3490401623
222980678
4309267654
2972170953
3250998914
82270164
2300494561
1085042060
70411603
2693948373
318588928
4289762961
35457407
2782606108
266050516
304330104
270003280
2244812487
323935934
829773626
2430960233
4003375273
4095574527
320874074
301405771
2904121171
4355814075
835426910
93578455
56690938
63255450
227579673
4232126512
2185795870
633685004
151353659
3251911010
1524659318
2402006695
3258220554
77983751
138040598
3194862422
4220660842
2869632748
4488033312
4234679729
435020454
1252449938
2431016107
122029003
3358561823
3309031412
3362112053
25839090
582958519
467837686
4121707835
306286448
4178871801
1959312474
138017965
373275893
92878147
166768887
206829467
767285546
333109441
2266220046
3431556052
4340369183
54041647
2579065494
4259375537
2841044030
275921980
86147939
3885499864
2449333010
3225932733
22604215
1278912139
2344042704
102699111
2285363137
2268441007
105554538
4031189721
2488173589
4373160269
140453279
4170087373
2876979172
3050178484
2186037442
3437511076
3816598162
766244400
340993551
284170961
617990261
363317250
2948535723
242330054
535582340
64401428
2194732375
3431009540
76361746
306890963
124779671
3892071381
1395562278
2234844534
4351172956
4480453634
3074150231
4234304052
3613248559
3974555062
258881859
3153746502
2674914896
4293656601
3909987556
34579325
358091972
4022183057
1215479077
303309509
629556508
3371209287
3769547422
3774706714
3250750422
332153984
2391883671
873856214
2480330088
3873324438
4134353194
1875566983
3662801055
1578270709
92714537
4121508262
4113005543
2333960541
534981340
2560096488
348069268
12074142
70809564
3130865530
2943238508
4113018793
2638104030
4363610009
3274885032
2472358304
2989276847
4251677727
1378784636
53866434
3241263349
3361912480
205529935
1129253149
3677035880
1143270636
165834189
3411381260
2830323662
3826049542
4390941203
1389883250
407431186
2906305113
118967631
2867930650
3320037990
2781553554
827832342
2189592834
3316315696
1011350132
261153161
3214759277
3023297960
18983867
462543895
2559217656
3543718709
72520363
2457266355
1139064451
4398759209
69581884
3348185938
2172760215
106627578
28097769
3308446818
1093190779
114515787
3759753804
1534547095
3335304557
3275857887
2171026667
103964544
3177286046
17604636
1438423375
114577015
3115173969
4010815047
2953439867
2770269227
2745703391
1104609757
4063829836
568461610
2293432456
52002299
144979940
372950011
279994858
2729247117
3117457912
28765956
3115325571
97884692
952814504
3290602134
4234858911
207602113
3178268886
2919056145
4362623488
4175292293
3234072240
2979965128
2932933708
186920616
2519130034
2762651697
766528214
708295163
4147703235
143397628
4103668281
14171950
2905702469
361286317
3148655745
867621438
243258124
1885900574
2922533975
601052850
3081738290
3295174565
903049537
2641789119
866554764
571534251
2323705224
3315593668
3499176193
782478624
16753122
2769024473
463676436
21404596
4194575296
1163270754
1187716290
3319041548
1394103770
4373852915
4149854673
2191199870
1153310659
2238213171
3283630939
1458039680
4019855663
3253775829
21907534
3892273577
4437483740
1723597002
70897987
4052392523
4273936840
383161485
4255273000
4316577017
3225665616
3973760950
2959081805
300273954
3904111706
52663021
3031431969
2544285097
329094486
3395151149
812820445
2982459467
3365894842
43315830
3258968355
97161558
4141094374
3381705712
964343065
4141965387
149208556
3010498518
321231767
2757962269
2830442172
4029184332
1146165236
957226453
4377630746
125230311
29053624
2789715517
1663347242
133571652
728059698
4013373616
539186109
4161556033
4344364791
1630520346
473335391
3601514176
165234346
4305786201
4117516094
3878430794
382306837
2656560368
2761340325
489126886
3383791726
878333953
461547215
2492566542
4286767455
388884196
433652273
163686583
134921773
77131195
2306338020
968761260
321444384
4039047933
4006604439
1044882300
3086365952
633679944
338121123
4164746068
4327697795
2449485699
25402461
1318610934
3399523432
3385017389
2638965279
2953653238
3411170302
322891515
3884210687
396715558
1277878316
350683875
1097909988
4287243326
2727502639
2545706354
3939217941
482644009
1086246146
1682762365
3305387100
291827569
4083174076
213925410
4230798552
22860367
2983116458
2862859890
3411560002
4229796795
4025565313
4235655094
3601764442
426118084
781532371
3936313702
82216109
2307455125
4179291393
2191024123
3029014973
3767682072
752541312
3381222088
208045361
4090873918
4264741769
262749376
1593750530
3008792249
4142385263
24494951
3284099965
1477746134
3557145196
48434739
4017848596
4299118216
3687195196
2847971802
90043495
1892910787
2705765312
3964544783
551984987
4012133188
4298906234
1720137624
4250089601
82451441
299375027
2823609531
25085864
4114080028
2569615404
3246766771
4159539982
4243889301
3063358625
392852004
2669189709
4138107801
3238644940
122167036
2665150665
3233246628
3296781009
1287065070
3299452159
700124919
4162927759
3250300183
2938570520
3306568614
181133223
320321424
1549294777
1226989262
456291243
318743110
1260747721
1676102052
4262809936
2872920539
919619808
3829423393
602526839
4262438188
372711428
21859094
3429362691
2408486828
3727133001
66130200
467871168
3718439596
4206985697
4142703976
491367422
2999919372
1958729600
2914932941
4275875026
292422310
3254530316
2231450239
80607165
2907774958
2245200025
4071315465
3790087464
3931815142
3533449882
2975999073
85671992
913344710
130287868
3299970799
3907035391
2312790491
3567058463
1228413589
2918268682
2754423270
1951887752
3035884695
305289096
3369037492
3299789101
915728137
782358991
4099366289
4251331383
2162621897
242707784
3315400360
48103112
3439108365
3105816868
4325225834
264288248
4149546922
3012931684
1923026016
2476009346
2528544792
16504070
496981296
2904723288
4101261016
3161059433
1378335463
3949693174
3257083099
1361051448
2308490130
3193053624
4275102372
463025174
1668901663
1292267412
1056856537
3436205517
3517923013
2379299299
2532985856
58468445
3688484973
66267710
139074850
256979187
4258717395
3727855100
3415692789
3308545524
4179573748
3981347303
2310796134
2983803365
500935862
4186678523
2349078825
1124945886
3207837634
3041101330
3123174169
4274870834
2843439268
1895767338
29345407
2769343641
2732614156
1403857154
565546745
386883469
495471417
2264608055
3000441995
997451113
3101150106
45009684
2548857996
1705518960
4220773461
178306502
506299262
2261957928
1196618000
926332976
2894476861
3633835277
2789019179
3246585291
3307823418
1687246458
1427794266
3705978855
74585787
3033547847
2795211832
3041058902
2948914043
770075226
4194910233
726380358
3291347914
3028682661
3749416761
2717967977
3447843749
120714978
1637693413
4298882354
28539516
24502699
1008782282
3314144202
3311971534
149021930
2240143350
3858361454
123375235
3454539739
3272639900
2567008777
405113404
367424771
4115857678
3709855101
2265913854
1140162450
1033338847
4205312313
1933223467
3498878954
3850690659
3033131126
3383696254
2773360042
3389368805
3303131926
1209503546
3957344774
546617110
2646866818
725816822
3194606786
3537608541
416786745
3367950819
3260952775
258514929
3312139578
3630855078
142437816
2834534802
312805559
2252359123
4173407193
2980547693
2416910582
2904475739
1123067508
3403475662
4212238108
3724688425
145186538
4157342243
3235613089
423374165
78041018
4189683743
207917733
63184383
581574752
106711770
3305300677
278981576
3261065178
73966597
319744638
98898501
3239115768
520270587
2994510430
3252625466
192844769
360872524
2895921728
337890149
2540902808
92988249
3296996334
3405773620
516038617
333442007
176324270
2315684054
4033571723
4202944234
192852091
2577283387
2744959706
327617132
2779023865
2754798067
4177916716
241118645
3685974377
3937581743
47369988
298064568
261261250
3826034055
1547074069
856950985
3893710941
2322178217
2848174899
3058682629
237849610
2944335359
3035883809
4228793670
261917033
1396303892
2504045918
4175895149
231406577
838723904
3200071749
235725559
3387667413
511612484
2693900972
3895850895
3710209217
2783386928
3187295451
60561381
3869999608
4099030391
2757166222
478642643
3003024454
1154600484
3422830199
3371820231
4129337052
3298910494
414867000
593256658
3776314093
53673719
51535562
211107820
1256474911
37725427
3282422589
611819496
3112175002
733236876
2863270239
2720499738
3193265716
475444094
3929685669
4158679217
3261747429
4033815993
16408867
3261921717
2557078724
414468508
4167235450
609472306
3993511452
559608453
589892018
906139387
4061412387
235041107
4012813535
2173098326
2850281734
567509155
3384630652
4066791268
735344509
900425605
2632224147
4043159114
216095591
2873024988
4019974643
15963963
3249532912
3385864281
3344430593
2881829733
3220816183
2875630981
3428899648
3302469315
55863311
3938603067
1686269113
4061853192
2516124930
2419006332
2751444431
4158114519
2886401351
3156598169
2162910379
4138353616
405269229
3419918293
1608415296
3740908219
3891917447
3711746236
19283024
1293327816
1372160060
21349762
362411653
3165360683
2776607525
581921920
3137772646
33987726
346295674
3864540802
2338976108
3711127212
2287155474
1713068696
43967608
385913012
2883630046
3178294795
425307645
48435337
280009832
366537091
3536124861
1341863389
4132483035
930506702
4045380327
3373182431
1123542973
29236030
2718726863
385748822
174219906
414407629
626066858
2616890022
3282449299
3300077556
373577794
238130553
3884658315
251047484
3817450096
14864635
4125937583
2815132560
3880190532
3394496200
290484929
3234940489
2483503965
3239297572
1641080491
2328282996
3987764739
55850365
3688017435
3187988608
18981792
2607632947
1134621295
3619709997
2725127829
38438769
2776931185
517824260
243835856
3986863761
573615600
226243668
3623829441
3038300753
387393350
2285530285
190704139
1544235241
2423630059
1009358767
1493519359
1490201544
2333430964
3374190136
2308056715
1385708604
589932171
119068345
3310288754
3102823568
343139056
4110540852
23003047
4048025355
3234215182
4068930389
637083963
2930011769
1402502192
4092294580
2960197504
1596682009
3473764102
428565660
3107835881
739622718
2315530428
48496445
2799670529
3341583579
30947426
4053144839
4025629514
3897778518
4071772942
268341790
20111996
49441779
39456937
3265610536
625693989
40246102
2866121667
3046779077
402292662
