63314223
442914144
3391501144
59509366
2986286073
2983995718
3221884908
3327941229
235314284
112897540
67748427
3003754917
1965230780
807177378
31110111
41602160
2411868241
3233199022
575775185
103618959
23508439
18594363
1398726296
3253707915
866953412
47845115
582757842
50512023
38034522
43425975
45957266
61373007
133734855
28697502
3156929912
3331476135
605152129
90714384
18336459
49784257
29642150
2968703182
223296737
28632206
3246778622
2887046601
100564273
145351398
51309471
30340237
273588255
263539041
2830210670
152287427
125548007
3271353474
2228952004
2241709141
2276564012
2849955044
2230947084
1136149675
2952922973
1632656881
183261697
3234497335
307671256
248806136
1573258656
2818274685
13307352
1594001366
2863352306
33701199
248052258
3305917467
3259547748
2926194257
149677199
357238042
78185520
552178035
3363562229
34130762
2289993173
769612579
3321888124
3333483219
2813202073
3033690970
30041603
2314691725
2733882865
328025618
38885432
1139883696
127933144
50360725
1692664778
442653867
1652870852
497420742
363215812
54641489
16570043
545882381
128454600
2574016085
1027209997
2861689221
68237220
560479874
2721536777
1552298575
62660089
16435577
24767627
164540892
403622085
2457743862
95987370
1914146138
114294328
2418747423
50765535
105886820
2802656695
76111834
3093653627
32070022
2953352315
74901358
124361367
223300063
112245088
19511854
3311604335
3302056607
71591962
18243006
55316814
44422593
142041183
343851766
2949292067
1977057584
71398588
2199226404
1023451069
3228774832
89096038
128680402
9334532
31414477
20962674
66379182
15723732
16145875
134846593
30031547
37683414
2213678671
159381084
30396078
28683803
2869357206
24314753
889795316
28219435
2200469388
300114634
2623764185
587903871
28238677
1872720386
105070493
95753609
276864153
229983961
2883319675
57617366
27167552
49392272
292167757
349184439
179799244
218753908
168860296
2955525717
69194810
24659694
78673009
407408243
238739226
246487288
65534519
26553086
2475921200
43374256
26554669
30152626
108994077
170059886
98019260
814135147
75481891
118617763
3352670321
3364484969
1262426990
2720631130
105916249
470345896
539342984
57641576
2189371894
31038761
40688901
59518666
820706306
2276401843
104889495
790946202
111809335
2644805241
3018259281
97049491
112632878
253753342
2277720146
330515031
1395241922
1151620560
2421638254
10678292
41147159
1048829562
30111583
425220184
3053598047
380730306
160684914
3124626124
138622601
25557716
2304693808
333457670
376468406
2456898907
60441517
3098296650
30020321
139615880
369896349
2838129363
95324494
2731481289
1850121871
3011841619
342819198
384157080
3097406001
3286884081
39433168
2857259819
399551713
39049040
1592580619
60324442
707984352
2992984924
38460193
143467719
164367888
2912008875
2417395607
88944305
254726507
2542146187
18152658
2746763195
29486433
34613998
61312712
230806366
2446605595
2515323122
234279492
84842930
15097566
290410799
138372303
2634891047
48222610
2722967405
119579567
219683269
24585063
192059116
43654578
218945036
1628781846
65744830
75737758
25878605
2293493162
2587471175
2462173633
1470722864
22049097
19548850
24277551
890891
2225481354
559111852
205516415
84549413
167620629
2665308219
30235699
2889023474
2894250033
234111696
1232122358
2934084107
1695404504
259063516
3048229174
16724093
3222876696
3365624301
62169594
3348575770
191282865
3364116148
2645566582
256219676
216093415
2460903124
125131777
3361812351
74707960
3245454439
2209759333
3362504325
146138836
375248144
3144801350
3103542815
1534618202
3121191544
44410497
2993823408
317983310
122947138
459376416
1449398904
752157408
3323410541
43900547
122774473
2729543214
15126636
30768880
34477573
65425125
3345469349
3259527900
3363438466
25255402
3362520803
20531826
202941949
568853090
2847638194
2921805228
3223722342
19274637
408088687
2296272752
2515289810
2546460915
3362554330
3365257691
3314740665
2347782569
763412684
27222218
2782086041
3296384873
3270162462
952702256
2440664503
3138293099
3345542301
3269474220
150576410
188343326
2620556055
2920505367
1390625275
3363887183
3316006810
326532154
43104408
321531644
3364486048
63019676
296116497
142482597
913101038
267337595
3246672433
763325815
53299409
22448617
3094908943
3305734936
605510358
3366708537
3270258235
1797835172
42487738
198385875
3074850789
705494653
303354063
30300313
1628535908
332623266
20475325
3271521007
236528346
3364653101
2867702484
108165923
3269611087
3357978119
3270148831
453780255
226818472
213418738
3347085663
3365364454
475225582
2735617777
2349422908
3344025947
277310244
3030995797
87070369
3271435518
2874451508
3022099694
3147972950
421395592
3365029636
1897232726
1030647679
2435635598
3004352957
604846222
3345981299
36340971
56572232
382437748
510415611
3362657607
3269543352
278360175
2259344813
3227942988
200854709
3362463172
3271523204
3361892122
1394399438
335112739
195492248
2427871882
1396905398
3362603163
2453437621
18987025
2336489184
1687279447
3000864832
2990313419
2538316141
2332677588
1641120872
74622741
1481125170
624556771
481700882
622257982
548850667
2853000165
328402092
2999608862
2820255951
2821046253
3340615065
3318826624
57043458
3246665201
70926844
88890284
119135103
269552973
205441601
164326175
48028402
232049361
248829112
267425142
132389474
132752344
72475439
231335961
43658360
29780904
28066436
240886268
23536653
3230189953
2989180781
55757131
23967554
23519852
20571531
18992997
17627061
14677117
75713796
40932856
17044207
15433693
14266598
62605366
20602394
17539739
17462723
85289376
26784273
16423109
64823914
18225966
16348549
11695602
14886176
14755492
4432431
11695472
161801527
15947602
17899109
16186995
14165865
9109712
19673700
27830610
14086764
16153562
3459051
14700316
14361155
14055301
158079127
33933259
13201312
19263978
22185437
40190028
90922100
331283041
6395222
7117962
16302242
16727749
20931880
24903350
48488561
21308488
28004749
28006093
40354705
55424198
108388673
186726223
352510937
419116136
600223431
17494046
18441988
26074296
20196159
25041297
27649623
36932611
42040091
667563
349719397
20416406
17980124
16201775
15900167
164122451
35982046
19537303
18360370
334468453
317370751
170424259
17910893
159113258
22178780
18481113
29300352
331813832
50323173
37774152
26270913
205415788
50811932
19077044
18552281
18371803
162869667
30465594
24925573
19409270
16125042
40168339
14992591
34430522
33995409
19564719
74518740
612792060
21056862
28669612
11026952
73406718
163559269
31451582
18915240
37367041
18139461
25319414
20346956
284089166
16212685
79758113
16812787
24342206
35936474
18192818
6794502
19028916
17918663
44783853
22019881
18999585
15134240
16616061
15368404
28160998
19658936
13787352
14282672
41866944
18058609
10791192
27922157
17002395
8984292
22708797
18170896
1769551
20076000
8082302
14882900
15587500
15723971
6450322
20436059
21898041
14592723
38531995
25928253
39250316
11856422
16164520
23864985
14499829
15566901
22752559
6519522
621543
25093616
16561884
25087685
2976446597
74286565
250884927
477706385
20639369
20710809
20536157
50393960
16331010
20012204
16312576
12133382
3108351
28785486
91478624
759251
18222378
17929027
21705616
18220175
119509520
20659839
19330043
19028953
17915334
35787166
17696167
3004231
18228898
169686021
17540485
14885860
26072066
40104936
21870081
1059194370
27698202
42562446
29842036
248900032
53853197
26589987
21879024
120943272
217160945
27115071
16228398
42519612
17461978
32765534
186552980
44993658
278776049
1093090866
1536791610
1339835893
1330457336
16581604
19834403
232268199
55338739
37687633
15147042
20437286
19918047
67727882
296820691
62587361
29307276
105328660
2199415722
1364408940
126383762
19923144
30313925
118733648
36895545
57368880
72893527
1586892079
30203220
111122177
36118658
28345779
43375260
54574043
63363893
338084918
35094637
50826280
27885092
77230396
176533972
448984422
491456667
557313944
22232799
741000470
121787593
48099210
818040343
24560143
2991422407
2888581155
2788500902
2455417884
23459911
342897880
2375804108
467009841
1074135668
292818252
1313995236
2883834689
464512016
211959333
2309117906
1100019114
487985003
204277591
44972855
2260150651
17093617
593335769
2559167327
3114243313
31618799
47450366
17467699
2352849961
61206610
86593078
3306643433
17232815
10880202
29562655
21697654
32469289
153031349
45564482
807095
17469289
26207922
46627530
9763482
9229672
15864446
16299627
20264905
20265254
2557521
17076218
16715398
627553787
25100180
23083404
257699456
79293791
104263696
21278412
15846407
40927173
428333
707354300
17878322
444913649
27195114
26257166
8861182
127621803
240734425
16651754
191717056
23151437
19955482
39367703
42384760
813286
16543760
15485441
