328990309
322823905
2710128980
479692744
211620426
30067105
201429067
253663760
17379987
68971853
1004489096
14315715
962152626
116557347
2226344761
2341674986
14910986
50652066
22073472
44642084
41631860
3192041039
3020768402
25814546
101836718
19733812
5500162
18171244
72368322
55847625
856993662
3387054695
418523313
52660746
815973
74652075
18914917
20321711
724473
207495308
19760554
37402072
216432362
2801592303
15079112
193334704
3113112099
70203502
1571068567
31595854
403627863
15392057
3852634460
15304001
404376621
22552203
1016021178
14944241
2904465712
220149158
44500626
60844051
478466850
18947406
299246937
404105510
97033225
457553140
19920360
21334020
37847190
311844470
14659520
24458980
931342394
8955152
625261247
342459272
51030297
37131720
3115240757
1682177671
95944876
534563976
16488905
2880831812
37778253
271211220
2542555796
283099438
127657686
372291028
547919608
3091991459
21066583
10844682
270440825
63440640
11107172
352497187
29072106
101524268
336699210
19380829
376502929
18780567
29959495
2996117431
3201438973
14486811
31751736
28522318
16783612
21804734
499283320
333556365
17090308
2654901710
2165857723
71628162
35203319
173840707
865107138
20656881
6911662
17061263
18614595
22195473
226340380
378801405
2972545362
49005125
1972799341
14470037
15225375
2172068161
44930715
3014369394
1652541
1367531
14662354
14677919
466321983
3169293800
22395973
15912231
354131767
16664681
277881796
15754281
30634283
82301178
394111694
69687111
14109159
4411041
26321378
2407269474
15956519
2825309180
40974333
191586103
22827114
366734991
18514015
233071090
60691673
2442900444
3268437931
16929520
809885
15029970
2173110895
1390951
9232572
10367
10621792
16665197
20417674
437971677
291596606
1161840631
346550191
166064436
403871494
881105347
17396865
120967386
12830412
36014292
636340825
322510868
1705885393
66993
19140641
15146957
14260608
17497708
14458280
17497382
2904502273
2569261
28826927
316971394
28207516
93684181
14097725
15859644
807095
950610450
2193616844
59814418
17762457
19422298
12687572
177566944
58238725
20438663
1850484768
19263978
63196080
86938585
220165520
252481460
309021476
113465580
28621994
90618635
14082596
913491126
2691127848
37852719
505624877
93724448
3299575289
70028131
17503434
202244723
26094126
17413602
84841519
19747259
2994919009
717313
480643825
2926638773
15147312
357411316
18240655
17746956
126226388
2827342884
18679159
159946057
115132643
15818228
65697814
281292130
1376525076
2751599712
333311525
163853853
3013616432
339827185
300312627
29658846
2862320146
22443478
35745126
14934200
16686076
582628160
455927877
12143922
8468632
1635994286
34710802
23976139
16978416
22249429
1851637556
20857916
169205802
933775777
75052666
17005368
57281126
2260607293
379160602
42609957
21469336
329059137
14644418
629523445
35803
39811765
15856164
15488482
17995580
2370136790
18088656
31953761
245519981
381340724
903633602
199736322
2898656006
1635810049
2214510864
90926593
5477192
38409197
360831528
140183551
348736282
99086752
256999501
64971640
5790862
1891710031
34181507
8596022
415678946
47253987
2230478545
919759388
14983363
1539598549
75537173
239569081
17105629
131500972
2685901709
2559211
2897645003
3013951
21109597
155869778
119058863
791635
16140777
112760164
2940559576
33204136
308976396
10998812
1069351
45307590
20200833
14086808
1598218544
305455484
1671371017
1872399366
254136706
519262288
1744031
2302624243
216371989
2601473930
1126394702
2332292346
2430347353
2240942538
292418292
234386879
2350244700
12036622
15948437
1960941
14326090
70511174
2808956630
418562532
200715240
2206993352
2513500134
2518633417
24812081
742811462
189173792
11581462
1265625780
2963095189
22432302
34988031
24039454
1489271886
2571643838
835463838
258988172
14199104
14596506
16551979
454936163
14064258
14375294
15997375
14927800
50056496
9181042
301105775
50296357
486564539
569138836
2547075812
15176983
153492935
14181101
16637827
630135190
45684147
88267974
14164456
2843210335
15037017
42838274
159792282
6544052
307810043
33958650
88510761
20374904
1961369622
28833366
1592418751
40471451
263127272
7463062
15817109
817209
51737843
49148963
1457711186
2831998492
2495199338
180497628
1691717670
2887577526
766652
13217272
33959852
38625174
786491
97283671
2423931254
24385989
48403031
1347232070
1347236664
51263711
13027572
108209516
11389262
435854974
14661929
114722820
1742409072
15822273
15198292
299558731
15607427
509352719
989581
14285025
2385274356
216748847
9144332
15965770
1334638201
55623038
2227253960
1286661127
550456285
486581514
330240039
1867930333
2284237477
22641783
51352022
36051238
395822975
12196352
2375301294
14531304
20751592
5695632
10447982
793926
26228734
811377
32205230
86456396
409543365
16707341
133169256
14296665
6371012
87171854
862061906
440558673
255003001
546514567
2730400710
105430262
297418546
15648633
567665280
896685049
25237079
685513
46364988
23326769
770124468
26296711
32857286
14577594
18013322
44906975
979792040
1552213806
9280112
29381999
702664880
1658456676
1345061862
727448095
18824526
12876
304475137
1345132771
275826054
401048959
1693745125
104859281
1704823387
897006326
89471842
2557096170
85548506
300143891
22742048
41764410
82303907
18754728
15691962
63831516
1126476188
43566598
34241356
12497
38003146
19065027
1491081
2172801606
1050186054
2185487822
16887172
348762091
14306062
11073902
515725199
14315150
8273062
121554389
179815618
1953680102
32615991
266187076
14457688
430923876
2841111
525604815
1209558716
2325254240
2148925432
240768319
851505277
15166152
1453869055
1143031
19793092
1355964822
18915816
28731847
18310417
7914892
928110194
2202322454
14101865
2523477409
2313251690
283053195
14100497
1012131
389985989
1248682411
465742594
14081721
199148889
472351062
14836673
52993950
80703
33101248
227173908
201522218
676943
1534185068
39600478
87421203
301244707
37418699
562556771
4547951
116276133
457033547
30252339
1636977812
36132508
2249215112
222633123
15277302
55103823
882108818
175247222
538423688
1461456002
173236152
334566779
21166102
69402343
14590652
87695618
32369500
28346366
116179674
65171535
278393527
2563000410
10067812
19852664
17038565
14627400
27814665
2541011618
741803
14178534
2362768526
27715293
14623078
5622372
19936330
14049192
2447236886
2222234311
91731256
1160749784
1694368478
342004417
3420011
68832413
857695806
17463
474651213
2491184401
2149319660
859466935
237799601
16184358
523683421
12447792
14838585
14380889
256241793
382806976
576760355
160586536
1425649880
17561572
2195067727
154068558
47323030
15298751
35756077
14159158
17721737
166321640
51678162
14547923
21584393
249658365
17930811
17416571
569569550
20754843
868637460
18147893
39483005
13234992
21501463
18917124
124054519
46713
20637655
2306990562
8523372
14837691
26939542
65222955
83600743
14069063
5489252
2327560616
23134190
6186692
139960061
1407461
2370770527
138638528
21697254
496245304
22634532
311769249
12337072
16672130
30214566
257331616
22223512
14162990
15211440
14923504
309399331
18472833
182322594
13611
25262149
2355461263
20263710
197962366
369261529
35079700
2338438544
2348335976
14898607
256005257
745273
113130846
41003633
16242081
2529971
24775410
64844802
14737537
1636590253
1499218915
29020094
355700875
2333200506
20571756
15070989
14088440
17316566
6753902
2192945588
18903165
516555181
217732455
113138090
7155852
27073265
17286232
44388921
191988004
22354526
41486415
22790881
5725182
791569
355080993
576926181
5727392
1008384817
271339475
18601763
636922171
27068068
512685839
571202103
23948034
25682461
374531891
42992649
6031
1138959692
190681215
1369164044
13666
6160792
18735664
18601151
1262259140
1974945445
18695891
14342000
6629912
12460982
11547582
886678974
609142463
995848285
74472171
41077870
253019262
45660079
574476599
751861268
136026930
46081994
630053052
27946814
14562685
1026774504
1472639058
22396466
263792919
14832641
224765197
14615776
607093
1185628946
15076286
1600400100
123093566
28197765
18174265
14935281
103006513
33423
95842187
62479535
10953972
5691222
1045751
19802719
612692093
19576991
3725991
15878800
213725975
110725743
26045457
62031508
8998262
22852950
1452021786
6130662
17500615
159495112
1946428914
557453654
34974055
807161
14554287
83706366
27629960
15356187
14073560
1599497480
15930061
16067035
16201895
42982286
153002082
75890656
30621721
15935591
14598526
59437614
390250366
2337381
1377521
7037732
356565711
180589625
18948449
159431807
14278978
683113
30524704
636857743
3926311
21662638
1379830590
182092427
1064311
15468227
258750874
9804562
420117325
8069572
552684521
148655629
5813712
109030126
7617702
268919810
263064383
385568715
82946012
472614080
540975756
13776072
20978616
61797570
893214032
17423245
903685250
14380900
808175996
14952176
15320559
15738683
217141519
447644824
174233963
15579216
18355664
779141
275640378
519558515
14058849
17991577
74129471
18058741
16832688
299435162
652193
621713
203020760
607447975
10064382
7380362
46063
14797045
9898542
30714435
20348377
508767573
5908032
15254955
1226131464
59166197
737539201
14541402
26304269
18227996
16884750
84613803
14575680
15505619
487075376
22743354
482236710
386170457
6697972
93920255
20422550
14372486
161486593
171188928
15030787
571241517
58785632
110947397
50584742
56712935
1071350252
109281095
131110525
17615624
148009464
25143586
1322108322
718993
25582091
287252584
29648173
138365613
156303065
26803375
36339779
20923757
17495376
14585767
6280722
18363361
15357143
94860262
2480951
9460682
17000457
10650562
107267818
6899022
58480453
6316412
134567015
15938910
459577350
47448886
73220348
2195241
1735241
11329872
1238971100
18791290
1355208428
15813140
206662545
436488728
17997789
19289178
281616349
14945059
14537182
45446985
1428870661
140577415
46021629
194787798
10503162
7113672
747114012
110350125
992151
183977468
17702451
390767688
6196222
822076404
41754227
206444851
48443
14130628
205281048
6079592
57395556
164253483
7192292
124964781
22681340
16417977
29917227
183642404
264481774
19002156
60642052
9737032
41842768
114602310
18000505
182539117
14527970
1585
15240070
15291495
43540510
21672965
5772982
14600192
795663
414739349
39407892
14413018
581191553
15928885
14390109
15784753
18075516
149237463
445832132
10884322
15373404
14227833
57787431
29092926
306498361
29414633
16246973
21695613
1065171
16028975
142426846
41389356
177081110
17098963
9817452
20397695
17355865
227423290
15319474
24706456
73929694
786552896
115392943
285216495
67363
14212278
54656826
595689564
605643
55127916
186222238
21322104
27909616
375466501
43517877
17087338
257151647
14756316
79094062
87361773
659013
21885420
747864013
30284695
16753226
478381144
9865152
15312928
26491028
17760212
889584182
14639127
366836598
389912491
63391764
270158916
153168436
23776467
111783950
15149407
216806575
159950527
130982466
569862039
770309118
97191404
253701672
234815811
271996018
1253661
517181968
15200015
8453452
783214
17503180
18687741
40183151
299217306
16415931
94383366
492388638
11453202
14439876
20562637
67358777
347136137
285807552
24222556
2884771
16102164
274807539
16313058
123089616
16217186
44580952
18060099
17421289
14617335
197193305
44374170
4249521
14780915
54983317
5660312
1081
509089629
9632312
14335957
3108351
11064542
22444948
160980517
7757892
14086716
972651
19354734
749583
14047347
22233470
25856905
587764567
216523837
74178912
22245272
24436600
20567743
14607461
253337626
17185995
8956072
259371777
204142245
3754891
13184862
20533440
36843988
14914716
194467426
247154181
12165902
245190830
5441242
143882311
294127712
816354
21752403
380329513
18632110
13322392
7025212
1952
1353871
35138066
47021683
791288
47128551
15937325
7736942
22134617
70774194
338418669
153750117
791506171
38333765
497982943
9580822
822284
10295842
52412060
25938322
13334762
386109391
132353765
14847675
2735591
320914218
15687008
2315961
14131984
325765592
380501445
46377455
192929401
16031975
14475559
73129126
7769702
86117741
42826039
20563469
21814409
17128905
19296091
7112852
19212732
39624987
14394279
14782935
15137692
562310403
16874347
399605208
26535925
19796862
40295020
37793606
19309903
19516690
425135999
15473958
21062686
160690722
27457788
5841482
245476345
226648057
34196922
14251111
657863
14813827
5832712
63738534
160167357
63569606
15923109
16361323
71701378
168667522
117016997
20513894
18185983
11362622
24368180
232291320
359948609
817386
477940781
485483139
15195425
171845650
20793816
34245776
163895058
153932155
427819116
14247756
73768880
414478228
601788615
5945982
6022792
14318916
225290343
86351835
21461685
373565034
15728052
624683
489828561
8943
14320109
18043939
84036206
14459170
23554268
38013071
15236339
16328083
316692569
813402
454909711
16030195
14659682
195684037
14764358
132954423
21116693
259725229
24018799
7352862
4579901
14317497
24291042
18739139
5793242
124036182
15649735
102692308
31005286
2855141
4630731
18144038
166267013
222592773
4816
807851
6176492
443235769
15103213
14248573
13160652
22948289
146395819
41375456
120283536
23630918
26789275
17918338
14051115
14323467
348127618
6296522
24739580
768870
24860698
4464971
399750286
487105875
62220263
22753444
27549939
18024105
14065215
491389697
111918568
16800518
460138049
48529642
25688474
586
5746452
7834512
18146496
372548499
18656711
12984202
20663674
16854099
10876852
88982108
32831386
225925130
58284725
140715388
89764014
21678226
28151643
27902655
11749812
17354357
2445481
15394051
304254902
67654032
484848596
17968618
1933141
33696409
19459519
6740212
257336616
201770433
20026961
287914172
14177873
418717499
37228585
279280213
43289470
6843302
53446893
29506870
9449422
89150986
170333441
14596155
24328631
93957809
15170073
36010741
169299463
4254291
1293051
4574361
131420585
134944880
9866352
14213971
2847571
5117331
377687256
41698319
5814332
13971672
18660690
297626652
14079705
27970999
340360288
41637933
19912030
15492359
138153536
7966202
57413
234042074
233724009
14816103
12955262
323138230
31232120
38432797
14683347
214568255
26728672
394561559
19695631
14254955
314702351
4424001
102851163
16254206
809512
791300
18075623
23006156
8823362
143156402
322837108
271385022
609543
7038422
338730600
1185821
15923220
142831549
279086425
13773412
8673932
340460183
463181406
21030245
14140741
23960144
177788470
82462719
16555592
22665665
14388689
333933257
285598870
143883
274788446
15206206
204763325
19238948
139211015
18367054
106978181
60319598
3961541
16063143
89721102
43874767
115997999
27711234
15893510
1041991
729433
21576088
334647647
47894312
88723260
49793
14273368
15234979
14226772
16402308
66623699
391975785
382797940
15725163
15694469
16219669
18959257
50699469
14112693
14072398
113667258
11069462
17290221
624413
175428002
35838889
14800016
114870386
14138167
17728239
29532294
697453
13606912
29336037
249497487
175766255
14960198
40909668
21022068
346721772
18738205
14541924
81191803
17043455
10137302
14266588
10938372
145394276
34701049
153762092
1235521
252824863
34289688
17702586
14494383
14094570
378223565
41143
14101261
113609203
10324882
15412145
14605265
20759856
18213770
17934139
53677475
20806596
59380996
18066477
13682312
11803702
381161577
7823462
9865602
818340
16491888
20974652
658323
98903251
395362236
15775946
14825606
305859461
238507561
57312599
18080585
39305526
15293279
14270033
15774009
97206048
12111842
342229900
24148099
25688931
18673395
47021990
5125941
167499429
43958830
18736601
19703825
13043662
284498017
98815440
14561327
19033753
243822616
31973130
281176588
259363879
21328978
38730395
16395239
172363176
15814995
15592095
15931054
14054999
16441062
15010493
12481862
14114661
19724631
54907195
18258508
58561993
11010212
43961937
15593186
328534020
15948099
223971340
26379156
780290
14413533
25531700
257092836
11522502
127120211
14932130
16134540
4854761
16206570
666523
272692606
6183192
21639551
317427354
30421826
18518601
16048796
15134782
16283390
17810181
23120076
40644225
125057854
283471333
9306542
8333512
48339439
199049584
60115001
9481562
10720412
23293367
25815224
2981431
8112142
3140391
224964544
13378422
11164552
204725305
15132376
606083
14277276
16259617
626283
10638
8387132
14886596
96954400
3802831
8288712
217492696
13286872
224522955
38678839
245709673
27297597
17265304
14749606
27406329
68251883
21463983
16896880
14836762
16333852
237448969
198159985
20733756
297634125
2223611
41300253
89008147
12947382
11140382
14171126
44141824
42654085
20776322
106359683
212790740
14066062
288098600
13492552
244001766
819800
14172624
1068831
15137979
119710292
93874324
108940536
213052843
14663358
246267605
782502
18978993
5441212
142883405
243075548
6855842
5025521
70722413
61233
367478829
211672022
4807561
87713148
173986528
361751354
21903567
38720085
16110798
13484822
56884542
161656831
156754985
135138822
10392622
12199652
16265876
55803499
14839109
18463930
23837964
22791617
27686341
222194829
21485707
7255652
119835110
18175961
191788426
33035027
29149796
5935792
102452340
348093845
10441332
14298282
5520332
105218320
142407026
313420182
13000292
18933610
296678868
14122744
20631151
90009363
52412538
29787669
16468695
88671113
129064482
8657072
21380345
47666341
15897465
271442508
14786851
76380259
25281514
75992567
71341812
171870087
10005212
12599552
97306527
1104841
14763734
3658011
89517005
214122455
242434318
182926194
107
358314416
197144938
42368819
353791374
31130414
343431323
24775020
19575406
5739392
201846344
326294733
26565989
247407153
37980727
7635182
14262063
20088765
75773015
14323291
79945385
52484614
280595036
113932641
1788321
2281521
16213460
344775841
256624818
1000591
81114222
1075
53953
88672023
109031027
211320697
18243723
21293888
27276977
21196320
13671012
125093059
83077893
7453012
92151837
2452211
18849798
310293692
14934331
25722218
16539995
2467791
102754830
130899356
15851563
33523602
15426758
15832293
52073137
44513002
14244461
24173089
18989209
23455553
213668992
8470272
2384071
202281478
69024319
250477393
14855969
20598758
36046802
18739577
78012548
195399826
23679258
1333151
6774892
16573941
87985229
11665282
17719090
93940549
95645954
15754344
52640679
191449523
14194558
19071963
17484254
17346887
15099462
328387738
314135289
654193
168613178
15351089
230402980
42604525
15829680
35622299
8759282
19558214
33452082
288428562
206781695
86169677
14273369
58824795
34778769
135137494
19254401
317665163
163361183
102536306
5673542
14759893
15245950
6841012
15477427
17118065
16955487
14436196
18695876
42826771
17115137
241010055
4800341
56324991
112548462
20656014
17825445
222510560
166268505
25781878
18267994
116511848
15898200
18939089
17131936
240737436
15686959
15907720
13058232
12925072
221385228
226542982
14985570
271870782
315691672
56810301
5604512
290239336
20192882
15615728
20045104
168535372
216335276
17187362
41857261
15179284
17620820
15439386
19257046
114758167
290155230
174783969
11936592
286820837
287706935
24872940
13285462
86452222
44120722
20351668
207650884
15375866
60138791
26442767
21278302
5863092
14163117
292634781
203201829
160531370
746323
19289343
212057522
17567285
16007142
257613029
73561724
95024299
17617816
79140542
17574322
26262815
9135742
18768890
28482605
18638888
14090906
833071
17924648
3244801
17577115
4400681
31219550
18987933
14065040
17712992
25079119
117912491
290396818
824211
5773662
174167408
27128354
41134951
15640917
1558611
14575351
84628397
7194242
94509618
60659731
25536835
14881800
138435045
6445762
32209608
275422238
10504532
153338999
803694
21126086
11011792
15678086
43078838
21650546
243360038
66866051
133458511
30224589
20551324
54412240
18697326
298910947
300516780
279338038
15187521
20876350
18132825
74979852
1184801
80523
14373194
90684474
41197692
20545001
42642669
11855592
58560480
86064583
53406640
157448916
17476533
145139440
78974178
54113975
17768235
96148256
41931257
46190823
18498684
16385118
122127567
29444558
3107271
276563658
16419972
92474196
183368272
128368508
295770951
17263516
46338662
21234040
18050624
282696665
31744018
166134236
14876847
35185878
10257182
19025099
1536811
14191961
14885549
39498899
84351228
127156442
14335498
18923741
14800270
9338642
34687247
48488490
70515013
22212407
202631628
22275455
14095083
38013641
73333984
16258699
19406128
36093693
4921851
182833983
15649294
291829424
14386803
16398366
6070762
15749983
31500049
17736981
73346893
54876550
271288212
60466832
10942902
260086695
141942201
2355381
16082893
44161089
16094685
43134838
14314646
14934774
15128930
18431396
17110946
14773964
37902856
16298917
22415235
42952535
12092012
18300322
20476532
16433903
18766698
119242656
100834189
18003264
20266121
250787957
18213139
14466413
17778727
21744326
208726111
242252581
231053519
53997644
14083454
16494284
8592732
18597778
17592211
97553205
29336816
53110614
7156592
14119459
14234587
238297075
10415712
18978199
253960033
74625067
15020155
13895242
90885914
23948946
22434210
26347892
18994120
17899712
28200054
10204042
16300365
27824479
11256712
19236078
14540593
218483922
15766638
13103292
15723047
14510710
75518354
14106824
28420503
68904462
16724712
104710814
17022574
18927821
14621598
15307904
46250388
3260961
107586555
14055566
16364816
40085592
12615582
237382240
36106061
46648807
106687290
104329900
104727572
795029
7798232
34772270
19310851
20254310
18944153
14092700
50612473
5988062
15021469
69274468
1586501
14985798
792907
149827177
14325743
15531806
28854459
66613
42480399
2688531
130627991
6752722
25828582
42908156
202226570
109228670
14790085
86763679
14333690
41177324
43330332
129887581
30901236
60633651
152682280
39782098
37002538
232749758
66780587
19367815
24882550
98481552
69722816
16528347
20820329
33612317
18213393
14230615
218571680
6486602
26259047
42012277
17202007
27137946
241018719
45426794
220966944
76822633
34239824
33592335
21996851
214961782
171048393
237920558
6944372
18906552
68562342
5737722
254605324
237319923
45247221
66418949
259347296
235120460
56375165
98650307
14479046
25611502
252622675
237401623
15579656
15711951
813286
7618952
1450691
39712312
15527007
7601332
19005185
17025435
83318140
39539401
20796342
6063202
103667689
6452782
81829260
9551792
19744978
914061
246733932
244481762
26983495
168666139
14060372
155868906
100632457
178071339
102227188
28384681
20536157
29752522
38159167
15317462
2630841
240988715
158478452
18944490
33432515
8161232
112700518
96951800
18194818
177102161
100445618
201761165
168826960
617133
10649752
5745922
19315174
43798591
120207696
17208227
142724647
99696414
3819701
14570980
20219382
74348965
21284204
264731714
58303312
15717495
99542545
13
12
167234557
111354407
65732645
17081246
113124013
148441112
96427890
13058772
2142731
191372406
16340755
18854457
119168161
119247538
16412263
107001519
106398210
18935536
92493676
14539324
128624009
24609329
14120484
22211386
18757460
17448591
16063910
9269
10422162
15670515
1125071
4925881
202331157
55717387
143638554
252514016
132123252
17406952
207162184
139131153
17136186
16044715
130971974
150612072
36202010
15645643
29512013
23431093
17963909
232778403
14440919
100246768
27226251
19780127
15204593
217442100
20424952
77360062
235094193
133222514
15457017
17049815
78414692
112733662
259954750
14620190
809273
218899587
15933168
92439513
163857900
19539314
259801147
231615113
103913864
45835170
76096926
62325323
36171403
62582645
23122190
235514907
255628666
18175661
40899595
12697902
37570179
15320322
25525836
1272911
246812982
167070075
15219189
252011813
91787106
25053299
34713362
91478624
18639734
16896485
816653
50393960
22873424
45333304
14223971
15231287
38321259
14112373
26894723
37357572
18807490
14940523
56505125
6813682
196956123
120240085
989
18811351
180679221
4503491
2670321
13348
92042248
2893971
7712452
202117042
38276261
30420234
6979812
26191233
28639077
16004418
41555468
22330739
5763262
26185961
104237736
19189432
16680941
30261067
4641021
35124273
14423086
28657684
1344951
23431637
1469331
15628890
113963
209290843
148338765
