226541665
161395767
743768472
143039548
85436197
271505240
41660351
32048097
211372757
56420936
3147849321
376211514
16348549
233777428
243868592
30877562
191501593
251848509
2833858359
38518844
2460381038
49622107
1403214757
36043556
2613926054
295630528
171056180
56950249
872617740
35206175
143576871
2811376426
273420498
504914052
3417475449
25561679
170027490
41584257
2345263466
1187497400
3565754961
3638422932
742708500
17969699
234058314
20280065
3286601245
32133238
594489396
1008658832
2214014737
2453499517
158180022
1694729995
628251837
62703362
50360725
322325666
335701767
2842197004
2435156786
2334242371
24957236
2538405350
1951121724
2336941387
282563455
1546041438
332967893
468870042
14867154
132611492
770186042
353774637
471504594
1832421451
16215849
123111125
372933706
328544417
1018962877
14897244
3233226528
29725730
227676615
74067180
427900496
245424983
195728395
618561152
3402847907
4142499196
3150519919
44977883
17122605
459600684
2160694559
3242758916
7665112
560800715
2485527848
3055792369
121610805
142716265
568314365
253533179
17230800
3122222023
2796718409
35767916
26797884
207021617
995149070
492501665
3288555172
2639169817
171331685
327326387
3675890838
2510147204
19858475
1475936149
3105748904
140268533
1086590550
3766213520
6122142
612889857
300645437
28264562
484723886
867351037
1880169338
3308866140
2752889687
261311337
20853361
173843847
1481406931
4159671380
707691211
104277809
831036013
97408490
984126816
617064553
3345276105
90099697
21184825
16432918
2787958083
2904898198
344000777
71045051
21982720
22750418
3510243021
2734441228
2851875250
34590308
327256461
44418642
16267003
1214849923
2337389724
365480435
3001096581
3884932576
429191665
756005598
44860776
1085713154
1103779027
4140847937
2555476302
1623780042
463384474
2610086869
2233857304
137806025
404243080
207996031
3312512059
21413547
104254030
66975771
482760579
1973112248
2993165129
331054805
239154333
2267322295
23430716
25927323
132447419
29846570
2570686217
171666636
2900857616
275552144
1965920634
1120214707
971343372
27768160
329181706
482133423
384207618
19220679
34987624
2569165089
216766010
114548909
92992773
259765449
3586897456
14906194
2513586495
174191589
2191920745
146774766
49668649
625659682
1753223322
2217207757
3418428885
482314895
3242578754
36773792
2837244719
38130326
114974155
188167730
708058622
1561807094
3387636732
583977064
557696843
2865932257
1392231361
1135376496
5734262
890590981
3341572372
137515043
282255077
72003538
17385657
10738912
2476352732
3092010083
36031253
19397785
1563482935
2985493093
115099953
3114313702
25249798
21303235
124579154
3239192692
1947841482
84114313
1360934568
259177383
273358313
154537919
3240299483
2963638891
28538224
254218142
20057572
24617228
2565001830
2841193350
1965847669
1252664467
143443198
2752138186
2615089189
83544685
2373211935
297049575
39249028
499138144
2323829714
2971773471
200057501
16841045
25834897
49413866
2591324694
344894137
2617771836
318271986
292819455
1080345079
1254420180
3160690289
1322277384
2919723412
603680678
293239113
635103939
34327858
256494725
3543221776
387181116
2786550627
2582163002
285199700
464203386
203512133
78041090
359137606
939294302
2966339183
3543914901
1626310580
14785137
3299661446
52314352
46593519
12774262
25602418
3400807594
3030496624
2387540659
482179923
95877342
31013871
3437016215
3065012398
2394959155
2482754455
3456994157
1349672156
211385401
2729957642
1620525236
3523883001
2534996985
1057942813
2411877019
15099539
42596299
1493806800
21052947
15874397
2355885300
286060675
2792213864
41768432
279323768
1356087222
3650967555
2964584867
3004011123
2558992320
714047691
16823341
122439256
1581289837
245786262
72558860
459416189
1475367342
33913569
33232227
277955580
97223779
255573732
275600283
41345609
21196759
188145577
122319219
3338471265
2587341721
2749424442
3296888321
2461041408
1085918052
15520503
1192694252
2826599928
590096936
859436857
24290265
596192833
49508658
127844103
3190509796
2172272360
531162864
108044899
823555890
1938387535
340608447
575894779
728938712
78662973
2453973852
70249670
866504532
331139820
980046830
3045655965
14552009
2802898817
389036985
293694037
341507089
256898859
2852096265
38235804
2425210567
494692309
3241335163
1165905824
2990504904
2394261703
1647910459
3008908438
1463549647
2893598866
352405236
32789366
377384425
153838453
997834628
537339098
1655155986
2383039602
1000397348
2465787971
857608699
2680336646
3087746631
3088789888
426710090
167835183
2981086600
2402294958
159823120
10314482
512604060
206548411
302870540
316448713
2416616624
33610589
3380110721
577311872
534563976
377421079
2569509829
2279347729
145844800
27539402
1606623798
1120396752
912243499
554423619
336101381
429079450
363268709
369379169
2217133952
28207516
1374799134
2987085743
20961822
407343722
1655681040
3131115352
2309881904
2315337313
1101473450
180130665
856854006
1316673691
376613983
2167976950
76117838
30249176
1634544032
3357184967
26644478
2294237630
272387422
1447840196
245499504
518919402
2582701771
1183111682
80103222
111457805
3013028500
3062293382
33885551
257581957
2472191965
339324653
196697613
23959413
20170408
281440041
515431540
139047756
19805321
794209590
2811420941
1173320473
131217007
337291269
241490028
325424187
591021804
194749577
41797955
532606764
19844438
1107372186
2938436897
1116355584
2869463619
48126748
188123486
678403
396721650
462014267
2885410925
445631583
567653487
819467034
3127664248
1018024464
228755996
2814110033
128002776
75885681
123051410
89894871
711535988
355168040
491243139
2882244533
17905508
2751594014
267674783
127881681
3163326352
326665662
2552911957
200583835
2450942070
2519580234
702923390
1375491276
231090414
294872894
256620656
275035204
226656465
807136898
2751610160
89679682
2800854047
1186532348
1425250626
499683768
1949936546
1129491846
244940991
22674099
1589409746
121441572
2578882820
2778436393
80895456
483704176
2180677298
244042438
791323129
217680183
739293
51403755
226890990
50282689
875727206
415844957
99536748
1096383452
3056313446
895931990
133328444
558129668
97148512
342597524
951260966
53678880
2801941724
72643803
58201488
561975585
3242093386
948243211
390875760
197573751
88207640
22972898
44322718
456922156
3017262545
112941420
610085615
803082026
14152092
438412675
18675759
1961711678
269703742
120773531
389548615
191884526
446829186
25271725
1567534740
983286301
608463216
2949778715
1581121116
253482389
36683668
69231483
15147042
19395129
2976338879
14361155
491227150
194035680
3300882433
2458015142
3289708533
1963312058
116763916
194643654
1667994464
352421893
582655576
353845579
157981564
614020126
556876507
25098482
27830610
27860681
20596281
357345065
424848871
44335525
430445319
1239966860
373822012
2706319106
2976018973
524425486
84169175
3146021449
98388319
141477247
2189938194
202500583
370854566
25531164
306245721
35749197
115097756
19915362
17899109
15615886
370158369
22037763
14700316
164263382
14159148
14499829
5120691
33933259
46408217
249700990
29414478
171314974
571072597
20646711
143381041
17137628
60071387
308373404
3164132867
2789899536
3190034206
221253050
46664272
618886316
919926156
854067554
1177200942
863085709
278147453
3291441743
16689804
38704343
460364759
52461995
42918167
1175862392
176417651
18491626
1265909017
372251136
3190562235
