3430025075
3593620218
1725335863
1332441686
4286442796
1270077224
4256972656
4361709263
4286761943
4165223301
908840863
3064693191
4097795559
4289695832
2866272891
3831661455
41841049
88458889
4414386615
2915810015
21288307
1047560666
2915313992
3327266207
2663397753
25877658
2842676464
4415408314
4308962735
543181566
399212689
135199551
2194275374
16139802
2833899622
916468332
2207868651
113123928
1683819949
59458568
3793299433
2490380390
4416788123
20507623
4361966595
384942622
3590278701
2208769855
3656458049
4497424814
298436958
415586124
2617008482
22014466
2338438064
713501591
1270584554
974105569
144167831
4298212468
424433310
18405054
3917849913
4372599136
3263788744
532274695
4265455901
3364156599
61879712
208198218
3321353271
406225834
28149588
620400855
3131261705
304742855
4449966795
464912717
2889216293
183594847
109226375
55699259
19194899
248327116
132133971
176207977
4317277828
2966697670
4451802855
37279166
4449235037
3698991917
106372578
4462854316
3936263247
2911515400
4038580157
1930867820
2448107937
24873820
1603128924
981364866
17363140
3817335323
462969309
86844533
2684320740
1878816140
21901717
550617617
117893192
3330122045
4141209748
59318276
4520786654
577374076
31558543
76915553
4459079237
253558639
2250624337
424568787
2485407553
121752741
2557072026
270452503
3068493172
185380292
3147242661
390121772
2203049400
39796513
1157465996
634541643
1498599600
3329954812
3037257692
414147041
3334312324
3129154686
89164940
845328162
3334203363
186391235
2366187504
858366080
1358090378
47631327
573802857
3346519595
703556229
3345398313
627445677
259198362
19389398
3356812245
157095665
91631325
98958137
155245680
23795145
2357942821
262124390
2361017330
436265007
2396388024
158828810
2447196068
126602004
938851771
2276648521
498620831
3300447059
3246442571
2481585302
365340587
28556543
211835080
125405199
2757993828
20621109
3384725403
3044732135
2911338290
302721958
3301129378
2538645141
277649195
3013064692
41438067
27966894
2558450168
182411567
3403908483
41361889
504853770
2319437396
3406880415
1499115014
2708224022
745038444
529581527
2502220557
137095367
3397083453
3412844842
3417477017
1392122346
3417801298
1160003557
1695086406
247217126
3424285408
2827728996
3228271552
534113087
2429642891
2835595200
408565402
2814923416
22916527
2460967760
3021975771
3047018642
3074303058
2326292646
1143503827
419217962
3299307489
1896926179
2469893573
607962575
600311012
1004300540
221825390
2721286909
3437023863
2936707577
2345331008
325153929
1150929788
633326895
153162547
3240395230
290937686
3351742019
3637475172
3727884495
2842195523
3369190330
1653770886
1241258612
731130596
605232550
147521896
42624389
104849636
3430491503
22393607
1515864781
3769061056
2641488359
387109325
376946385
2573371845
300857811
3531286453
214100925
2152645510
338409037
1084370028
129216036
316173689
62770286
255710988
501436692
3783490954
3956540837
1632440846
733006580
564374686
17551524
4002409816
3996727588
36603333
117796558
2159324532
2351800310
2535073249
129237251
4053809715
2351234316
4017337929
338039329
165383517
2766680154
3003425038
174299536
2916322589
289112747
864570702
47681555
4008695068
15548060
1580820799
3130619627
151033819
107516853
84645880
76584224
259871223
2363236765
291228897
1139370060
1511250390
84365060
3335597679
547923701
629481850
486653803
475717593
962215032
1423820622
3086972286
280447545
962095796
1622646325
4155948808
1024354748
49947231
48704746
3505676362
107399245
1911226345
1422996984
4245242932
4248748198
307311380
3064063763
2989183085
311662618
1011002508
1011440575
556410165
443634166
2320669368
384480388
732471144
16882326
3438393395
22608014
4082703567
229606445
240286143
2204883265
4362089480
1168903477
1900394016
173881525
20616116
284980024
72424841
52195903
4309753889
4166040856
107225626
111743
4328233336
4244328952
2805899126
757183286
4330826003
47941902
1527231168
3567701597
2557630364
58788131
304336653
4349597412
2903808579
1617524918
3058427393
2253476672
119512899
4045765528
399133865
4389696922
888499819
3904768519
2542851919
19121107
4108171942
619012250
55502128
1959525595
588517049
3556244412
2176147982
2905043602
3290546794
323348503
1151943733
130844467
2173165597
398114261
853592702
26374751
13809092
158832205
23433692
43002582
43353986
234819453
104848916
17782763
67295557
23077406
103554348
43120198
17026589
20982151
18022037
21754399
18091706
22937176
1735312164
3016815024
2388313216
566314903
2206009852
2239046324
211296346
74447139
1185731611
49429450
190205638
2872530855
326020425
356839801
3726143962
3728919327
3379478542
422971305
83148095
47606713
190186196
132585588
239835009
4393975588
2533437070
839958314
1380086234
4501675572
270056028
4377320837
95164046
1157129558
155633620
1730362886
129007812
51190225
3244740346
3028412637
21707501
384875903
136862815
2813691
35929575
49695355
99779659
289038946
419681501
1204200368
1376639125
1547513960
1576214640
1603561489
2798965288
3147942433
19730203
11776302
605247806
4452126195
26987525
3227393450
4531696880
339844367
3817234513
3602477297
4452719835
4452621029
3993258672
4452471754
3728209522
2353363488
2778978566
3370905677
3130757483
138649928
1234932726
2794881235
2922757333
2343636341
241967754
3332204020
3676100659
3242283947
4210083935
2508870000
589472577
3356432739
1006807507
3912935654
4247448853
28478633
949766395
4383101842
1060179799
4356568274
830182490
1522054218
4357727959
2761777402
4324398674
4177196541
50727589
163417795
1041350690
3250374301
922551
14693622
14921170
15285742
15996963
17782951
17870480
20715956
20781211
26235032
28534225
28669913
34546770
40322986
41316129
41362922
43520193
47191725
54241198
55552497
56768441
59142515
82352427
82839402
86243982
88836132
87686159
89719937
91977628
131152044
132203530
137710705
143047334
146489368
149414982
150974479
160446650
177133763
178404271
195467084
224704102
225716965
226112216
229027783
247406076
259749982
263695739
264125478
268311292
279116369
283614578
304471494
305334458
348401529
351891816
386048520
386718894
393435540
424237010
429845378
431732080
451327565
465441768
507833427
525239171
554917098
714260471
721947162
734760980
835435902
850805352
874305613
914522034
920337205
935523366
956145618
1020247382
1112026975
1130689812
1324083829
1336290349
1356910440
1359788672
1487377693
1693601808
1847812225
1883217254
1890791437
1926352591
2162490712
2179908315
2201385426
2221126386
2227946574
2230116139
2385239460
2411286992
2436802338
2591102394
2596084884
2650263750
2766833784
2784628670
2805943751
3132254372
3157615643
3305388141
3318500697
3376492006
3522383955
3535118542
57753985
4225178774
437546654
144657491
521584819
2902373248
1384084951
104625909
589955139
4532519060
886582946
4456214235
16471997
20769858
39803436
41385650
59117495
159076835
178649929
193316798
201632630
201647998
243695648
271428966
275065851
356422422
395648964
459107299
485769932
592834067
819156745
916831220
1175787966
1413216074
1425439248
1467833874
2427652800
2541819745
2919569373
2990607063
3028437315
26380701
25793
833820320
35619835
42669964
373024636
57341938
18507505
87223459
491709257
322564915
37631373
2790854689
18637420
547789152
2792200657
786384223
2599817478
14604049
339180565
1646978371
2904924967
121980657
1661193865
3096625956
3355011795
2227429824
618658854
252982842
575429747
358209716
288232050
2601888144
83161395
263586461
2816170520
24761388
448571305
6432592
3319414747
14786322
80079729
29241141
13318492
93676569
18922472
23461804
478750126
130272950
20163699
104962810
61474773
25219709
239761798
33168992
74244916
2531521
65492831
420555022
23767584
16063530
17268418
7914552
158396623
16034244
23864985
1099197128
65638162
124289430
21775925
603724114
2398415749
2224271
75133920
22013236
238197220
3131208359
833931799
902625847
198194549
415656273
562400622
279201006
1400741599
148031377
235213723
60778925
94566255
136031812
136277669
325676251
109046256
238179466
20601500
190715185
450361319
138179523
2895365501
1979568631
546219763
2461827775
373079416
272017240
430795072
1173231918
612496685
169769013
570261432
49658746
934906352
9420322
2944270960
3425600500
4053650902
100480340
295862151
2910993179
871873266
288151399
4422325454
382297591
33608238
1675713632
153226428
486172281
4380160155
4372919721
1169322342
475065745
1086553003
830603719
3010051655
4392719295
16741684
3342181829
2829439149
2999692867
227340123
171017375
1198551331
1174952802
1262831094
4343772502
128996649
17643578
20571872
2977773376
353121463
282257475
4427749037
2902349944
435587580
581151611
412332464
14975085
401518361
275589561
374517930
4287956374
22807785
611932627
3222274545
3243508025
519416631
3069712108
373251782
705265339
191023425
3038412408
2587026164
2862014825
16203148
3342448991
3289719729
1022142726
866849774
222438058
1480984297
3478303697
501678595
3620094627
526296272
3651803483
3516586514
1020002551
2239739831
345402762
3489152300
3891345268
25480134
590772699
198931149
856054801
151539289
485218248
1280840022
3409565163
4015557856
3305738855
96876124
409598970
3168287826
14559745
606224420
456599738
608939848
1396730844
90412967
825257179
2414675960
3674212217
2266911176
2349155478
3218293798
2861285932
73872213
1091737670
399774654
4416626116
227281502
66754991
4350935482
2963826027
464542202
2419970188
4449324148
281669642
3320493658
2998632791
236898181
3523000215
1856936887
2946285225
19859931
1907794460
21290655
2736671351
237161568
3131002199
4446305175
2890882611
296187283
1324354964
3618039435
406437862
4369366396
28882450
1325354311
20164376
281154554
222065101
3401662737
517436258
49603267
21000605
25667299
4528348693
3299250756
5845762
17203188
4448501536
3091244385
1524324300
3436673915
3424776280
1184899482
634441578
816143497
4437430095
3293437885
306981326
312958047
1540961394
2577043724
4529191938
876062545
609223609
495519949
25057276
3763384761
4203940948
136845663
4417084942
3802578736
1614365100
4372510757
4530141919
14324887
267390115
4509672973
997536986
2714757805
1919675226
4502773333
87161210
45399870
3306225295
4446292583
2173593685
85743765
4130304072
4446717255
2900376963
264143028
3225975247
3711156133
89176316
3575109916
341540542
3958291877
1599725496
3417573909
1445980981
919107032
4447664255
78264788
2203447194
76612074
4436521767
3328639646
1676609970
67675284
292452999
1231255968
4528528280
4528679953
4183420762
620867969
237085910
611933941
4416197259
293709920
4528980914
4413905307
4328448922
3373233519
299897262
3087474855
4154243533
4449045815
4060536971
4449386140
3324465599
80035286
1089149106
4218841822
293199755
38466993
3246526479
4393641028
4395435738
2565006667
2840637173
1725757968
2964067855
3921502342
525612987
3946343895
2332132280
2386801429
2892255664
3765860849
316468638
2415899624
252043627
37022274
4374976157
163027307
2796059031
26773028
761224207
4530845539
3305710967
4451084788
141287941
385008860
4395846501
268789959
2558826972
392258592
3535571896
473127337
26849245
279657425
2254246042
49412814
224582946
1397046132
2587110332
44384766
4259037707
1329324000
466407067
50093062
204916326
1367602644
3329465532
44580409
498019603
4449759399
3206068527
395237019
3075051995
286403851
4136163553
4530401592
2407401324
2769637723
342764222
3002457137
2583934129
51090041
426746257
14370601
276952775
59415348
610635908
737391895
479631060
125732577
423537761
4061721801
27061002
3580064063
579307843
4440795449
4509652032
4236241163
378641120
3346691254
2974841278
3513487827
3548238135
2532610364
20126454
563457957
211157587
1589162244
324162682
19837764
235186337
157781575
1883279395
2604395434
1227295489
80551098
8365512
1216489152
249142572
127519787
624754684
209579868
2392513998
709953367
3438131158
1098484387
6355402
744727560
357295457
409318181
3435357323
2601787742
45529639
1927829042
3017197926
740557982
1304396383
48817141
3429602279
2901245151
2271484957
1689177416
4358548517
1553903011
4437837437
1142781078
4437758241
1012000381
151972628
27207317
4439217617
438545499
454522466
40501649
2174661258
2847724311
989473584
35671622
1714877574
4516224193
4222202686
2565582675
321147115
1301749200
4421608114
2228993738
3341301681
2605810838
84823082
975861200
21074119
2289956294
226890990
317895172
361182963
833799570
1172110802
1323214644
1599050144
2370533425
2394261703
1683228512
4440607577
3124795923
3294871038
4182390014
4258496531
7709192
4285075355
3806577203
4441858941
453384825
4352251932
201879411
3038029372
4403997987
4442955981
4421745971
405541074
3661297934
62810443
2161951848
4443739455
4174403302
15070240
3508540092
4443983775
25189786
3043344986
4445545851
1189132453
4446076787
525615887
2801489069
1013275520
71760172
150841818
81030273
873592850
116919313
4518835280
298489056
793664222
198101661
21218502
281733374
20978354
6330492
34643425
2281436061
245353843
1506301
399423181
49589432
140467021
19816004
14051047
77502926
224748305
32588979
196458749
242462059
795639973
708923029
282051505
79489732
20446748
20693661
823179504
2951477858
315394632
4479978680
4419886336
253730666
364289986
33318585
4204330755
4242965709
2689601215
3253230676
2396997014
3149449586
414179273
3247290020
4316765848
3532911376
46471866
3022190308
732529573
37768443
3317300983
429337908
26869699
3097053701
3428348177
2896578725
223461638
3329193055
3544320073
4518252253
25011763
2951908043
18906599
28439814
160932417
16265306
3290686927
4150365736
4411481181
1587763692
987255445
3863312014
1965556860
1666000256
4516031604
47422522
2756189436
2161119649
74678846
588606104
3123508367
3134715670
914249623
2920027839
4307735055
2842124457
534139137
2889731014
4284240935
1626266480
569461681
19579593
762018914
2236319376
540962642
2567778422
4127361915
228184915
219476481
4440103455
2877289715
29030168
4416926361
4438376657
2497208647
3238098226
2829358451
518335872
2612994428
3799971
966532746
112560821
3432723209
27337770
1945094964
75225695
2537640415
48594206
2706552259
635329903
31117060
37115912
196977246
364888417
3110032245
3311742983
2646722849
4437725903
4486699578
3151818501
23861483
92730237
2394841171
3130820908
147594579
2975538100
4236524020
111959385
4427986516
3770242937
1450052640
3500679317
400599338
2880527022
478475398
3148844417
4439180423
1270633795
3993523701
4427815653
3351165418
243800178
3864841403
67912300
2925878687
2217186854
4405845975
3327678082
237250367
2164342489
2239710054
4426140759
505059416
2886016990
4440580899
3241385062
1111107170
72719371
194511928
794331067
2229727627
465618018
27461532
376972550
2603065626
22144027
1307159724
329775655
1191986838
4256970255
2242522651
36503906
4430845576
89183603
405138735
349142752
31465112
4432523428
3844890994
3226185549
1572024613
528810416
98867315
1111417706
2890866616
1334549684
21641942
255016875
1253842573
70896529
15655600
2429192517
265634255
17137777
1972320998
242929815
4360709476
181581420
4186719753
996657547
2651842338
484082773
3248140751
14990989
35453705
4437778707
64902758
160494426
2657666614
143100436
98738803
246080779
4438422100
299789519
113883252
4519117998
2496059845
4285734857
3271150615
4519218625
273387373
859863998
4439254397
338717585
43480765
116383430
4432451249
2174324442
82898318
20614598
2152111854
4439828242
1429266066
1395044640
19292864
3183137368
2329740272
49009473
2194125371
85431088
16841673
20474878
14279980
14441010
117573509
292393638
343388929
384760360
608224409
721014756
2192861145
2310887611
2749366513
4491075493
956017124
103983759
3375602279
3440549249
379704500
39262018
1877166841
607052307
806545
387703390
323316972
861565153
2160442554
3733647136
2723695801
1579873634
3835208067
3747832335
251346143
278420934
242726403
3355578436
22126634
4055826567
166078924
3758868736
4076365829
3345572405
3954983777
4150467617
555279745
2336358017
3110140264
90379664
3602200396
2342370499
3714174733
300832504
4179358396
3056139639
1528015178
1331866087
170630999
1547679848
2384930581
218555735
2395507958
121067324
480604691
475287572
20357406
106443610
14192295
44920083
23444809
128873019
175423518
16616217
511223459
36908048
2458503919
255950575
98839766
596249795
21902101
14741926
456862735
2783879880
2660641593
931958671
238602918
137260563
2227412283
2510508294
212371358
57570037
1227542724
34669770
577980457
3169534192
19388017
2162250957
2412911933
95411912
311631134
1092887347
3326756087
4121364856
3061541880
245780752
209991741
544665876
93275857
4508431633
2783439537
3927622580
190201008
4411838669
4500807259
4017859587
3673943653
26632619
177243903
216669057
97531159
309283777
4420473497
4420560375
214980047
4007801065
2165286014
289708622
970394353
1466894767
226063448
4503535633
3212719931
77120857
33172759
209068294
3140485936
979700010
700352694
3517353194
2722177548
4504582664
4217087962
412537418
3380639512
485079302
2660277495
3381573255
4203800140
2443726826
4424772861
2727144460
2621769240
125739864
605578427
1690445408
108065318
3037194236
241451891
304397678
197403075
574637790
293955803
301687343
1533391626
3077892922
40914713
2373165756
1269699991
528373664
4426250907
4426600037
2354952231
4204883255
2857013495
2766904927
60769616
4426912401
1567821758
59068055
2469804751
4446139339
2922873155
4061334525
4426107623
296155999
3582548412
4427248696
388465391
4098868707
4112415315
4354240155
50127993
3290111453
466567764
4426876817
4275710555
3692688863
408196828
28066607
4428491369
1179684373
16158504
3369191027
2549597228
4379585067
4002607132
2596888391
4076451
4211485438
2805764282
67321699
2701411140
1680963583
4297174529
190355981
3313624976
3394701886
101211568
491361111
3871198759
36463775
4229216535
467182325
55928431
4234786078
230840089
4437178695
4359732509
300774848
244094307
25356862
261445984
271096271
20767277
711173888
2867403994
3381775546
2447312701
122458100
437537562
2799703341
1005976579
1216228962
2280647287
222109896
626730233
632802787
833241798
333321794
1095464268
2932657426
1547918000
1530550728
2785491216
109893609
126039242
3004120558
1277473375
3072124511
10476742
4427716234
70608139
50718311
3288697317
4081905141
787505772
4411917677
3246358405
242677707
36682467
4178235267
162216088
539685558
228211182
4362319401
103673741
1057537267
58229810
4503165314
3610458015
353234125
1367379020
177675067
230675568
484845903
4413850653
3927140783
295099445
3087330034
2734860357
20531577
1146113449
2435660676
125550892
3803942903
500017000
4149817398
1225576416
3682875559
4149835098
3653709923
2656394005
3423859439
359579956
2366055041
2873820836
347027239
1445142024
79704695
3318614300
4513147813
3416580432
70674783
4509056292
4226271514
4434248957
1323069192
4426297054
3100034845
214075395
3373482659
4273949843
142359231
3005633734
782981731
827348946
2284245866
4427484279
4435518317
55740663
3379015497
3086479457
4406643203
2306865818
429143760
4436585314
4426836555
174411117
4436264537
3292106054
3416938154
19233608
4341136522
2976581067
460564003
91990151
4005839968
4052113169
4164875404
14261423
18632200
19546529
19819319
20168948
20678866
23439714
24919386
25049003
26986854
29234040
29539794
29576130
33483988
38443261
39371898
41342369
44829951
52307864
73844501
82074137
85901479
88727938
88945267
95075052
125716845
145443322
154614513
157980214
218440938
220197973
221358604
236413946
260337490
282707474
309124113
309861853
353738649
372810851
376699050
397900920
398037876
415526728
571311956
574453018
582800108
625348877
723940968
732652945
751016720
788897761
823653884
848164694
888844213
902065417
935073036
937558387
942856838
943557684
966669062
1091554124
1091636522
1109376013
1119634586
1169055152
1172445678
1657544394
1710196884
1924754749
2354643588
2583500034
2726820790
3101093007
3247081240
3260968982
3295216738
3373780695
158526682
586471962
2773808992
2277196505
3330030081
421709469
365983530
456583640
3375418425
63972936
166556393
4404409215
4426547176
4426195395
4426415416
2341815068
4426251455
4426963108
2312312593
602881478
346115289
4395959021
1553551135
584562595
1377272365
454547898
506778767
1899754250
3071055524
4333821274
303334380
24581836
159448792
355493219
243549924
100824487
566510199
442259733
15385519
301063320
1712109882
4426234697
4218449829
715923426
273098853
3372618860
242830276
359304822
4281589152
2518799470
469279187
632671915
1669204158
4324524192
282064824
3971233199
2903790459
139319189
20769532
37752766
43860973
64540763
111331599
218837373
226912344
235204825
270459074
296786819
449618058
605376895
732646783
1156916180
1900069801
3240824121
3993974213
4349580375
452466514
33552794
394288960
1924100443
380342801
2541045307
1268088900
70642963
397203255
2304892586
87204860
1345312093
4329329968
2317208340
1443241057
69449320
1425299796
124769895
871898922
4428093988
815503795
2898644546
2422043964
2510216844
84315111
4428533842
553826436
1693206337
16908002
4379981476
3757439355
3994905675
309062492
567122311
424013927
4404973457
4436624476
1445778456
1335306751
19078387
47352203
51018268
68773355
123239496
189157009
240632696
263671013
271486992
300887803
304671908
361796215
392340796
464620194
1227373400
1247395826
2161568450
2635879386
2755664374
2851801547
2884481499
3110626353
3356532813
4001356943
801366774
156225537
4329665602
381118369
4425122068
341994164
439363561
194458329
892952816
3456311907
2188294226
4427578108
3160462871
2803409671
4024380855
4274474055
2414728736
168279518
407751820
3256231983
4435338100
3079401397
2229891757
348418411
191468459
1100892786
43157086
2305283844
40902068
44571729
51079571
82848737
159098703
172265249
215759696
256045251
305666971
312065870
326847100
343310459
389690984
393941978
461578675
487964602
494889960
498730193
516575853
525783504
569423891
593480185
707322222
828910393
863054959
869499020
892843142
904018160
1264226359
1265575399
1267815637
1472407429
1583258138
1708459225
1845497642
1952002380
2175775681
2421094333
2436925555
2585960545
2676496650
2883949293
2994859845
2999393313
3234334932
3309095278
4016705973
434882382
2204554906
3565650854
496094137
424534094
3044834795
3044849265
1469284453
994760808
23200109
34983319
18213163
2983168509
24135787
721937208
15713184
2708010367
4240829091
3315237823
2192215837
4310940389
218974478
1704815972
991122979
3094363937
102097495
3783323183
16721548
50321330
760369897
522580345
81320985
576916328
763325257
1338878832
370632242
106059177
2801543296
3306289667
3973891042
3648408073
299864956
2802009522
300090633
119081243
3256893776
14717001
843667993
385612299
21567047
2900391040
317006571
1226024280
190618722
130232843
320693426
1527128930
1021867969
3064365845
153346738
592632640
154145391
2203201170
581718620
3072433853
190714499
2165281628
112729477
130777434
744924979
2610093733
2697798812
2979636029
2828932117
426681601
548334005
2225430098
74770687
21867691
24650588
552086186
210936796
1621263793
4056146428
233637068
160545703
81853323
502054724
122815078
2836855117
32990114
4379138472
1683876450
249500724
15633360
3410200666
4048828618
2792755842
3039503365
4077037631
616108081
1877409979
21621108
4050517397
3300813568
2832662991
3420861292
2794283745
621194719
205991363
2447215356
156738240
1008553753
506356051
23040095
556903360
2329281919
1229983393
86542625
193392858
48257033
28405485
305127565
2232841
14477284
26378603
28453440
179440376
195874539
2544845041
91326092
295527830
4133317133
4426737355
4427340553
107386445
3531355035
2890626095
17774791
49005921
1071958676
2842733025
14394876
632744257
1655695452
4350564257
2839596531
3515376081
529603777
4352499495
87524461
1633387676
317976564
253511807
2466467809
2303636467
1111860265
3740407036
2476097986
30220220
4126930108
283746555
1389101334
173394822
61984171
239325662
3770325803
222035552
3192185109
2402131898
1043382572
433665697
4053818032
2887204490
2649761843
34349003
376292165
2289773617
72841200
24653574
1236527551
166751482
2317533668
1019532145
2996263767
4417338814
16431307
372222947
4112394485
4430588969
2689586348
257654230
2175809305
1105604515
177023106
20618831
4150337241
1183681735
4023136817
477733281
1852084208
106523327
2851298889
4150562235
82220279
2220416131
3591719475
1512395520
1606767054
232855386
1907567491
1718858192
4362788129
4362995655
3900930797
3331137491
351910298
4289346384
342167981
19650111
60304572
2214313489
3377212408
2877832181
4323728094
297592590
14533045
3165495376
4406800769
179909118
4321371136
74956583
98743148
12516312
4045992136
4371295456
3356463491
20513412
2981594056
4026232019
3330218656
3008256863
23575091
4352332281
3786898394
527756106
1682015318
4294080797
162447803
1956388266
308070075
281480243
4283930362
479826119
1210036777
2711495495
24197674
3265763148
4418342781
3167496323
2892366052
2158958651
2851683598
258065061
4418674234
3956410407
4011527429
227011910
4409201500
1659822510
4405162637
4350416595
4299620069
2391685052
2638087526
17367188
87666629
4417732702
410748540
1643592601
3177204064
2343660914
4106191694
2806105627
4418359288
309112380
627482196
761008634
3303615117
4060196369
181137796
2280675510
72514138
71229146
1360577276
176210793
526624220
32855181
125428652
404897018
3000697381
20710950
49805880
20328268
2473805953
2805951058
219121192
3558983849
1389111360
146480727
28087058
1171864304
4015518263
895982065
474869859
1563269395
2666944783
404786776
860675413
65637467
23950489
415406337
716047621
313351626
2850820803
2175002503
118255684
454179423
2586741717
3670394057
2793295682
234706566
3317764458
859751533
6354572
4126195515
2757638013
207707555
4345064181
406264719
345592273
4133633985
20109598
4371354327
4373178941
457384944
316065344
2797980684
2573944360
4400091617
1728931045
4266997827
344751408
2161664329
79188771
494445183
2985968944
96635772
1054563824
113013342
1223168102
399681414
2603575639
61484453
314598089
28417064
975902292
100590302
374648509
424987168
409132623
889356104
300326800
614991421
18718142
191815649
3236074198
223234945
30465564
190191936
3065734449
2858645735
1389307705
102963851
831981859
411994804
537665800
4114630464
997760994
14293301
19442713
38838466
280936216
65990450
29059464
4179822201
54002739
300456397
24436600
3290212456
247195052
2365817436
875471701
2979559852
2261697469
1857070388
96187083
856393128
29700901
1151680430
2693137346
2995502129
2611569302
630249710
24160059
20045449
17309853
102387742
27055073
366090609
314391114
336653810
409990721
605497558
595798556
52684054
72599942
15167138
1563280381
354575476
1447749775
862916724
1962665198
19004299
341601528
2192754266
353605439
2793814869
139148850
21572494
102631523
15762090
28783336
62458342
3010455034
2747162866
280998833
280442865
91340724
2967533927
819883602
485757125
356949126
589822996
1545374143
3364163337
882055321
133631433
3244134105
3169355138
1581916344
2723905513
998117094
82396280
68248129
185508838
887529240
518773885
265748487
42549209
26551488
97290148
47445501
1960315154
89958496
2464150868
221531667
4440850555
2623284845
31390054
1310027154
4238123254
326925668
4395010919
308135494
245107956
3789276620
744908935
12078832
36657812
41353174
2852198538
3291518742
3397096379
29029972
799468328
1315624051
249036309
1717156188
465058022
17086594
1666048531
4304711956
4310326761
141195729
4023800325
3314543126
1400230058
3097397641
216432261
373246007
61291011
2260182452
3521996474
1073922768
406894636
21479034
18100169
607516681
2981086600
165523797
97498336
433316268
63951334
13467372
33098495
23181999
21075368
360488971
2883032602
3092289621
2430733291
69109603
3104560408
371795336
620258303
1900906278
204290029
4445238433
4441877119
193168872
2398572541
2232136813
402304035
1423739406
3221071852
308660772
81648795
4266338315
52916988
3301572368
13991022
4287871642
486590296
719828817
4381628476
229177772
509966995
4383647355
999761426
4384723109
4464426384
895123076
4445572466
41638630
125218969
4278180682
2375282936
634052694
2348901577
2240657931
3389552997
2931388869
12409892
3793471575
90728479
347882599
2352302384
3204344860
1006343053
470697233
4133638360
229296790
721105725
2355121538
4349267247
351161902
2393099244
1437886579
4253982933
594385249
2522628319
4188869488
22390043
3058288315
251626585
2876222777
4340558609
38661995
2748575606
2352260425
309816106
414821630
3316230723
2254041740
341554170
2237868020
3963282794
1850195498
33738090
28419864
199284922
224577080
3413256279
3759849263
4108701320
2789927188
3153171483
2795169804
4362617477
70709783
41783756
429531027
4404910219
269306595
3226328530
3354020980
1654931725
4360130837
2430884238
2190289348
195292463
3500226496
223786862
2882896038
2279257878
80868310
4354577475
464178840
3334971305
89960822
944524808
190987043
275615004
3344018669
3252949842
58917075
1264902559
228706320
743059586
4351081533
4107832212
583050188
3044832401
1959242695
2297876172
4333720642
24771728
545510327
2151483437
4202884273
14106870
2432096425
196156153
256992324
243423583
519485111
16491676
1000530973
2869645022
1000321189
21249119
4327164496
168604517
122014550
83185208
113422725
2420849377
20414217
91084793
231948251
113112026
59828598
1028208110
321679446
1851454735
249567218
197934223
934787023
3369049474
3956671218
612471770
2982467134
351607730
270057190
20732866
154159536
3196055469
357740459
3872933415
206245253
39991949
391653139
2695449508
3236500398
264111969
505754841
3099330435
191379256
2730249963
3866221509
63077894
3903359598
34907931
216402251
191029020
514727834
4186507906
2967188469
3346395670
2824964067
1911224863
2385155104
41054157
3750281925
265562836
78001994
1471767410
539945967
4001516895
945657744
4291410633
4343080401
4351882761
1388379596
1421387197
354336249
233683675
94984926
3292059484
1905341894
1421611268
3332252687
1012027764
2334087343
584125562
40966859
910955382
701579906
4343640688
4307145736
3948889589
330943712
259298804
182251200
2440100486
2927420478
4023020381
377346055
2365685017
122848235
3016167954
63881277
2465144658
155245043
203287084
2507557358
2195795018
3365765362
19058949
18783656
3797946329
612931307
4267058183
2852217833
281521676
3033770026
313796924
482074389
67905134
408733008
589273192
218246152
123584844
33305072
2250234129
1179276493
274965715
1496565097
618211293
3663516677
1931104483
1197137593
4279451207
592695886
37244651
4340648895
1327856114
4327958002
95603023
410795094
400934215
276636486
2936309062
886184244
2778417168
555139483
2484712513
106178481
1222758818
2790031290
2469581329
4333280681
2952485943
536413523
418724098
251596756
636273484
4075340117
226591666
633690247
4254816755
481519696
35196174
4334373322
91577531
2550117462
1604273330
4319634699
1011495812
37741352
343724217
625606553
909029881
2641790151
139341081
3036402754
42641622
4334505856
590877731
3148850761
991628749
987405542
281440041
3917428335
2995128451
963299239
1946798442
41100468
532779407
473111750
584197243
273407242
4332023003
817253287
360240534
4285333978
827962813
74695300
3556497441
873149940
413168271
512966590
857263008
80110097
3065397596
2411599561
4304125393
1219100899
1973452910
3131709964
706965367
102656030
2621415152
712931827
4330813355
1953734136
4331215943
251097612
317759718
621835699
297271367
97316192
449569260
390045609
24872502
21704995
2838227380
1557763224
2349926280
504571850
107107921
429248140
2467548038
196858829
216805324
3296809292
748049522
2955562239
322025487
17898127
3631373841
1393611908
3214315696
349811481
3313095091
211325033
975500670
4265372368
2666056506
930539592
1943291989
21888235
328990309
2180447343
226531195
3835919795
3314607736
97344139
1421906329
2251038091
139116587
4225030119
211603945
2907909048
515555074
4406017274
3372331324
798940807
393302079
3005419840
2280934674
4156307121
1104652135
79187458
762245972
461281625
3542756662
4326901665
1345416446
2583192526
473886721
4316751856
2907522544
4273586259
2510959528
4258313146
454933267
125329516
3874386863
232346094
3091618329
767500015
1206145507
401570359
4306243763
4273503262
622176450
4219255617
3392244173
920732959
1371081080
16977558
4328749246
343360504
1910933450
420322765
473227126
2854070424
3711450495
2250611890
2547860323
3608666835
3872347577
200471333
209652647
455686745
2229699097
2883334233
2902104103
289334518
2671511395
588359134
2872571141
2773841060
19676754
56356924
451566540
1119216349
4287398417
3937639047
4309337895
556978932
4318006234
279360261
1849608511
3884134948
2855444993
88581667
27196856
34983029
4312533376
4279493241
2543581003
133443673
4280255603
2908572178
78522621
3179134969
374879295
4120519582
17461963
3044684518
232890989
1736733433
1907074646
619886837
68165852
1543758476
166131871
2881478882
36820065
39206376
107292643
2884250089
116402758
105412554
2354719202
4265584582
3229106226
270619901
2380031667
575908771
4363416192
58432824
125453556
307827615
393299536
581046937
988418118
16596200
2154744999
3390984927
1155232790
2872430066
3807783856
56085800
1620349903
2893530213
3045376854
546756864
3306910535
224785996
1446624014
928230570
29806614
2359652107
217765194
2885281665
3254153806
95668219
107160637
4274448466
4265408067
4276618709
1503066026
4273414659
455190993
3058844164
3438417614
1623903192
2577009770
2398529432
68704586
35710781
1198181646
217773372
422355057
29320508
469782921
4149576454
214274939
3394086723
4165568955
4264241321
226915247
2301456104
2776539131
2842832303
336778719
1059484136
3381909233
1250097229
207996031
2176358690
4067249307
98944533
242537482
1567289628
224161598
4149186329
4275922763
1911119694
2931985511
14399150
243094490
3290937396
3730968977
3404263871
26319904
142677879
197418662
374985387
1546020938
574736990
2851707884
1064201342
4158196347
16790216
472925525
2235194305
2176990825
3395159044
920143598
2891353428
3911137588
1304257200
3378543575
3409730299
3795888316
462032758
111563220
20842952
2157203451
2395493270
1396510854
522184189
19180758
2860982416
2423983801
1187373829
5896582
1902034597
3812519593
4219936227
476124748
2324620844
4295849893
4221456693
768485191
3154097437
833620375
28720384
2478287066
91321109
3862946172
4169410934
183614951
472748775
1719666600
2993049352
2913089528
444608148
860230130
320462230
14272507
1203084769
1591476013
2548061250
2554478744
4175524513
4053322624
2539354613
1174597484
4064816974
134513525
2365385484
597006198
245434719
92388457
244885550
1432691322
2949994432
309910126
3973552733
153810002
3235909676
256453160
3420593962
545331800
4235210008
1283189358
448161562
47736286
1387870819
3823293436
2955725989
3375719026
1648009500
3293550539
361308220
52182009
2172492762
4126216823
2245418471
1344743096
126571406
2367825275
2560109944
65452977
3112042545
3393069904
610020055
86961615
518310105
583190908
2852096265
499846759
347837221
2502445242
1898459844
15094414
1412178678
362059807
2810936465
4258229283
4258447727
1560100532
15221598
3378027183
4259481041
4181156273
372933706
4260477729
126777738
2531712309
2963799928
3832853968
524690098
845668484
4059862162
2387700541
220416002
4286446638
267164150
4175759465
3082325184
3431126249
158391706
539255682
3974140587
4204376273
4258040620
2389194855
43294102
120916009
4187837601
1267479463
122187340
1525906850
90519520
577351130
87750009
453389591
1250263460
1704247615
4082546452
2612023271
3587153957
93186612
259411047
23327564
16438898
27498489
1046811889
4241757983
15070567
301342584
210591954
396125242
550071589
1567773804
281656294
2175843914
1560487652
3308989635
138027035
19904067
1496173494
1916012060
3309956284
4250440768
204767746
2372933942
766004497
4307737579
4243428314
37397089
238918081
2924376080
3294939006
43553186
39097139
22023080
4247414839
4257858586
292819455
3836295705
23593956
75605945
330062972
3549431712
2914487061
8089502
3439531677
16713930
1272237132
4249969305
102984306
186472574
209852919
1493964757
15269061
17334157
352274834
223129577
4225188861
4053157515
4246757368
3963628342
4127736010
1435153034
3624614534
4326317000
7956302
16226069
132857797
285282978
3395637394
4221036195
2196549488
1355550794
821495558
24157710
610800240
30288951
505109229
1019676919
1173117368
46477077
198980856
4305491953
4304294713
4306688653
610330377
1308751002
2584087165
103715601
22652645
96839201
136002754
285020203
926388590
2740200932
145778009
2936265240
4119976940
1317207752
1444207020
3045241540
384532105
1480859984
286023231
26790913
2853536655
3407249818
91197746
525005120
56412485
569885041
565778690
38650648
4234800069
52119056
18344625
1007100877
96559370
387952331
824775913
3242089288
247296281
163993329
29264060
4138711693
3006559798
2563224803
143824806
733476054
305137224
2507557100
4290812245
4233322251
4221470141
2867474565
1533753895
4205090853
4274372412
280147408
3352622430
1256747677
3422181317
446940140
2530058534
2511464900
4273069634
2510370636
4236516467
256455433
4213441144
369402906
3159041669
2588483328
336856804
31667021
1890714925
3445003276
2831384962
1704542228
714914692
2421961321
40352132
69580108
1333869762
1118358740
2304870530
1099628502
2576385660
29456002
15847559
3449582847
79784897
846173101
2218393070
2924634453
2872332330
2415100598
1482420932
3404792944
2862998181
3155242541
3320664994
24363107
2787241286
74643024
435371404
475508304
2761731887
56956476
224261527
1322827574
1926236090
3314291822
2208592957
1384171640
300796767
54261692
979480344
2597377677
2828273656
873385195
4212884666
4210316068
932748828
599731623
509043600
17564876
2833910164
2570805289
556764413
575735052
1464713526
43310808
437710057
4227521331
386517435
370558819
572896220
419033082
3092451509
4147613531
3404198926
3687725835
4210783047
101331813
36484818
4209786855
4218800362
2151563106
4219159467
3398360807
3555378377
4288954614
255529291
560638274
2438532662
2569597118
4289585816
4048715907
3017822298
716638190
428038454
19980737
632235731
2657177594
4270114154
720461281
4000787236
491009732
3017961581
2357548298
4221021383
3846108743
564069836
22936680
26348226
4034649201
2332523660
517635432
83766688
215622936
3362833685
307671401
53140649
495041536
1962658578
132254827
1951226329
2402254297
4196562628
4170456958
4204021036
2809950477
14828860
70411985
428219769
891310022
2168595647
2955262807
2379426130
404689585
3317855647
3330300844
4032176963
420665617
14294534
555090443
369937309
578019669
633190552
1091841558
2998597723
17467699
17093617
1121957071
102685851
33546785
171101377
4144177487
4208292419
1356930906
2148982371
412931991
3677894417
443068178
4149691353
304346077
3007201583
3019681239
102716675
14103467
15994601
41591452
2821189037
231963243
13512212
1620223160
2207037876
2809786400
4197419776
30358586
3091728869
4201037056
4202190748
4190754013
3739690512
156924683
3716632576
453474572
940777645
3878978607
2882630735
3374406910
3305671336
3153674139
220138451
3152602293
4137692716
388151369
4074347650
3402856737
811958256
2861799122
4212690994
228133827
436202916
544168141
1106335056
1575952254
2713072526
3773790017
2165464922
3881061737
4067612182
15416816
2478456368
2882463735
4052214657
23496703
467932041
31426660
4202349969
398247216
316144376
1460561179
867458354
4204194437
1134010694
14192558
54980057
180314193
859609752
2571576302
599934596
24040562
336987120
1120350168
1593295976
3034927773
2850192461
1094582886
17946250
4255802960
1131016898
3978976757
1103177970
84903717
97664135
14788950
126578626
316464859
317678246
636913486
2794126314
3306005770
347654026
4030614137
710788069
4163523100
515375885
848248596
4194951557
2858638517
353847462
3371958734
2656664910
4026408447
2389336800
2363629665
705609038
154185076
809352392
414655637
572743003
3396989345
121879930
369468391
3050327510
316900108
2993986192
2925539046
3495383301
4194935614
4162229374
1110915637
4195742427
2787872974
182542362
2923099357
26277416
2654302482
19571022
135729592
2475760560
2322606596
586265960
4204533132
2906375368
2611970404
3629545636
1523578406
250671569
1273771632
784886893
4186826458
1759743252
601275619
4238341758
2924358912
850547742
1908251185
2829719517
2601246182
1870687982
3042088557
460073128
983102838
4164567255
3061633555
2334087178
74171270
4172596768
18916137
148744550
294972467
877255146
86569445
542623270
48968544
2554402872
92830907
164445349
58062873
3171055057
2962237607
3586010475
4130996955
128999625
1538141425
87186961
4141380263
1509760422
2985579838
4221864852
1716966186
3194333281
1894841064
2386506772
3287186636
3890284000
2221810511
616278725
3247353003
4186364026
113713793
4125971716
4151566816
734460530
3903674899
1481072798
4085286436
290029992
312816767
369776222
3045246127
4136522716
2719831454
4192695519
4060016165
2885535497
136072898
561044619
808461698
918766670
330921583
227259526
3214166512
3463286892
4224576974
2803724323
2809295641
3067880614
3911309481
291220066
2178884807
2909909443
1610388499
1332280082
2842115292
4103006543
1538953526
416767894
3253309555
1486159278
46744870
81163642
2249903454
629402590
2249901217
3753786857
4222664058
4046238732
2718259775
4105672696
41474206
476149215
832859762
361188022
2932993158
4228809678
3873241599
2774770012
2903761928
980784872
906887647
1705816080
3167623780
293741588
3246096845
367403493
233905026
3865720873
959697078
14915769
3289916804
913478190
201796688
3417656135
4171982722
21861087
71344764
18454162
453986584
355086233
38752569
15438213
600584981
709658461
3987483922
91554874
276592294
590813151
380808543
56133110
84404054
179037724
503786299
3264408818
16434960
3398408261
3004530741
50571293
4174405643
636918132
709346379
3760266315
2863167318
4089494415
4174058062
1648602619
392651354
89219352
3445889777
10854432
180433202
1923439872
4142275162
2396048808
2556523290
1951436863
4024735935
3763572493
3353519631
205278962
161725418
3079824183
19979902
2363263958
85548701
425042995
1405176805
3003989308
2914657442
3426142347
2465210257
2499686023
1337459142
4172559923
708535846
357365664
872643230
626347420
1911009488
3119107330
2342321411
2850070464
134816729
3010054118
3074746053
155895758
30250213
48329594
347471575
4061912655
847287090
23762999
63094181
226751190
185231173
3114848459
4120161796
3212274671
2166513896
3294022425
3408442918
3294718698
2245185992
4136984177
3648542904
479040098
237244779
2195636608
4157606801
323457456
4105548136
4159805337
2365969729
31112590
189100457
468711313
66638174
619190595
3403368076
1120451317
309630403
4164523935
1640505224
2858743295
109378478
247521457
2776530512
757235209
2365901407
4054880769
4197980966
284522162
3329500751
364510521
133423934
4067795117
624710077
58106099
1269986131
3696777253
72044040
4114552275
4158255791
194663063
29502213
4158693617
2227119751
2811813169
713378088
2509356237
4128483201
4138540039
2782257347
633010635
605343007
4099560459
4127122895
3221142817
3969887172
98546373
24004575
3881845485
886019479
401313393
577197134
25527325
135887100
56343662
2851057665
389499676
810933338
2348744870
160523592
1946843282
34717390
315046557
3086903842
1479201878
3322557508
300433389
3092359565
1295624294
3437896582
3233480933
377993173
3248103362
3012205475
4156370105
2723372996
2254918470
4163073140
345390837
132220475
3097382758
3335404385
3233364094
3969057081
4100500731
3868544098
1668275161
4115262087
1658409302
1466730445
3384548534
1480552632
995545243
3246017385
2929278940
17172987
713435426
3348206026
2867480858
4151286881
2999281365
575187737
341540140
3091312889
2907698858
585117497
3114798701
3071153223
2963506668
1970242562
14339798
4139306472
3368250838
2413621767
3241940114
2485507898
524470271
61743700
197940525
85542425
513335069
2166987163
2367984349
19708349
384378150
1307804911
40251005
14598258
333243023
2697954097
1946971004
28350386
1289235367
2404907762
21286807
304568246
112838404
335954038
749575844
518659141
3971647695
88042975
242014238
15487001
4120960539
3866664433
1198419673
4083563548
2197168976
3920528765
3153653716
1338183859
528823528
107514950
3555159917
4103874688
4091643519
4098260422
4103851936
347885744
282014422
4105240775
3985919716
450006923
759131083
38025168
290484929
3081474683
3335924578
2380399776
4069244542
139464402
2708704969
2502734364
3337232184
49304188
3015370827
1861834922
3291074416
2968050806
318763185
2490814784
387838019
2780673123
114274534
2518151072
469324230
518834807
289872895
301229250
3796593855
199207406
237194066
3088509377
55594587
17855445
1350165536
26803149
3804409821
2962830448
77721089
2723510562
519453873
16612137
38413480
1244342766
124484466
260434859
257173185
597516505
2151820958
3258872755
2881293105
35203319
591776330
4077206843
92160048
1001408503
2201736210
1421573755
4110965231
3384794560
112310161
2876234290
369428124
131712023
561558519
303902881
406389671
479883714
2821174821
232855107
95207828
3685807216
284623916
3739534043
2686245145
68720202
3955206502
3966390372
260900441
150770550
1427840197
2213967338
4126635017
4009230389
326934593
32158364
77182937
4130018177
2891648052
257183267
3348676443
923685762
1035762001
1709492467
20238817
4025866283
3319016495
2282669810
1197735055
3686885476
2807423246
926924251
2545900439
547151797
47617667
4050125007
1972769490
3973644202
4104132923
406825851
4113525171
111626845
3994929867
3028348755
3652936993
2980387305
18346195
1854463386
570393308
10961922
2460149334
4004591962
4111063288
4126478247
16044065
281378486
3805170257
61730234
26460811
4132749688
3684633092
3890190269
2353763244
1738524913
4128865394
2588930520
4112136983
2656971681
222451681
2683272120
384416223
4096528761
3290075433
390922211
1548159896
3907250715
1087262010
33310753
551698596
218523185
1916363274
3331442446
4076506365
25814171
228433588
372961712
330875051
2566874586
4121238268
3853996907
4142588832
247195434
556790378
1115131622
2784061855
81882688
4129983231
3190080234
182354392
4096319681
61219173
3654226156
1382215398
3054817567
2278102556
873403177
4017015119
147634213
1117715833
2604902029
20974009
4117097173
2786727681
3731883621
313190332
228694459
371094968
465267309
41377935
409183270
95928807
3990584789
1427424133
2516124930
370377082
3948233415
4120613368
32816951
777525372
3072025731
4114378107
3752011763
2196637095
246733152
90456536
290112413
239737474
374714129
2864249105
2593061364
21209751
2927342036
26243148
17452407
2900668864
2770340504
2783234622
157092475
2939574717
3882802881
4114441875
3973727469
3011370084
57344847
4113443116
2336473813
2650679266
2585605034
4077952085
269724334
180955362
3611403508
3758724677
128429167
487460281
2616944550
1273338780
4041402316
3351257813
2243712522
4023257481
461941362
1451332334
374444187
1353977556
185848096
3351161267
403448689
3717293953
34139734
83700816
3750903681
3892586963
150345534
3731933332
201733259
3950918173
3307380792
2992788174
3807276380
3033466963
3583750896
3741720919
53427556
2880137718
552760250
629293237
1135261279
14866374
2800840648
1536419292
86294296
3625096754
3231853059
4112421923
24150262
320166650
3054752189
314006181
2938041825
731272214
524254595
33058833
246846064
1113758707
126602395
267198300
1122767850
4112558566
3873710991
258316739
3569522961
295758729
203187780
2292720644
55815666
1849306970
2241497750
352940883
2752619223
2532951840
2782188649
20902252
2741922895
134765219
96621704
293152768
201277609
1310116404
1550882791
92746008
23731574
1482465644
1077839623
238654690
395208946
188348630
295137958
2335832416
1921584547
2221133870
20972577
1353899096
474914634
917017483
2517154781
3261473093
3189001238
922812396
349665138
2985635361
3050475510
1403560700
577192957
16010896
2435317801
25439691
1413025422
2999444386
3387188427
3067578447
1565217918
859437858
176556007
784342068
3431567080
428404589
2404767650
148076821
491502607
554383114
2745596272
319122617
3397368579
2294918413
90657802
3402294363
225004057
6120542
1576363424
581273770
3131243261
499532498
835109916
603027496
3331386101
20594413
545942122
2689706275
2306579816
3729690439
2893451212
583983564
502522557
358101932
4105471935
413051798
3602203813
3870965367
3763292535
4103061733
4089494476
3900888569
4063728575
559737551
2984509334
65221254
2798656723
4010400143
4013083108
745671042
617564932
4108370559
4019497420
59919677
4058672353
2354277653
364399981
2611229209
2303462562
3996536938
17402492
2696727835
606549267
2589517116
468186996
629599986
2818807067
2900757716
3293739485
34750535
2315376242
2903666907
2162717365
17560522
3355345034
429557876
2883110936
2188542156
751100730
3077162657
191077816
39044905
3954822712
714463958
3224477331
398874007
730223480
720457480
3302821409
1364076858
2348664121
3049343638
3170839360
3970875207
3634755034
28085576
4082700374
1228308637
4108773732
2360369246
605734204
457650254
36183065
1104723283
269740289
62110937
44212339
314591349
2525304511
34924287
188314708
2586321122
2915517587
30184227
859354459
448408740
2978086120
2284560423
249602902
2422664137
3005661417
1427295834
2774609434
76973804
2165191284
3043276327
1396873482
27413243
918855818
578366445
1565376805
1387076586
945653226
3166717335
51553554
2557165610
933023029
1528728444
14853818
2840688905
3773358208
76886344
3844777606
1058623664
3375807433
3835989268
2861350632
3612462136
4105275500
3403575837
625087361
2487348355
3455314820
2714177677
239836551
3243750364
2276679174
274061001
20777463
843388584
27892159
24912268
2534691003
282517824
37670380
49491411
2650847539
1428339006
3143533060
2904971530
2291752080
3099144232
45785674
3396890927
470205540
3936394755
3369028071
4041093076
3075254499
634409552
3306464491
2837923971
1070547283
211154175
3345374145
220194905
426086927
1868506646
2464408883
119371609
62516986
3417351473
86633343
22638858
237450453
3901055799
966804432
1008693775
3070025839
3369499125
249342962
482924558
2910609120
554378917
2472145231
2995541356
911122998
19252028
389641692
325956827
2740444296
3002833758
4082325455
143447970
51132524
3996768747
937820329
3874350989
1273034672
3224497181
89285336
3018356654
3154211493
4097643490
572980704
3983588355
3327347380
3635475743
383177771
246506848
3309450532
2739505610
442178445
3016899600
1636096464
215672744
3383813806
177989708
3861362835
4083378312
450492890
2625765356
1682880361
361908366
3852780215
36065473
249092458
3863822783
312937683
3088202221
313176797
3371409676
153807882
3865063641
3053437396
102380765
67138579
3981977788
4061394073
1396505822
2654031992
3618369503
4092111254
566600489
324290036
3573724754
22408636
3097465036
96540920
14098862
3246461384
735748297
538704091
3239377142
3875328614
322122983
2273091844
549592547
37834510
2612311915
2603583547
4037202616
3308995908
210303950
1969346438
2984573037
251596955
2458051544
531662713
3775163236
2840840889
1063738778
2796604470
1927043791
3910495394
597271827
2655260721
1163144390
911568162
340640749
3316829614
2585454200
1967081412
18763104
3826559181
950409998
2241874002
2794372396
1976991588
3242297483
1415475320
2449961126
220970313
435015649
200879824
161454325
3356638708
637090566
2486034890
2180032712
579645348
314655239
628166629
3256456624
2491228856
3030091713
1227649944
357216012
163415021
310917929
835377572
2207527682
3891228075
393357650
4016101749
24288249
118486030
4032311763
515530300
4009344808
193040240
17766982
571224644
457697673
60082923
146529753
741456410
14650741
313911812
804141757
3345280047
931512733
196092448
415602879
2232886279
105950941
3993349287
462478253
2975538373
913336448
4044450432
1087128301
1938593209
185666087
3475609933
2288632549
3007522186
2534413332
3834095235
159094702
380076292
182784632
156950392
1087913286
2739155585
248144293
2730808894
4076647221
800988624
196558815
2916150119
4034431683
4025299684
15962794
2883840640
1155076262
1574518117
2173452758
560991483
30537300
4012442116
585873793
501820510
1000650402
4084394597
571993342
4016464337
3888029362
3344607792
3501354501
3911820693
3716405547
111975326
3861413243
3355431514
3150900694
3960228442
3490870817
921840937
3630615141
3917260693
3775326149
129754298
39983021
3439045864
487512701
1612233594
247486062
426008759
935032453
3970929857
160526873
46617358
475652504
2423489323
2751376600
903963937
247355958
3295057068
386672121
56382058
550062634
3288425003
73426737
1394449808
1121593572
1470169448
283042875
3904715550
299525186
1944880712
3395448591
2516108354
631929703
124851286
360570964
1709965680
1290859794
1158185281
295809789
3554099356
2525860358
2224151434
3313754757
2258483470
2991855538
18872074
19691332
66411637
434634806
2578686924
2211226310
3236743157
985876477
2776511935
134801062
3087038807
2374389157
221825192
24349116
63441389
4077771615
476186702
390287510
130675201
433286132
405873053
240337914
257197919
14307048
4016201001
3523759214
3314206056
161718680
4048109417
2327698579
1327588381
2474150995
2349626986
2813415474
464009070
149818305
3194923243
3515424552
41271165
3405756593
3988726818
2503684580
3096986575
3585936137
3426018789
3105372608
3833690662
3301818615
21316074
28538041
341442398
969955542
2556499807
3438870793
63031738
140012756
417999869
4052252894
2209130095
2849577940
61561312
1543742700
1365222390
1301632963
3812756661
2935358161
144811065
78671207
3987200127
72016798
459903
23540904
4069186883
3623000969
3310458099
307587058
206348165
483186896
3438917087
4027142661
574442229
1655137214
2186062482
3394279719
187930071
4066654277
2923880452
904997293
44623122
130429479
318332175
519704655
703977842
984856099
1729559052
2147823170
3233693165
48085771
75842186
468736390
2656905637
4056725297
31518438
2752651152
407763615
137297889
398550157
1954293848
14572492
38854311
4046174908
2732764966
4060372336
3956179341
3378578889
3197602978
25501811
381436838
210910207
2555156581
2277831758
494837824
3421887058
3385955877
2304719202
2976721373
732722856
3313306925
117048415
340455652
2605454018
3865100541
37922185
107943025
2327358097
2481784202
1289911308
3023804259
3045384463
3771968841
3986826261
3422428353
1119022800
225532989
2394660775
2392144432
285047538
610904887
28331034
556303086
3949189997
3084884183
351548171
763559300
398337209
374138673
3438975928
41796936
265444030
2348729196
424962744
129436220
26852572
165719921
2315612749
4001402535
2504482741
217549739
3535493422
1344148440
3353762188
3971886263
310768607
307866574
95993228
1732950571
2494233703
272728852
894871556
19141957
551263363
50306840
377266239
813838548
1249360578
2690070301
428543680
135244335
68714947
395431483
1944647148
852852697
2368783851
242883472
2851124289
97449212
3190388565
2589592548
116424683
570239474
119789350
22019070
250349129
2322187374
159045371
726368071
69832289
140822682
51435706
538474396
3158173614
8170492
382602234
17809655
26981433
19648567
157972979
23597719
277969297
44937057
71626061
1399369987
630379079
7458942
2302468187
22311903
30908372
46476526
1654807026
2400773894
50996858
3354692055
1381499726
406131568
1939065583
39917822
2684876396
2493191708
3311160827
4052028868
82659440
75843865
2999535874
517988292
3950382797
2370477319
2785556236
623362303
173970681
1568172356
32388533
1205718840
596302001
2253577068
2202079422
3667547668
376569010
583864399
3477976828
802987470
941319134
104171776
300191096
576296941
1037461724
3308531991
3300696177
4050059182
473837042
1722414002
916283532
3728942293
1931594905
23636912
3030970439
2992542724
3994589836
46171856
3972711562
6062132
54270768
2192408730
2525333305
2838890850
28106517
170607354
305468670
3039149259
4011569003
194125171
3732611429
4017531915
522886434
2938101621
20099949
191460856
4031158696
3798470232
51724507
112688409
147691716
382558550
66707833
2746905344
3697067362
3316083764
3434077487
3052628944
3838745848
3096879632
41642098
3315416029
40721274
2440613736
3435686806
2835892538
3867757342
1425091548
2399374044
3361549605
2924545700
1511888702
3435764277
2300059998
1024283442
2600370104
1243789201
601661675
459393828
104892871
2152674972
1097726185
188767119
3295348317
63413557
2430183673
277963989
360580596
219783236
3010040778
3388889386
2507237910
3313219006
58418885
42875895
2512314825
2829265331
136325356
2240248666
140394475
545459567
110347833
2271514356
2679984721
3192692001
15082919
1376851362
4009692736
2324866966
181708510
476034649
1492363338
3397075564
3377041221
3997789829
3192998726
98705828
4023207983
2791239333
3342757588
3861205940
1941927378
117719676
49084998
625306717
3526903336
3098892430
3392298557
3091787883
921561643
3426948947
3573514333
3322003724
109966167
24149118
916198549
4025260030
712356170
3224925615
1604245087
209219793
588916041
183568188
3903524714
3239381042
1326671216
616858094
165013005
3996396622
4009723641
43097248
470126635
58719726
1565665268
585519746
2882905877
282206261
3289916901
585227020
3965516893
31438401
30222156
3285599516
4011367534
4012499117
635205047
16065406
3066025187
4016964557
4016924967
588602823
4008962177
2860047677
4012319963
2297366196
2435857548
3917447252
4018500749
3292471875
3035837781
3114254194
4012263803
473230623
3964996992
2395862282
166961947
1693694444
3630201796
163435694
241858385
820391670
1476973693
2856615946
3512961737
53742411
3327219105
124271392
3511289232
3663204975
59455109
3076697050
262788729
3717747312
2252094823
23959413
3438198502
1316300851
1896519973
3914933839
3393769323
3972936659
3918778874
304665165
3036997637
297323259
3936734783
2559298172
3049853833
231277925
2865914800
95993723
825368827
3014398348
170999455
1615871220
39849458
4002211967
580216725
1158146300
2472191965
3252049239
3240658349
3167801788
12120742
2267429247
4006719513
1582330070
49578483
1645721809
2246288469
3990721474
203874361
2980823265
3401684843
1911289632
495818128
571654212
2190911335
840410096
2338108786
2588581747
3896417654
3878138146
3758696115
3994308136
3728103200
3145157262
1250381160
3332237686
1216650030
414529752
487824654
4003832697
64215839
3973251928
2813156977
3639766161
234470696
3997911855
3740338707
323152437
532207934
19484456
3933660972
2274265962
3893627174
2516171923
329938552
1890689442
3427358052
813613159
212921057
2814834400
2844984405
500790764
3309026276
3134349215
18539194
189129508
3989209559
275759843
499969560
3584093782
207463438
429767085
454206916
576676539
986539614
2284014044
2291221664
2971349170
2984309826
17861091
3866510772
610429572
222914418
2924528414
511041340
348997846
282325677
229030380
10928162
19798881
43097862
228132947
293439146
485713176
896634230
1221421867
468528496
2435269758
2167612400
3938173949
992561334
3335982799
932580234
332482018
1547471917
537333246
3345255550
133863081
2329006892
2687526198
426027271
17902523
2821201491
870115062
21148900
14948842
186072543
556134859
1113456200
102299308
399304347
3841768439
2829958159
3031893971
240880442
3842267233
588432839
827197532
21807355
3949854497
155341965
191148288
240186025
373974495
408837811
557658204
3949359315
2174928768
3427349218
1595391715
2724370572
3926602949
2863961779
3316856562
3945092685
388861050
1565492862
2847904055
3663034161
3091385212
3824793193
199809099
3336875344
52107773
1112726264
3947244015
3946841033
778597423
2475783351
1143009320
3376666335
3947844076
2250490176
626463061
3898978757
3308052263
3072077833
3652768041
3239446677
391474133
3317325029
2446670147
624442842
1018962877
1098598668
1186532348
1389479348
1431532915
1525745312
1903374270
2205732317
2415650790
2889197295
2977755059
3005463815
3112058463
3195775891
3053651441
182300730
3908175959
1719880382
1374799134
28505383
25889533
3802554801
27646691
421187891
24493890
275472637
2282020010
43357195
44979041
155202983
179876471
275240794
387492638
399307197
1092082964
2154461958
2294237630
3523746081
1105862568
2886717689
90066835
191346389
2316739975
3929107546
870864888
90365222
1445484163
90749836
463526025
171432447
327887455
3879780563
19771733
90705572
30517880
3361249115
2996326098
3302504669
1575614126
312880779
321351109
3870387502
178106879
2809840029
594528118
3532598955
862429771
3321674892
3862568121
2835514781
3221194181
299308906
115639500
635624406
1467843992
358883680
462273603
2772631900
78300816
108316522
321202600
17138773
334356990
1467788298
44173001
2501575592
634785875
767634721
572989303
89343116
340592193
476118642
1578929666
547048098
242335493
588392342
627873124
2603747201
2885888368
931185001
856284128
18785655
3626583435
3321515562
1244061463
76992393
1703404218
1418365818
2865461589
813362892
3729379637
229198623
2549629927
3729495503
760917768
3882356595
157600951
2171814826
1513023296
76987524
144851263
172697817
486695763
592682533
1280712997
1654046450
284700401
105163491
1648058803
21653311
3207639292
3264611222
3012790967
488988036
377920541
1174587122
572041750
560150518
1266693866
2167726141
151688952
1711073353
439872623
14267832
19428479
20082547
46152623
335478080
572271029
1266345439
2693914800
3309286795
140334048
909268423
2332066656
2882277423
2978546749
3226409554
3406403592
423347969
2184817093
1623309914
231357729
125928028
2163634058
123040985
3345455704
222891677
2392933562
120903579
21438904
3048770036
2847483801
3503466793
3255670204
2726627054
1876492639
116388998
2318663874
1419037717
3861102442
802574298
2370881388
3010397369
61090126
369018737
23051614
1113895346
16134425
3741974131
39096439
250000624
30597144
555440706
627253374
3329990003
188254153
277794707
869733710
3138085261
140534397
1433061217
1494592956
321406066
2862946979
2412749940
385552066
330304197
3368865509
1301048126
3044880371
120751734
3341404331
12098782
28234994
33885551
36335047
85804414
207823654
2793003623
1266897954
3870031695
60693265
2916004018
2782459253
3873981215
1219283070
124920374
126258726
152707579
468419339
576934471
597733908
1134025404
1682861593
2386250495
2446856730
2834813845
218605395
40383345
134081782
3176874347
622876982
3263217101
3646503312
3239177633
3543767476
2295196603
103554972
16098222
1708794834
3156413014
3590832743
3772963528
3439002107
3761291597
3803661766
458864286
3068624261
3807524417
437440930
3844817535
3438445671
2359759516
2188136076
2283522625
34904693
41818686
43107557
49413866
59405338
68398250
104857104
106730860
120873316
136206626
155506446
167831660
172280127
198478617
1732932938
3786433041
315941208
241033197
277256479
612396904
3823293363
603078577
2774104917
3162921918
2988003075
17025735
3823530148
1726770498
3837591317
1685888563
149446415
3843072615
3737821698
2400167917
597659949
233414306
245499504
245767621
256898859
291668191
295651645
334665816
353139378
437591452
501733537
575625820
580915567
618422638
732532562
806997337
860355019
943543513
975889717
984988952
1138478190
1179490496
1266748862
1530345992
1612785980
1927411670
1940621294
2785123965
2975987031
3074806638
3397934861
2175331050
2222008567
2285521946
2292797178
2308048088
2343568728
2366697030
2423726970
2446650408
2446831610
2479667560
2605833128
2623986724
2655253802
2743883220
2757048200
2803441813
2808455602
2821227243
2845279850
2891235607
2951647988
3020685447
3115456551
3130786811
3154709373
3190942488
3202414721
3246901465
3291516713
3302671776
3429259731
144972081
1259127080
576999101
2599468819
121715841
196133965
188104515
3236965368
3238118099
3238441736
3251167455
3252910484
3288209901
3290450398
3291449877
3299479215
3300909801
3307301014
3309147784
3309533229
3319353041
3320378945
3323405482
3338471265
3341920967
3344491553
3346672011
3353831537
3385069864
3394049231
3429959068
3431963465
3493257261
2865541899
22000181
147903538
20920486
180777204
242807326
46926921
2415804620
2304794120
174250567
2597828103
19834221
47943144
364826457
608461972
1150437392
291051183
9579122
29072106
3727338501
89562376
102892381
95365562
141574914
3434343825
1719376788
215524899
1070878838
1226377340
296160588
3308869358
1849101510
1252280550
63135089
3277649894
94619081
634868288
2876241323
1559024245
603025640
3145773622
44724477
324992748
356021479
3298975755
1478123569
359072900
56359761
335082009
17014498
245046820
607188140
51056940
236469991
21864132
3029143635
873708488
2811420941
180651667
619283145
2354997962
2558133955
23739295
3402895468
1554840626
271219252
182866138
3150730052
2675627916
168644892
500132041
2886541352
587262512
281996701
3315661675
2558837678
3532211123
2366679386
343341273
126648721
2361112946
3523733416
249615277
250619819
3019930474
3029822385
2391062042
3235189263
3224946249
22409853
3336406503
2896087081
124181539
402070746
2406860778
351203662
1283448240
252785239
3432629777
14697876
3094344995
157628352
201320266
1324822470
3114995165
3450142762
80379374
337911691
86103678
511829492
2587401019
2563276183
3188890182
28824136
478610727
3168150723
27923807
2484565975
3055566958
3429721463
83414459
53072717
3431499425
3432846557
126409145
3375763438
3010676395
3315715507
207419334
2841966747
942159835
3435101511
3435317847
105004451
2999000167
3326708294
269464483
1067016900
2831264248
2463364776
2311639999
3437651421
3372130858
273659941
1399421546
61283773
211129495
2748048591
141875527
1227897726
90618500
75058552
68451121
376427781
2788487725
15479934
2498137219
14822401
30717252
26999650
3431275083
3292123548
2214026884
2747361783
17901294
708256066
3395137089
2875767753
151553126
2447307630
1164814206
82320214
2244204973
3434539871
1708132255
28562302
3293085574
299055289
24887453
14407077
339255607
330509973
450767854
668283
1570067226
316781758
2494021334
421070110
190583914
3432841367
167711077
1156875656
2826290088
1965873648
3322837779
256044788
2722015274
539398225
1379689454
158734033
1527490050
56366858
52351820
88630970
191457842
965412126
225501811
469264720
2795857533
3318180745
2971080389
3429696347
3438153526
2797534716
2880767181
1908227420
3211958170
431908339
240710103
1377592789
3240197969
1225023793
3245862919
3407258386
298116603
1011723096
18212825
300947488
29292109
547968016
436697828
482735195
20044615
2394193370
19125281
278481016
399580118
2412409986
34953329
34722043
3115608789
3346502800
9883862
9297212
2695385562
634638143
331139820
2271956552
12432262
2539897178
199611783
3432868047
3234557491
2687179116
1685992116
172334147
882410690
252642251
2423552834
174483521
3343915126
3372590487
3376284748
2232826868
105839244
320687912
21409630
390751241
103699065
1652511950
3181156532
561553485
3221241141
128548302
197521802
633579113
270857322
229802604
29490926
1578454226
1287012168
46104622
2351737734
2412897384
26644478
2955525375
23003518
3431150740
980046830
3308344948
2597399170
112459077
3302636194
3238617172
2890920250
3348795917
2495030078
309669135
3363842799
308408192
28404448
2275994515
2710417418
60913514
2239203594
254644623
2359293614
96421251
278104984
3426524662
460208334
226306249
2511086204
507495242
3421983389
117727419
1072719324
2176200271
563040034
17129326
3118646895
3403944105
216304520
2459315959
1603548319
3298123753
2362491818
3387448203
181911132
172088483
3317394585
2881454627
524285459
398596555
3412828119
3308108051
2461278241
322093069
2265949088
473814817
3412532241
282827560
107372437
474042503
15750814
1875159770
367518208
849014268
3387329632
3207478008
15672716
308687093
3049263915
101202468
19569549
549598410
3308991850
583645190
1066103396
964069946
1607876215
350723197
2811232844
57833122
32898335
2221323534
40980916
173817286
231400071
82333501
87951181
88981473
2476061024
1335196308
174594049
482133423
1968838940
34365538
2283463274
187579150
1885495466
1286881135
1889568127
883628930
1006277850
1962540000
1691083724
71778996
1407701442
563860095
637087464
37030356
224631899
352895070
25700575
489949612
575649140
791796889
254543871
624820234
1321323548
186783041
598047207
1327215085
234402388
29754778
277696008
1259333552
423747460
47920975
19652486
1019577222
19656274
321376523
1307005140
78598944
1337024132
494332572
865763882
524256101
16646373
273935884
258726700
1007225724
354988921
66127272
14089871
370601096
15087006
497982309
574862909
77295594
153023467
128295569
369081885
33869604
16547271
111730414
515529131
179054464
577195836
281561997
23541780
525957678
74123155
432002294
457001008
609043536
500177616
247529504
52540833
488597362
415065765
77427770
210121987
397592893
615172410
17689290
102704000
545281495
186753347
19002348
617982616
15425930
17589213
573861106
327545293
270761992
533064608
286833604
19997819
77030845
615719311
339603118
194625337
93225940
302024622
33412076
23766018
326111026
629649160
29458191
69953604
452244618
135535891
47835353
116181745
460489687
15474693
172328917
214259539
249112942
121759130
246088764
21867188
245812822
156597345
44081601
338539394
7058332
514591391
297395066
209538227
55204895
92648267
707153490
598424947
58892183
29748981
93166918
799710618
14803203
457899206
402014651
94631239
573025252
71138258
228700146
82562527
8192862
275719928
219786853
467820772
721912519
718022586
535253558
394737547
445409224
480378994
23625401
45577408
135488533
240011721
632003260
184010593
101129558
6570902
338893780
533049345
588308841
285789445
3446251
375640935
227286305
21122950
20872499
146442518
161549673
747873768
165648714
454800041
740001548
270855593
38638968
23368927
613495558
212273152
71779714
906508374
922716158
19225059
92242935
322326073
275096128
315604664
496810246
109079118
402209787
10664802
357886046
419172944
704855766
17287794
19561090
151116641
68971443
54834054
31504538
507988213
23944694
728299520
21291451
624850194
473036267
734269969
400339725
22394209
247522736
527952204
793682456
472342745
90417033
20296033
300317250
431582097
499829472
590483705
38418580
52935877
42215045
486042635
726061459
634145696
29216533
191167631
157788506
565819674
294948776
352797052
270616268
14879193
264251524
198421422
41830237
306838930
414717084
289997483
40720843
612570154
173199311
481095251
793888518
455165166
792484688
734782464
19778612
767339522
461176448
121569500
283599742
61741941
258234229
17513747
10357722
618223406
183357457
819141661
500388388
56351084
396016152
380577384
67301517
113030607
18524101
40700895
866049914
338711972
89962372
58765872
708186019
9975542
168655747
235334977
808496292
742239624
399394432
875224722
538173841
394699422
876356791
583105180
20476333
292805758
836356579
873411332
593025856
252500396
35498669
480785838
23343576
852233774
111457805
565303691
47616455
384599241
217337185
24152765
239837231
8026132
601887449
28578101
873374887
21230820
533139937
16073023
237206936
81789298
590356200
235622957
297237889
782011512
41574628
908831454
310767252
859479188
880619293
636243089
831166603
311339428
241177160
37473612
14789122
467569939
278953428
65174791
212271067
29165259
296262602
340381562
50948972
218842958
60537968
19485164
118861812
229539129
14431142
19393236
174619241
143023879
240878494
103835763
35461969
262153174
19347472
122716752
47592929
