256133516
4253450892
98955721
217350618
1643171341
3183436029
376496514
2554086110
154905803
334401093
131801037
1336462550
2401857452
2496959370
1165455962
4056565803
2764567390
906651488
1900923614
1011604326
20923609
1573878996
851726060
3151932625
16881393
1672562179
2980083670
1492140492
4062835583
4241097078
256254518
3808358955
3560872157
1318503439
3874563021
4188952409
3237460533
2486828184
1375675711
545048167
152089133
2634874412
2374212732
2426582443
141826813
2733419241
2564296262
3240724653
3912165017
429574612
3154100120
3226895431
38442445
2474035201
2942698353
2785099119
637081220
1945936682
828149532
180539504
2617169929
801631970
411765161
36507872
3171565706
187392799
2863971731
2806515891
4157903650
2813605740
2771737821
1201732363
2924874044
317644434
1010605771
280033171
1293576367
554257119
230047710
2584069038
2517586382
3353727100
2252735413
2281206363
4067523855
3286054520
93429243
521602608
738228193
509509931
3019109498
3377003805
1223311693
4076969897
49301076
3897952274
434588846
3323717899
1406040054
2242909054
3279369330
210154767
3407759969
1348025881
3718810994
261631177
2943100632
4103796433
2500686913
3245753042
3177335269
2814342936
256363408
3223313672
284416080
3179859288
3384661708
159328344
1855812210
1669318380
1919350406
36966000
88334403
3602889095
2578768774
2180922666
268342558
3312450262
2988144807
2674686890
243007875
919857536
82092880
3374306297
3520640354
3515043981
2737720281
479160170
2824120527
88137605
3675698833
167555974
1323128228
2930289505
3127623171
2722538782
2194978920
66095219
294475383
38409638
1931382576
3772649777
3192956287
15706037
3315008522
3422353876
2707590763
2163276594
2375228158
2699078360
3237577324
3269087456
2927004848
3300548686
2205559141
3362240867
3119634515
94396855
218944267
3271174657
137712457
618972569
2690573545
343583561
159229858
1555827253
347833854
3057832290
1909121046
3257004798
3044828855
56054236
742583
169951094
3241836619
3147651085
3373152196
1450607174
15389856
3381772209
2940615816
390751248
1380514136
2767288777
3320758650
278595145
122433235
8688832
3006495679
15485307
3254031558
2213800308
962379612
2417778055
149982849
17032810
3433584641
2964973736
15675118
3407376334
2885449607
2481768230
3095041052
102432336
82981076
3433181823
66738494
323333691
591302022
1599053370
3305409486
3437389930
3437465303
14228499
275773685
7620002
742394738
84444981
127102927
3640617374
635597874
3296918558
3635305397
3543128117
2664028739
11485972
19273421
46589969
3269958468
2830455554
2507216851
2942591805
480816119
2503330036
3732069737
1683985572
44830533
2951393159
789849170
753392005
1161060224
3007330831
3449620754
1491652021
3599413402
384535430
720323
3351403487
14118605
14085704
518557386
993750637
2664251616
3503836993
298419595
2451166981
3054456648
1135569061
15525444
281021002
3500166432
1612884488
310359021
47817128
42692304
3301048613
3320531442
102495522
3613260977
3423003856
2655543920
69983634
2918294554
479440119
29006193
2698300332
3308982380
2649060396
1086590550
380744833
837070328
573574923
3301695751
3424262355
3305634158
3386706791
3290527574
3090751423
3301093427
3426419781
3060137518
3427873960
3317732082
3317719544
69047819
27786778
65704264
1132105910
124229352
418003269
59087182
3166834074
21352483
38728161
3069632199
3342613774
2933829623
3230924277
3186350419
2364558847
3120748690
19751635
2366744900
80009645
371244800
22597278
2380958408
53721993
210684204
3342879639
2766611045
16392040
45001861
540627950
406064991
51845510
3010378008
3396967047
84115117
1871576360
2493881172
48673091
1118850061
125942364
35681760
148218630
1680716244
380927048
3327705680
2825779092
224277043
393822836
18951474
3437952747
2196506047
3435122068
3329109500
17199812
21021188
34311632
2396609928
62765618
3438955967
2681741827
3338128453
613266014
16205870
3313529419
2421432606
3092175023
3342471014
3442479497
3295567586
338684444
3347768293
2736285001
2848533009
1392126961
148798567
1335820308
2849151464
60702719
809374975
1286304919
2427894823
2427847364
3733374988
3624241946
923032946
2399720028
3017805627
497930841
567639905
1531843502
179745971
3308501088
2772426049
3026217196
339680697
413184504
270227961
2919951138
3734405057
2945427250
3117249436
2823129391
1189092409
17964423
297733424
19616279
293065451
293856068
577892323
28764260
11583852
305676377
1087451
20022638
2182075243
3222364224
3548902452
3533401575
838772166
15109776
3646166602
10194392
83054315
41239817
2981660992
3162613003
3319172432
3413495865
7967902
18092636
2998988499
2743144894
282539122
3332614553
544274293
2535661466
78052462
1579836469
3294613583
166315104
2368644288
429581538
16559931
118793620
2846116745
2915073092
3435203603
3373064339
747884959
228473934
211691778
2432261258
3197783618
933775777
119336440
109326031
384943209
2811884665
1575445946
112495087
3400675905
65680858
608988548
3081705443
3404307389
3182140190
359235151
109968678
3305424002
1564044876
303591721
385352964
1707425564
3405975635
2882938440
14118138
3405424143
14831498
3311116836
3254573096
810366133
3412625589
2982546400
21808106
2896208681
42651013
292402746
2352198325
3067375035
2930690219
3047806694
16617693
3356673252
2941350988
3272300684
2343013195
3107595305
141989041
1242454718
2318281080
3194678984
23428163
3464471956
1920498750
3337550594
1322427607
13122862
250740217
3474009796
3476556436
3285862860
1174054416
3314014266
2996201322
59955641
3486621555
3029608115
3645500352
14424892
2199353526
597203189
3287927695
3082750102
3270860083
2726348027
108442544
3586291884
374404651
839331330
3647034024
95402556
2689824926
2240590166
3687082408
3460957301
2470177267
566285629
326663924
2574295062
3648245191
415776452
2366249804
28271133
49592004
2259731050
50647535
71262296
455275206
54384931
1055180766
11462952
264025990
49249685
246911714
2706974892
3090367191
37524712
3623330482
2722421820
27587633
105745764
20431406
20024452
243356490
1601311
3653550209
2450631161
451463535
53042417
19034868
3151149884
13290212
14450970
22888141
15446520
3437566991
101947140
330158042
3288814440
51773491
3230856871
3438125063
3023320680
361482159
3177558703
3335516772
3442829967
58719494
3178368576
3335499974
2404840614
3358473972
16779204
14254485
16392266
3264613476
2298607919
1418
3463542555
1914684266
2833170762
3444977073
16155503
25571321
3362510712
2305265137
811050206
488706387
3288582841
2552251994
3316410462
14320114
16903433
2912817584
3255233335
3299172362
34079088
128257139
49600794
2987056556
3321985262
136468838
3313727161
1148444581
3311143585
3252428331
417027608
2775848995
86565439
16063721
3326131296
3326981041
3355707449
3444477077
3094523243
3014160779
3239362163
3142692103
3332279475
2845432392
165496837
3505631243
2932765525
18040061
14528365
37910797
1107694692
1672728576
7075662
73405314
22218895
3386615009
1390055479
3399802994
19279704
516107603
3147436197
239492448
119116331
15852861
2919603507
1486002986
34615721
3593146933
3636718994
1060642526
1443611581
34282023
3300446431
3501755719
3075861908
972169525
108103792
791874330
3076590480
3435577906
3602638632
2996150750
160492376
2892309109
2911076062
493344856
3584093782
2334355856
27618134
2983520023
3025555828
2173153303
15248094
1208192761
3739871355
3253789302
3638574374
3617689997
1358530142
293807830
217458724
14185888
3300741515
14110474
356573601
20173611
14379847
16457603
356728644
20357560
73279607
71304960
3363095074
15871201
1589468701
17237083
124512854
103125203
95993744
200364268
2426698966
23696214
3434370194
718797397
13670012
1657380066
89121499
24046798
15249032
2182466438
3102999358
95702947
152022069
3430930979
493441665
3338817872
3491755468
3380646286
3502352295
3313488324
15448149
2361545240
3121003429
3302326271
2449447567
3028700145
106170107
1976333508
2289944904
1636632241
801504624
37598405
22274653
604743621
580524105
732019663
2801313513
2267104748
18239140
3238079383
190974509
3322084754
204502390
3338632272
2926538208
3130352314
3347899333
3286441832
3347413406
341562672
17656726
113360283
2840822943
22115818
816191527
3060133052
3360787875
2508335480
3395576832
75961222
217538774
1628315826
81422326
29524184
1515140282
220435357
2865299293
246414579
407757254
166079658
3224527842
3160319251
3290823893
251327098
15729841
22799370
3537444568
3441297192
3104343242
3374872333
3544757657
3325643360
3300922749
426651018
21473978
43835564
16852780
3455979913
2282808306
1384522026
140477924
3555028397
15469911
472655040
97309213
3560863695
3460136233
3465580152
3465935593
3457840455
36210016
3740845455
42451937
3568375820
2925180213
3360440025
2793968875
98873536
3333729381
3634693275
3037896928
89965797
3296818033
2288338400
45832312
1209628063
2528276342
2810036702
18210214
3309664176
1895451320
628937284
2253730362
26137361
2646593112
388666561
3729102076
634205565
3377322561
898138518
22411195
2913289088
16077050
27623957
115204597
2593587889
280211399
14001722
176485943
14323871
135313
1099228898
115523456
143111296
438895608
16943735
2420079537
1141761991
835081
284057224
2582768738
444344037
20915557
26197341
13730322
95129942
68479664
30056805
21586016
1917390894
15347236
75671037
341781014
18816377
2209717046
2283918524
3433490807
40336545
2863175186
1570179780
61729247
90739266
235214503
2832492478
3395857534
14501584
3147079987
16813249
30932113
772493970
471092628
974085018
2796126247
2667063127
160631540
3400342192
1556326134
3499812319
3496726514
3496683912
2922286640
2871116500
617378868
981198121
146482367
1319096612
2445878659
3076502220
3424805172
230676237
3432492014
11113
2803790053
10324322
96080034
2467196472
3532774157
425939192
3436217172
3436597993
21185475
57413126
2826825791
20966075
13715242
19583836
14762857
223705657
64368861
4022351
3450478460
2257365318
3450575233
119123838
24237353
575693780
3478951513
17999687
2541091830
18243736
779218447
3397102045
499606930
3460246941
86881648
9095752
7580182
289417032
1019420282
2840634833
3502205602
19684844
37092289
24788452
3554625856
3608466082
50937341
3000025925
353912153
15303155
29468585
3352975880
295233689
3100352791
256110379
91241883
27380166
1418328602
3653068098
385257557
3404579818
3639401
2426535428
235197375
19340543
40331338
142829465
19932798
78777528
17147994
26681352
3164319378
63347808
2465049607
3002755108
463022532
3654564852
2716967960
47366326
3372431355
2463768841
15012236
3316796329
3475754236
42573158
360361817
1066585304
69955624
74782212
69734136
399529840
10307112
14417668
28131346
1388262102
21533137
277838199
56343741
14347165
2914433094
14864933
3091999535
215153181
1003381
341070340
19414702
423009477
23792171
374672784
44119019
788388078
2740473919
14135739
3503708534
2889314461
2963073585
37368814
307187210
3568510707
462395571
2842578563
50200858
29974662
2336407302
2740265317
14703861
3407558655
3352226473
1325302273
3353069793
3108422927
338018273
3015801364
2426009780
148444935
3632428275
408002340
3592966635
34708659
48580872
346275746
2457306859
574442880
3539474064
15542781
2866966670
33834391
246439479
3459434077
3224473092
308025755
83812168
3560587217
11215482
234711642
3468063554
3466945994
23223980
893102570
103760901
3317302538
257931864
3152823966
2798266344
2464920451
3490478120
3316603532
454377345
331463176
980784872
230124554
400163566
2910169496
3503642893
3431304395
212917771
2796702839
3041905544
21716847
20287060
3332556740
283935076
3537235398
23009949
3537628994
222639366
2274193959
3349166950
3641421921
29234220
2244135571
3301307451
3647529135
3577800675
2869029706
64222747
18013676
3418904785
3560807418
3184634311
306930864
65775628
3662685081
114741162
1214227548
295184644
352187745
261320586
635725595
2189564845
3238061533
53948105
19522152
3112242763
10886982
3746547795
3160486188
467173639
3657316274
2832471815
2208269664
27053828
229872279
2278649916
240633442
3229669639
2571850110
5735422
3496378880
2884882095
2898493806
2926761457
813242232
2933909009
111743
5628262
93527688
519890567
2079
989131386
95397672
3431923967
6530842
330458004
7397852
3365723841
14060382
3599583133
16887999
479996032
135511855
52509964
3667563857
3578713993
1089430908
7877092
252945341
20445068
20301659
3695925617
22997679
192458628
12070782
9409652
3312849151
2217202357
3487901772
2326714048
21542518
2986023550
66172661
523579561
19873766
545073754
3147861457
171581563
3589208962
3321644430
114870386
3009576577
10355872
3467491336
187006474
36431605
2260753694
22783836
21266870
3575834054
1306706576
1417363045
285148501
26202194
18095277
2828028543
471120645
2994185267
3588458772
3252912145
3442674138
2354305316
153855433
98341825
478965382
14064127
3415971252
1233595496
45774123
2516829307
3319190328
92262152
2519588406
3435972800
2286471270
3521979134
1735241
324832451
3099144757
2993333095
3602294657
305959309
3550010118
14460133
3558242713
386609580
104769269
3009399774
550526781
2208858114
633943267
17814368
2509506716
1176189733
415833765
389460823
73244298
511909033
3582750794
13207792
3590776108
34626519
2882531817
2665539769
142716285
3429606083
3592837392
220305076
2298065719
3577733357
341560553
131575586
16253021
46046512
37028026
135886968
229974529
2423870857
260963889
3659309954
278220964
3659665814
3072151871
3659725514
21332638
506736486
3320509150
18679546
16066828
2583070939
85131491
3398269827
20733162
2721987375
1186532348
16568852
17673003
38417508
3022742568
309148178
79083067
142410190
957642644
6921192
79203751
3613283780
2359243194
3666573749
1244092386
2193677714
199390759
377000058
43812550
549676104
351725487
3708785535
3619418713
1854373320
53558657
23212790
20884676
17292730
35757100
2885353680
234879462
25496305
9638652
435527190
191093057
2328196453
341560678
20759984
3289694867
37927538
3033350052
20003876
2992431883
3073285900
314906179
1134538754
288335626
249363049
1220291364
25449992
334814800
3406541952
1683845502
3302935126
3239962304
2312494016
24478987
341561212
20756833
2885303167
3690044841
35825392
701210995
16017272
341562244
3125626878
3557723540
1887707155
3567544154
20734955
2601096186
1151258256
349498359
522544196
3577804933
1062448003
3569455634
14890904
61869169
2993273544
3501397093
988317806
3591025633
2221531273
3594868165
532242927
25487887
119746629
81632540
2350296128
350745338
123353483
1070515285
3215589005
12793252
66476989
1431510884
3417842045
109022468
142832518
23220672
726684504
1181061980
3625156993
3718270042
3230528146
3720268996
3242861289
3041880148
17634425
3084081965
3153504459
17480851
2506937863
2252241674
26216759
181877371
148937232
52819606
3733225287
2917875164
21752186
3481218792
3645152292
3446677460
480592189
284517836
259433667
3751871362
35011857
89422204
2167144062
1675152433
3752035947
49261362
94874382
3107099542
360444279
14862393
125971022
16620468
3113842625
14377584
1365165198
2805381836
2451475256
35203319
3236322089
3311461291
876513325
190600892
21632670
22539801
174399815
8158682
273418969
711500484
246214909
3641875473
541829780
2490306782
1320571
3616702819
2531419471
3726443837
247960191
3410142527
3514193296
3005847270
190136822
194673159
16276552
272871279
2194660724
16441460
16816779
136402916
15487001
14296525
3260625660
2928937059
216880527
2417412924
2211994704
14233575
14790085
632820955
348857225
3130781417
1198890998
87982923
2380828632
2238730818
42199171
12512312
97263914
3705680123
2995201731
42300159
3385847385
3711218476
64578128
2401562660
285509027
3354714375
3165389398
3515117182
161082009
23828876
2721672258
405247686
3603960080
3605169554
13585102
298254440
2411746074
18676981
24703852
3615888133
1095437419
2993780783
8633952
3314852851
3627244273
2480851855
14669269
215296798
1519153327
109033472
3291989577
709401230
2971204769
157199263
275465961
2811028754
3244509948
3186068119
3042883991
3250534377
545539138
3307467751
152721675
56770312
334865723
348446877
3361934654
192749697
3652641620
3575224214
2289299958
3655368434
2203189291
259135200
30037177
3656715012
21562546
505433568
3708205161
3282226982
2239128505
2200100496
3008712368
14604911
3751333768
3381801837
2352511700
15635729
1881147606
43570256
2530583821
117504055
3728577617
2384160277
3725779037
3012491843
3662852785
3438234250
418055121
2412227250
83831640
3515953455
3664352172
545634162
556143344
2719406488
3664818133
3642527352
2203601845
15993485
2911039074
193706155
14159257
3437074498
625629312
3665646800
247405498
1137274038
1609375891
1151377416
774004050
3355211958
837878659
40805127
747250592
70913161
3161752290
389292214
16350397
3715359676
56145417
24270704
7301262
26359958
3186655302
400456501
812485
432527276
48425217
19564362
15413676
15276724
1058654941
21787974
3353890605
3663912973
383978321
18000015
3332929816
171001861
30869411
61068578
3321436574
15472097
3651297917
601970083
17852401
172443768
2980857969
3611442856
2541252974
400364870
3115782237
17445185
3296509431
105564565
3373773687
193501478
59812212
3653564600
3160790110
3268864884
402830513
35509073
3319329108
22531737
3278271558
227503828
2952621973
3351350593
3365593918
2411390068
1015444826
1391396732
3306353884
581942768
2587048795
1370028972
2976757068
3177451440
3301115336
1082629910
594308743
133743122
458595651
3607240454
2998981193
2963353881
2601891131
3296735067
2601942924
242151985
3329567246
1066790568
1636613569
552010169
2977548389
427929808
3127533803
513456295
8067712
1373380124
3400736355
15753498
3643519937
3397638973
3398245451
2751905867
2370842690
2689242973
2433032576
2269996610
2284221090
2200214292
240391406
3372027064
1480343797
1323770647
323261709
2764403409
2887004249
1365911365
1663463816
2828664264
2300546322
2520755516
3305205916
2263710529
1651915694
21111883
300392950
19195914
20015311
10228272
265483421
1367531
15693493
807095
5402612
23375688
15131310
6480682
15439395
136361303
14075928
18676177
20710809
26257166
20008214
15846407
15485441
21447363
17919972
293850289
813286
5988062
19562228
31927467
26565946
2557521
16193578
16639736
26589987
18713254
20177423
27195114
