3396768167
3300897723
3066131554
2721363339
3146860266
1708546610
382346518
1000404908
3272918623
1923550046
3134648524
2805462565
2459478619
2441743219
19459700
75283755
22652840
23474504
1312279146
10360012
2504998847
375189821
1933630932
66415518
538336735
21448613
619247502
429294145
2411822838
40603991
2451036409
1048807694
334623876
304804566
1512795625
716273209
2257528506
631440972
2289233509
96765323
1408291230
30730921
1499833788
2459859432
341406945
180249287
2511557619
42535462
2463502423
257271005
2466199897
2466612871
20563925
16431435
33979990
470559455
2513434551
2805651871
3057485267
2857385797
1664335627
2833267041
1618630586
382080636
1174461834
385957373
381728024
217782724
1095781266
432943950
2687418200
382795701
112372851
2920732147
2994645412
3038557489
2830154524
2231668208
20155390
2496085736
1003372700
2891125633
2826671511
20198816
771099458
20192331
260012406
1173264078
604443100
2782693789
2513331851
427851717
2523170648
610896963
245968187
3496555633
2497763934
834295476
38137589
66689751
2499110676
101568349
329147510
2612049648
2273295966
2865802486
2252552419
1253359249
738959610
17931480
33228016
32475511
292232047
515947819
2613946999
2665680186
2866485070
880686672
2840954782
2845078228
1055866981
2598874933
2860027468
314608569
3597682348
3336878472
3503556854
3503695213
2384817198
3503785525
868236746
3429920404
3350879789
3503481738
859775912
3409348101
3503636892
3598128203
497175817
3503911872
3504043694
66098127
3504050892
3504140593
3503654952
3193932246
262165258
21017349
3281707446
3598409416
3598269977
3504179898
3308214761
889016384
3268036454
3504443539
3504383958
3598672816
213274513
3091749118
2392070909
475517439
3274827092
3598897396
28206092
761050165
407865080
2394094129
3597146237
40596847
3589171947
3598910421
3297328034
2880843232
456695765
2389399826
2193077793
3139200066
3303840363
2969684441
3233252058
3189255870
3164829263
150471740
2362416479
2208010945
469776613
1511046894
1035772225
2450772308
2576320054
2577974955
1069226364
2579035665
2363681522
261405702
2497186938
2543431285
2543954629
262038428
2543512069
1373169764
772824624
2342100395
2174072253
1697356351
2295874903
608845155
254879245
2502925188
1332775261
2586225837
2585090753
904014710
2339182501
1120955148
37457286
1020976532
151243100
185822873
2155651571
1271233032
134871987
233400578
144816722
47282861
3355939222
96672457
2948358270
2736643461
2747000290
2271605009
2292395197
48913027
2520983334
1345608774
2488563780
2547196633
240175372
2548733402
1380410672
924128646
1720608764
2202152178
2585195733
2543878236
1664101657
2553952886
48414194
157982862
1601152770
2553071712
1555192676
2315653393
2811880381
1025038363
999502236
906672386
591168200
2237614665
3001431890
1360848668
2611525790
434450258
2633816847
3044651480
163966238
2167620823
359701264
904956355
1868392232
2992217921
598576196
500970404
3298392001
2701303459
130534086
81216135
387989255
521004780
930551244
620147241
2239118399
3307527482
95686705
376671592
226701367
16196481
2912664244
235085810
2899148043
2814368768
1415728932
460959006
2913887978
77234109
2902351013
2516228750
44402429
15683560
2894582067
1541021592
2834868685
2924377178
58586625
2329208636
2317815203
2827844122
2784026020
2893241153
147079381
428412581
2198683669
1036146488
423796094
2921792772
406104892
457662986
2894713050
2922576738
2924416776
2860092693
2382869695
1603743576
2755150164
2733675857
3278980663
88904906
3305704820
3399713631
3399202625
3070327347
2889442146
3019803034
2919689451
616770568
2767895260
3343044886
2563721898
527269353
410826678
3353724346
2903076939
2717648587
2246251078
83002090
2953917615
2724120402
3404862304
3133616162
3016969147
1628636124
3392477019
3399995752
1556219437
3207835697
3279984740
179557373
2944677268
2366062722
1428981733
2382362600
1382998752
43073061
3387424498
2430676832
2467346832
151794755
471024428
378733038
2452241088
2385871548
2348591510
141334223
273707346
69897548
2460363848
2468345228
2516290042
2423445630
34913975
415794203
46181151
1226516588
900778747
70011087
2517718180
2290331737
75970630
2458760143
1561594140
2191394460
2456240694
216805660
875543592
53287957
119251638
1357330250
470371352
13697212
388994366
2471142583
151713921
2469729336
20945569
1324911156
1284389846
2353400665
1242478429
400858078
610806463
1925855928
2483852048
2727243022
2939128266
2800269043
182481240
2892439835
288205363
3061816228
2992147066
2166796379
324145332
2829753694
1683225204
1258755900
329023363
59459983
245433141
3028076735
1492438290
2706594384
2395325899
308317532
2890554714
115140862
517474588
155672306
2864331391
2892855745
1879485074
761249574
33480860
751751934
1633939855
1466618286
2418801266
1147304622
2683382885
388361169
380888725
2798084465
211971452
270653796
611987690
2650979822
182238873
834669961
234404416
472635339
104779987
2799051585
2707758744
2792094731
2745815886
104881584
479574760
2857519384
2585123239
385287400
3504944899
2223748545
3504962833
2182330051
315983938
2356294710
3342819879
328620978
17503648
3431359943
3599214137
3505093100
1111123411
3505125674
18742372
3372348133
374692203
334573416
1465329600
3599510896
3505297872
3505382114
3389700083
3341563485
3290886405
2931926397
78511935
3306265407
3136449659
3501033017
1690810520
3505449620
3599578935
1931223692
122691242
3599458701
358992065
2311669758
16744595
363640322
122356890
3234241765
2398365806
3505884266
3466239018
3600023417
86337833
864732247
3506051414
3186881540
3127208529
270032412
2918528166
3151929086
982890996
2875045186
320671219
3308273051
228908758
3038124560
374341295
368447900
3087851255
2280358242
366049336
2755518234
2995601200
2940331750
2303009209
2762213344
2531119727
3232343708
3235734004
3309455663
1015987700
977283978
2557718888
2498613743
2230114567
972775602
58981980
2557621218
2516982470
2597918195
1392906583
2375936031
1568403764
1885194740
2296058273
215449604
2522494466
2280156003
590662508
2365056528
2960806676
770379296
1342958852
3269701058
2942476198
716918574
2809934714
1385514613
2671351255
3230067156
3091954330
1025628660
1167583440
2865521485
533854453
1361337481
15770085
2648646899
2854709338
869170837
2925694183
250155861
962673566
2875123293
891706657
2294323602
2811852884
2502526419
2353124668
2908266337
2909510707
2613067316
394623834
88881969
2922399073
415666109
2827739359
317050062
2915139178
2720030450
2483500837
169034403
57374922
2461940736
913835191
2782963686
769772456
424184793
171116735
382085936
39954565
1375219926
397255393
2911476999
2842664950
2571619669
3300983531
3047151349
2975327159
399172560
83242773
2166204114
504556242
3254183221
2259700704
603569447
3377809403
3062882854
3308167326
3301841540
2674122375
2971889272
3240049227
3126544455
3039934217
397608836
1155514262
2556677259
3407489393
18689322
2538066314
2981679146
2260150651
373583138
314145862
1200687205
168524046
2663357587
3063547993
726617743
2279449489
2506321081
243081837
3289426671
2284456511
424913292
2544354646
435344520
399564462
3400516114
538658348
3035751383
1176282252
316721552
2155393634
563750089
2472662186
45162283
1252114514
2447239891
963542335
2446362884
2473073347
28755140
2417933342
1491331122
1190642262
2476956856
360103558
19426387
2519903913
1136704465
2469689358
105988315
2422600050
2227102202
948253700
47270283
2314537387
612228551
2496061479
576888234
2222442350
436584795
51264980
39187855
1396840333
2518827407
2327806489
16617956
603747733
2471437082
2404794019
608625335
403067058
417899483
1285534417
18581437
16699556
97288176
2207674663
21610994
887967726
214943742
2212747052
3017011323
864485546
2383744261
2364063168
28619545
58841732
2196919286
15272122
535670881
1205028505
329701235
3045213954
2250639853
268426122
2850139402
3040062049
2517429366
43272552
3004286601
379062925
586522368
2971330467
914469463
33283014
77263404
2296405212
2830545226
17655804
2172702699
2818030894
2370580304
2874033687
398800460
240298049
2897745392
61739520
2224145672
2831523188
252535303
2512211078
2854192572
481498418
458470265
2411915737
47833484
2711797538
1858303368
1619816330
321702076
2862121113
2841191657
39600353
2225844938
2307484261
180405392
2503192087
2872118945
3374948061
2849681626
410026962
287743077
849739862
478894510
548255978
3129345683
3515048301
3363089200
2952332346
3505041913
2778197898
3600378317
2338756561
609791959
3600437842
2173703190
3301196900
3600539135
561337745
427555532
3253894389
3506620933
3600604096
3327298453
3505803252
3437979447
3600833662
2777296736
2748513703
99628138
3600927981
3506990911
3152864196
3506951598
2459189113
2446649785
3600898941
3438264493
3235704380
3601014563
3454894462
3600913575
87287624
3590684963
2928903990
546135480
2765166641
3176783950
3507367393
729412476
62183495
3507523753
3601676782
3317830223
3344724370
1002258902
3317750045
921340392
3118336304
3507627193
3601819876
3246317811
2893797443
3121770581
3305765518
202547901
365370056
216730252
212990359
63395171
56326516
3237006172
110756575
2697397375
840771014
379189790
2948840739
2615968137
3221639881
1400117130
2268973415
3218042141
2854075341
3309827619
114599096
26114132
2637584505
209727116
1570906483
3186880852
3223742802
248875411
2575954423
3229209955
21695097
3033249497
2899884353
1334916512
3297486065
3194485244
618310976
138019349
3014510980
2990629426
1316330227
135992037
3223204813
1012945602
1412004482
2959331126
389542345
2560420758
1141013820
2593020479
1583421882
2560328383
961738057
419088089
2560872798
1051687628
2603366386
2334348594
831779550
2564403848
2540420083
2562691075
2564734514
2257296585
834008346
2566160634
2419527272
2435936288
1315363956
2572222222
131336216
1602516121
2538491246
1395931333
1553426971
2238357236
2222136570
2561314690
2610655438
2611628075
2560155145
2568485586
2612385454
2569574670
2569898342
2604205713
2614017221
924692785
616676499
2562581880
1908757770
2574221277
2612893847
156486432
628159649
2968619015
717085799
275692852
2869927970
1721550259
827703781
1557238728
1692382544
610250921
21615873
398026360
103742243
153573384
1748244060
28033273
26945964
1019016080
2927400985
394695720
1246037695
1378649269
2843665450
1419155832
2917811982
2917293395
286761514
2156643392
736659499
497911554
269995316
2445590792
159142883
2844647240
582035425
1594124126
801989989
363751069
247646045
349580588
1696322312
2901641399
891897014
513029476
188930389
2918225945
32303967
2728298224
245368364
2236121270
3274712778
3400206587
3336607289
3090659907
2983026959
3325542052
3050125131
3370241879
2211249645
524944087
2562466871
396957372
773201694
3045212750
2968630961
3307083344
3078126540
2967656988
536669107
3298511279
3368903397
340663756
292447074
2770499973
880315879
3380130736
1623057168
335036508
378321359
3071440917
3355590429
3231672144
3018599191
2550426104
2887894833
3020333427
82909949
3233330450
2334009170
3403726498
363692813
2767439719
3253693614
1164280454
3080497133
3155458764
2402134849
318819199
111414116
2727175676
3040567410
580256513
515696414
1596778327
1963572582
2471475302
1618874010
2471690232
1963230313
115475807
1882903920
2479415893
516624313
456871619
1322891976
1665616100
182083716
1907107272
40184647
2428294285
44095042
19002308
2365268641
63820976
34485571
2471575922
211837904
80136220
2429321066
327496519
488800703
2482703544
20182110
2483188850
2450272350
2484449916
470993016
1433500315
10159392
2437359457
2484478316
225940995
299940188
2536711049
3001852765
2438720970
54637783
1938467024
2485596379
2595316043
20500464
374346871
2974615031
333344624
363085847
80381032
3044456263
1201523100
2814659235
957354211
3065545378
19254394
203027920
2946708664
1173179066
126432638
10162842
714573866
517729692
848717978
575362086
15262595
107584823
254379140
9729962
2384818388
234449889
440206623
2899922430
2748168824
2859313445
2829472275
462319501
2863381911
2393763949
1962576278
2878233982
1380789019
2862970619
1658121109
2572501142
815039562
18643125
2815010810
2746328022
2823063226
15724264
1945468050
2879595791
82022371
244861812
50138141
1607512009
2325583165
7408612
18179554
2727241220
1398859892
80570894
85367051
3507741672
3601585853
2747777193
3326812065
3508032794
3378845693
15218198
3445644088
1636025604
2225919424
3602107275
975820968
3252365030
3508193966
3505999338
3293003967
3550603216
2445630388
3602494169
3144518091
3413430107
387834765
3432590115
807187364
2468699317
3602802983
3602401876
3602581036
3431613088
3322444272
3602981363
3560465837
3509212574
1496293945
3499588213
3509348000
3509402652
1042903352
20600255
138093638
3520170615
705104089
3166939027
3509935213
3386742790
3509947092
3510060439
3603908543
901065834
3507910578
34664828
3092681146
315821193
3300297588
3510299244
55669351
3227493106
247221438
3310645240
298498823
1252571233
1356774354
2485825372
2604165300
1226320279
3081897272
435894345
268899365
2907406585
3213699942
2971492557
1316297988
38434023
3222396804
3298485532
3225594745
2864582553
3040294259
2561468347
3236330677
3236373710
2609051897
176140660
2556923312
2538547195
2573599368
2451115930
80892901
2573891059
550152236
2338854338
2575161518
2575280450
2620833401
2193618779
1858912604
2434703191
390364325
3242383298
87899852
309868698
887356508
2528941441
2929930230
35781640
222261024
2851656111
2884237740
255061958
2930432444
2425011521
347641830
33488736
2862199575
47775985
1151004782
2859854179
2839476875
2718441574
2923428231
182686614
2906681963
2243848250
51012421
280395159
2841865026
44981148
2877384868
2884007498
630639119
800005998
2874976312
2922702693
2179602127
749473549
3224702082
882989576
3084554416
3304673749
2876033470
469470096
900205614
300305421
3291712916
3407875618
1574609449
1619125945
306249503
2912339484
2891435921
2946048083
3309132170
593594893
1661683057
609917665
2370797761
702477271
2880421961
3276737348
1558646516
2635101867
2863220700
622236939
2505203980
373553086
2250108888
3406948774
2209782717
2303953113
1631730542
595708068
967476133
1030483172
2718115119
1571717042
581586550
2303003681
3406450984
2708104133
3279130620
2634584811
2221950330
2233465867
1900213033
3402523055
3041195907
69437378
1415886799
759917443
17903044
53390765
2389434001
2479736905
1481791567
2332009670
12034052
2978861
172585038
2488739736
2485193605
2397213068
755342976
2435471822
143155506
176540776
1252937857
2451781398
2187065809
20113407
12819292
2157389017
1564649839
125912941
581593801
69390814
14580718
214852774
17925351
32127029
34025674
110732734
2485587038
2290040995
543169196
1024638055
18917226
19770722
2491843766
627418288
90681953
20562288
323210559
27683337
254590305
54496346
1565858269
408889523
2372013942
142458157
1372922269
374194026
3033159292
3057703068
2279946981
1485148436
1888740756
2565277632
487735281
238191724
595334689
1459313533
2874883443
3064358655
1631242777
994769274
3068281468
1672402382
400868283
2842597130
1435312148
2283882834
80543233
2880909958
2876601940
2414743847
2793901791
1389327788
9583242
2849661838
2881405823
1327371854
2881449707
962732166
183717590
361768573
80678411
3510397394
27114228
3510446772
1680229782
3241533624
2488387926
3604473141
193072900
2835501684
3604652843
3510552972
341498730
124450775
3510842678
3510823824
3510753794
19871027
105516994
3511009999
3195275420
3511054933
466924653
3604768517
112260793
3441544694
3511049412
871257338
3511289594
3511195518
3305937420
3605140515
52500654
3598428617
284763534
42007062
3511468392
2499447859
3604816761
3511670173
3511242254
3195165632
410144267
3212203912
3238065482
1548504084
2853920651
66724904
3308936199
3248911397
3300586984
186914906
3230137718
278736967
3237428479
3310844385
91976631
2578933302
3234285978
2981759193
1414056828
3310939433
2908430575
2247014567
1577765642
2322268090
37927468
3235782269
1365401324
3307378211
279204380
3237524432
3238435159
1228446649
296575166
79737449
3238430498
3024134989
3194898260
553921979
15942548
1062161918
418242600
3250947815
623937214
3265529417
232470370
3225236723
2735908785
3148338445
2587327496
290071210
2621060211
338101167
2486684748
1275089862
2621133623
2621507098
2479961155
2377522078
1716732810
317763402
2576324894
2570584998
2573141065
1367486310
1941400766
50485993
2213042000
410321470
815851380
41146508
2577358842
2206229759
2585328831
2181208129
2577909506
4250425092
227742021
78467286
2924808457
158318106
2585015828
1519899590
37312629
303322537
2966719480
3258642518
2251870191
2842546150
1638872250
3394931890
1576988611
3253942740
214586101
26035259
3121654823
1470486246
18315569
20826228
2965941687
318385305
3018869743
2881798408
89092873
33896404
2787767677
370095633
3315531789
2945622251
3236965244
2287122026
2387840792
1221517201
1250118054
804714062
513032182
2915981746
30178620
2921040695
3377611155
3177286046
102397304
596145339
2693425872
1270467295
801083041
796714609
543057864
547444897
2303566280
2400119659
2782664605
2875409453
56831085
24887805
2841183651
2883713599
396921701
3293670865
3235813609
126640300
3307774605
2233013701
154372706
17781348
2578109227
2513349654
3188157790
61214624
2734670523
2791896563
224752181
589851078
234009456
101413116
3399572127
3285742975
3170661361
438557408
527594677
783204762
17326420
982777170
103946432
191735162
493565576
2631465038
2575077247
432341772
65076506
46985590
887402983
51509603
3609725908
3515874804
37947158
94997343
3110139958
3306847353
2689206023
2560403600
556248023
345090492
2696565838
178650459
56958436
280969485
2803983651
266574173
2799883170
2906045070
499900219
818314280
3180859393
2899311652
27335883
612651682
1430478330
3231303272
1297067036
2590071017
121926839
2900724774
2582859588
2933525717
2212792857
2929283902
592606032
311523262
94171925
263503082
270028359
3517087459
974877500
424507260
48384844
1275154363
3406604953
3418946305
3070714777
1434645343
17735356
2256079804
2916242727
2918144322
762410120
2945177991
1184367169
81224703
24409808
1959331410
453716122
2976752369
2955631432
1257570631
16675054
15175162
117157391
15229127
3067168681
1553834346
54137011
178380403
25674915
2486791654
2843126567
3516543432
3432593565
2936847598
3614047576
3439999510
3193767590
3193633586
119638820
3112494908
3230577584
2456718518
200115517
2371011223
3079619410
84247406
2731978689
2471145810
2490716288
227302319
972777368
2586830263
319524259
2902385098
412786540
396240005
2561571
3241271657
2680789830
2897474673
2711626729
2559268513
18681145
630025369
2316128844
90252240
446106446
1021727630
2867212573
3237602425
551310586
3369897563
1214218867
3617001977
748879867
3617412862
3401962264
3617677696
1894083090
343447311
1872310399
2256713839
2185610045
3220427924
2745603279
2755975600
37138578
2812388797
1010157805
2446445540
2308861009
1243893187
1014658742
2741350184
26482845
2740297954
3310975009
528420703
1313422735
2528279053
495372885
1658260165
2854200658
2418747038
128350196
2834204501
3512822653
439872127
3450483313
3618431055
3408409545
3525158952
376723047
129098161
426073797
2359088286
2869722650
96483600
103509099
1488997081
2957526559
629249088
526455136
120522095
407682741
3087806174
115030987
3387252077
66023230
3312169957
2989914988
3584193317
264946284
37858333
1379392532
2891382425
3541031773
2389148926
2611795083
587010923
790891657
1372989391
2557007013
489305462
2877695769
2820532848
228369387
3396877041
614542788
2228949464
714304844
219483842
2566260493
457923118
34123483
3461495661
3528148580
2799027077
3148088784
3386029947
207587188
365421421
741638886
2256893009
1525997796
2846991521
2764317461
365173019
1183116912
3273021534
2442030340
2899595680
2241480294
2720190217
45769906
3519644656
3257299150
2587983418
2534803882
1273480862
18175460
2874101573
314454942
562565457
901616624
1365261031
2469257604
36985676
3100571405
2963989281
2391087579
322955336
1703854969
2174928285
2483715877
3306653694
3419744247
3415949307
2761286602
2719278566
3313742707
2450449573
2591788939
148376055
31497816
202444481
542855090
2223678804
298424685
2567556936
2872118905
90641876
52881654
2926137667
2731599794
1688344610
147955926
3350653785
700170449
2948140541
1709220522
480165226
23822494
732680600
1635554138
1916826464
2957746289
725769620
105331356
729078128
2514562639
3194929730
2304715254
3071938098
22071669
2468095646
3092650359
196538403
262666537
339571058
3533596752
216934621
28170024
3318892934
114506572
3628518436
3266968364
2978073791
2758483306
3299079837
1264747284
2599729284
2697484852
2363822588
888328172
2304665188
2807909244
305870430
3254352457
2271060360
1319779824
2975739575
2514101466
2974670039
2923286969
2748503718
247018990
3369463948
3381337978
2358321616
387659276
2600066467
3291678284
2655331813
3297937970
734178187
3405356295
3281062070
311431978
2588642348
959824699
2922390249
551892904
2930186484
1901969430
84881156
3629713996
3360829793
3435085000
73099560
137461929
1103057383
2787437068
2797466244
3165706499
127962546
1115093444
783218730
1888106922
1433712404
354850590
2352139754
1855318452
3084189222
1338178560
452144536
519808841
2561607608
2473212230
258015119
1106414292
151825103
104838493
20214917
3028073336
95520332
2251327760
88997595
2934447319
2934014307
340493922
87634770
148332541
3314056872
3402650007
3082129312
3484146913
3406627565
2815351753
356604068
3632948956
98779537
2750403501
1852949605
791221578
328161206
242478123
2447813167
350035119
2600241955
2198917448
526967851
492570845
24694282
2894915882
2985742602
27625014
2997835606
531497631
2646389959
2683951828
897741978
42732504
1968619626
394264694
2325234188
15640012
3379603911
2269934762
3253738914
3426627373
213042985
3288829523
2974529512
2544176659
3333796212
2382195380
2184153725
2964469646
2774043149
1699368702
614075018
751569013
1043459928
2351693972
1440645066
3167994187
328346605
3369974716
477246889
391727864
2370769656
594905170
467958621
3219485474
840009925
2906222542
104453544
335836482
2799805519
2318345382
2731998613
3330314164
3262580181
2491350225
588816724
480904675
2916568668
188283322
2990543620
1349001812
2707292209
2192447791
1698103272
3424814698
286770668
344783829
1476085543
185346211
257225659
2195418846
3343402452
1729683643
3304518225
3637833088
180345796
3324707513
3312314969
3321144051
2981464120
915640310
2509520443
2738405391
272046871
917959165
350379600
339686705
2165480047
2755603128
87190229
135456764
168410618
2155060090
2918087185
431799920
227253228
2603156106
2849844141
2523793818
2156077754
57761019
2725111317
467551723
2356705938
550530330
200782651
30864153
2876254805
3118821059
1150501350
636178612
283672453
2259139320
2931770609
2805681330
3546057018
3277600669
633484294
2951284158
394830315
2973798695
719628825
1645790814
17210274
14568901
246245987
2587180793
2952843594
3469280665
335340885
3094461476
845108504
3039510509
559975865
2738989299
2904635682
400003005
2379871281
2903531053
18860116
1300478916
3041258771
2912955244
3302469657
563288625
2419023074
240013026
579917324
2949454568
1979316188
2555882148
2656069771
23392372
2299074426
304854536
565986759
3270403465
357869135
3365164107
2998646685
2887050267
2771885980
2512149362
2331807636
2242550808
2810140541
276264504
2997580598
1439599718
21576252
25435459
57983392
89946752
1367367787
17937400
2930667839
2601921106
929977598
3321278862
878468839
2553975642
3126064858
3552057253
3158171131
2966994270
60576526
3151915546
3248865731
2602440804
1090213123
350580374
3044363364
440912736
1648712688
2325923690
1970897304
2862021631
2882732531
1268084376
413570348
1213749529
731720953
826159142
3260385751
363171101
377282077
900746984
272590311
2990265140
631912752
169574224
719953881
71166972
257033445
2385242095
91903683
3129711326
3249782280
240347150
2457599330
263672208
2951667862
128644606
2270433373
142916446
136149078
1216429218
2699178024
2381745122
2177112360
2576373845
3162938210
3386013854
2536916579
3430505415
570959963
2147664613
3370884560
431573680
461335690
584407103
1623534722
452733448
1554271086
1659337478
2819563953
624103684
1399981015
492736284
1453096476
1631686472
25382664
2413402430
2746105327
2958153122
1054650930
2318583283
159925603
3310550952
15783871
301147815
3003721418
2912054248
2469536086
44988086
2593209204
359458115
2774873054
1512965504
3355818502
3099470479
2238482479
2722842956
103583068
95660747
2968163847
2949283462
715043924
3378395913
19674060
3648397995
2222301943
103482626
2891851986
2197632697
2862968948
161842056
49621470
102929889
2902123001
354695222
2843377480
1688755711
273725199
3314957983
2665131457
379608523
68882282
432817612
2985040017
44113074
2738520766
2449273778
3320612268
2716027629
2174177619
2742003155
2468318588
2733007134
2342402569
1638211824
2727669671
1050978175
246396828
53018188
223406089
72716679
31264504
3132919362
221506450
2229141050
2493481744
3573121755
2870174629
2922611202
2961970804
2893100589
101279641
2481800792
346440691
2972159071
419288311
10569512
3557213832
3427211892
1668379206
3646340843
455800115
2799489526
63894424
2207481482
615671156
2874407008
395816899
492766146
3420727030
412020232
2900347139
1420668768
389587495
2508659304
2186219078
3007774115
2836290678
3042625731
416643640
774825349
3053740149
1705990664
1051507298
97350668
2947758796
2562215232
339851816
2745018608
1434543486
542473274
2946180676
1717603939
567621808
26385194
3651005596
3559137973
3422317917
3128807455
3077247304
3550508298
2878850667
1205501076
2277433613
2568282382
2912901206
1423684518
332918647
246346022
501709074
1027916287
3317822879
782831803
2474575544
3019975943
718521338
2706961143
907489184
214701950
2451680815
376828278
421356548
93246904
3146591325
3118613474
60574191
1232223715
3243187094
258668883
3180271164
233952504
3569153177
85914040
2871999101
225568810
2220389096
3652397781
3561197539
323908212
3016757162
2436186582
254947808
3397430651
2861038457
3340255571
1248803000
2951962672
1590671107
838877742
2424383203
2900583005
3019871008
2237204350
2496911168
440444686
415736824
52120611
1266279002
3087103522
3063370464
90403647
463676436
2799694936
30897173
298754463
2907730481
2932757262
3419146210
2809796114
3177635342
754648860
896351922
601565336
253738358
23554024
2607092558
3655668375
355604477
1674031074
538988251
3337879223
92290182
3003543023
2862354498
68462298
2944327260
3018320781
2209380920
544530976
3029799956
1347373669
3434522039
2186191590
2535661786
1734812570
581514227
522502464
60131205
2660653639
26910977
80423151
123342990
577101124
97275075
2676562260
232036341
376592194
2347821829
2422912971
3152081996
433643329
249469700
2909994724
2912541603
15431183
2929992210
2421048390
1514182358
2785127082
598244013
2491082629
450715495
2893280278
3318209726
2803096103
2431638355
291881084
889409706
2921543429
2613361658
61225998
196775877
1587905934
1616923322
2481669397
300960262
207732365
3016632055
137998503
1979280739
298231952
1630772281
2728736490
1346662796
2736137352
1965827396
894985700
248881665
586772322
17040267
49475519
95566555
2556880530
508636853
20324912
2180801832
1573568809
51681573
3468974302
3275118434
2754140387
906637772
2842119701
315537710
2680364360
3227893550
2437829728
3254973609
3063408223
3017197875
21877026
2188692708
1354902144
416426137
1605598154
1628839406
2781216829
551570907
2549691584
1053471548
2521873514
3287660064
3391304325
2960721513
2319119815
2997612705
3090217148
2722423735
55612396
2604330170
2776945136
2227853726
577158835
269642628
570996345
563333246
2528062159
1570707985
3465831553
1199304144
259526504
817838029
3400205104
1054887769
3298407338
367097088
500351042
151608082
2590859605
3500783654
3263358743
263184142
3181467035
306469051
3095946283
3007624510
262365608
2768386660
2654559518
27340928
103387173
1162096850
2958090365
3426050176
111635891
2848540173
52525028
2993931578
3318226375
2710233014
148968433
2406184326
369005680
75594567
2860969717
876469746
993606302
137825769
474993936
2352400801
2892122084
2897512420
15382727
2978066715
2914932941
2926722236
21035431
529797034
3317571048
3007266712
125409951
246977829
420988228
3656400705
89150839
1970129617
2839068252
2166452774
2997481034
2610649076
24997689
2748950533
377835961
3408564051
1955213420
423449079
30542770
90004054
2726513232
3048440436
50086677
2380276120
3596947156
850912074
3661738703
717762750
3532979893
2804487841
328811822
3243447174
196237542
3253533312
338883095
2930123288
2950283675
212311790
2499227736
2343064453
3404750547
574762607
3406621257
3003210903
276303920
2468527016
2826699952
567188507
296994736
22800010
2353853155
2869479712
3289627889
3341900052
3226207012
259660110
3355757112
3246970386
2965953411
3057249809
193938323
2613543548
56365651
2731417201
728812178
3438851416
1938147644
85357177
3438517306
1273335462
322633561
770794364
302713731
1309007214
52837423
72537029
242449957
2433344425
1925895162
3059599181
2731571172
26465563
1437848876
620968024
314017944
62308310
1121932310
3064949012
3346385751
266749169
58836644
2330932951
3072687256
308969877
370067398
3349053317
389672774
2995555991
2997863305
28355863
24264521
2931246073
489756253
2460588833
869195552
2787505419
462967394
378305596
1426963020
900564619
3319792770
459795409
560057751
80271155
128881091
34303241
295850813
3438318946
3295492733
3429656369
3315851348
2253760945
2894225662
625113659
2400360384
2919002076
266203693
133162204
2784425937
19440426
547619716
508897412
79601575
2996108130
3000905102
166351656
2878964598
3511285165
2188283936
3288732206
2939716054
3229110639
171608609
2740305678
2328942564
72611647
2923024489
3431709238
344422713
68180851
275939993
240159958
2990444988
1176971328
2573982932
2959460711
3007859406
2459494097
1230513152
1462284864
2979974361
406955856
3140730301
2598505699
28576957
2815989831
526441789
1360279754
3067071632
533758675
3567811573
2175743768
92515235
394103194
2374481005
222872365
3240256381
2257317269
3041087062
184455847
151070271
70921514
506805078
2930465274
283621123
394651301
2872659038
1391442786
90794913
3040488163
2849081878
2863783457
3237894185
3037437475
3355309453
2367619049
91711788
55216581
215376429
985689474
50453653
299852143
3212250645
128315225
1454321886
2491313912
2810927994
2981015969
2400349974
2949212308
464679668
1012010245
183209502
2470784306
3010689057
899017495
3261013612
3611965889
856965192
197862196
2427924596
3258152872
3215237453
3295373423
3327039756
3602184568
718865181
635465752
2885620460
65446720
3032644452
2310947835
407619667
1625680400
1628713038
2178322102
2742416966
2538566067
1391612264
2561198563
2432279965
2759140058
474913053
2734572229
255924707
128875130
599484172
2793627087
2518372788
2610465109
217029693
1113408414
3007668098
1647231774
3026015662
1530027444
70408603
2737219613
597794107
3631661722
61924958
2161170235
31613464
3633200296
297592590
2775998241
545263030
22620405
3432703480
3209991532
3348075441
3335970352
380920832
71478470
567971933
1727148781
932242183
3008422957
1426945136
334541456
32552821
3019611581
3040090320
733444794
286216333
3034327723
847911522
2305498614
3033112011
2430177829
2304603775
404609904
2501679291
3232236667
380664696
26584960
2889709282
2829851268
2777507058
218469688
3225107577
454427490
3017832897
39255294
2912504248
3290944165
3668225716
113344743
3665447601
138723476
109561299
3421280056
731858760
3669123195
3576930672
1480567590
3577162572
2898703728
3523282818
1356946926
347344286
1608836442
2179358738
2341214014
2859184227
431998907
3058897080
3315095072
50760325
1022798521
3022351894
2398296976
1725342823
2456024622
814018285
1947544556
44436387
46231175
16882364
723933594
2967529665
148469126
2857522571
1485575208
3670105097
76747194
3319041548
902920254
3316123608
2650612165
2444660928
80746324
2977635879
91212304
703436587
2494337940
202595774
2790837540
253438642
166121273
743724266
271667984
56876632
2464239036
3040705858
429712104
1655723498
2565685247
10958022
186083032
232483125
1066101252
2514101924
2905343696
77169640
490545442
138801573
247332824
3578903954
3438428021
3327684698
3579840673
3671016503
113399678
3248425379
76222326
2888125545
1500310320
3057261125
2938314381
624863807
168604315
2994262857
1031204047
591630177
1038526746
3451134981
603961735
3341430072
866962292
468787536
624644608
2818718381
489127696
369570556
3236628617
2995928559
2733758869
1343903714
2815025893
2930308260
80752637
383090827
2521255058
2414580289
3411593943
2325709987
1406174450
3187075941
2497575446
826170168
3303930232
442509488
3042473695
3075084628
3067507190
2833907171
1204729454
2994806559
1426107692
2846113073
375771221
480038506
1604706812
2495428712
369637239
3217018479
2962464483
2291799182
3009936207
3376050783
199957429
2169002798
1661524328
2263053937
3289965788
3459213946
3354575445
2204993190
1600058864
3295633497
106479830
1853187163
2914597060
3258693037
211561427
612454379
2888054760
3251673237
292863767
3297698139
2752089983
3300648568
2909406498
3025108965
528381311
262361096
1184451878
40951967
1203511464
168826002
2585533537
19484534
33567731
3583579699
620722887
2806115991
592140175
2248008880
3024804813
2383398116
44967340
2669135533
3091712026
2440685578
893317718
2808127155
2881668994
2588155149
3113661874
3129205048
112463604
3017737636
3076785945
847093032
3044842809
3088869838
28569393
535388073
2892383993
1311573708
24735933
2175026832
221143486
20783637
28595062
3000027477
3168917274
196247770
3111641226
2371727605
318572862
390998457
1686020359
193956480
3336439030
26801229
15171074
3676715895
372464907
35443405
162302756
3021906352
3509445081
3531294803
2548412528
3104627482
2650927710
18915568
3494402112
273474186
49819359
3363552694
3152179147
227733226
77125997
3084519039
3401772591
712036372
28467371
131206535
541001544
57251326
2271806299
2535480102
34959667
2159374788
2773256700
2870419652
2372307769
427427676
3207706173
2341781713
346161024
2985325708
3242242103
548452933
293998070
2383794463
2321108028
810700278
16075594
290188956
51460170
303571878
2620953484
1416421176
3188133174
3154997590
361378888
2203005622
1263886830
255369381
3198578923
3327792739
3325313781
3075093287
3316974669
2523738671
45365379
141379738
903289934
72498152
18119684
502175417
409603210
3066698437
3260074097
2672929011
3095409287
1306406077
59019882
2185480998
92547111
15202514
22618010
512544291
3215250988
946621778
2415326336
3054716983
2330803578
2359573449
2912776631
259801732
2789700626
2690172625
3670519521
1265704098
3060766002
3394322954
51017937
3590541973
3007216112
41143824
755922572
1553077542
780722634
282120026
348490225
418389938
2235345220
3428100793
2396613986
252238615
2798064664
3107994500
468969173
1917704041
3445407435
232997505
3000099355
1915126328
2991855444
1447381848
2188791187
396840637
521564524
338109037
112037374
93786865
2920969052
425172864
2972191269
3432024613
350881039
47884767
340289728
1397920740
216891280
1132536331
3038761763
1389776832
308037228
2982519621
609247337
52001362
1886922044
1484496721
2833316754
3591112752
1554140803
210392844
2978448904
980523006
482160547
3591990374
3314558024
995744503
3293241012
1944809462
231087895
1627317445
761975598
3305536678
626997542
2991948180
3351243521
3245409445
2572893432
3316476707
3241148581
169454390
379054534
17116932
74501656
19541227
3129606578
976028846
3234080444
3017156155
3438778834
3020207802
3382644314
3248464390
472754614
3320824988
1338617496
3036897470
3280188097
3017501139
3290021934
528340446
622854132
449577995
64715664
426986509
2896702848
2299351614
176444457
1155930470
2479332464
21104125
3103705880
16823756
474211035
3253933957
569086439
3245838829
269521107
3327537629
3110040448
41248368
3328119411
3246358543
161424502
37706220
286872593
3019224122
3358208773
1546472564
3092783890
319853349
3096814109
2454846047
1143276540
888494226
3489784576
3038101973
3024375228
450728404
2923225032
2867590542
3251296538
623316888
2456648086
1862610973
2825216854
1733834160
2508884018
28715796
2875893903
354317633
409228978
3081484886
2222189580
395199564
95238323
608298238
2795042299
482223808
2396195389
2974801557
2995614424
3016495211
43142275
3594022392
3375847973
1120955304
3459185594
2513087733
173508528
3587250635
559364066
23662458
1051324676
551326592
1478623585
3685062677
471478936
152224113
3245419562
544405543
380532391
3244066346
328599032
38011490
1546291466
624473215
2776663321
2963118642
1199493158
231653295
11294522
3361109178
2868391154
3156153874
1570560290
38836499
140710131
2503341818
1653612132
1332615600
2376499913
18689663
232362040
3133484288
17563445
2475645556
1581410808
13490882
3193208213
2605692553
192461753
16441786
19633556
372263072
192063937
2936740120
2976168430
2874865691
379996565
17423191
3386448670
3189636178
318705755
3677884953
3618027435
2742506320
3200301483
349779969
2350412012
374113401
25061800
3308717572
264341188
3281871666
3316775066
169360931
288716777
2917434878
3220323827
1949597095
2793268328
3412210907
268607705
294923325
65659391
54161229
3347208194
2235189276
582678395
73557371
281203528
2500969220
2759102626
115945502
600393055
2525675905
2332796186
1943612779
2671813230
1214487613
3288231699
715715901
916815746
167726343
3441224794
3070345461
3234370573
1514122873
50389115
46058538
3246391399
84972525
2969091610
3114705969
3410773174
3410513866
135321028
3316022384
348948859
974617897
225331940
459425813
413283263
2979685252
1062043729
2985112648
2857658816
203965371
325926997
81610197
1375046244
1248696007
119872518
2423115493
18065942
3013173823
245341906
121692802
429178950
2939068089
3668348896
277165266
87266557
3432056104
2488292154
973755822
3021766879
453904248
258079072
3031893971
245772614
552970271
2821663239
280066907
485265004
1005752898
199545844
31012968
708003787
46526278
25660561
24189880
3416236175
61409974
3439369485
364279517
38950120
3425275887
118757620
2581656259
2693547364
1447213160
2830768649
208379499
2308795980
2493144090
2889145957
3005287778
48081311
188784529
2932645915
2901250102
340439883
2572830060
1525806739
2330084442
197956316
3555063132
3115417678
41325597
587431017
3014022512
863708190
612999172
3087113825
1355338298
3001225126
370619741
389119338
2993942740
2929542907
2370550345
1683308432
2200480033
43073955
79865823
275622946
264873366
3062774856
3269156130
1046219959
3327523839
2389361529
3226645885
3063554668
30147505
1971868890
2837655769
2416676694
1556456509
1886642329
46813791
2870751687
1943057173
3293178431
384194365
544340543
18344622
1960782907
2547022171
3141370128
2302088966
385374002
2377433600
16473697
438294222
3047798023
2374082768
127841624
3331760272
3543579134
3318025220
3307590462
1460607944
260501879
359099784
3379734202
2429430657
1520166343
469748278
3255273980
2923364516
3325528841
1094949630
1972114898
2968705231
3248109246
772688136
160018211
2163384903
77396774
2618507011
3244696064
3063930849
2777986022
581706320
3341763939
3297839611
2366130739
3101766578
3140170399
3433849474
3501733941
2855891110
2775313121
3378932873
2873277273
3221566720
2700986611
786958704
1625658542
19315291
60827859
111854993
3227424325
2581773236
2375186930
81201809
898008368
3066229353
2467353126
376292339
504428075
353285266
3319229467
3602963292
14537540
3244386379
515916428
3314442201
28017349
3331386515
3313832337
1271783293
170253694
271582067
347995158
2355684854
2790705458
124221967
2577742329
2892886050
2450469032
2812909418
2801053783
1442291132
3574383676
2832953620
3200198687
3036855697
1319464111
3397205193
405334242
1104690528
2793250709
2920350549
2980696149
3177404989
1351742936
28040798
2914178966
2158012726
2292752833
14610901
2855651671
134790510
66216016
3237428699
620057354
2189949987
43334862
966884670
700947373
1441821360
48590692
299673721
135639200
2954042830
2851813012
1444306896
142234701
176759995
1166448728
265543043
842826630
3004519122
28549560
3156184176
2884538073
318814940
1444539368
2858983731
402432261
299874799
524684571
1332719653
2900884128
176863908
316087234
2860151133
3494313742
3560215875
3475838412
496683471
61655506
3254638977
3069524549
3049803544
863841080
2923448712
2908684045
617985293
2379563628
517812627
3587004675
63733791
3439484260
601476555
69300205
3386129637
101070148
155282141
2767520608
238456627
2572513622
174715133
280118360
100659092
87331231
67950750
1645907101
579392656
58632522
54227213
3207470655
55669505
704159414
3134526560
23726572
1230867474
3567763948
474034385
2979568452
3266063052
2941499680
2940541890
3436202249
82475175
99545917
1276869644
1977153114
902611280
170138296
1016316559
197121606
79554293
40514769
100766735
1652776122
427682180
3031896266
412494921
3188630485
36952465
415879967
131470814
3087295300
3086196231
3212828429
21002936
45425398
64464085
3038871556
2751481575
1461790501
2580751808
1322917826
3437896565
1447319466
1901171744
114271936
3378495088
539747296
3064560515
27864303
354513239
2916520834
1048285560
2803335229
3212092138
2922285089
275269021
2842155557
1100308484
3076797071
343336308
119447914
270688635
1526185604
3005642041
2443809931
3248977286
105534458
211599354
3249077089
3248932063
3188435432
3151361205
3063360253
3027575141
31221075
2729409635
1587775742
2500201310
2170379413
242701734
1896867624
2755676210
181139705
2974895554
96284314
508810526
466620491
457799754
3327460621
2653430323
1354171171
3328201732
3234029858
3189908944
163088906
3068520245
57309089
14214757
3322389851
3363907467
295647393
147387948
260932777
87244400
589491664
2901387513
3247077859
3171257973
3373951873
46071689
3152612165
1911644912
3242995776
349041143
1978971578
2741000924
1277732539
3503092699
66326998
1213274119
3507202880
18906599
1011055056
134617685
842706631
705987422
1251216294
1123265581
2934170186
2682694434
200998116
3130360305
498816622
22627603
42497236
1115878008
359379673
1565735275
338537108
2974840107
2955598762
3157861540
3642873436
188737422
3699964887
1917787122
2970762208
611011910
106825477
427724092
3251004872
175608922
2293194020
3404599453
2303807998
3126486099
2862655251
2863727715
2937635992
53834715
3074734017
851629256
500387326
2994923018
284292514
171648349
1080549517
3318120292
3039180653
323281282
1696558591
1183540350
3086762736
3326293912
118770548
2371219915
1684787094
56443452
21214146
19129672
15065670
1457082854
2615263794
3143114620
189093191
2731851202
3709327762
3662677456
206412335
3697801997
553555460
3619796778
184090019
3381625091
1638661795
2314364042
227664986
3049997884
3250962078
3247061500
3312095721
3018854647
3431762772
631556905
2406269588
3086626587
409947689
2617557397
3601853956
73618601
407957296
463495481
3381224818
2969598770
445099946
3013942748
45037735
1033369524
2920178150
1723781286
2505002067
883621723
833686926
92380595
815477226
2793957301
3146792192
2849688073
59475860
190538897
98606459
2199854095
3083060541
3038713252
69008500
3705666863
115696224
3547840517
63919404
100567766
2998105971
3332983215
3250147376
158144872
36348057
560242486
3034712673
1639713973
559165956
89485350
3069775049
2764548750
2353420962
1659703476
327420488
457531552
990793458
18057450
2151106813
356372425
963931297
526454837
121120626
2837218415
462611328
76769235
289949413
2945296874
1345533582
129775050
411798793
557512117
938791118
28998081
37555230
16796277
2472313626
3157698693
1546386950
122190489
2891268033
3298619534
3439719976
1661785626
3195525768
348843547
2348527140
2764508624
854064464
521454532
1970084544
3369095051
212659102
3214460883
3046483764
3310579962
174836012
107462985
316684723
2700058489
2962060023
378795836
958309280
2160025278
2303155164
1124622090
3010541921
1468035349
3137618192
2658484580
3100023042
2632866325
3472671381
3233542661
397445717
997776036
3382828822
2388226314
2609086057
3101629446
1063884798
42668357
2984380845
284703164
3252745784
2530509578
3403621859
928621297
198148606
1406848639
3028668612
858326659
3074873768
2572861499
24188378
2885657085
146100597
633950000
1092710688
1509844634
2888236169
3110631485
60159884
596042605
199678198
1229018424
2831017887
119198305
21150705
3276928056
77064701
3149382044
2690005946
35519880
1214614182
493553850
2794461091
253421093
3370607799
281600436
2180769757
2186207036
1266145537
784680300
3320463875
352584103
2201930370
20414217
3114367629
1083046375
2975020937
2308886851
2994094598
3118914117
1680983144
28140818
156004341
233661576
1917459168
2234292988
1400727745
147502659
2496177505
901862677
276596380
2973680691
3369269607
1143251016
473732512
191780881
3249985833
100789335
2588051975
19426806
3341123919
1120115832
480767126
173801401
3081941939
2481913429
3135632652
318299378
506685681
1363879560
3011833285
231172162
1585973713
2724270507
2326537228
1940180504
3236928108
2347020553
281830276
990176011
252216158
531186357
218131678
30705936
246523008
2688569696
3020429356
2545729308
363989080
2300630683
524268163
71235103
385448610
300418572
3588193933
57489453
846155485
3254218212
3386050024
2555927744
2196089737
3426049042
3009818176
2951707122
3020442808
571273559
3243302197
1648083925
2978524164
3252589195
2154385117
2819503851
3135757166
263807538
3178042865
237470898
177486962
576476552
17144522
174438637
1362434011
30006679
1935716222
186617790
1701491846
2895708603
426921229
117773588
1254940620
1303726320
3181590079
1064885935
2903124385
606704616
471504476
2903158767
942801578
128234498
1724505824
1640578933
279549662
2849580003
330984066
2821094853
3391816743
269941691
3068636759
224877915
3034004128
2230432652
127706342
2886307114
61917168
2556937326
1299908899
2658184075
2896401574
2531958952
3294535899
49378918
3298115150
1041912878
3421110749
624376674
3349883007
1685916859
21836409
2875597884
2904941324
1671979987
17854568
1252433096
2730874994
2482780423
612308441
2714830508
3304933324
2603013306
207609986
1232762360
3429972063
23071762
3505629139
441511173
3728061977
3395202077
3728439562
1688872502
1355382020
3341348267
3012344963
3253999316
2432912558
3302485521
170437971
2822201318
3187992066
2812282662
3221011175
2582374755
3180853153
424398529
3493109014
313709426
3353505166
17850012
20789740
2525152962
3102415792
129601024
2989194596
192279860
222143987
25561952
3084391821
274913145
2820357847
3191568138
2492539980
2558726198
3131061737
3066656885
1002195452
3332682586
3625017673
901308889
2691373396
3400290502
41963189
209069411
2473981127
3337857466
2681022181
145790237
3180210211
2175523612
213322669
2305210184
702230867
324090060
3109595994
20276964
2177736491
984582283
3033387311
139343408
621621617
2710154269
2263356451
46287824
3192744026
29186774
2168057144
470721945
2359348027
2165460717
2213863009
2333020974
945214747
2756520870
192040147
488580652
566791124
2846611432
1948946726
220151192
350154759
2920340265
3206789350
889688502
3299922155
295352539
2960234043
217119818
214872424
1875013046
3636064452
196431010
126687917
1578958873
3400136183
299723734
3643511125
3305690798
2370800814
3307501014
3102843783
795950016
283324378
3342785320
397039593
2664312557
3344039817
2374300865
2509370691
3344052844
3344106671
333475851
3048967524
3020185570
290691377
3121834042
168585524
53101937
330509973
1482001909
28918980
268330539
49667067
3039151027
1413098808
861196050
2820022258
3316175688
1187634906
1295380754
3260051810
3189877304
48231246
734441905
1204611894
69306851
50066944
3047157103
600244082
602139773
3253292845
336709223
3419052053
959858960
3437852019
69804690
3172906599
3102250204
3035064277
3254689430
3254346972
3247193647
2725922551
2751575061
3032023692
361540537
3534851003
302407020
384884380
114300419
196104180
43310916
368279571
482804737
1523483227
1638022802
1373186264
3573407292
3007340675
629975579
388257687
338717846
3227844548
844907048
2881208910
103048562
440047614
111998965
216465317
275012190
3333348340
28894866
231240752
577423695
3147457444
2349559025
3384278920
3647617279
3524900357
1495749913
3336520023
3233007782
3158511682
2154438304
22399697
471084042
2603269793
1727807490
107177163
2724499352
1905025327
182512861
3254784211
2463335096
420970761
3344244202
269559944
2545752059
388605285
1481128848
262650866
501167757
2945109557
76915553
2298954660
841485090
411095414
3024099658
566452736
451110160
3112339520
2550433447
3609525443
34875841
1034534442
3651817997
65732515
3115572884
931442532
60442275
2349584678
3215313765
2315503058
62516908
3254674926
3326830469
2668269081
2900013082
508704756
1450396609
3019688630
3103518906
2340305073
706336507
1398258084
357351131
3026319718
612336887
614757224
525633499
3652721175
2848167920
79169827
77387497
497107244
2997534102
242106257
3152256321
3140330798
337346642
3402881603
2950151518
203749923
29093345
3734367977
116899770
522220422
2617887869
3339653093
792324738
2375960239
273090296
2411222820
3290949390
2814197610
49624984
3249531565
2489237078
320897132
3300794292
621384787
3344514575
3164668960
2262445982
2284635489
105215940
1286079656
409259113
3374141728
1601720148
58941053
2760093462
2711579197
1668427806
2903935976
2413267219
228906301
59470087
19102612
561587761
2603214055
1695127933
2943415864
920239878
247189846
836026597
101824483
548681599
1128813704
3017221588
2978151711
262545240
2895805461
517928809
195814903
3156413850
3315429556
1694589636
2303888444
3304545306
2303278992
2693473447
3742388955
338382412
857696437
3741675269
168233295
2632350670
3633627689
3697816695
48523473
3412583668
153119440
1405558340
33272590
3221589157
2292258628
1555592209
606790535
2227813789
3241579575
2895468272
2650101686
2373412943
3331331117
323458815
3248697360
2882379716
3377635168
527566495
2546488134
592403289
785134454
3065512961
3323028705
532279017
3420204140
1944862296
16073786
3540357734
115334997
3058739968
2890092707
3307114652
20617470
3288161113
3646343293
3315234245
3746167395
562069807
2978783044
800154853
419786203
1708093705
2718909809
1955185230
2834175505
3084853641
75918423
161977615
776101088
3200711165
2794411154
1720776872
305005228
3327848158
234235510
211761148
18386437
540937889
2340861157
2817518053
134159745
3123015855
558828114
60964525
165834651
1424765360
3646896313
3033740019
363581890
1865320338
111475414
3250592014
64174459
3447594315
3697416921
397860617
3309320888
3335394544
3257200254
67634667
2763278692
281304296
1439158075
3135314351
3192382511
732803779
2920212460
2214681955
3380832603
2974227349
500306161
823881517
3295221777
2991399787
521599873
3648705570
2600080540
2465035181
3366454572
1090824427
3085324032
368858809
247404664
3228961183
879100898
2945565184
19945186
3097808454
1151460482
63347801
3593971693
460759283
2784030973
451662771
2500249308
2611193768
1918399064
1245200983
17037809
1340648970
813274416
47940629
3347358629
1214554826
579202744
3186903893
2781281034
2943942520
595299724
3301294637
2548864573
1234492110
3439369126
322562235
1653841153
3251000786
3230228439
77262111
106881587
3146494799
2431166270
20254562
1232092778
2652410137
1395799656
526985842
2509411305
3003199657
202634160
774130418
2833000920
835527294
2670204066
535374345
211757382
1860825264
266469525
284287488
2891493184
1552885652
127287351
456499039
1058671734
2322937225
2323150141
612702650
476342093
3115743044
1923834079
2383254008
115827236
2711261681
2579034434
3013870519
1049609761
2857216332
2175819130
39859123
732600169
217810175
601848780
2482248960
251208439
180880214
91308999
249387113
299312714
562188048
949515361
3654647662
552697196
3314295950
1496005411
3117245766
3246296034
1071092071
3128992220
3016731554
1535003215
161350511
2496548378
321666738
618975778
2807037319
1896988200
2580136436
20037745
391554065
66472737
840244422
2907034324
2309702606
1621892156
2869447305
286859053
135737292
1319481522
227745149
355559587
274925950
2366754996
1667971166
1278319406
1498735867
3328965017
3065678867
2854494793
2901505644
80314220
3266546635
22823825
28314579
245762415
2375454389
955475106
3323631370
3329332575
2317521949
17806425
1524808722
3289892117
3424264767
1120205221
3150950719
85541241
3315483564
1534668157
1920631154
3259436360
31355127
1648106863
1474187335
2682105606
634835346
487714606
1644647738
467541583
2435512068
1006572192
722030996
2397687463
3047406226
2182354860
2760509025
1411071067
541391090
2327722185
463279134
2918924464
2291464934
797821946
3297583565
1688586277
1067210671
3092251288
546383510
788191718
842217397
582050862
483584047
184490589
2375088806
2801712735
3262816328
870810283
3044887889
2687137285
2992003034
2828050646
462296655
3239523000
1441246940
2855758095
56466050
3123785023
297810716
324830357
734844086
3388969917
460303289
3457610717
116382120
52419440
224262284
3329272955
536740155
355107396
984202400
3343599373
2703438181
3546124162
111247461
160858540
741898680
3159908131
398622681
2467889226
1085175480
797413591
387552721
3760229955
2778079913
2831274709
2939221058
1426714412
2685179277
1692306258
483074150
252797422
1027681729
280692308
527497286
2610864079
2585311526
198856175
68218984
1097804623
2893742157
889848176
44216866
2720428366
492292719
129264456
2912688342
1472197134
32807882
350292023
78924400
299151407
3166026145
292855853
2367649831
3643144574
573302961
882868866
123254714
3133868068
3592409353
3756777083
366069705
291887022
3241193502
15197454
22887413
3010282719
320112417
2588796239
2902363929
1432032937
3350876470
550699668
471343481
3230066577
3256517184
3291493653
2381958271
3349916753
3232111081
3143570518
3239419464
464551907
2936176751
3041395168
3168995904
3131616497
3034911544
2377337721
2272352762
962615670
703558850
1267469078
3035399615
85297411
3368781133
908618815
737393274
330506759
876647107
406492248
2739030368
2683775807
2267803812
172445467
333558834
2553675566
438419068
209798750
3087449174
105074669
103913897
2844360250
422963084
325480606
2250363320
881776866
24113798
500265199
2724843475
3000958967
2280677216
2428788535
3180013809
603417647
16689259
349620011
55760259
2965621828
3751613361
3402727295
2904364592
1118705312
415711170
3289746287
164771627
2989519426
2379996591
3224389216
763929312
75839438
2245473577
138820224
2498998298
39391231
540294496
2852400186
33380752
3013366606
628421801
1797652014
455545231
2782677867
12341652
1915418029
3192735320
3213974719
1390172022
3347686673
81457290
564881200
2906939172
516018613
15565825
2577688489
1591415588
26019161
2899604370
595573384
2855695390
934649544
26217882
1120954848
1850806376
22479548
3471525974
2937625136
2826373726
364486687
50047453
133676749
13812912
2174661019
3695319015
589365297
2400588264
82471835
3379168402
172701174
1441790088
2821252619
3259888724
3245885172
3257525011
335909923
2400757172
442832322
2182610890
93295307
3099416758
1944916262
2789867176
3304826041
1107599149
299858828
3160469377
382553154
2922367381
261152247
2905378535
932210304
3422254240
434806701
1166714935
17423332
3001047505
2898570546
2919185095
2861164404
1110717134
339273368
279762114
2358673048
1208431038
3368224985
3106200777
313534338
2849870322
361893010
307212252
95029240
1688162917
1058851957
3092080163
3131441045
2249450592
369204205
3379840949
802308283
2657005483
325065724
3561052636
3392640933
2492910200
1265951641
2826913823
3264021326
3256057544
3150881094
3803013915
2180356023
22824435
3222722107
3302527619
3293762667
3196852310
22074908
888236366
296752737
3039519876
778389042
100727865
3126730613
1379992735
3295736843
2286645150
3038541493
3018875513
3072400355
945003464
3317839204
613261240
946030464
21536084
923813557
3119371677
144048650
2963823767
2891220503
137478990
3158687082
2572761476
2993847334
22139894
3309364512
256291693
20475758
2282484129
3342223647
2357340867
3342117155
3353259297
934225298
3344576567
2288610765
2440029577
1187675324
1409780767
2956536340
3231368635
251512058
2476974926
874139922
223123157
1114264304
3183916431
1244775156
2981472418
2411091210
300601375
958760112
1699915765
2197534920
3006553749
2722664607
628721584
1616618252
1656263533
164395287
3569137399
140463242
1510556798
3189932888
875933593
2946656592
2542048040
3238486811
2390795467
3761436197
2760576719
3309153684
3056259850
3418656200
520373204
3722855655
2587428588
406415310
3675220814
76289917
3382503466
3184552889
2777824950
1155435302
3249772597
2522199873
2423539247
3103297418
3295780273
70736982
2855872081
3145617424
2238572203
558770388
2723790752
2464596178
255070890
345150908
304113045
543138261
2911633203
2840593366
2916994242
2384085433
3492124399
321575735
3306658488
450816792
2504854979
2164851137
2702372673
816182928
2862225128
3365964147
789248995
211203026
2739473257
23792669
29690127
3241553388
3185914963
2585520323
3281860970
3467984834
3323767273
268837072
2389296954
40722129
2904352117
81448288
2334215555
2964993159
1395912342
3110296625
3257389734
330515472
3120200596
335636824
3003844999
2845983983
2861721441
505338539
3300583569
49220253
98024588
2839338305
2886635108
34387630
1335418741
2802473320
1664414281
267685968
571190887
506080468
77273153
93246660
3242670272
3378264148
3244045744
3116822014
3759405917
3746517196
3201887715
2458923984
203025440
2972771951
3120913627
942925531
3360707997
3151818996
1279263450
2872316220
2841952318
627581040
1318448516
62740909
3412594571
451333115
59111213
3010422596
91828665
331278891
3498391213
1290428286
2950330360
2948679012
548636992
233999550
3198209290
1362051390
2388335665
1283079006
3028736947
954731653
2282054236
242075886
2954914515
188534044
634975521
292306126
104110694
3006097449
3429423627
3323244008
2908890625
401299329
366651611
1549591291
1497795222
810395773
2910941225
3423521
255471802
1499034547
3359773409
3329400172
2421596859
200659838
2771314854
153751658
762233964
1498215187
435065229
544689839
1321815392
2438843155
874032212
39814100
2847966167
3160000113
2401849249
3252903779
290625773
145639071
1551815665
2998364943
1595642708
1260332466
2789583456
3704824517
1451444756
88340907
260677855
164730096
3645616333
3073447867
3229688282
3652063102
2722535286
2786887124
1853349630
382232023
2896337836
2296612904
157518713
505510368
2553763556
1687669370
334133896
3036293000
66826614
283056454
616719745
3038122755
2192933438
190183311
103900610
102614823
2173830724
483680843
378490523
2472946974
55138783
2885038667
2633750252
2989540864
491885237
858992383
3592697307
3559594281
3771943587
3091516592
3398681235
3676211237
2220912593
129010651
3313143167
113017769
3336972971
3244574568
3478089252
319908950
1969523972
3068398981
2317436334
552398365
1398257839
3190192009
1536818538
2235170906
3449814079
3339501531
844095200
1058997536
1334922661
2352725873
3296948365
2372580494
1498006807
3570789684
2906626023
2941250003
2257889272
2847949288
306615868
250325038
306794234
3408595006
592179699
3121420708
2252791214
633002545
405796155
3171558002
2961587587
2992114898
3202469005
24126244
3683244558
3458603369
863577956
3419976609
597760182
3187825271
228466106
3084427779
3427827993
3378367640
3051229495
465371628
162748482
1080033703
1180837237
2847199799
3063599945
1671528150
2299954042
2829000787
344454663
1278839006
1047420062
2945820771
1033127347
611901707
31599601
476473622
333766052
2504840815
2220759762
2492993798
48695169
3385812946
3038933809
307580856
3496931293
280760645
3393786605
2946737854
3367632359
2865649865
3193090152
1554444512
3460474889
3463515556
2489381766
272363048
3130671520
720338989
1461881659
415133651
2220557724
3149800167
78387284
313201889
2834778028
300511943
927886658
3040788437
19334182
29972407
353984376
1621166748
2482281228
12344322
2201951496
3300081161
2889413734
2454914493
29046135
382846913
1320668894
18679232
54182091
169486910
3001308651
2856370982
3357853187
2147818230
3404310953
3618478929
3534688998
3683934978
2350381778
1435029264
3426909537
1228092920
1851730518
54431288
2902936845
3365524512
3311536887
609090241
2883579383
3315301294
3160796214
2761369432
177976723
2444046714
126404923
1167093698
600215194
2301005997
224548308
1373122321
888096410
3047164866
3220978687
124293351
1894566612
1354949786
1412778991
790260464
191014318
474834669
2684511045
2723325284
154373822
2830418148
3010597545
493786053
2591701078
3032961160
1109158872
213148036
252421586
3311945949
1426695296
70682727
850379100
1728409812
518866312
3140488790
1706011842
3141963437
3028360443
23167052
237359097
21092214
3272676818
412536871
2428463402
3251765273
3771477801
3630987195
2441242655
625789833
3191325347
3692009479
3121228911
2700014629
2738086927
3289552349
1113374492
3675379035
3781857317
3254832706
2336551952
2886630883
3120209769
3268273988
327045546
3213846741
3782690056
3447654501
278618996
3387328755
149252376
299256338
2772589521
3179555459
3310876787
2274832338
3431494119
3313336234
561679474
3345265167
2849959497
897667123
3249227388
3318595439
1117833241
1627469636
2983892722
156176058
343383113
748351916
3231041076
385134235
2245605977
875114034
874733300
2792653896
2994412410
2504032214
1000558734
25135739
319362294
3316334026
607517938
1518269647
2954530400
185392431
38145772
1559338718
2903860180
2836703082
2730660325
232600820
193858523
2918811717
2565739501
3718614316
1446908076
74914260
3484790609
3695866214
92957419
2973079113
3440817748
3379152987
3311690627
3404447416
3299370098
3103604799
3328753033
2998215577
3243815960
3365323931
3367836940
79085200
60416549
359891886
397138080
1352112313
45964559
751122409
2990886119
1970043558
3150035642
266743222
3243436543
23497395
535670947
190782951
1593361028
17798031
1912392294
2457967128
54168425
3401758445
437691294
3256514372
2684799759
2958252698
3071664102
250913067
445778919
801033781
1410995778
2689710780
3131337731
2563462604
470860892
2468005069
54413691
3786070996
2601520922
1920745218
3785320047
3192449516
810991993
291025352
125400540
3439321709
3427779560
46460950
2573608117
2767860119
3468140123
3331408839
232927888
184232010
3274206318
2559296517
2419660368
192932522
511745843
3273937280
3274056348
2554338282
1201151234
3200580082
2283350592
2589866832
1506568706
3346311063
2281817916
2885203053
489333159
3379720156
84549413
817021418
703638601
1655674705
749355403
2950177673
254441094
2570944255
2395461458
342864030
105754098
1048463797
2831610569
44783747
2849782398
169563249
57691205
3015657346
386700026
2981471152
3261806470
3334808026
273797376
1051346444
3298017276
422012407
220958286
126732499
97291256
3348799271
2429503694
3058543539
122661417
861233150
3098889713
95710108
229163177
498100289
3232384651
465399534
3272236322
3232344451
102185170
3126811126
2829208300
470000546
3306628961
1549996423
1440669943
3274103941
2996599439
81994188
3274092847
1620586442
2820409032
1545698575
2781039781
2896769773
319311045
3260449728
148129152
24835623
2263524848
3317052034
365873296
3221674910
408573981
1117703917
110631887
1326956876
2728237089
2338776066
794558366
49107274
284616799
264095872
288145037
83106454
2978308684
353498342
461953476
3301026707
2836115168
3296562651
2493774151
2943092088
87820482
1628051652
296139891
1923444937
221395653
3017790638
3259088150
353031693
592346877
3083819203
2210934099
2218260757
277538877
2731045646
3126648507
397955498
2956258625
2997299892
2696918419
1374200786
592227325
3315607510
1129674350
2178812984
2898738174
300925968
3116174139
430077621
266744836
121877967
1405319569
2379161372
2565849590
2727178584
2577612992
2850301075
3192994552
3105234242
3306548860
1304312635
1602740605
3785723007
30700773
3674621060
3789150977
2784292727
3368137575
3423840838
755718906
704904145
345018505
3302843977
3511393095
3277612687
2976178977
1439192803
234112390
394499649
325303645
3240239393
504768597
1105708363
2395472558
548451336
1622034739
483322951
2901316680
1914855578
2513509964
174328540
3277730808
1318157329
3263224524
2325598393
611309484
1727306107
2752388304
350059462
2500423494
2781979989
242346658
326397491
304736711
3699435680
255712530
105298253
3233581280
1037708077
251560681
195191162
3050983656
3296017272
2307414191
2889313797
3296441447
3627425330
722793674
3145322134
2788301852
2189814038
270679712
3435551824
2266852099
234138214
1436165545
1710509030
3795472895
1210236668
3302438994
155706593
41888917
1935645132
2170691470
3313218462
3462237441
3460627099
85449948
2357266716
3372350681
1365455126
3312719477
239347756
3342081243
536455034
67102033
2613666031
3037000478
1330306436
2327095159
171761906
2381249449
813729937
35234928
477572613
2954692061
900139542
21555383
2989068162
568751936
316000961
3092464905
3420449381
1386991548
215173026
33082006
376335807
3328678061
3004351182
3229270561
3428043473
1359746353
3417541533
2471646420
3457631177
76921988
1444794084
3148586331
527421486
3308091714
325548898
3554632516
1091141696
2364916994
902018574
3601492036
1524423193
33689668
2888334839
418011865
3410275757
19117754
2181091733
1531925425
2356516969
3197089129
2347336554
2533191072
3152371250
3117965259
3252281292
1478191092
3230253359
3185574348
1925655420
216192152
2831051707
3106779828
710025566
3235912440
219468264
484916050
3693533895
3075682553
3153128742
3782983456
2440749932
3439428328
2549178871
3028419070
2233849146
84591675
130346391
546155879
1401924548
39842438
1400610577
474297979
2743662159
2997430603
3542899882
3369821211
2166653757
3707562503
3707312537
3629540054
622073561
3229932811
2362906368
476947800
362437462
22921990
1626540037
2602660333
2641021762
2406255767
2828563840
3222842677
3420677907
246449580
3195369455
1897745094
3236715508
2522582154
409172680
1513621098
3405437153
2370745296
3136062902
3088682967
1725762648
1280351173
7525652
546878712
3445326924
3800916437
2852706103
3180033290
580717001
1071551118
2885664669
364097971
111792007
3406850596
3727032316
3194005829
3317044610
3548152942
3546022799
217456404
267303321
748441129
3574139481
3190886963
3533436677
3533484623
331116448
3636750372
2148540054
3720849257
269227013
3304385181
724758769
3071740431
617415049
452305637
3645474317
396205332
2798537876
260590025
146743959
1549329612
811695457
28484970
107577503
1968578905
83346193
1108807484
68999559
337799671
2421028848
2326556084
1317337824
1265668362
1604712002
283261572
1654811838
636558478
3245859155
189918028
2957381622
3111008621
3245167172
163523941
583944799
50993731
3780594262
3328470931
122765086
3366015821
3312639395
3575961376
2987716419
2903258166
3421802293
218242976
3302442065
2898746127
2563528203
3008743649
2689581887
116891080
41142501
3267707773
2858168585
935904127
282821474
147236313
284353320
398330531
1312324225
927653484
219795853
2164099659
2610623868
1123167834
137843194
585536830
1235357054
597286458
248977297
3267957302
252274665
717467983
228928585
562646751
3040509472
2402010318
1174242511
358086283
378706426
1406892306
3422301323
482198358
427796302
280469292
1313854962
3232686012
19276859
213668157
3127441846
3262373318
3470587580
2676506582
3548094077
3131148941
3336923199
422969308
3666569415
3714940219
2606295026
46020351
3574937596
3278657359
791348455
3300565707
360900161
1012857138
17501616
3062812520
181099378
602804678
35093552
3325633654
3213764292
841321885
1429613294
406458407
58115248
1490688626
482799880
2377353103
2934854420
2685705510
2510792898
2353313155
112724844
2970885926
2353423643
1070500039
2556853003
1682837672
70918817
3192534109
3101694725
409519238
2315266292
3061755865
3439011875
863519719
2597077093
1119924758
3212327055
2736585850
3296606197
3648427392
204252777
3699094277
430600655
3483974055
3429538036
1153398536
27130140
450064423
1699553090
3381807988
3248044387
437313767
2367072560
2505090497
1025725734
3077353299
24103268
2368822031
3045231632
2574092457
2249132498
548131001
121663819
105051124
2385278633
116198288
1464058910
3019920722
859457527
2646613093
3298830736
234311104
93009980
135539746
2871812591
3716914934
186836950
3395127194
1532064433
3250481155
88344816
3645287236
18940851
3762132208
3596906415
3140788437
2582539054
2383601876
4010463256
114241623
3372141731
3270332084
127669655
303031052
28377245
109237155
3427887053
1718314640
2385561214
2971661931
735773138
187619550
2275441241
1279287301
133908381
537135614
275740977
326743584
16700858
923039779
2781250084
148785597
3236333208
1494158288
3358090221
3241125784
3747725296
46967395
3717924380
957576104
3674360655
342942496
3130988392
474593064
1731211388
2767727436
243095640
733319138
3431771474
2496665538
825264540
3013377493
3282383376
3282470538
2416400684
3286808868
417296430
354705079
3084942509
393124739
1353291686
3275932976
276331591
2233880042
346626924
3241694176
1258741747
1220299212
2249752338
3405864196
125191362
3056537411
415656481
192844769
3315615019
3334638731
3405987124
97318118
3567795677
2714629009
2444759832
110642524
3630815726
480875170
26951334
3643190713
101190230
3508794074
179221862
3426771706
544092192
911897726
1282856324
804867511
308648262
2625161395
74719193
323567157
3589497917
599516814
2901548634
3002736693
2989432665
2273282864
2208920695
107770989
3282316032
87433914
324882886
3056388369
2938822017
2717910909
3300271949
347263904
2873506452
591558784
3130289646
3159499267
885525360
2726226136
408486115
558902051
2395996238
2943210533
553632404
2791745592
303409421
2485327749
1554071222
2785030112
3307166860
471556372
2209240238
1703221735
92622276
95731260
637311777
3239218200
122018388
515862025
1117942398
19561206
3329275700
3367954158
193160338
3259474885
119034842
593573162
246843020
3123956819
3489380414
2303290913
3387857752
2734941454
2601260818
590050628
3560908575
402616709
95571415
259502999
1343567004
3277637539
1083059046
34108005
588549587
1450172515
3298286150
1655541150
901104300
3288298566
3246373154
2168313566
2691246493
2388913874
2693955056
548733338
3197885515
2375174819
30663556
38099143
724638877
807184478
2319325432
41648463
2748759015
965452099
3096693594
43937583
329479266
2467133773
491395859
496387791
1963644188
2905328962
348639266
2524326935
3192749715
717783072
2168512616
279090670
342670417
2762106662
3242563062
2893601963
3722652552
1710174114
474112497
3548309001
3483619756
3243942912
3350394863
3813080777
44117096
3813307575
2276187301
3806129955
26449348
3239670415
2725870782
271622886
1149405277
385473200
313543558
3508221076
3032906088
269120395
64708637
324150541
287429650
2608384111
3187119733
317606559
1632150566
2457431654
2157168249
2687987088
336172819
3148545217
154900260
981374370
2436985652
299062149
2345929975
142445186
1722432259
216327833
49994600
2597715504
3139929630
228741506
308025298
3253884520
40778800
1958780942
2903953725
2997793811
2992596801
2518894423
2875272263
20599853
2885827251
3192312672
3786296717
519099990
22243182
3412498079
3613630037
3601806437
1265529937
3328288668
136023810
106765239
915360062
3055798420
2386011594
466666654
345979412
188466774
2261045696
82104007
285312550
3339208917
2881132652
3220608224
3695371646
1699533589
569211241
1219607352
3319052324
107854730
3312847166
3395830180
3450656836
272328844
451648015
3526454299
2877711754
3446663427
2285611112
851840264
469061296
1120387711
2926652769
2904756427
3277391065
315295594
193000086
780561469
69360327
3402760630
3062585571
2256435960
1432107888
1194863629
151968702
98330801
998296074
3453015553
2831226324
2809985524
16839988
983666575
89523865
287965773
1436798448
1276786262
2682456564
3493907068
2377697534
331844343
2941374480
86348801
2162192283
934779607
3249379202
2276603263
3430875670
15109389
99357315
3115770920
2401393702
174785077
3185849332
2814487676
2840608901
3548432969
6876512
3402651034
1472825918
3399101584
302235445
18940861
620955813
2682120156
3217370896
597562087
1235603498
2391568333
1210720170
3591844455
2471290856
2903976961
431964490
3515894480
32796267
2983472774
3380674251
2334645843
2781157283
2214748067
2197489634
267265690
3307795284
77763796
2715030648
3228732269
175496023
3388753882
3115576261
225587348
3254439942
2400568849
3065342465
3373784422
1697844547
516316201
470187332
152721433
913769436
73162510
3431636903
222910903
61518092
3001697151
44376410
606492073
98597820
3181052263
3222622517
3729791353
2552108021
1392289056
3430342445
3199320053
3612711736
3568897883
339261934
2543716683
96770654
3245677885
317183000
3396377663
3272568764
3238504441
2482598293
1136352930
1334695513
229009756
1558433359
108617725
244968712
728879126
2809244041
2876142236
1020736855
1877242542
913599368
1285805918
2803254292
444255463
570579321
387109703
3009638017
1003258602
2558028221
2955066949
2220260453
729176606
512694512
1055487842
1104841369
2684542340
196627121
3322527472
2891548227
3436263489
1216395558
3434346490
336601694
1405139701
3309307287
342676798
2974140401
3424760075
160134843
858981649
2865885480
24381939
222339081
252652378
616185164
1911503508
3666229463
1258690620
3363183413
14223140
59757599
130641053
480602254
2391955951
2302528555
1427065776
1226480390
1417190941
1223207870
346291686
2682539678
3311567063
2549778187
2891344338
2196778658
801210068
2685270190
3353901913
2697411781
426861017
467427392
1669804394
709942904
1714809630
3102724475
359158087
1516221853
554574540
24192606
2764719983
91194065
3303726961
3308707437
3132540897
14941706
3451116800
2987685543
3432441317
3803175135
30020518
414559668
3064356023
3697998501
147984588
3039210273
3523301352
3379082479
3384504933
154370960
1622798018
3225652086
2749099392
3278482956
226095362
1877358108
255299372
3412711030
966102410
95637060
2926901447
571730589
553745318
2902819622
3309870952
82991145
2452022183
2541413870
481364537
3088022808
196170119
1614016326
2720788912
2778820716
589159125
634747144
3233465157
3362523328
2994312268
2798860966
122381803
806875650
52663021
1466989130
3759940395
3409638259
252420240
3303748195
2161297940
24329033
3221377657
3145406298
37490586
3730871475
1719880382
1363044631
3306530001
225041981
1074300084
3197988238
267186618
2858646523
127265482
141252568
206808613
2914963708
219151962
831951355
2772447356
579575439
2262055684
86265493
2917747168
774865616
42871048
215869971
1973124205
3261314821
3224581813
536628109
1243793832
3360181366
2395769856
944671746
348088114
3299795488
3305516596
3195120274
599173503
3314338008
782358991
3822380721
424081432
3461015417
1396729225
2707362060
21867421
3405780125
913168266
1480278547
3266901948
3280276579
985317878
3428337963
3337255145
129022614
1242131762
180932641
3536670923
1893881412
3039141896
750101197
367926511
2811825601
42428837
2358079231
3567705197
478742338
305362986
3191656565
1496509280
2503747224
2316222036
1423997096
2760720189
434368309
1362698726
2942275200
3304977363
261533173
438668235
2949633510
1407153096
113091669
3214534798
3184368763
2347764954
174947714
3063949967
2876871996
3384393214
3615840320
3072688179
2226304030
2938924761
3482192296
3738990493
3657773963
3390447252
3594288803
3588602598
3381399989
262524223
3431162855
404544117
3032923308
338409924
287367905
2909683096
1552216207
2855840339
22107694
21070152
240700244
556731463
71836829
3372868174
3272218772
3246277226
3120422593
2709410726
860161410
3314969553
334787344
3374352225
2323316996
2749486714
3826180823
3341715394
3121449695
2877192290
2534580794
3384875654
3732652815
235331821
2226755700
322080848
3015214605
3533739196
3342263507
302330053
294831624
321620708
3312672660
3337160553
2367864495
3293235212
2241297844
2700423594
248999508
1644332354
2344634910
1628087742
2182829278
3283635307
3299790710
520953916
2800216425
3014467015
2375833393
723308822
41809903
286373476
2686387635
2314098470
1559667234
2173759803
427188642
2338854559
3548021368
2396565937
1612323324
58844248
2426220907
3191612228
2171644664
716084387
314539521
3395503336
234423866
2220177216
792286855
1031465952
111614004
3826548748
519587358
3674885779
14620491
2932311970
2408306086
3232424015
2280424761
3460567335
3404995750
3520203977
3273613086
2827838562
3257278448
1499206045
353950010
373664263
3020252279
3321397693
3271065680
873300612
958630735
3088143515
952468694
273315777
2580723979
3167528891
2892814160
3231506185
3170682345
15463528
1963800944
776012142
27468601
3242957087
2543902960
3096367983
17960399
787061376
139169698
92154470
3361343535
2253783906
17852948
580878098
174801594
3350636259
1603365571
1560243031
448913064
850035552
3386416276
1371804072
3282670874
3707935756
3343888264
473945776
3447709155
1328170368
2331376884
3688354398
1059335528
381022094
544199455
3227316116
827215980
3196020007
3689058443
2705749668
3686132896
3214488633
321356048
634334932
628797484
338072385
2350748449
2223197270
3421022423
3304802276
79935735
2188422331
23499017
2867627063
247436406
114878132
1291264404
58199261
1938454351
101657137
3035790286
1866368185
621482038
469394831
3266855576
330719763
3307160828
3307181552
3307202978
375816950
568756110
3252993519
3819172953
449064370
398279072
1387287336
243765639
2243072760
275269534
1606772198
97484934
2519501323
2270032408
15763108
1252919484
126069494
1634747882
88326091
3318136781
109393152
1212479995
3397165006
96963101
3321167311
765297962
55749778
1251567752
259078272
155115280
3239277383
3295918106
2483066689
2639893891
790087177
626814534
3247567653
3088156307
2975037820
1401852421
13339272
1420667281
3247714750
138722668
3035837259
2567118954
3092615001
2253583902
2180367762
1257810829
2761550649
743295150
3060941426
1281172886
3251223272
2216071670
334253011
3546598463
1380984542
1925330918
134456160
873702601
3290312820
3292318922
3092379195
2574795990
3745885454
3793526416
3253123392
1030034588
2717595992
855524700
334467152
2956949937
502997627
32966272
311691442
3102406957
3158511723
761975107
52557305
2639273675
611404061
1648077288
34750711
184556796
35728290
3400258509
384096846
1714432442
179573798
991167571
197785693
2224260552
1173120926
2478877837
757159291
3293859883
347698576
258038593
3303939328
142735678
2962103945
3074646422
329251589
444713800
2203940622
2469865700
2890823703
488172014
264989714
1322608123
1126822591
412733607
458741107
95262255
1923997622
302130308
2497290026
19007346
954216085
3289286126
17395945
3226625739
136059272
2208791054
3576343096
3319265437
3261696216
3293436906
3760859723
399126659
3833166257
3354829996
2180925329
3143200312
3014976909
3453110537
1300501501
1270300796
35618266
3369239615
251864667
3653538623
3644558961
3226981049
51574991
3295239307
2887155592
741228013
89459492
2829793076
562485547
3450030328
2987857287
295670747
1520107494
590132899
503385140
953244901
361706991
3355528894
124147983
458513253
464826007
2904932130
601506637
2197784840
1916058510
2452618138
2875181882
2996734043
2986279140
2667628818
614357291
145498211
3744722903
454933267
173241108
2746581069
229032324
2752645777
92455656
28548163
389817555
3249208320
3092240982
2848816253
3358247693
125274130
3494931271
3343098314
2892677359
3420809163
358741602
2547744733
3832078883
42516175
2566253059
3308505635
1118724786
211001441
15235276
3267284514
3016300114
2431314278
3288657918
2355399712
2717269730
2749691149
3342550924
3319861060
3326855839
3238948073
3221142817
104188071
581158417
428622673
2757210360
1535495246
965142882
2817837996
193473016
35161641
3434279236
2285913343
2511274210
2957179596
3537276557
850133138
99427640
3164866644
21626863
3049675615
633368035
2681361437
195152963
248448395
3269941226
25748323
1705078639
1118525593
3079771729
2893421453
951500136
1604354138
410795094
3293349369
564949500
3539371513
45381821
3164928332
525402956
3313619784
3411592347
120748154
1281203928
338250206
3403421127
1886739006
2646303468
2365478378
264930293
3050681125
751782139
3454262659
3127877251
3110229797
1467586338
2353839457
3749914694
33502474
373024923
2980456969
483104285
3306337273
1956870708
3280347776
3347047900
203980541
2896128452
3161067168
3309829736
2363200254
882418016
3252940304
3241394991
2932960232
123848518
886025647
3071664576
875120508
1018509961
3163057710
3305061664
1187296758
24574538
168518165
306694559
3191152316
43111757
780981139
2163454759
383835573
247910015
116002390
3238067111
3147088307
503277495
48155961
189805692
2325250795
500729768
51222676
2914009158
2863106715
121481613
582755154
3145748957
2897094028
1319043740
221713012
27218074
563783158
3432969450
3268002824
3099942680
3303608040
2828065056
222200822
27664220
3001330870
84295191
2474348539
3336060413
3295337258
3289028298
3256695466
3328893003
3168407118
2225399665
103346588
158241845
1051877264
2348784464
24569935
128278315
2521138789
1333202047
374425908
44291447
1346468934
2845850055
1198784964
465033390
3760673117
68722340
2844438001
1894932876
994262935
902359844
978166483
1862896188
341638847
81328323
2858264651
133864577
3128360299
3107922182
2671303956
2409415614
20618189
3312083196
3285747444
725461590
3366383266
228662288
3292456136
534227795
2542053900
33362778
261749947
331391769
3379247795
498357299
260728731
3358554952
2909608891
342935383
3716665273
122778061
495812816
3432668237
2379307692
59241918
3431330572
3397457594
2799538499
3604644443
197017633
559477661
21444798
119143686
2302986839
3128379995
564550949
2543697654
314021247
171654463
2930893241
766052262
3006912227
2543842783
1281329388
749955480
3439712537
847963837
2548589562
3307957387
479195993
266042053
920970030
3405609382
125316596
255401764
19676754
3617860825
29973024
3525523347
3750637163
3073651738
2312865546
3312657978
3605276055
3412653280
2379462331
3745227854
16015347
325708529
3579522075
3433957273
109361462
3223361967
3257103987
415454747
2345429153
3289331414
364787133
3362833384
51521916
217722196
3040365789
397865018
3293055102
3371561081
1096643522
56686901
617735903
1679125969
501441898
1116218244
78737691
2314284586
635610967
2200143402
1289185086
2513216665
586600450
931599720
102078720
15974320
591841342
164357146
1620366728
866219268
805039346
2732662972
2203388488
976400191
2967943571
821846335
3438459027
781595928
3277804190
3319083684
888986803
270556362
2506737864
3754630466
3734193738
227222071
58609759
1522938134
2436671030
3729301042
3297941065
3653846172
3584855232
2195015423
1461271880
197312973
2963400765
416155029
3378851511
244739140
3307538232
408925659
3219970008
2775870243
33930113
2332171848
42059231
2630749200
354966439
2851564862
2301816955
3149973561
1250063324
25762267
1249541910
3302066259
2899783733
2594093873
2443093746
17068104
3741220812
40769584
1173150110
2842524215
222433252
2876405520
137727876
2415188722
16703058
264232263
2655805584
1358939317
177941082
1327581913
283383904
129049654
2826914648
3501775703
3044935602
3366226294
18996768
3279200432
264207291
283172106
2495615550
583390585
1647874604
3840638243
3805011797
167336735
3649444093
326374236
81013708
3842115855
3725657113
3066721171
3244390307
364175985
1882624998
389957656
3063736589
96820491
3385877044
3064896483
2635299606
608170897
46395527
3694552576
723524827
3445885276
3389840506
3406810599
605518225
1167394328
383370493
3645069677
3568139893
2278160947
3247956510
2906104776
724016791
89476066
3320601238
177551888
466472836
39615390
485816037
37585207
1876822644
162574612
58255121
1086912854
2563179464
588555536
242695859
252530630
267343402
353238344
382761734
2572524025
2696300280
3260461698
1726821295
493659318
1426275908
1022342485
259808300
2932801821
1893444990
1717650618
364437505
550743689
932913002
2962134910
3008987142
300895318
3196538170
1453975538
2984406909
47099683
3173267920
1559258179
3607026019
33078846
2515985803
3427751362
1173539095
3305021204
3639600995
97728804
3126082324
3383210751
2459487040
276611783
3274664401
537936795
541296730
168530747
3680286853
994383134
3462203894
3687982412
2802074602
3499548197
312875662
2968000887
86109705
2201120815
2386172371
3163670659
162672648
3365891303
457804081
289822253
328036845
2883322833
492991594
1102815116
85569621
474865503
1026831458
2984012023
201951176
134879863
585667684
549297829
57381314
197231792
225100511
14426526
2927149544
16473793
263149362
1491384631
981106184
2298574808
1423106646
274658594
498328946
3000847186
86813167
396322697
264470616
2995137150
34434801
96493669
51548854
260821695
3392972185
14774888
1460833706
1388301570
16565738
2979380884
109003169
3248089206
3433668466
239445510
217613162
3741154396
3070475915
2438300688
167575404
324320163
151848965
3264941138
319741232
131394870
3408001901
1973951586
503108972
3189907518
3240241720
156466005
2807284899
534683848
495700498
2147974789
750155425
3515943732
3292735308
3434315944
410353654
2977193718
2214650480
862396604
128714168
1325269812
20254407
378282779
101022652
844672166
167683530
615843425
3271876519
316556357
306481391
535894822
1141661485
1738586852
67740012
3064632458
28893013
58741320
1668526932
51133221
2414892279
900643501
1568696012
377320816
88588234
3092093779
1692456138
283525975
2763016495
3292857780
3305713228
229647605
14234790
2959143236
2513468784
3438736874
3836838436
3467462601
3161207813
3006774940
3526419077
3678547937
2895265170
3844072635
2492290574
3490355656
3813231315
3759929294
602269681
85283264
2340236586
2915771139
3749484512
3845127009
2616609446
1340764658
113313114
255573576
3432332393
49283405
1146084510
2204301830
2472660575
1083396918
3311263034
1422126012
472256688
3715540816
1101336876
999955819
861693396
3166155604
334937479
1698511999
1320653736
214266695
3846256845
1632220008
42688512
224651702
347557928
552381084
2396776668
2584908418
325014627
3245451242
519550616
193539018
1393838238
1214750119
190387451
2418071130
2440798144
163281459
66695246
148143290
352640552
81464197
2415765410
86246296
1407013999
3223906698
3387361372
1354728258
2248664214
87868133
3293500534
307551152
1552262592
3140729225
3689908454
43248452
400143937
3747683957
341318718
2750985386
140939333
906968598
3409200795
40016029
707890484
343773574
2822517773
171034211
3437982671
755760829
2800286380
197259041
69301273
145083635
240552427
25885519
114761840
3763155085
3335330031
3026644037
1452500280
41723224
1473540337
2413224060
3701839098
121439157
3439242159
3799555037
3795448588
1284225200
22860615
3611713409
133810976
59115514
3238995524
3331772113
165495121
465592336
969341484
3717279988
3449641095
114687193
3630827112
3321575688
319154639
3070888348
2616320436
627952126
155202983
1138423621
1937226216
553565398
81619592
991063610
3246432968
68744582
1280032466
611800439
158060289
3303915050
29746428
146580113
487190766
2435808902
173291226
2304210492
54812509
313098487
256143613
3421282749
3657610875
721124149
210428771
60650464
2677858924
26201787
2670235080
3009441260
1175408774
3405993579
110926946
3384314141
1337778846
608053140
3354671232
2868402510
64565366
3437129620
1089827509
58109207
1586729226
3791909475
457785306
1119002797
2708561089
2231822382
1040818812
383409377
3483526589
3338022732
2555814865
1188385573
2898162218
2394742561
309443841
1209752274
940475634
3463626503
256436189
3349555152
219056160
291907987
239001600
967841354
3011924162
2777884172
555497028
1487971638
17535991
3128786688
3312630551
164299648
3265921117
254327924
424321753
2424850099
959697078
139530032
2720791343
266956478
2558789632
711833194
3068288418
582787132
346908191
199130581
946828603
300295344
24475611
257052360
302651267
56197873
3149062114
1578398834
1578897871
1071871393
2533179579
3033509254
296253096
242693289
716755579
3611957675
3262749680
3257031271
2985198408
712605265
491785815
3398681061
3587162533
928992241
2177002636
609428539
1418343451
3081627266
2937889355
3147793136
3247584325
3259493227
3018559102
2485176878
1714460329
282555704
906761185
3729848597
3221963209
3316451138
3646720400
367771420
3301158583
429146449
2901952261
70613832
323119255
177157630
482755658
3846543323
37884221
3086112218
3624602415
257832452
3540620838
40906691
2391332201
2345119344
2662003851
3300914051
3229380271
3095922540
3416932818
3456514632
70133969
127030142
503626175
3467276293
3449457383
1390230859
40889366
103349566
3647791999
320940964
367354519
2742760124
2778566358
1536643556
521587657
70525097
462366698
3153619473
2739100736
241273903
66246449
3820071809
2753743832
340516383
278334512
2493499152
1367179363
299623917
1042295882
21057434
468118768
309935218
2795451741
1691894960
1641330841
3189688804
1623685699
547658638
3066794588
1276898760
2996812787
123041515
59141386
3307157054
2746424911
626515184
350011682
188236811
3635603713
3310646952
2579043223
2456763781
2561946151
2713380886
3716898015
3368971185
168104384
3689869153
3349592759
3396051508
3228515975
3438056663
3231232310
448178088
18484870
3055701744
3411175661
107194153
1389445554
1614724232
225521571
3415981349
1949609412
3715892245
261249694
3769442848
112677217
2992848136
3309603737
2979663318
767547049
3223046167
2689312388
386958196
515577071
2369175231
3307196765
1468342556
216698966
1239566185
3079310313
2964071679
3123383951
3131782738
164541701
28806932
3290908637
192412651
1931387300
2484030676
2389856329
1069901768
1871931145
1260748423
2308954104
1283150412
185181379
2374003439
2888209251
705445371
164602663
158678500
3391615258
56875222
2782513316
2789111104
27336242
3576778574
206368191
2220416131
3743003837
3661149620
3121969575
448544449
240532330
2966544994
1049685206
3315838902
44588052
2472268322
252504967
2716204867
3059879942
3068656811
3402772684
1393342640
351780009
3334524112
83602300
3004211812
114056186
1192918224
3091236503
3107344925
17019578
2344569756
426065055
451299528
14154024
561079000
467759629
3152157740
3853062375
3853100776
3271253916
1364387359
3843108135
3392526179
3617056934
1511888702
3016514326
3751485863
3192923456
1334827596
295910607
3845763105
3146647855
215962020
2712148513
259758894
3823100295
3786799037
3686473754
1520193744
2937636956
3723910819
310372270
3654707716
331052230
190372625
520057307
313727251
1257062029
338538496
306097006
629659777
21415004
3734246594
3229999329
251844918
608408614
25488447
1830067706
108498637
3221362950
26931351
1317804673
1228820714
2687494797
1651745263
2371689797
596371776
260878051
20311104
3137300312
2983846395
283283709
597869131
37479223
530900765
496533384
2842844908
1872916417
439154059
33303478
1595813256
15120121
2857060966
547083243
3579320957
3793388548
3080888072
2746806817
109769409
2540852360
2400989810
2546466386
3240069677
2595603990
2802130023
2341000257
61780767
3437396890
2841747207
3404469844
219071390
2299242880
2427896702
820605780
3501887843
549514826
3384110361
3602628616
3814471096
1192557996
3187799886
2485887600
3760821972
3044533753
1331363587
3396554293
2294826169
2153713380
3786668723
3388238025
459157636
3341047289
113080190
2868049102
414183814
886214911
2879622097
304523102
3260638784
64538136
3313979114
1877976906
2497583964
2958418161
2265903805
246607859
30864768
2855553837
1544198407
1242539210
3059094805
192578825
1668546120
543464774
203030946
584013556
251113918
537272065
263906210
1008671988
171300472
276666579
82951676
125344522
2827796343
56393201
227249694
248449853
3151313067
3004222278
3693712703
3306410675
3145580913
1813314896
227572658
3086306850
3422988553
3659640874
298176226
3377843764
597714061
3665610980
1192992427
143377881
3026432453
2753810687
2981307923
3851761755
2872029106
43182700
1681716805
880291298
1588995590
3015951991
3516643286
412273115
3803656875
3309300738
250667627
2468994597
2804150036
3707863692
3815487255
1264631082
134542484
387046566
842401592
1880703776
2924192843
1537079563
3081633004
3102655458
449967426
2591159407
2363247278
514876979
3090480640
233468562
3335228919
833248752
1592936930
2987429872
3018788653
3040232046
3409862543
3231198714
2611754088
2762870734
24989630
3368881383
52536684
411614432
452447806
274990090
260585506
2447301528
3269231514
2804007670
2583672912
3244846939
3078242570
3079717673
2505864726
3429490871
3311661989
2775324393
1163827543
3165841727
199615164
202805270
615981600
3044870147
2686353036
1252270794
2587095331
361986183
3272524836
1283392374
3312003470
889589270
2407144401
3101789613
3321645139
1645454912
3205848327
3058497545
27915024
2902185582
1614848742
1425733183
104015144
3164260749
2951022843
3304777692
2814810299
3092380449
3147807889
1170771325
3366070805
3149403923
3406748723
1914964646
3291678603
2646723496
3350770709
900051056
332617347
306907572
3431284947
3005843427
430167576
2574460801
90379747
1044616405
2309513691
2375721182
21112164
2808409146
2756078805
3236277322
3305397348
3439033773
2496865686
2580487995
2600313241
405907441
15627598
2752583632
3403864775
3121287939
925067292
1694547805
874240741
551353739
2851177664
1049375557
3262503193
20956314
2814227745
2500856496
3129876705
181437352
325867658
1395979153
25771196
3291406288
1356625543
1601853996
166632228
3418965603
3439343536
3315557601
3008431407
33749718
2927102110
2438655454
205543714
2648214923
96840309
778603142
966359246
2917352389
3375717166
2914100968
2151551448
191212826
197306173
25337008
1666244083
3190135198
1472851164
3293199426
2912297375
2861498913
413501800
86852250
24926756
3063609196
3389148365
1653378632
1526821538
3076278112
3132496990
2569979956
3408987641
254072047
3166794892
3171557096
227368050
249837563
66328823
3194806609
3000441995
3011655425
1553140238
2704835905
1238443716
937725145
3091795138
1319933286
18181905
1383124279
2349597580
202289410
2301541866
2907388713
3303772643
2232907068
1480312472
1551204769
3078194471
2661074929
780911754
2610093090
41497807
1395462247
2362158750
541238244
1386793578
36121753
2440151628
294719591
3271699885
782951760
3239802024
2933019073
3214584517
3420682547
2796917946
2404996466
2558262679
3295936981
2320932392
2518426632
3432548799
3303491235
3272089399
1019495797
3310733423
3370963463
3189409160
1447240322
47665893
802910539
355008068
2596354268
349816850
909030733
1648322472
2634737721
2640078210
553782046
2982007374
3151763868
1696722020
16387676
2480311585
146719923
779487212
3374130489
294696899
24809621
351516651
1434998863
3274958065
2659282944
1555914084
2228972899
2913479878
57668779
3243420582
3091332631
3439638395
3339559667
92313481
3277444069
2712480744
3347535767
2758976256
3369232948
3189473528
2826370552
3014100553
3422453500
3396996280
346919442
565029465
2323120070
1258365066
1118083622
1192050343
197923023
3314415331
2357552388
628106130
20204970
3181098901
43533485
16788074
18392955
490916652
630379079
2817242293
2840608599
3349590619
2754584941
3448620531
3250017342
3405659283
35853775
49311062
3449529201
96307231
747088176
3349555399
61230367
144937531
3290518750
3040387829
3371878672
3277437169
726650322
2284237651
3081716064
1640754421
1601071178
615841663
532895090
13431462
2886619297
3044035950
3314369255
3423262582
3139643367
730968776
2715911061
102194374
43592056
2378514733
244214563
166983222
2742736213
2423277829
112888039
440573694
54930991
278981576
147584003
2247703273
3147668367
127299535
3226063140
2692889180
2609153682
3220400215
135620577
3247989475
148456848
3323455294
1716832862
2334765168
2233927166
2823085535
3194210022
2942987286
2598688256
82908692
404435063
114387693
21329260
3107932586
575476085
7901932
33289053
3370750114
2463745214
1039867536
3081730757
128850477
311795739
2594033532
635393197
358346082
291560292
3435983602
3440812462
3448614015
1432333813
351616383
3284741292
3297725250
2982252149
2418961230
3340969343
2542770135
3364584425
705121484
1335467538
3316709280
1943648900
3278614176
3275143994
3311004048
3254952775
3306010885
2507224825
3374140223
146559580
1348301888
325651341
2375187150
3155925980
1875621704
3184366568
393519629
1207667768
3315088574
3245397493
368479727
1965222386
622468504
147602438
174286067
2584552331
91596704
2790040755
996333942
2482172443
6048582
1938857228
2665198453
455364961
627163309
2443165608
27294534
274070745
32323589
15343930
3467728097
3269924581
2419610598
2727263383
2168255936
3341132825
3366797225
302259338
262942976
2910344748
80601991
3238060525
2388827318
575674578
423692548
371835846
23381941
22096528
121871394
48875275
2838824261
3428186122
248319557
1644049448
137144052
2886936797
1415705466
624779333
3272882814
2826299542
1622628894
722340338
145687174
1887144985
95409721
3016984365
2694940889
2700395986
2781241471
1655073500
3382148602
2739692373
1587474961
3138908629
36713466
3291567397
421468953
1523816809
3041108889
3022955841
31330640
3185885700
1381485036
509323509
2935769104
636729813
2573047147
492589349
3384369003
737009874
195096386
3415694187
3434361358
3120154268
2869028445
124044755
3384742071
55833954
973422385
3280307995
3498879562
3503546602
3307050847
3437460940
220605138
2761961719
2886731129
1122959348
738609374
2706591756
1491670812
1485297817
1161975840
319890535
3346317785
3029077426
3283523490
1498192106
1327064388
3280420045
3431436670
371419506
2296880616
1398328362
2671081824
2269718892
2845184068
23387006
16585184
2792751474
632157129
2705441648
3345352492
3324487432
14560791
18076292
2299245055
23312786
3338218475
68267963
2796866428
3412887201
3377453205
123442443
17038869
231478181
3360685452
3395679850
2425621053
2814811584
2758958752
3298395936
3428110097
628737282
3427695273
3366218999
3461289315
191958755
20717670
3411217371
128693701
3040431542
248940221
281729755
2923812015
939234984
154635258
719513398
3245615534
1325377790
2643693287
701239693
592027357
606914163
941684310
26926061
3159452678
1717101026
3448939396
3320179180
564257550
3418951000
781028558
1704359958
3438964049
3240415576
262708296
346248808
870226459
1355931560
451042054
3371066933
3012993451
398546235
124441078
532285060
3149734769
3224655198
599952632
3372704992
486105670
62596278
317029862
3379126071
883170475
3331682807
3515026816
2384173477
3496631901
703867562
1086120247
3183092744
2586303300
3345309070
2166840938
2942104791
2521948333
3223228575
3138877607
25289674
14833249
3100269210
2995527335
2262214658
3058313576
1710912944
713151565
2704408220
3086769611
3177834838
2911127862
2377861826
709603044
2612126467
3070126251
17307666
3104088622
2842376568
581618715
320678781
575684116
3418829005
130618408
85755142
2632586271
3482028497
150470216
3095755762
3434847419
3190853670
2588348473
3058467353
888459427
3377285953
3463710195
3304959848
200065842
934492638
40847455
21092240
427169324
1470528727
88817809
222644862
330267735
2875357334
2943442122
1400501438
537327293
2416650701
2279932302
618769759
3301887788
93822213
740852198
2719207811
3258816129
2440211287
571224644
3093486811
3272434824
2297703090
3379242658
2846966102
3481312522
3161926321
3197610440
178422444
3132106755
2623210660
724792411
2897736563
3435511391
1960561806
3373803491
584254979
158158453
2930408546
3319332411
2828312537
2220156193
558954254
271058052
1335892141
2514836545
3349753288
2458579968
3108355565
2331086912
3341537086
16422699
352215856
1539236497
2295217322
3433113746
3331785736
2886947261
3530980337
174152497
3531771796
3390360858
3171617852
3293710491
79001696
3428364259
