38303393
152138452
26146495
409296230
43145069
332951048
112415415
371641221
386162666
92040152
258563986
26766988
216807972
275117070
42443137
558159053
481270355
249987972
385490784
500922630
558856944
48411741
234634565
33340258
267077962
213085792
515589181
240508184
352288809
450350873
195319771
407876279
368598856
528659072
456518488
263511693
526001800
225875696
161727715
384494197
540994969
466391058
406947394
550446098
14892161
59982456
71654274
428854336
484943965
45421852
553473069
250515126
138396375
497660151
209134317
403289786
169414214
29414184
532465106
347898532
442268060
341177505
486413486
334280412
410727342
75961777
25847372
277487036
486615053
473064431
288809315
165883168
43678011
359593976
81320500
351716969
227213426
155636056
131809534
454776883
568527523
11831
563160118
324101569
7765642
439171023
569649860
365598415
276605883
11483312
261532133
42609062
183311376
458909785
35034590
57272635
254045644
101920008
189421178
155915990
396639301
61012373
494423919
167814709
273252725
25873473
97516629
297831220
309069984
248197944
69922630
358866468
452237533
203767665
44469896
141694145
309183401
294271838
254501154
258009345
199400238
164262987
56833998
414209931
23012218
353886935
169140393
23355756
389577604
189083184
264898325
531407402
115641261
17919168
236271737
80023895
142255786
528072117
249811026
15333303
231843017
249091653
15147971
247476786
302218859
277558276
527351904
404200239
531150614
422205439
76066302
258200796
198161436
41459810
167434980
353465107
48260717
477250154
78438353
555129859
102144964
171698101
313022315
278842245
471314322
372930550
249362910
176863167
271355985
305617316
94109819
546653974
237859016
561542453
396724590
250333357
14518023
2634741
7737362
224524824
77699760
170809377
42156860
69239345
506101867
143119309
315653966
129317141
437051198
525736094
334132428
326447615
386090170
318714466
569301687
413622768
279323307
258187149
348934336
365656102
430429645
468898126
336657000
329801364
392710718
448373911
342566888
464673467
251172024
437843486
332425821
16179886
288369536
512609575
287818448
47441316
392769891
449204092
393465740
252352815
298153983
562016416
488085844
30806389
536210881
305842944
305953501
381526527
269475743
517081551
398517018
398414829
114597247
463629172
435294373
437005349
460338751
377429896
421353703
188921288
318622218
365049617
142068695
409278407
471382288
298314433
550251535
304811867
317335857
464868569
311332517
377729156
399092675
300329792
273213938
265922225
424858677
251218697
304765329
335132360
412766957
373043726
496012783
259512793
520917414
370502122
382361085
305775585
435308419
532957384
329444077
343000044
188781621
283590102
566008792
516299493
300853659
247528384
312782095
560838124
566059489
501958310
320727773
439565650
446755816
191622354
544130315
320947658
484313006
297481006
273747247
387137822
312723929
546790891
448716080
541318255
279472919
416999582
290498350
316045990
465287888
182767145
282021182
447697193
555773407
301314897
298361699
406683776
286489815
351725797
91747328
441937151
412817978
367432446
375486986
509007740
94690087
80940612
524995284
300208686
253334591
549124103
302507242
268813891
256311669
315887202
553913115
415625198
365152609
456271296
344446915
445763179
172090811
165251630
385402255
251796770
374691735
51739760
317932279
558297336
248756991
411750038
431341984
426449924
405175788
372645951
250603442
446578301
403142010
325086091
362683276
469519223
367854565
22688213
343587852
392907252
254818681
431268798
446294175
293701276
529032613
173889961
337318569
348455239
272961248
251559359
353501341
376887547
310511233
534867988
111146122
442843551
288525253
341207422
244678510
273617648
346909265
354567276
494418209
559727593
402885846
257643905
365660851
381008279
25447492
413380440
247945547
288192847
292440910
272380805
462485425
531905924
483388870
308717325
360044825
494529067
253181837
376999806
448828627
274658438
320910846
307034345
400411443
414512988
263883692
40557669
383818424
264516285
553608294
396733182
366719884
543211545
499294091
515566776
354801853
363999721
313618780
404656311
257300785
260281526
245698123
501830734
299443123
261734633
420061383
338063848
254809723
450860276
256384231
203302450
373445855
498090089
364072617
527478582
499428638
498927472
467209061
267421151
278097450
316937422
413575337
406507188
478871887
246112866
482371498
513759374
558793567
275427838
289777148
389519036
420082277
446603319
250358121
533031929
53801065
310571990
327091817
503335088
459869957
355849517
312844393
396859797
305419213
395066811
414313504
340451318
418513838
514042137
250991703
482303492
258940907
393020592
493663356
226648217
289544255
272088057
408941335
246070591
446402072
484360519
375032245
270567505
451565188
364072165
367042718
529188817
510643760
358359127
320520479
477413444
332038816
370088400
506167145
419586900
401120322
457815865
402187645
376950388
263892903
269957798
290280781
378534524
288869314
309115505
456824610
278854936
89228609
152157735
247346290
558525210
286596531
488105124
528549975
421593824
247337320
491763017
323744718
351623583
374132143
454537803
559280604
546834233
19735514
518933503
95234511
329929667
503760120
419602946
554632361
491808919
379009059
514487181
405087728
422227289
288497223
347950628
273206820
333181459
429674061
396004734
19382869
436373911
546381453
321386780
112016884
308474088
432329036
328837490
277176902
374591703
279903009
279756268
557429336
433803017
489593292
201138150
560163977
548420537
257504607
500443933
553319729
549300729
351371888
521554144
541803466
266732527
471102645
137260223
390165089
519718401
543555822
121700346
488324984
354328778
310483039
274476454
479008978
305883789
537643179
178645798
484172992
362067163
281551285
373367820
384241542
519477362
326201204
449118162
318084289
292006062
497526108
533002617
39568359
296558423
409227961
351659552
558442012
363039512
264212971
397139318
293672966
403446194
550874139
557017699
507290605
96170641
558423158
552509888
292704793
369613510
291196518
557572754
304596049
318648926
360518907
281595422
499726762
317126617
344896569
370090430
557078590
404431708
308553316
306387184
227268216
521396839
555213155
474052648
267150432
555190233
178744625
288085279
449037525
359600502
437457557
537014665
376646050
374669510
448213106
425067491
554472530
348079509
480534930
275504478
396654380
456656158
115358950
13492552
459271488
255026865
366648512
274095255
280500877
343426892
245323651
330180712
324860353
373071351
366773441
517035518
336884734
438242339
552623278
289654725
401857412
320145389
447770841
278726950
278856821
495921915
385454241
530028354
283413471
440685389
527897170
328305991
501072108
335640601
466334889
456412587
352177786
458087256
543136694
407331801
367737560
443196642
369066968
252769490
529016686
335933863
354341245
543969690
328691088
256741424
309090116
292084329
268639190
368685471
385031687
336453503
333359267
287499779
374507103
549780612
502181231
447822721
394507283
353152110
251750237
505863163
509229151
247216273
320837806
387433208
490019762
277751116
494542650
379904644
327897750
394185904
73725751
487403078
258192817
422270820
459339245
479381681
466848312
284796019
379458443
73761535
54965936
380097837
473743173
346958511
334318341
400248344
399670738
403638481
550645813
252554967
431916575
493207979
377033611
458007690
388062068
473743207
387530770
223238968
324591622
519306652
507332723
473743244
296246974
338825941
122540204
402178727
305189629
270532315
309270043
15729205
305781625
312541069
259087445
305801655
394407400
48956126
270841881
59727918
479387413
38325178
421059881
283009134
379518581
464442627
372640955
383165481
533002299
542428370
466011480
441690166
520917022
399371062
339097237
324298470
399131737
455298787
500871478
40955056
500034407
472889092
53049333
294573903
369840162
348795299
329061409
305925582
388812039
423966868
479427415
343746249
272293416
318559843
479218300
359622183
541900181
415518206
258685621
159819430
481653421
393346833
548216918
547125240
540613760
481330999
473803517
424553313
408377805
348963601
508315818
332763614
200169343
398750269
418880499
499418917
440427669
46990743
23244465
262744659
69624714
482325564
374172299
528646600
433327493
411601014
394827453
216392316
461754183
543344284
424369902
430590650
433067103
499383431
246707288
291490105
297683180
261322261
327014181
418595141
396762286
541280399
359642024
280294283
246567695
378299522
325850606
372445024
158399900
315356524
133134477
541312385
482043601
66043358
379702109
314103365
404337984
495572724
379704726
494326688
280774130
354581153
306164466
472374477
165079317
296380094
26157901
495092695
507947007
416756083
291977075
309925659
347929127
356560147
483400624
384572251
311074175
542024294
412023086
345658906
12181
340627053
347503569
383388949
405135741
276498550
262183335
384035818
351503566
273950155
313608550
482560507
473036869
337236186
429544880
487704121
77423114
281090865
495107081
270612310
228089084
351882962
483081188
269934275
3472241
337331408
380491734
389172912
520774478
534570527
272854587
382656656
281162690
502576427
261237580
505099817
223708783
92448433
296031810
410082115
525533825
441658812
526923616
275598316
285581939
146332324
380109737
487356377
321528563
493688958
364265481
345734000
393648026
472198635
35680799
253653001
369309584
383909169
274747592
517064364
287753005
460659100
422805032
456256604
288197691
69670194
432901715
337553296
359172060
512554589
540024713
251699985
328663439
385364203
104699751
272380414
247874255
400189636
425195898
380627894
265115048
113922006
404545071
529092557
524346602
280670492
237772942
384842894
107889351
382632219
356268566
320150140
464661782
91588371
181389486
538751206
314649566
262773437
272587969
400479326
255226936
425178795
380012966
422462762
219206073
326638330
380550538
309561889
377878227
347855085
347847672
431355062
448135376
371815320
379844553
342152972
330239399
529162939
424328589
144835077
282832858
411598805
117804203
453861526
462577468
325436442
319976061
506491715
537960306
140554226
263351147
258707958
42535871
306379616
149543566
344431468
312256003
517854743
407041892
511348558
399630296
200191766
461236557
493755319
529742631
490190911
493983778
491997234
491946236
493879113
17287140
300013367
487361919
493996352
488368151
165130348
493859001
488446862
488519326
490234182
490212101
517724637
357035743
248430747
526723814
443566644
324135681
403355483
393336982
446036833
44965627
465370745
525870026
69572573
524635070
505437978
338857691
387182065
357752883
282905908
288248168
516101968
361229216
35123949
298047641
244296680
271778751
532129459
527847815
279087498
319435090
359529200
437579263
410179582
428001221
376497052
437568298
425378549
352352155
415743558
500325121
400232544
29681291
330470461
257287710
19073075
527635911
360942703
258527531
148363608
337152768
496249511
369655370
270810472
370847940
328314132
397029928
247736378
414025452
296475453
276829831
361194574
323896165
495922080
327358906
277471045
420184894
383925472
443208634
525619698
383797308
307907345
440972043
171110389
380096235
56036302
520135939
460380636
351605409
340160777
290613733
380392916
439871016
402582644
429246161
518993466
383302498
384289642
389326453
488656922
341461735
245744824
472668065
314666913
274562114
380501445
361677614
535508885
273660837
515291368
358293675
410281995
317343276
456755102
338803358
356421875
531015980
522496123
264365118
434150875
132062287
271501335
309007085
273286102
429894167
289427021
454090735
435973323
56294895
399131275
305995020
14849335
305118245
534885375
254866629
388363981
261813039
250963163
485266784
163047686
312372157
296004183
301695480
498602944
458874098
513627905
421177280
357197363
402283152
249271295
258378650
304030604
278947073
371005728
477748445
304528222
299431913
379848439
474879101
374661350
370837321
521671744
28668315
305794831
289295371
371877808
263667915
379306135
400089611
400021411
477752167
475154443
314864367
186143683
42981701
390070293
460145439
470784568
363002969
378407965
351463173
282924780
438509319
293974346
319952011
241690490
288497671
393264911
247097306
390466811
335475918
506992538
470769744
445672424
392360520
332082696
350723038
522083764
144996115
323906804
273905761
313425191
511901850
522071358
394941150
177012566
280554511
530809148
463208017
273442154
393966064
246861966
406277497
211240648
159355874
348054269
257213511
257108499
441539346
468114734
500085595
356658557
329824773
260323705
337600662
333900429
529602395
255053043
357187950
506669361
262201754
363820448
373231569
23154642
521908786
323594379
242964124
389699026
314249881
271218210
522247454
294635819
296047942
456900107
166780755
300677864
358800441
529604971
271056329
15791276
313873842
176352251
462459933
338774287
383001863
345395444
343200053
415835486
326027403
322640774
402908905
342780811
500503286
403485353
78050484
415958061
16892299
419262523
476769478
331360530
343467963
283629904
314356907
480132496
305436989
415394231
479314717
323898997
301149536
306838457
175157249
306356634
415415899
525024065
316758379
338939829
380340656
420213803
350053805
298553608
286902008
430613372
364846662
443917939
262752386
494533473
390835471
273190778
295855679
350495703
26909348
480642966
289681160
283658287
467854862
253154731
376569887
186092841
343700484
72376778
317798305
460412247
263471714
249275954
347978169
416054828
405894231
375879559
511681248
453311896
405729460
525779539
410038518
518978518
307747403
516707177
445132739
492288179
313828309
462616333
441256166
321199571
424205009
329884675
342936748
412331191
371275652
62547583
326533855
19643599
315439577
321581433
247743435
460590203
405016617
519382666
437161811
346649206
268965055
522465324
282648588
437859918
295946543
523825310
398180192
425174796
437641244
116840879
425173465
468079046
319542136
435186447
33279602
252853856
495288122
313392430
416604858
305842958
349573172
298184538
232555823
428160751
304956661
493560381
429777423
514688979
466203591
23400537
415946402
205323035
508663461
414489831
243663441
260605879
37848969
216433682
296574898
293134913
252736877
15970055
43721859
108816458
65777581
62143153
37439178
31348260
51077473
443499306
164305511
384204208
51932475
48914743
47036196
68742696
183507328
126008963
78282425
78417102
452482930
336301751
318486169
428401291
69404119
365378183
276475810
51767990
30472073
28801738
14083261
89358371
456984773
47743966
18760460
311876503
457110633
81878990
91608553
79773783
48930250
439605915
275945075
440530431
139463076
52884094
456870650
378960243
267437040
51039178
403487554
40845509
213474785
252274093
49815664
69875528
58764291
425055877
59104843
121645764
60446118
21092831
378455447
246609388
108475295
18554307
410831528
415065915
39021157
436632418
61246838
80985917
80316728
42376433
423517294
216379828
28204256
76058755
81721238
43519478
16595710
63798105
179839385
325227955
29572454
255205950
437479287
24277194
54043723
27762335
135039164
436721905
25318145
93970387
29391890
412672267
454583573
427094154
73260888
387929087
27325141
86662638
362548200
261336776
82917474
15508743
100753987
86376661
26267978
30354164
299144792
438146569
430641481
70500271
354409998
63861876
413185192
58712568
38929048
365704645
88377821
319460252
30470124
86645849
19468303
55197907
252147932
47487393
40872782
451066207
214371153
451637797
451126298
450361458
444401078
419347645
385596240
385452576
383976565
377377717
349359392
343201160
319456052
277057465
274974619
225117951
217058692
204685099
194091577
175200886
165078712
156807569
65988984
55885084
41077002
44890237
296251932
262968636
438441451
17494780
81961060
442849012
173265242
319434212
41660436
192170670
412648934
45427469
47456036
109308604
417497178
388885844
227395519
376317673
77138992
33017863
67551881
36585424
18426947
402329017
29620256
56743169
180796465
419815559
13337292
443688970
118046102
75550094
366148902
41792496
443608174
77414568
29882480
28284145
18326115
420010471
190103022
17744193
89850065
408677963
297972678
272775167
58252785
388900567
385779899
90717852
36218044
94751305
278249721
157243014
425409827
108992235
429439173
260098340
140938976
385598997
58029111
34572831
26586308
56185855
21537089
21695950
423092990
347181337
346493105
295556876
254924240
367385824
16527807
417685306
254279826
37585539
335274372
65182550
243629974
26355211
389192141
412741474
439381402
17464582
267040623
376337109
147232334
18704901
347182904
263808381
36186668
31771045
377054158
248835865
62314392
68080070
289492578
81046829
376456994
373132283
192007545
30375884
60830719
52476515
89147698
169936057
384496188
25873356
53796756
46239249
317842765
85548366
58270840
259938460
83358165
31150491
14323769
27087320
349504543
399272514
72944063
221450824
180806359
21681054
352759703
54305249
15062528
61726943
18704291
30093847
19042769
21265875
96899214
30696928
432090164
85515870
21658412
31370587
62628812
21488204
19078616
434089054
430423888
384735533
209416396
86819119
58261491
427626358
359025499
192518872
75081960
44435471
436218526
119092169
21131960
389433296
295233609
288950030
44403079
190169383
413480112
436021882
91426246
400624515
245129435
319561124
51734182
247927616
390987508
240445443
433630027
424228299
398548826
424220817
417477382
208782448
414025743
409544348
406019879
405027667
404882674
395112484
385592916
357273469
295181869
252890019
163195322
130681031
112288120
71245046
39885951
30959533
27050983
24060328
18925871
15576494
9156532
64489555
118141573
146468632
95445386
74518032
75939659
43698527
243456677
279156280
408525897
97168859
62276920
68770055
341980029
14287573
331179675
424224760
417505845
406406100
405981093
376992912
54107005
362755176
350773647
343071411
341252492
99400107
332038723
59377590
327600670
319146321
297891717
289633727
274236530
131203148
219496700
107224400
101787552
95371665
92325596
78951015
37866934
30837289
23489870
10929352
21468100
18997773
16490951
247106664
109697079
52933143
248877758
132416923
59017566
96397229
18215165
338739665
17145442
425702117
105233813
302966408
18002599
28817148
330806674
46701230
58922793
42351662
106185203
70030392
45345775
34528859
167501224
85733052
84350463
256156932
365970347
400012786
35120520
134179360
356921388
390142559
252105705
298052828
19210213
104715932
167954464
22970040
19877600
5467132
22328404
423827456
55908686
257657533
25283620
51029636
64740504
15040500
255502758
419896328
245149208
81019597
409675702
402974679
89547162
107891761
237932609
108921038
18567348
175965389
287777376
110867680
192209669
222186782
61536959
95208922
397670858
22664506
109651157
25347022
104696734
102770993
48566404
307738262
422043551
25271858
52243062
18277519
51550779
397467756
278549947
284002610
61369137
178575629
261864978
15433946
279170581
412683397
30805637
393503893
394185496
83422810
386410275
384518610
111741010
41829280
290179239
258785381
87210107
197825799
279138057
261861841
32288036
80710569
80224781
22620810
14378866
60767059
40489301
420033246
387793983
112570130
15950891
120878131
14087461
59337892
417495836
407710112
306652346
114913251
402115253
401067161
127450701
250474100
180475690
48399196
167463891
322544539
96397267
244023816
213546405
62086811
114553427
67180927
93547832
415214825
377860150
30880712
335432805
335226954
405564570
400971079
383448876
373557149
409788661
388581621
378041220
130591304
18949053
319421489
53213356
20095125
389592521
347983560
383966547
30856641
104095403
175047593
307680179
322146458
23943320
79715491
114367464
169494687
76444963
319302627
376847532
259869941
398086262
160492855
160492640
31446764
86518958
36835532
91288637
324293514
293755748
55109529
97759956
237387031
72284492
39506101
280302295
354644703
198206605
120205902
115446094
93707890
89866991
337068310
115811405
238368171
222577413
14134823
78201668
37543859
38777627
115523002
234857289
52545313
115221411
106809090
113417928
117890758
125256395
212465969
108680115
238330905
90757651
402894073
144002737
406549952
385603530
363811729
253994314
259293444
139463313
21040094
28377117
106844476
23609863
55882303
39568006
127019743
412679834
19041751
52071567
402887528
336653439
210587185
186990122
9545532
262181231
209092806
413742750
69895290
60691284
84855892
100629164
17957870
129320869
87580068
116307781
17153516
129268048
399384393
23155102
127555733
65172857
65170590
71420015
130521587
83177584
25714939
44174621
120623236
80705283
121807937
114888234
132119360
386279430
59632411
115307222
67720381
117532432
38393649
243765069
18693598
69927758
121059257
39765206
128572202
293481738
130787468
269990632
133926440
354626820
90453815
270371759
33246276
120621348
383976231
160197366
32783110
124605018
92160656
74153901
133830142
136025286
137481190
105803098
19691332
15299697
144061924
369692432
58385886
220295895
111327677
134109566
68600571
364553809
361443754
385593441
352744999
309138239
19761445
75006599
138103600
121493226
53777682
62571350
68872828
132288395
18592680
144987041
136509784
111923638
397819235
324738861
345545981
146184281
146238403
319404710
306403347
106680733
75046918
39339771
18316863
369982709
27151820
20342984
147613749
148181736
240031304
49755246
145944800
103900010
76861526
144502773
132964629
352758679
345546059
408972066
407969532
203148760
36918089
31167253
348372394
319403165
148387895
304475677
301846640
388468818
78543480
73002785
311238903
287490285
105362775
350192682
347848833
77628787
69916787
355712689
161533919
157757262
277668135
163694800
362586001
85653502
160814643
26662910
388809564
355386173
91416107
118257751
19459879
111937355
70451577
232461677
161944503
37749110
152503104
311767447
164810905
142837597
163539183
83728277
20787488
248183828
44536683
118036838
312450456
162256871
328797319
113231300
116105190
163622238
27843766
155640212
113106870
241178411
96332152
36196617
102539155
373663273
15546192
329335178
106186178
32383990
14207660
142474815
111302758
351251788
66917298
87872513
20465638
16092379
47400292
22394690
197975220
17194090
226760058
108454052
141092234
155333394
159199020
115392007
389435804
142140156
17927796
63615149
24282625
408999416
60391222
320385502
240549695
37931262
124530202
98820317
28628421
374507985
18572616
21949402
23453454
407907419
153681960
7856892
81346386
52519401
367867125
175483178
18481876
17302075
105000164
182044658
174402354
105545433
163226454
350192826
374429260
175472196
13032712
174179085
194679211
377050171
5065051
174677401
166760433
21819017
33030805
306477651
151585671
174063229
18034656
71163682
156022259
16163904
396022024
302415145
42167441
74822378
18173140
111483334
117138901
16393963
274263932
388523289
17455348
388508579
54573583
385230201
403760539
116043594
202437387
17384095
177706237
84441850
54516534
70265882
28381197
28355969
245942498
125475944
383149202
181960378
158504581
123612558
259930412
403311797
105989364
144238477
403645644
31212195
352751288
171461704
178416993
91395579
270672907
157540208
341906227
104849810
392953674
140190525
33137914
78363585
381847655
377565001
102375399
354815961
147457374
20660609
296671735
170566675
404104324
186670579
106611489
17218321
39980220
81916809
87099896
44482480
27150431
5338802
40305347
37398382
17991305
19195866
403114503
58445883
166580590
404068224
146827379
21478415
17394257
29296951
172873386
224450224
257713356
39132979
55387864
63818165
62208151
62078509
53243809
325820576
59555875
365618715
329828358
103734735
18289572
90652541
62930992
348073178
191883685
192051861
127685123
182604043
16681091
111274367
189690124
352555077
19312262
184385929
279792997
63329563
73308035
785595
27373668
274510502
103039757
344995123
76816554
208080744
109865430
394224468
393180627
390516984
99124333
189431135
168942514
223506058
7548982
125441895
194732012
338431250
174306416
193142791
69913883
281703325
91198872
170088938
195530174
194893035
18226744
194971561
58449309
368488171
183027673
353577875
55607161
111877374
112066668
45388502
404492051
65919935
359880708
33225392
25513994
176621024
306457664
114916845
69091605
72562983
363820884
184547305
170498683
352756770
231228115
107865571
162194667
36563254
48150832
183309405
71334378
354752493
35077807
28347806
33057154
403826304
83774983
161329293
128565636
127643637
401844724
202295374
193631736
43154166
400127010
96806150
381530947
228882451
325642627
374771378
152058518
381585174
38896121
96307231
86347226
19120850
50011548
77725938
1057211
153776229
392182787
162487550
143170079
22577042
21937287
18427415
383240822
314338291
45493992
56800075
17096669
170153700
42217478
61377432
16175706
186517640
115728701
100015081
186017221
165207366
96550422
111966379
48843291
398368263
117809371
109349289
170841266
309538140
94277917
138421287
199486197
210138031
54575021
353153958
150625932
156369336
112505204
127050160
402415455
13339612
272619124
332284011
298663128
80895456
25732838
352764668
186545115
312846998
25507778
304291353
153053178
51319601
100677836
259463972
282440685
306522134
201567652
82530518
376743117
359411168
401736125
134923734
284231015
137984542
33961384
192042877
140870654
205993497
18010570
381283970
164973659
151740041
140483910
46910256
173875896
178343442
20925306
103052384
401225593
323208711
313330980
392436256
90519743
54289432
344269462
377588206
208114906
161430401
50765534
390154439
308652474
52255905
154991620
173556167
204801358
219941622
148521501
319457033
277840652
223854302
221931304
24393092
18308026
35449058
113543761
389351408
214709552
242373719
306288836
228656568
131312708
63892966
222107924
168784236
161024553
174908207
273052745
52453474
91371148
22292709
210755991
226033361
17428306
201496129
122333834
84189286
280776214
120175058
95668253
88049507
262277955
45174363
378602028
212550883
293579945
105821703
35835067
33578268
393924346
38530113
31321365
399014070
382202416
219597081
17919287
266828135
126062006
22825732
234866470
106258786
218165208
328508858
146567295
73140536
231372289
98442042
398694181
158674575
220710281
46307497
386396751
238320231
24557157
78937708
215840115
158469232
4412581
106223120
285758770
131281921
220914414
120485129
216517169
397539097
353327644
86598772
44407045
277492249
265948194
10904452
180615447
170220989
118885276
36232215
7999392
15631607
123968581
34823831
243713301
160911441
148222310
242200238
325043309
137801850
193249971
152400175
75414872
168379158
130915319
33229291
134230060
301334614
67871078
65988245
1357601
265782833
15478696
374009024
135494748
15152805
236220471
247043087
247083726
333428679
246852989
50774064
19346435
247492813
247542271
247809743
247865889
247810316
247975255
48626147
247391525
248027945
248117525
248200824
248381364
248421058
248381210
248525545
126409195
84476884
91394659
51544869
15503347
237774665
121214200
193367032
387270638
370515682
262732076
79607217
174374647
212056217
99727958
236464980
396561624
238755513
373460392
89605215
36363369
15964684
88704452
128624578
245924373
76130108
118928955
48686098
115503537
386568581
115413857
20681423
17058511
35843543
17134057
96183749
22828255
280477657
63898657
20639110
296618594
253071861
226231762
160970246
78607381
321631407
253725373
205891800
182825061
255152363
213314879
255579657
255636112
255341309
255678722
384782450
255593073
122642574
14297631
26034849
105037831
258603465
254221467
101326638
190700666
153134887
202311922
242831257
44584029
258839640
148048979
30005725
246956700
166326763
357208639
121162460
376568628
152172406
140279643
332904719
245870598
208614922
360078875
261312809
259806115
334965433
245056504
262712311
34855249
262809334
232504601
16633151
252240267
16403009
23649034
268275530
381281926
233807635
176559975
36121869
75711686
98259023
114519184
19142498
25281413
384909289
63836713
70865356
234051687
284229390
32881995
23022687
355947737
184039130
118863388
75340236
235170785
30268257
319433503
248825628
253575337
124833853
91418281
197084127
41546599
231000830
245252518
62169814
35400783
39507882
48834856
384818052
16690453
35209346
392841968
87105499
29039001
311457956
153112879
63340563
250440833
324283545
302647517
116882728
144888027
244166157
263338757
55372432
72458426
70481886
50859140
230963432
325109951
217622434
75671146
21510024
386244570
123145383
270080410
57710896
98074652
74311970
19650336
81618873
202458897
62318581
71047719
344357464
356378671
319294795
273744117
253599280
300462616
14921361
47025432
182958626
273532647
84050416
183909717
79174923
152903485
275507382
297596341
318546639
276268889
312069382
322478018
274185536
220378920
58156435
77622049
164439567
105272527
84035820
276998675
28040404
116020823
187332666
18856906
392070665
21703966
312919278
248254037
56829442
278033589
90743445
120898622
150928945
253703210
81008378
160022909
48481663
127253254
112777003
132669635
236965944
113490115
20116367
139889120
251635033
132591789
216084237
74279045
205210417
271719209
160064859
197257491
27920185
314826345
379458253
235260257
49547049
184799998
187626518
260250937
24584990
122477497
278139788
281164337
257209621
131665895
297560188
114463864
274646075
282685808
37066104
252182302
85854953
314559605
267845759
285038127
355987057
269449509
109539183
62686753
339131517
70918627
135919293
388130812
265641399
327597392
244434689
19197184
121829358
175066935
15165442
54282655
258600239
102526074
269289701
118043735
102446021
72940828
277140914
285270737
209593559
41993062
60219398
162787532
360994599
143564279
209122315
49993715
25640651
259055307
66753316
263531662
198279207
282257593
85937594
140542586
290008288
169974440
384175730
293518452
26018316
34413247
260856703
133841585
14579415
338599375
98404087
42493309
265095211
55020919
282321857
336229829
238906960
291541006
272568821
80325404
115020356
196556716
143204124
303133880
78647320
97855827
34458738
45921099
131746435
62935031
125355754
203560130
312388029
386251099
124318692
182614615
180150701
277615511
345518286
209991286
314420287
249214867
318525807
228978463
49362120
303426294
161584552
255676132
156068705
140253522
15749216
202812507
374671765
337508234
23644423
233416384
174403069
335770382
45982730
384113969
214317355
49159084
305702732
183679544
310328582
21717987
286995240
310530607
282035152
96859087
177455517
15321143
310631114
30664135
228872225
22298141
49341690
146109475
52816019
24020914
78013180
44490507
305585928
315223496
335711362
296352713
245386748
344320845
87964253
16169272
289671287
117506709
17038854
311237914
22512274
21627933
312792089
208165512
99110221
128901267
280074491
312893806
129679313
139964677
357566920
24523948
279036269
18792825
310370001
247057045
380109584
326606417
91880038
240528323
163831044
370022233
250003436
345854991
158011959
319414452
320776844
250395243
320934297
355638754
303764172
253387031
231925721
112470045
275536225
58071176
183065515
382578355
223552933
240690444
23514541
14732811
213733516
36678791
366631098
190965753
114647658
199139150
249096055
21102342
29597963
142293552
110673476
129571548
295280758
303015492
186047449
194196557
286254538
135569536
272190778
373861737
42357521
351156908
19264909
105522682
330100772
366713059
71595418
14358169
325664448
144354545
189886136
111435350
173695488
43549515
250942257
127666792
134804354
167856807
72428140
42372344
263821591
217653675
24691666
39848902
331017504
331121988
308442503
331254578
331259211
162239819
331470387
331610126
331647029
309479614
331197933
49521406
331761322
331801903
331821823
85095166
331906235
331901991
82394666
331964062
331966884
332038550
332134809
331940769
25193572
332291540
332373057
332463843
332479871
319445259
332641594
332500026
89096794
242859642
331877263
332512825
332972677
321090784
333006025
45139710
375288793
118378795
240354857
357099823
268901798
127650974
329092930
377074617
191154528
322619869
362318994
101088164
30008750
297543389
301513262
260181049
331663673
316816639
809312
165505849
164295011
317416669
43061637
336629528
77564337
214353407
336590464
195959053
336843800
240435310
378743443
375288879
257947706
22944786
377137588
187353748
278159370
336913976
280915031
260933647
32409684
359059924
213908297
339715774
339785538
229223867
339829955
339825728
339879900
256300452
57695892
336543870
339761228
340127508
181101417
376615386
339813001
195957817
340426817
340441855
238247975
12274642
212329477
311545137
261276500
218609648
242602097
378193412
124502297
34580490
203232827
350590263
249420247
297051436
379628153
341113035
366192054
97963881
95489137
308592012
263960210
343434789
136087639
290889677
291395429
236434538
267324725
324581027
140176396
380768682
114221270
53955767
291661544
191156972
66607892
352760364
266345105
317330708
190251459
110907032
107872437
187121048
258067856
65392472
332540051
162185562
347676916
321169394
240795964
32945830
309010983
338441411
111860463
350549515
336344381
309213189
176587008
47558421
59516898
17746589
22893459
372173870
347210333
81836328
290768913
346663517
50047410
140643083
109430259
17009336
169764287
349068828
349079674
363627290
349158111
286356102
349156243
343002926
348668740
50425816
349366899
346926336
349830921
349706895
349994727
350303905
294106713
170075249
350429350
350548302
190338405
350609370
350693991
140984625
350908905
350529350
350874013
351065614
291929191
319821244
341442317
343764518
273266376
112029669
16814727
346285747
305545058
325304654
351366600
286365611
257605429
30113021
244752170
342444538
124535042
104363961
287506351
295551450
133032528
317459523
168738148
306951744
39614625
145211024
187291568
279638460
348229052
124206206
352757447
141285349
24049104
352754458
355763351
15416613
23541821
115752790
355798557
355783743
355899980
356259110
356328159
352713612
356448880
356432743
356490279
323433306
356544961
356547436
356525608
285922545
356649923
356790630
356171611
283820472
39140788
357150931
182109544
357468217
357590378
357588459
357599541
357629544
350505668
357064493
105308394
213226750
356595360
356558360
267681808
357928909
358087483
358094365
100061114
242587823
358209091
357699804
199709277
357849074
292114779
361820138
284572173
355349881
358861329
358820104
359032436
359061708
358241824
273851627
16789028
357556451
337847832
353462318
359160938
82504606
377787691
359696294
358910613
355547657
355302064
359752411
279184607
358583405
360036905
106361878
109602968
360070741
347247834
53288896
358603867
360339325
360398330
359746932
355958228
359163152
358136110
232980248
32118158
356666068
355662122
360748377
360749330
200316839
360685988
360779466
355680062
360416165
359637370
360770044
167167559
358454259
153851968
360976965
280204690
358949509
361063738
138773990
163514247
67383311
361212964
354051199
331461201
353604055
357309738
361340972
52480455
350074424
361547129
360696657
361620951
361635824
361489451
98937085
357852168
356642185
361901103
361274087
342178406
33564260
358275076
23236478
362035847
344659713
71975650
362223172
362227067
362283430
350348479
255152804
359931817
180666237
294150679
26798808
19269183
276241514
377000748
260014814
240753648
180689783
28874025
25425698
36145758
366847467
14685448
373754724
368719674
374597895
374316277
373771275
366047007
360930484
356965250
350167304
331797660
323649359
321353639
306389855
306005249
291372361
218616619
198918906
197478759
160966827
142240720
130361195
127030142
82702958
58756410
46417053
19750941
23190613
19520006
14993272
790000
183505721
196756517
24165493
51250944
159215122
59487253
32882388
236441790
25745498
60720402
43054431
249814362
124598234
338254091
80528007
208416993
298419670
20059533
335352670
259118560
373182198
128211083
31337420
316777260
22134978
80140439
128669282
249276475
86662643
50080995
348127618
18216313
305500404
59191437
81321238
36565376
34128158
27137777
29373496
142683835
108744918
89747840
40821979
43462317
337227438
57515678
73452506
131163666
350722164
147863295
127923010
146495925
155812776
86773091
234880969
123704581
23834147
158462906
160016415
57515711
155654814
369777872
366751586
14563253
37802451
19886908
82208503
38547111
149957792
59688516
45509849
286322072
154734532
137026236
371116858
59282172
39039825
30257231
42251178
150852532
179689081
179133657
39966477
172039978
316505580
131546062
26069434
13306282
19078393
29303198
341871472
140579326
67401101
26515055
112897961
208091044
211628715
143514627
194986393
94577861
37859232
290229887
38284845
145792839
17986014
245979079
112939621
267812692
182475558
219297609
126413239
82142373
110423253
286299489
222277876
335687366
123961893
204396051
168492731
68031118
54298774
45491966
42267655
196768492
353941692
298099198
241080318
172669182
172423349
25566762
211181482
18700897
16253387
224482605
121891382
28529003
55908151
214324868
313413464
29807644
235171997
176187989
52875308
179805547
72625007
29343238
294160766
348365404
239357925
240854198
239111341
238377085
368520081
213787038
52782296
107247014
233384271
289138014
23083169
34859931
33560032
18944608
166318128
361300258
15252218
47327707
252658122
33514961
274611800
36727902
236505119
43940581
23546497
240948602
15312244
78667945
286331091
58509923
153680417
48544462
128251507
140982431
223551327
54537880
235414160
245424183
19654406
23004403
358753998
32902742
190274253
95026138
170397640
367630008
310512503
263246221
221877727
189488744
309894201
76497884
24887708
343002267
114869991
191830484
21705678
19910740
349108460
272021443
21758412
358321432
257464887
150639615
277641673
352272668
149232518
278357977
19695036
318083183
19447101
279316846
273116870
75574905
140140805
117578984
348036891
61780252
285874530
279221092
106138914
43384002
59933959
270444645
341518293
25454651
184487472
39939019
148418872
279297386
359841386
231471831
189134435
277487824
295954530
308738359
229595241
61305442
242460760
241668389
340882480
188405408
116750535
104110794
300874660
285252344
302700027
219140397
245534374
282286247
15500874
167894391
79549855
266099536
27927855
68578805
269956032
209305613
25733553
196805195
195117828
82252812
284711933
216352209
307307132
42293587
216361263
24436446
121813383
301701773
75069082
301147651
172633506
28955990
365273588
174508861
289435855
124292582
315896654
138500554
310287286
2667461
198905633
197854329
313535420
328474504
137404680
318860826
292528609
17132768
25287335
80975992
318707311
265355375
76380201
195666001
230689109
116829585
242458801
172207479
26313974
353458498
319911340
364580501
290773567
223986075
325212121
154558180
295573071
17714129
110808780
91298698
305700183
126707288
357034332
301932685
325624174
21096929
363727898
65170599
363898099
300021086
236010433
305132116
25665666
109879087
331410943
183696370
249264475
136732039
79294815
299242309
334455024
313688833
289175531
42980142
123329878
352195333
42704745
338119826
286320348
274567177
185480008
283253485
305318339
92104173
237193691
66778244
223970644
216032511
82943797
114570200
344563862
51982169
363381041
339695292
327520240
263241881
311554613
137757977
344328873
53622168
35962023
292758685
107622502
75898212
323638377
64957560
112394476
169645503
36357835
299468076
359634083
331246514
219401560
303514129
184793209
346385781
312756077
325925767
162831947
296801477
340633047
46533983
353052116
351102372
72925024
332805080
42007944
311424914
355498663
224109502
344354468
349240950
362942143
355726148
355723129
23054882
355960816
355823456
355631268
353171603
356262644
319739640
356378058
334242824
356660147
356948788
356936753
357179070
357310361
357545847
357091133
357884765
355921458
358549053
341869277
358396555
358870514
42426176
357445927
359653665
359730633
359750851
359572553
358263259
351606698
359770445
359948448
332828622
358557190
358346360
360141724
358189968
360184130
360199741
360200045
360231478
178908905
360280558
345858578
294149387
362651834
358869424
360678060
360693891
357518637
165881365
360763498
83765719
360781042
360795009
359685986
291037900
49714001
360921185
361226822
353671090
361269766
356472384
360222180
358154556
361285184
361433709
361467213
116847707
361615395
361646417
128121957
359188589
361725139
361732771
85393060
358148185
80681036
254166073
361376041
360323964
361437665
357743445
234116306
361903654
361506334
362067604
359663302
355005005
34258265
359600241
349105225
14401607
339820433
361485815
357650438
300135433
243960558
295066056
269848299
275963707
334615935
25039645
250166501
349965652
168079647
361863076
159148782
253330455
312511162
198100787
220266629
36126027
16432353
361959308
66635893
360333340
222881690
258270440
361783568
337180828
310405649
80263650
97194853
14562685
360908551
345902332
361318987
361093621
170530166
358466756
361406902
236230571
38027933
326770687
361498357
17374428
360053932
361390577
27719424
166128308
359831079
360450288
311769249
361339268
315697254
12984842
354684931
334490184
314832758
361233702
312104752
336289887
325576680
361182425
315002750
361130128
360468487
21846418
355419035
358419256
257339684
238517328
20835512
360515968
360362081
358443344
77406004
355066935
338223612
332857024
77578205
339829349
325399382
359918822
57322518
357955238
272821193
255693932
244584107
144430294
360467854
295861639
359461283
359574583
50408030
359892979
358625165
17083423
221704505
360421598
264191664
357150995
111325857
53275829
360216226
334339408
241975563
359099763
355125654
355127335
213066601
247488215
328466369
39060802
360068388
357883318
40173650
360038965
359880734
359992858
360039800
216992475
359970605
359973585
304946699
285946557
356490921
59376733
44629879
104185951
242844973
357334717
34312227
40649488
356933689
357398839
112390765
359827458
358516928
345470580
139950799
20761432
264403662
30970058
66911880
306786962
286284621
35808895
149728124
19896454
59243537
359376989
17981089
313028268
124134043
359178662
355876409
178415516
200173835
196170742
357830756
358194922
356261703
342617664
14996840
95728378
23143681
297224175
133991529
336690882
340250271
143098722
356085340
356084465
197362131
316459342
315288164
123370158
160853260
241591160
239252175
201419465
358938176
356290880
358941818
311268941
358718327
353496876
19960972
348695877
356348443
54851064
276824433
243262915
40360091
352795677
324903861
341620828
201550997
25828008
358039889
358476700
251679602
103798322
357749596
344113054
308877412
250791009
13253992
217577217
358345215
357663114
18965566
356076665
265013812
104540399
46398762
300896062
304907843
239916400
357965299
67109651
17667206
14908195
356399973
355844202
358047382
241031298
357933121
356645058
282488881
38468724
325077119
356482736
203893499
119917619
357783300
228558235
189320844
275259509
71352655
221943529
356615498
39542127
36166385
106244690
114770666
10364462
169475735
345206945
356628441
281649714
356075454
346089481
287280541
313230362
56972574
357366815
355160555
271987768
23768889
357396743
223020497
355568076
333525057
357133406
282316874
42631106
201991459
337820216
214935566
142988346
21781405
292042496
278681288
47988788
319535445
314805083
38700418
356987105
210281942
316124740
356208651
242206764
151887268
356222043
355144520
322228649
177511404
125369595
60994265
193918081
100851333
340811346
356675695
18190447
356470356
332008823
356011289
67805772
25661441
356436913
339938991
356083851
260273221
318063381
356333322
177912026
61434928
131868553
248364800
318169486
354314380
71974480
19518473
216075072
312801588
340835639
354729724
183174263
287521515
356009722
322491708
355957906
166102191
18645353
271161708
122714560
355731004
355312316
139974630
299931332
189228701
354315850
181574331
325769844
355466640
355466592
315872897
336928970
229702432
336654226
232343251
351797761
282495755
267348952
286272851
350976740
303870828
187067600
336904077
17779287
176914456
250251911
218346482
155200662
182104983
314118795
346392382
328503314
320563373
67664586
322269677
327509424
240017968
294012766
37322666
314465784
232625511
305324128
333610578
350916380
199061427
335154920
264993982
302314929
28039485
52571154
98184002
295507869
113130476
18917091
267645368
46711618
306051207
281059715
286247700
122782569
286245804
344803111
194126209
341971049
323744925
339735073
316465538
302024379
181717589
52090767
21262814
23841368
311249879
14085162
38832196
353309286
310427770
349828034
311528073
306956639
75012199
207628687
14088675
174018274
70915966
344586400
342692573
290190790
33171169
352104160
230519362
237973737
42173270
113350301
183001726
352080251
316832825
251854658
46524038
40443752
17494010
171323231
271450273
154382943
89074788
330461260
47211811
212066025
16879114
81433083
5834502
218840338
340272550
137997283
352750997
350624555
46970901
352629886
114283932
114425465
323622935
248852173
334033619
242590275
71175761
352544287
335818878
30734168
280184430
245386993
286125868
108998101
39347994
45629317
190973051
140966649
349717610
291359152
253630621
17372877
267243318
352188216
251050707
120393696
33656504
280963103
90593620
283335952
134889262
100280943
18953215
142517159
334977233
87525822
22085184
296548632
326606321
279811779
54586065
284378722
256817822
79906632
184930104
91429696
57949536
317729693
163448388
261917265
351379441
295990273
233351433
322178854
291688258
39316005
260805159
187578997
253289434
302732719
162872038
109100898
176875631
164035789
249343771
231637903
41247692
184475015
330392210
23664028
295179215
148813852
340407374
329352567
137896832
312455699
269581913
60564578
288499192
277270352
14953865
87409256
132858414
313645488
58443187
283641373
158431258
167930490
173809608
187825703
63420653
316379217
350132441
226874329
103506905
333761542
24224081
259713560
327026035
119119555
210349558
274365325
348729844
146878722
178691385
257722318
180649429
299418857
243882308
340531490
293590978
278082288
272758277
135930594
171036399
284204182
334949403
342182999
324497112
175355586
168080853
325584913
345112469
249512750
106194549
137178812
130676806
66596924
150045838
313519867
78421283
279147402
225723637
239567034
237071924
282376452
93194427
349147636
348708776
305907765
245184505
343640487
348527991
70845933
120524697
321145137
19375043
344336695
140650638
319001105
230571776
348586751
278273942
18897882
333370212
341890472
335078518
64628508
341909310
25360326
93952594
262165643
148281099
16680626
347090342
245593210
171602471
245609702
18280042
279647685
245855232
320980586
340885274
108995430
320933109
183226047
338983515
209441158
14870804
45369648
346513446
90408770
97404393
127499082
11980692
293323827
152307289
164108428
73876813
319109779
310342903
159908894
291418029
347366194
263367440
132654325
156863569
300708009
69784810
335800482
258873303
250392564
202846650
267515778
282914071
182310275
99148307
347334263
39288041
97884451
16734881
326969385
292272255
281165116
15809249
264248747
304571486
149217919
226087776
127467474
215258416
297084164
282152838
322543092
301323195
120411957
123522688
87814562
345782752
55717568
225974563
24194394
16020973
321624551
160599804
32494982
231561118
132077826
327386458
17986973
124458049
59283514
198147976
256097069
345737401
29795662
201419874
292007611
32181749
249337238
265467788
266443842
314056046
28704461
97912153
161513670
340287151
94015399
17798031
73691401
297542276
332024487
176554538
202118935
54073402
108214659
83840411
30439070
214261959
33066917
278458721
226949753
84348107
314498594
222843008
346204843
344919916
343667764
342371381
304606837
198265859
129619816
87535538
85144671
19317241
97811374
10063962
277314283
246373868
298883832
304111352
291953803
290127633
342301026
339119020
335710808
334887459
330780009
329152984
322020949
311787957
307333617
307235889
303328747
289398711
260693922
257063928
252274020
251138730
244041047
228691818
291829424
211542595
210446157
195533322
180002532
159432749
110017972
328435856
106820978
90477623
80530081
73169259
71873943
60213983
47192716
29634003
27530213
16700521
332843705
192007163
107057128
341186700
93675820
167029227
113894208
290002865
293407338
224364608
324928557
61773288
339124386
339119511
340393630
307981815
336477203
342515548
340934623
277957307
238144682
276208961
53943281
43360998
318731527
211920253
287470202
170023749
15937770
139464842
167980241
324725785
304738707
342389568
335669283
335247339
335257961
14060372
215554069
279064054
145551225
293684828
269929288
301838732
148488946
108620897
168376627
307342494
334730523
231813971
295227780
332443316
277444649
80305876
111624187
210670195
273016461
168575277
63982461
152157221
341883496
286111913
338262433
29640498
339545971
137789779
340980245
278273375
91194771
195794286
277219258
219146670
338419738
333406535
277808205
29625786
254104363
28318291
268749687
129687703
30415215
135939627
115489688
80504551
339077413
238261903
158969245
202386430
322561765
85454264
162589166
338241113
114878851
320529062
95731774
310875420
338321086
286768052
169954731
78065361
184467478
277002407
328139112
330638943
236597264
337902631
340576984
129909263
80102662
22018780
47446131
309862678
139429641
338402512
206654255
250009339
149531477
339141819
328745751
315100499
335138504
140149825
338370941
67933015
340527848
319925091
132165789
48426665
176845360
235670086
883971
189798732
26225394
337210779
320902199
229642442
331292292
32354475
179672920
340035986
339557912
327308245
16696343
257583100
294916953
71019969
193748612
54594436
337001880
335430318
330743830
323329500
321309476
314287177
305448830
301465040
286101108
275853305
271043314
88092044
262986867
259605916
256266612
254383892
252028899
241493038
205641326
186791824
177926211
148720003
151145536
118840585
112567411
87531231
79932363
78006367
72633937
62845490
97263887
51297394
44892502
42978534
18528850
17504672
8402052
250642676
70740457
310267149
326917744
335993092
208739268
335670246
69612154
14777850
179648746
49999563
112862966
271114521
295047068
335013102
20783904
326464228
85487974
337564982
276816069
29958471
13556382
84379702
336355424
16222574
205572169
305444371
311561736
50195318
336233805
18111819
186669984
311214659
82185400
190372747
329328742
314903500
119480392
96395269
106865578
277745073
250029071
77472733
131109320
138497954
50309214
165207049
310771378
125834497
49658852
187793187
305791304
46308574
44629525
137793535
17237644
126858015
161783180
37607523
230678592
305444655
322393172
326916528
90205053
46294257
322109986
258529496
234968157
22360479
63181057
26872514
18289389
300678765
87382033
26224363
270463203
167191839
146535310
245491146
241199086
330516517
332465679
264115473
172221767
207774745
276159407
200932691
241740569
16100989
334214557
30536551
257145675
51615286
336039951
335673612
82719922
271022539
335810852
323384109
137444509
38749191
172051345
19658482
159245177
332547184
241498656
317080504
176264176
142409173
318745038
170799932
33017750
114074758
248690325
321228125
37101492
215533606
209216710
195234223
332392581
29802222
184372170
321846211
19520565
18408419
65097802
47118754
250281157
322520287
65613771
329147005
171254022
334689075
143438394
89921987
117642763
334895129
201425042
186547133
155764937
76004971
262581995
175983762
303663604
181713571
87081040
112432279
258816475
109293823
302049259
234428478
63620540
128975803
258569006
45753501
334997001
238646230
107021530
54875393
330706892
233488731
14469630
321492549
140149955
299188248
183432265
16552434
251551093
149225162
306114590
310295875
332832298
306001620
262499744
271702586
284827741
286372755
305746974
287284918
156400857
14922932
267979891
325288297
219209044
136278618
284277238
62601191
142585230
51504878
294298776
47714847
326518256
130986410
145069429
311717332
191559009
187459549
18355228
19460339
296584015
225773711
71556600
296363628
331344224
189191050
234538208
18936284
14333690
16481404
291711902
262334320
17734669
314781059
279467555
156494679
322285405
170066184
280219171
303059202
309408569
303066760
302975353
269452085
227347767
286480108
307385625
333458171
14223761
224351402
332220268
293498643
21352465
190958080
17622074
186955604
222017536
194973377
16200625
87352486
256242458
35520133
255600145
315579717
42622641
292968805
114547045
213560141
130371817
290896790
67949142
115479240
330944075
326065966
72245163
44760993
324532168
34242052
192332269
103244953
321379485
40962205
108651269
22516489
259498759
37484109
77897410
266641762
59049141
257388779
278259208
238697481
93483478
296176862
57594251
253523302
35876670
331538035
167054154
304431265
234407074
296041943
15479921
304724177
220717573
141132618
112960006
258619755
258183208
246897405
256172846
245709537
240543528
231642006
230480893
230128598
226798114
217352491
212163769
211256495
192794140
182684207
181529455
179514953
176315712
179496030
174952345
174902886
172668196
168062442
165028539
162447768
161827974
157385656
152980686
147529352
134513525
111183391
109717296
102542634
49621902
85302020
79874017
72790406
54569718
48907187
21248584
156618024
85079280
295145099
39012864
268671898
328369624
24647007
85668268
224463001
32345285
80715643
118554095
167075513
44305810
80169626
172223222
97393860
109596525
99826422
231521076
222012252
121380217
42845710
208304187
132090680
124192798
66125895
196622040
196525023
194081516
190442587
162614580
128394849
92931844
63641417
42830963
183594375
180215356
171825094
94944299
58093090
165294215
164579148
163727026
158241495
157401889
152188983
44568726
147840360
136199281
123480455
121303756
85466408
63371615
25407108
294196863
194887621
183231497
151673978
94768519
305340526
301117814
204210618
147693423
301261457
255579564
38896535
237757377
113626451
331105727
327456261
270306818
18108884
191081579
248941055
287644305
295744911
82971603
40092662
228652178
39212122
29040062
330636545
168974180
251636287
93487121
299716456
76098307
47979449
251631652
242970483
201092358
266347024
237969488
277922505
321590041
277717472
140541738
326495307
138053335
28718981
181520337
100005511
16581719
282111140
88431756
315513868
88085405
237269565
91968914
18222630
34702410
321867252
321114550
22149243
125440796
317717056
207896000
272820910
317668126
270992725
40957993
309789912
152528062
254476162
269848402
34646592
80889455
92749252
16309106
15113529
234720730
275834522
250358986
257695082
222859106
217500699
120048410
96190316
19259453
313549460
263692888
206940027
168395423
132681666
256265574
309873306
292670998
323815072
276453360
118276182
236033133
115479167
287450612
231119535
267955540
276602549
296618278
146356480
72534444
328324872
263223032
163434786
204708266
328223148
178621098
328083018
92864930
206193555
305455609
309377816
228916544
201076164
279187667
321315155
312525756
327984142
40815374
309663732
315236360
214572260
30150653
319079783
72005882
135901374
185755467
72185027
317750217
256693249
27592816
311995609
301713153
308058829
327561588
321696018
18640926
20146593
291547696
164670572
142593181
53177758
152916840
168831174
292198980
168042360
232005330
165749272
306032415
51652720
154791441
321716143
61696858
233790988
233797893
195204203
181213212
105254020
177564551
171788376
99711197
60253609
251325958
321438970
161638856
317544662
215228321
227314166
291434193
19181549
256223796
291963089
322970931
19051565
24578650
121166261
92235566
124167390
76060489
321813790
32354974
106507970
305896299
186182488
150938714
214414669
126138443
326184882
301219930
311278572
302381099
289874193
258999795
135652525
242907562
25236548
54456706
67708412
115719667
262107821
290421293
267438615
276792669
306108441
151361057
226391666
31005286
33407615
34093364
229698055
324665539
153368392
260966747
78085542
102632582
322910592
242282902
311420099
312787532
275179171
16014125
183460011
92966685
320723988
221768127
272801692
10524402
289891436
322562612
239332468
309767600
322818484
226529543
168209760
305271476
198240409
320608947
317669985
17916539
87536517
65642915
308124931
121305626
276014072
221465771
33857087
251256253
299628094
299511765
300627071
318904704
84124223
62186963
133455144
307224416
249924444
209715721
52382772
130929959
242882525
14084560
72834582
253148931
117892895
315775711
171730830
72445825
79604782
254550263
185678357
57275398
63834288
265235701
151932412
64067389
105234548
237482107
225670892
33046590
225974641
159815311
262098883
114625169
112973044
56965733
92975709
297333640
96116958
18455500
169386658
62727974
201607109
225074361
315230556
315222867
250780828
232175373
266631156
249940229
212679786
133009173
245173191
108625620
50698324
47908969
322526807
256799322
246481417
152316610
88569961
301833911
192643698
186450164
276400066
32818998
243405658
284222462
26314014
128242818
317145724
249543390
305339129
248760139
315208903
318908158
163484308
131250304
193035945
264026470
303763124
132966456
39910165
219652170
155104304
262985510
240811831
186791238
65136067
97419992
20085574
261793772
51829280
97973389
32431466
295505751
24289385
24794919
258006011
307922363
67188286
132350130
132595253
166839611
48979857
270047012
241159949
309571877
181123823
95967980
310958194
307245326
200230533
310156691
310146551
152779150
295024358
237064985
224164419
311345304
62063118
189451996
136397433
213302930
176620593
306010913
304847527
265779765
282922809
280021288
218859281
224503157
221430717
213062149
314121545
41871638
245424419
305951154
256949907
263753053
253145637
237194249
244077316
245427439
292605183
315480344
272579829
164485137
243784526
257465076
239292317
216975315
307983315
223553968
48395980
175111068
21356270
112970794
33615640
230741756
286224214
139160562
103298041
241167918
315427517
253646941
292892175
15122993
251374549
32977863
97549933
188276928
267752696
302024016
26023281
306033649
47899143
241764954
311000943
298868756
62175046
96291515
31407357
298365575
245159427
299836794
29230762
219651607
72087446
250847407
113289002
169900549
228766381
226802450
150888063
284012658
281066255
277454908
122204746
85806432
121437473
316193106
15496807
319253807
318614674
287406096
182381024
9654112
168288759
287550840
131202931
71215542
304256674
288576235
50484994
227616883
77862658
277373297
19301877
103913301
296383729
30968039
7074662
277093536
219239914
125070064
237251021
240937413
87792295
15133749
245518407
16265150
139627258
305282736
28105575
57451903
89467621
260691368
102558705
48370185
93692602
20536124
150106888
78753776
274009548
239219740
238549273
244792424
79587020
242512470
222842610
310487993
277511736
288039611
15504256
178878994
241345056
186253225
279578275
26877877
252816637
65677856
98032707
160922099
25287077
60448281
265081109
227083583
95136442
27838881
213037488
268897985
190765202
97150159
263368236
40498659
285744105
258106916
269144268
162514473
278723285
185011682
240417694
93761369
231681573
55422039
58617658
31493080
270543393
40389691
313357436
165938357
19945319
221108723
248360845
272825882
70891602
201918083
305085808
301127819
272487250
53068245
111738566
42300159
192818011
245149986
233660961
38189551
277161158
179235574
285782152
19079151
47024288
284539431
167555307
261739934
134593513
46509437
109032437
16367703
310374440
137355125
290942502
128410121
244297045
240525988
288904082
89300184
225290553
177219288
287331724
303508493
232589497
270561645
308672566
190834553
315851760
279116445
79078569
241893114
300445528
207426342
190072293
206467886
26618468
74282989
98457427
119899477
310261112
230588439
34919370
290729783
259417238
156145013
300149868
168407351
164832803
47193387
203160584
263816641
249668133
279070401
182091141
127450527
240338004
222014664
76635086
310017995
313592288
110868739
235792782
209277905
126669632
256122300
307400701
24533117
307345969
22448869
307407600
307389932
29996657
260542748
186953102
306274698
174689682
288967092
202518603
204917150
83525011
236279356
105260202
253192074
88170372
251887649
211895883
22122203
111495377
288229735
154984546
162038363
106416486
92275909
299537236
59595967
306312737
78663157
59658976
19208042
217627780
212344856
54687361
70087384
89865061
48966194
40868999
212350463
297007564
278466637
296082082
18992562
54511337
262104154
286629201
87757868
62448239
164861391
183551496
29733577
59979017
106535230
232503121
58578131
31173072
55873966
193331520
272236410
199562448
279292547
190102694
254665061
27545016
156804020
80499703
297866288
105751970
160313490
164001103
257860108
114507261
310177768
305288297
298743770
292611550
279612056
253062379
247572367
235410731
213653178
130405520
51908250
109976925
79162998
113245813
71847968
21284204
94305990
257038883
243851899
183799548
294317453
61186808
195516360
51806413
234268215
300147121
287970140
34774802
210778764
84175306
273314835
158192964
305719979
304065637
280539269
143459125
276554018
108320844
308627336
94397623
240276223
105271979
35715519
113245908
149283495
306450159
207215454
309762235
236541940
218483922
225310290
125850959
238422179
192903556
136244632
295796784
276775181
285640842
279188481
186675695
144945777
263566248
45957857
263246101
103135964
184634233
302234401
300071511
292016182
306574952
307231270
33088671
77854590
217369382
305627248
186396189
308904198
275405720
291999009
264921471
200647846
97179071
271882407
179063012
232867295
239948454
92890462
111988182
177723426
287757677
243841377
58984701
281039874
266784712
159140375
236977424
41165374
289599788
81965443
307462761
307930344
40414697
18879847
279171338
25931848
186341815
95354349
283962726
208114317
278699422
44027475
92173845
238014280
307995832
172447928
174471712
25197389
110855805
285845617
68263006
110629421
216965491
164079597
307622535
30350186
260408344
19510679
293405339
267968068
254354672
105510091
55137743
121163505
191632912
300585091
236235215
31390012
250263172
77854544
145998540
246150792
290989628
305342407
35292015
20495702
24492114
44361863
50257971
86967169
197310522
42236440
200706720
108326667
234260311
243243658
260497832
55936616
57604668
198728250
26463654
66027053
113405841
97715456
178498041
296486563
306864959
186752202
180604011
296518179
280618331
273875717
284036510
272595747
253666108
90473249
241110379
253171308
97317459
95070919
117543494
176778559
242478442
237651412
276094337
289135629
173266707
274596396
46381467
148575729
202671344
267532874
304850687
297626417
222941053
254690017
256688582
220017562
141804746
246845879
199352743
269554558
128222457
75051887
247757471
39302767
120680051
161091459
301176434
276186077
66428496
304822030
191076725
233109404
200956336
200230325
50243276
89965401
38117668
42302619
161243989
50268350
53762309
43852370
70358042
35033741
173640519
97497653
187854565
56991633
277175513
224138155
58365168
261805643
136941693
295864144
262255000
230922138
89103805
225329043
121597650
303727810
24585281
116819078
303652569
302440042
241090494
229669544
275823619
220953455
220896298
178824139
95630407
120871330
20407644
302130295
295856051
260686450
104360105
70572329
235865392
52552115
297557814
20117700
255609255
300082701
233965410
274004383
86786519
102265442
41899821
66985935
284343782
121269917
110346864
183385786
282565691
267251905
293831902
92840485
88888802
278462382
136182842
38143799
285108479
190578871
215319145
258931488
117205140
285178691
148789825
277758107
45306395
223823363
295010623
220790536
300734735
283919958
47736298
222484772
209463515
211066073
297311302
233135820
27076855
299614501
169841576
143088823
164772974
103603898
300189058
300749008
240160102
125598904
128468136
167189320
225883799
119653705
47891189
285264764
34975375
130114448
223829153
130914602
240638424
287075573
301074995
301297561
37845535
198159985
249070830
197630374
56840948
135938476
285174494
149682344
276841928
66210392
124395088
245684361
245688868
245940531
242533833
245924768
245988062
63240389
127434994
26761563
271716513
32451329
79368271
56522040
101363819
292397590
242163974
22238542
66878222
125229148
267881880
210963207
122625620
293761970
39125402
176463823
96301196
30359390
107107633
147306863
296072112
101627936
143830682
55926594
150100972
292027115
216775904
211175418
272979838
276102075
285162076
162240741
144717065
70038189
130905540
293924222
225447046
292187145
193034839
73786914
108867294
270991070
105369023
112070104
26443917
294204907
87472527
297810133
219568358
74213196
119646745
236775460
143196979
253895736
264384362
154497457
211582151
49588274
250563021
276083322
260600963
128456837
239653181
273399126
167293630
254389462
215628739
288936532
218431424
147566533
297387479
219568550
134053460
213239210
70426356
293050464
131643477
286777773
96938901
295058768
272912632
226161927
293685565
297488446
74547280
270200448
219576534
267825806
197783353
262339442
295550775
297606502
295988593
297112674
68936521
207254836
277943415
18854635
270556931
144095238
127997661
241068587
181905888
93666150
195109089
156519919
40587065
23255247
174841583
222292895
270056576
232956881
292302807
73112424
292736815
148608838
256519716
268269732
239226630
285589265
194504308
90447670
241088998
222765250
91326829
235437744
82018873
39448596
290298028
285701651
24720357
53113229
117303343
97764578
42845059
294191463
105732258
286772209
273754863
106024522
214333454
177609151
179114463
221117143
79942037
217826376
38232078
251198570
219129223
39362623
176487709
212903412
205698762
296121314
279302466
205633117
140872086
160299839
159776032
142006579
109345774
25979904
286763860
224412545
194502096
211752402
200391159
266793565
283294367
238716955
106486446
241870633
62121743
245768448
294257058
247328393
25343785
22233470
149379537
288074652
60899636
219575673
205327579
292528436
147499260
260831786
267705012
292469965
291843609
171012292
272592750
204214040
204218948
223966113
223963944
227252366
227253809
227255425
156939684
130997210
123746617
156926615
157000176
156960766
156882136
156999035
156882454
156882261
156645977
156550005
156702843
156628208
156550009
130470330
156596551
156550134
196162218
28540388
257505603
185817486
289018751
242742323
78831079
22149535
289069558
289276845
21061060
284001712
235288033
253559343
256129800
29638506
249016998
118667272
278101954
174229380
22878627
202443682
223631637
213128485
289073937
264333479
25024451
62219537
289761515
162457774
46246472
255641752
246161173
55127535
259048834
269080717
164168781
136426471
98749282
37199631
212723225
128094275
280335839
286418276
79953779
216600660
285829131
24897089
160995041
281223441
123181206
124117840
220082170
276899069
284520891
264891944
60789879
32546728
38924017
172115732
264814342
252671803
56397733
286393444
274781101
217164489
141324280
239897258
236820820
268849701
176729818
218559753
216958636
247110855
92739162
55943463
49848656
79862021
106412620
255554034
145985167
23368092
81558220
87513229
285845217
75704938
114535037
34148902
241161174
72126063
283386020
236336123
196055329
192816051
242613441
88548494
84392642
37188645
239812584
214290096
189049589
85424208
229153546
187465619
278962822
117695187
219818814
27555264
208895669
234499535
277003412
217798695
274703910
260495196
156219050
92869999
222261058
263941185
256944278
55683436
47498430
263630366
256987309
57976809
135465119
251482522
131802057
184196203
22268102
63865077
162063952
96872081
42741603
113327757
216204685
264308276
223943207
78876832
20479038
186022877
278951076
279119249
271288777
159342434
258681988
279721308
266106272
65955724
193976591
150536679
259615130
39890075
134909697
145566870
222464189
245936157
115027704
60650519
131109156
156657678
184456931
218496286
152148476
204059202
216454920
175089304
136172578
283548938
187325781
18932935
69888266
249243500
100965928
248504482
77385880
38511745
44950350
83901873
196113769
268935392
77140876
152289227
91829087
110449890
110455186
110466287
110468441
112151389
112278758
115102726
114967654
125037359
107288099
107257636
110000849
136989510
283913631
261344536
201819186
203487539
212868149
199232855
114863834
19288077
175279519
140219717
98435078
109350355
176923617
28427441
282953117
218188143
107867542
106835731
124493036
19340854
18660763
188736403
25466462
38067856
22509548
109820695
277373439
65328574
72191849
190032816
232374354
250548779
134899443
163638180
137793685
128897877
192236628
25159559
271463063
263713454
91709167
232675210
267712573
273398323
283794225
211018698
208895156
231535535
105935072
276816660
167146046
278286871
179377168
270997438
176418779
272296995
273341268
241327561
229105072
183752369
128424476
22899183
240698603
223214182
18681786
63440144
35304354
61862142
277694896
273611490
132304506
36659679
55715207
237796056
221281688
283802552
23774237
275109797
244794669
180727764
115887432
28906155
33592592
124159838
152077137
49961298
276580606
36204399
56081354
125316770
283853658
208029022
224827646
259387605
132103164
109308508
62839488
138324061
221221385
273089249
41860591
44312611
45857666
87291826
23136101
164110353
52778489
110806087
104552531
252664206
116126624
107033443
113413353
93674344
79091666
27196842
191728809
96170880
27363882
229543309
261646720
181927023
105876049
20402581
27460453
185949823
72546466
266241805
280820997
144359926
158075315
27052060
175306743
48181005
166700763
195655895
101896991
71287435
229046282
230421813
179458670
42755362
25985584
230777349
173237635
112043508
110508925
239577297
241460888
190910365
91595600
282641730
73989182
22212407
242082163
107149544
40672209
92333758
94169510
124011088
260794224
282950076
235306711
256049976
209468581
61276635
278868806
280356846
69310103
27293193
27740645
273007842
274899501
256293704
60306594
281150727
19755803
263186257
97383592
185342931
187398357
199652147
277614994
105398655
239385479
206092608
180134181
214111897
63040849
138127149
42620185
232871769
155454223
221706521
93613152
160733567
171587207
168066455
279881415
256014308
247272329
182341849
136305197
258434599
171334392
94298498
150940444
206745290
207611736
165336054
207583895
207598347
159720174
180451010
274286458
281313388
144260719
31417259
67447663
130022516
30969255
49002716
111851753
228016345
237356535
250597112
226793371
98440304
268800823
278937556
247888449
265493680
279670930
249330029
247357423
245391596
132113139
29747993
267395367
171454957
271506458
116065011
128915919
245358564
272677729
276705933
34552289
70394454
189214801
63093784
181441910
258054194
262161479
222701761
50814767
83667135
183769353
253005631
247921822
234837840
147621489
128592519
122998226
279199874
279184359
27434245
209944791
263354292
105214847
249680323
92242360
120492267
131813619
129190661
245298406
157247047
267387926
241672608
225657082
110147582
268144546
202002031
244451072
143469159
253433502
229062434
53531573
236374913
257872777
242991001
241680895
266965118
31078125
91644130
59904896
270057976
270019256
254927426
178936823
218443543
138912194
128326559
112268544
22791458
19837514
274072895
190487140
243998280
191820115
221317992
36198161
41899172
216379308
55782071
276929379
25147618
64932801
208337967
96425744
191289056
129975745
93065759
177501889
193417267
266725938
76808416
276858689
70618272
37232770
23724448
276673448
276561467
186422944
58020527
28486708
87218878
137859253
193598683
182268555
265545904
205426593
263746764
243078125
245982233
81434158
107825460
18534287
241281407
210906239
171815550
269327755
112933494
272353634
166058519
252452979
136611278
42590669
224648996
78454475
245876840
268160692
93763572
22117086
264023720
253828106
257054966
187329819
243527604
273398008
254085598
156003124
132567209
211102502
263223755
271537626
204955692
211128934
258644366
81978827
88779883
268127300
84012872
240554736
216385709
254442365
35285572
97481194
94294595
193426312
46052605
241349195
271851224
267498990
140250157
259907988
222174822
138390177
84191361
82660128
224427145
78376559
211293625
41497017
133189824
270778835
271680925
264646292
47632257
221768247
137438452
249106402
182883420
125039935
248059250
190614603
193238236
262280675
272919500
171275741
236195413
64804024
228997582
66951419
268783144
254094122
269075675
193592008
248900785
115524242
48978489
116049408
251983170
117708040
213168780
19633858
218881862
131321077
165105000
107759357
123811255
54843367
69418661
252342914
202212810
231782374
50258409
125054402
265221069
143628471
103512541
134594621
149805645
234106400
220905228
194617864
271571565
95701795
149323101
144164028
167607060
115827236
53748363
52046623
82794341
82629642
121489474
187268451
190958798
88989605
239555175
224359620
130636889
203541795
212025607
244996792
256118966
234070738
48193781
93259082
131317808
182615740
267484819
221136130
19505248
59580107
170125745
72841483
139419377
45756215
175503940
161305636
131669070
252278062
111237746
125832692
262785858
253827644
260999840
58731826
64606851
103642550
159687131
157498350
143302909
107534007
88895873
134841238
81770226
82630575
46535549
33031749
19089993
18871854
217307753
256352780
155911512
175275639
22338894
260883603
37456189
73074459
24224879
185974166
171300451
213141923
228398624
30519017
236340783
24439573
19250651
28674857
154788039
260437243
260437367
260437298
151406759
235319039
223860134
159586475
165714334
210766313
147355648
109826139
221706674
249352651
190372813
212365121
38600665
57450300
209750696
36581750
109968302
18804944
79855084
267788745
220664669
86231353
190768436
25929374
35544888
47983391
61386294
20881895
63546917
50570324
175080653
156039646
268841918
115528752
190804002
61116402
35295580
236242567
264976400
82573490
239097766
162680471
24065100
18726878
160169898
248649468
25316873
229966053
79930408
267564763
62090818
108476775
184128347
39836499
265002578
229194625
27713200
260795596
210188263
90615766
153483319
21151386
215005627
18441289
117428150
25861198
99769883
43685252
231376826
85927217
76523772
140932020
259148334
261519677
149209651
257467966
71247031
225952710
111636864
68406765
233674465
95718203
51936157
244304167
267050121
254375718
55361062
146056814
105423947
200690635
184453159
130420373
23118150
96137400
43108429
260225504
236274941
225130989
24297662
19028281
252283245
223061826
94077236
210183311
61736609
31257590
222678893
182408948
265609571
171757065
211837700
182900677
177147327
142807767
89659291
261572346
170469331
248834926
250921964
221674364
28372486
81093422
105498817
178432697
141361596
73830490
231028542
48548965
24101567
92201678
22471625
45924325
254496093
56620249
164652906
250843023
219250997
129132901
153757175
31891798
30268356
261326745
104952632
261648437
263048850
153349514
167864358
174334611
23128820
23244977
233245351
219615193
196249134
184746410
255342991
123012153
262340872
251731248
146262793
178301708
194034595
45839127
182439117
246401535
22601189
63744754
102617037
263035882
100426508
136669703
64659108
128118246
146417629
253106745
238083548
219249620
98751293
19223495
166536472
61184623
65592571
195184736
27406723
28902131
218179180
205024577
190242475
97748394
114198563
255033557
185347737
249594680
94303519
253292462
245180056
227144409
73607282
75519434
127810704
63872560
189608747
224225361
118561918
211878996
39785460
55941395
24683559
261578931
207568419
152847885
225974811
220489787
243816231
243375148
161176899
42404759
238146615
181701500
231241626
140200278
123304745
100780745
249415812
129809600
169843893
220502693
145735025
53045059
202766504
145726266
93490382
135095846
20496095
60109729
18760819
100326530
35563232
106494199
107686467
33832697
21117572
185230412
231828009
261133417
38534745
241518337
159393867
23138742
77692924
144176515
256598760
253775498
211080530
256225615
215683551
171709481
252050118
245508557
112937559
244268124
113141343
118251269
99227052
194862060
187778380
114510879
260691108
212956799
167044427
87321877
167610843
65577676
17913181
256269062
261005753
31694588
159534035
195446249
22845706
196364570
75535186
182464464
255963394
85739354
235076603
141171777
45597763
26833923
70904831
236346175
228308727
193732066
96051862
195444368
245106476
107706274
54896842
206406572
32915028
47619778
253099287
133431287
121709270
105797645
38744105
134559970
59111213
57041499
239264980
147983821
116453541
22637597
183584667
120926981
23920295
201858856
240164935
69236334
259651388
97034531
209942131
182477041
153354289
152389419
95112378
176687793
21772255
172273175
79049896
96020326
149338248
99677767
21158514
112328242
112605176
188273030
121013516
105766812
149702131
136461307
123165539
250573286
228213336
114175947
53335595
163650729
99008280
143432875
182284428
119730346
249496596
240218149
65763259
138356043
99864021
228981315
35346943
20276964
130354130
111164962
107747077
220186311
87934169
133353766
22698544
162965189
141167217
70377810
68442037
224689246
121724156
97961896
234206537
153247529
120315834
110919397
236321679
159776358
68999559
46161430
106324616
210626001
99752240
248804032
88321965
112008880
256114795
246527389
194155079
44732818
234740014
169025363
127473831
253866497
235670894
245649932
222484343
192895653
26060080
234370155
20858606
115326957
113299757
197104030
239949329
168606926
178900975
190210478
257311535
252666846
61914878
27109378
243436772
23554462
248294819
237104086
174786621
188914882
89280747
20124630
254772756
101418046
89410152
135699399
177456448
116765760
82885079
132139273
223022935
202188901
206650046
31306316
30455734
243536167
128053812
258231581
257636936
125107038
104692165
76545486
68926536
53112612
257884055
29537302
246957456
42789733
248346919
254267082
104707093
38741396
255730221
235247153
30420196
108149003
251839594
73797719
218778335
185481670
164106976
80186244
215522475
219197248
219315461
215518512
229497277
185428794
217444090
33676685
153805223
164194419
86884828
204379865
238241299
223538078
224502434
251510181
187046546
158173309
34834977
24343083
255529014
171488578
151257343
256879839
250133680
166657228
214354733
126159851
254413685
165699129
143276180
106368297
211050048
256827315
111997335
143625613
80471727
188128624
116852273
186998851
235021400
95058812
253816420
157154991
59562181
241820570
201902895
122938502
233780586
228751831
72769613
112924724
37005489
43044188
125156105
110288449
246973066
195719453
42705608
238299660
125480180
240928380
237816700
234227543
210691616
19550940
45187586
125687294
110585807
193308727
232472997
216712448
246932825
156882409
235313423
236366038
210193862
246032255
141885119
221485525
239779099
163866684
109030672
135075449
199072539
168162104
246718509
252494364
162255745
56293707
251827289
142923829
30333002
216951939
182038343
254685967
182507788
163574329
179970797
254843390
156909995
242451214
133774988
146779071
232978960
250065012
154683653
202997433
253793138
99228747
227214721
239867123
170765723
113837105
122258919
184101821
20897273
25790004
18399603
72307116
150578312
162405224
219861345
245731917
131416284
26223935
175164391
131574472
19478383
250864218
109267587
20661527
254179484
90984976
23135992
224974638
65589378
243512685
225383467
176781564
77397936
24134009
21639416
141307860
105297363
73986605
245985644
164443353
248220857
45630895
18916750
122042413
175796771
166584190
75315862
136404606
192833249
112713775
29287875
206733669
149535775
110510183
211489852
176811252
159937036
201442109
80741351
170099116
106253021
133371908
194085150
75541607
152712644
234204531
190600733
115154350
116929349
185397611
244837864
123706475
70479091
247189154
252199480
22108647
225738812
226779596
252143346
179293874
170124415
99194149
23126646
98143671
130324514
96851559
37508872
115647200
249916972
164875441
106703903
21602208
67310480
232445524
19367142
197504291
251484285
241459651
87190273
51779527
242387987
244349424
42207017
240616259
243495138
122271482
220051700
158294843
244464288
30831948
110483334
184167828
20557373
30322191
169841536
233898238
217310399
165583353
223775769
118028227
19235255
250804278
245430846
245293744
143804783
190298881
167730941
55593360
228147117
28643469
19977422
197557451
234775805
177629281
245672249
183464524
58233486
209768686
207590147
197229762
81040900
139942110
160877072
182113914
134194278
127991676
242769481
175094625
133536930
226655899
139048171
241767313
78037670
166122939
183338343
101228606
220077989
21707582
234269945
193064521
192538767
29864168
125169530
210252466
240984119
155766154
93592998
184256802
118960084
227592057
108668938
178512955
102798764
124810502
58882071
191162920
58529226
69297315
234198367
163572713
70767628
210358724
232350990
234253402
216985673
189044350
231221893
170860772
65429883
25713667
248450085
133109104
221419469
140006587
73909215
71034426
241457167
119068931
167994689
87303542
49177586
117647127
52689846
130474496
130462957
53535379
142326651
92243805
192028589
192393460
94304762
59936309
86521213
100854371
144105043
247379866
138209419
197492271
147521437
54879409
248252086
20732140
187117946
54018819
202695541
225446788
224329057
217144272
79676240
122150229
90550532
242588769
229281174
212761638
237733914
19119670
112052467
163238061
197611556
72468172
70044565
205098979
221650229
226813700
226955566
226973230
219360731
207670563
207365342
211751538
226824707
94186925
61503837
81495382
169436282
38489435
19084628
237627580
166609708
234697560
183535509
119131943
219607303
124120438
108470267
194752777
142505053
67343260
223633437
143413113
209779062
124409535
248217578
244899616
167163693
201730026
30745300
212413117
247137812
22868427
244875331
159087721
21460496
178117939
244587668
186562415
195437813
120830812
196340228
230007191
33883557
191070608
157235398
87933605
211154926
243103413
236735233
15689698
231860531
175624082
221222275
147279141
204440969
100462127
145917287
201858821
141511139
25532843
238720571
87710502
99143216
178664849
102706855
232135893
18500081
104179973
183444155
49785115
110107598
244162877
215045475
226597661
245419879
71564153
72846254
208141972
106780430
22970058
205498450
217361230
229545166
160157476
54176793
233143120
222585429
65905024
208751689
106781137
214345310
196241473
208755912
31065347
24334049
53893205
200678775
65662961
43909030
238328831
73692446
169396070
184532082
169536689
203140138
152742282
224498923
101753216
157865482
98401864
141746460
241261568
116219246
218396750
33754516
201520023
243834247
154484002
80902044
207881587
42468015
122060905
243002250
80435539
116341825
190758364
53197342
81463905
233397716
119446730
75294019
87494926
130008813
86570298
47427986
30170203
111824558
173932076
78534059
40558918
84773148
92386743
179227428
184610966
19758787
215721186
154013493
216441755
219992427
117197698
60494819
187995840
90571415
25307182
237489537
44888821
243795529
74267782
170053528
128953910
143467917
169646523
238921939
97602179
180425500
215912935
234941877
237383394
86357336
234045259
149118928
84125200
223804639
21228453
89584700
123527285
235713445
98553611
175684680
112164344
243888542
120193019
150714964
240707314
231387250
231008241
229836397
107037319
243808314
226442612
20479635
240834121
240863197
242030804
242050739
178808746
79747494
125696637
208519494
218572212
210157281
204160270
106146204
145811479
225298709
225454999
114827326
95354168
209591700
103106691
131864624
68173937
228765061
110438436
27805007
154057327
43475901
18598505
222711637
241366994
85901858
106564474
239490371
113969858
226415004
223589736
110016434
78137863
168586215
215528387
109464674
193945832
184239482
223953252
106554657
230392806
47627396
18399243
184737697
25840207
215693815
205567134
205558858
200251339
183369666
77769365
18707957
80695387
82673472
26863621
32940538
40874402
38331159
85490521
224505091
179006875
127038403
69844951
28302705
26941928
92637720
89337826
216234207
35091139
56699637
234161728
25029390
102090390
227441220
118913902
38925280
102222356
140205399
18773332
109963853
111302213
143899352
29089023
52833329
83556710
117796735
145676434
23423779
37070277
189244537
163556274
37877645
123359043
34915251
186320965
198977840
69291527
19043540
84577373
176794950
100635750
89956309
217903871
128689248
146573141
137138428
38595521
21906887
50908323
205598904
146137420
37859341
89731752
40207567
25312577
221507824
198710552
151369567
39595369
213491110
20876378
46532178
130085451
123442206
199124890
92152380
45073088
186106620
42399590
131953487
214858544
46618973
87796504
178356185
23620752
90366745
28498894
36393225
164489026
46156272
18717537
29471232
34624551
163054890
184321059
30004716
71639073
27861659
39657792
143876295
138801036
80460221
19068930
52891214
66569154
100108427
29029985
194583195
168523461
46693041
36799348
57716912
141375299
25296537
35464868
45656088
31296323
61778769
21662775
50459077
31569274
156864472
213292822
69828121
18870660
103289259
216792192
120122279
121089646
92158628
71332100
184685798
34114187
182424915
183140865
189988091
84706027
234673666
213172552
36719360
25426013
92678445
125331429
107365486
61883300
21962722
235424039
164683052
166758730
231455083
105892013
68167187
70942193
22168877
64842218
28190020
58324948
148237796
188757288
218628155
122805006
70659614
114467024
71627669
149092989
61971950
62273782
85280514
58780114
60645421
148363338
109006492
140134138
198940176
201944989
134953186
72400832
39526140
185943281
22590083
190136936
153468990
222960079
110819199
226656443
85211699
90643455
24052479
87021772
25550644
81951023
76844915
23082607
33739364
20680906
41092655
29674962
22173981
30632983
20554833
36714795
204647390
23436363
232712409
40095335
29610249
213288119
214451764
36689214
46089916
219196353
110524629
45120166
165039475
34210764
20485815
26841201
19309371
43607566
40968338
52941664
229356556
21156916
70652931
82521083
201741560
24971746
79016013
103244701
22026974
60477567
19376189
206316493
25990570
19399013
26228882
38485426
61446280
93973448
67612387
18565342
41395854
65031243
88688714
67393160
33406310
216327662
50786145
49969202
18802353
130740656
85306755
40016029
32133049
42422464
22944390
170808748
116013986
196027617
229974655
228000232
19611558
27841516
22760071
19126741
22482883
30464208
207422237
67295477
55754116
19001855
42554930
230072721
24731792
21109950
62516866
137448561
52930375
83048448
82698042
113734388
214194241
206845432
71398886
222596168
19540588
111085636
137138338
126754289
193039731
229291215
96967460
55270161
166611033
43680562
85781985
84096224
55550370
82247729
117240341
43406146
103668802
30249176
197050819
127290320
56484906
22024926
29751645
129868831
125813255
79078763
58893281
76818460
75567037
138813102
23401466
146678562
24315774
141859511
154809284
160960305
151053043
26885898
18206948
166892353
167888371
37221360
139137274
28402860
134358923
176745403
179132229
33029077
169049967
67044545
112443008
95974802
81654090
162053794
190113545
192204856
78117863
131965420
38277143
116434272
203177356
195813974
181821784
105957387
228071529
124813819
71641060
135348838
40998824
25594359
29906497
109263049
26051578
18763527
30031784
227831743
111263299
217720633
44215639
78997239
31778659
214203531
105163877
46103871
45224234
21315038
24031518
45272779
44102112
225207525
162772570
32722798
18858916
49317490
43368312
59956246
19618756
206371643
22947128
30474138
41144010
16655623
44366343
203787757
75212218
91848539
19749897
27378776
151315973
223783656
47762549
22046617
213153331
77055379
83198648
219337066
27935873
54227279
188219674
52094744
43209103
89460338
60108030
61023480
102147215
97701861
73208685
81985584
86195879
28127547
164544336
78089498
113128991
77019139
128535153
224027851
224608173
114295349
45129231
201152959
19195914
128434898
164166350
62855217
112895182
153430177
188513041
52057101
87526515
84390582
87706720
112848932
163564343
23530440
58038880
145554489
19331859
38778056
210925033
105076089
73188509
147757994
223083855
126758153
63794938
38892582
139486575
104915074
143130348
19887545
209266025
78365587
25013220
208719660
142149997
154646310
96170025
20064015
153278115
157619029
109017194
157336042
34079088
219365716
26176350
155637982
22044994
153244952
32666610
115017179
149647041
77368924
161100856
110028978
164016674
25439816
72550796
67614120
23026088
21455719
148869637
148155925
174417705
146581304
171186689
37875744
157978476
58611693
112909761
156512776
38959907
24603835
143618510
162239338
182098180
29306537
37074311
173836419
71920525
125123647
170780840
180514298
177290439
130268758
122186194
150329581
54552852
177977657
24806144
188570118
88255101
189536686
183070607
192036012
190775945
188230197
20397590
121767166
195933474
117098335
193444806
186965456
128080544
137240516
27059892
194672519
131311388
172836809
176864328
174112668
75515268
175188005
193790355
48001737
35748845
37421542
182835888
55954221
216385233
185298142
184739355
58206056
133549302
185600727
156714899
216456856
42680682
201456810
26540568
203130028
34340101
177970275
20751033
142300636
188633471
36331828
36713201
210734999
24095880
199574287
33277768
114600133
67321398
32513166
218511035
176599146
19511386
19804594
23399094
22411342
39103190
18826708
36509115
82956754
206594500
31477036
156683254
195900371
46587927
32187367
198317826
27277734
185910836
63151441
157801117
84424898
192826608
89368492
99410920
76186150
161350511
176697765
28156246
44024225
198897280
103396508
61051259
140923711
93964237
188367803
182123453
22103839
61323647
66103888
22575838
54531701
18822720
216223682
32885617
27505856
19806595
22597693
200279051
46476526
23166140
37562666
46389803
46629635
139735572
204114359
45131559
149079764
67056991
196661121
21688771
80357894
20340755
196247851
90022454
121575141
39879175
35445044
136907361
107325531
154561242
159634302
210470129
170910912
88261399
175359839
35344006
140186720
154889990
189355275
192583419
187028757
140219323
168716384
133402399
98415147
193420173
136592871
172113473
105787188
36547342
53522797
23231720
18491727
36408401
23090381
41293298
125609708
23396440
71422449
79250882
20187037
214181479
166012929
38716052
51119851
151369447
100083690
121764008
22527220
119857848
90348457
87331481
117284377
210804893
56735432
87363816
155797105
58201183
80985568
166104159
122483372
137414381
44336976
177608750
187706558
40069368
127403503
191331493
50510654
158167214
209480167
22821175
164995957
193459662
96405095
163784155
145744320
29801356
63100957
102694120
76253635
43159135
203568429
210778303
183642502
175073176
182355768
86903451
202382741
103877923
91530974
139865812
195240258
202844762
42708186
142162164
183168672
37345216
138755395
150182529
127194053
192001869
34516491
71532738
108524301
68594615
78669679
102860777
111362578
123690863
165125494
140275190
131614622
131607950
121584525
119710421
112700518
112440057
18943146
211292749
211074893
163418826
30554541
170531918
39496172
208037198
76395556
37809404
148819561
141974288
147932843
126551471
56476394
209130770
197618951
131490551
42755602
22360208
21778923
23508064
20457696
40011965
167899394
79576460
143215350
20376532
77158175
146346340
207832714
137420217
66312813
50530086
198007419
111808631
184184224
139304812
163106781
168992774
175663377
129906787
143506568
99834908
163247716
25923797
115514682
102071062
82505000
25446874
114395435
121541285
140564601
116008514
130751882
172861475
58194118
197606461
163884108
84549308
126012170
132148913
46409048
208650570
126073824
126326110
149122930
68404030
189581457
154340374
139775488
81977111
28615480
167239420
86571489
184327985
165624368
76360655
118025023
129286261
191814572
170488658
150742505
207736580
204796388
201132591
197268941
193333567
190836882
188862839
186686003
185987605
185482704
184759459
183142076
182987447
182083300
180837368
177187442
176347691
165967022
162019715
160401756
157895111
144972977
143350948
134457542
131694553
128745965
128341477
128249244
126427293
124345357
118950441
116507124
116248764
115969575
109144825
108559410
102423111
97749866
91070259
90529167
82749796
75078333
121878994
181258355
179859407
184556432
184821893
168467944
131832830
158096894
139182327
167076749
135657542
87813952
168141327
168682995
184010473
176799799
182925400
182661719
173840332
171050018
169512223
159492174
156379179
156073066
127550760
124584696
83488180
78732634
183125734
145271681
115328435
182588149
175647477
169954540
168980389
159882779
156250537
126605162
124608675
80048722
74732486
80152429
103576717
156976951
113870787
92732457
181155323
172543880
159553048
139103029
128922310
93969161
75017579
72908750
87447773
149199380
177175855
81336472
94152547
90026408
178311055
156985586
146065674
139575858
122991884
78252817
113670852
151597498
177771596
80640588
104897783
86264257
141856231
138879924
127361021
164889870
71517363
178022468
174877644
171543671
160249965
124583684
93236588
73995257
176853777
116209437
99002460
138413061
117183451
111609265
149167233
106692888
128136509
145347967
86577075
146150837
176591207
176413548
131664687
87423417
85851746
122774170
174240727
173329548
150346039
123690246
173576471
107912421
124267055
175623790
127652103
104732286
112079326
171804771
137529806
135506480
94893735
90026871
81189900
117221179
148584585
111653852
98487331
95727695
98665633
89198940
164617801
128034491
146232329
101923816
136403582
169473763
160760451
131072941
78905142
91013959
106207669
153892049
111562823
82985176
127375010
155616711
106486175
81140987
151464206
120363481
135617086
97781581
99546591
173529519
173061409
167835784
162708788
159980947
149275731
147154958
143741040
122182389
103874854
97063457
92777068
85742782
91214149
145098926
119099002
114614151
130989171
103464104
166173831
163481189
160655092
156592949
156423566
138695829
125406364
109472061
104600069
94926117
147120004
156574703
95584313
117591294
144661183
95338408
78081177
113235392
166297885
140695120
137486677
69889268
144335716
170364553
170014009
168776941
166311861
162140537
146357555
144537117
103815055
100434169
99326694
96019718
91378709
79918175
75011090
139168958
106260196
169670536
138221532
100509219
138451022
123751631
98574574
164266423
152607372
148159245
124554904
169495481
164256408
160169141
159932354
149605613
142724647
138526179
130185365
104076047
99294254
127069749
113481810
150934336
102214036
125821242
130804995
137215218
149795749
135046272
154575756
155064096
168160321
167954078
165717583
163426850
162202277
162173176
161295741
144806751
143465865
133677983
112334464
111470691
107226304
99452683
93329909
69775260
126986660
166480583
161713344
157294221
142765215
131022374
119975567
107247610
71600961
118406667
104297352
159143466
115486225
135314905
154794708
119425894
85584469
86531885
91041964
109934831
75014430
151059009
106846617
153989132
146966381
165228013
129863286
139939482
88992438
74291135
153454664
75733325
139045670
106191961
85985569
163499670
162774751
160482897
154364937
153288988
123344874
69798765
155624125
156653706
149038648
131702265
125356506
123094571
122370800
121616662
113785504
113556518
110925110
110517712
110262665
109672378
108767927
105357040
104971060
101546935
89237118
87450395
86335203
73194353
143759160
105565843
102702709
152536098
109813218
100959627
151151165
140228770
138696967
104972532
152344932
96386471
165770921
164876195
164629551
158390491
149244952
147688163
143396195
140079968
139921760
109085165
103397227
102175852
98805731
79249149
68504918
72941491
161729353
160976195
155841690
126294780
125358677
124994634
111996100
110641864
108734349
108260214
100964881
98359604
83051822
76655382
68057592
76106233
163670064
163312644
163306033
155177996
149147689
143506154
142215436
137129618
133906709
130834392
121364574
118703092
118226099
117040707
115404261
109222177
108804482
106795486
81324214
80858267
77550851
75255479
73954428
72702102
106055629
103655153
95145576
153972560
106283752
82559832
83058675
162196463
156258094
153822158
133144199
124116356
121070879
110753360
104980313
104075005
102550846
87294741
95983556
106673389
101722296
161162151
127470921
115476904
114649088
111432532
110854072
106465144
75720158
80915154
153964511
145896630
110331991
135303825
111663454
109237155
108044310
68783084
161716551
159330084
158706692
121796965
118208569
108436877
106322243
98201361
77537340
87051602
71973644
112656814
73016728
133090209
161122163
156852178
132475131
132329788
121465926
118154517
110198287
109793150
108097631
102194317
101539412
96074271
88792913
87450142
82639300
81921126
77792412
75728914
72568891
70999014
126684569
158900799
68137527
153247965
74692075
159413668
124785868
110053192
110023393
105332817
102088024
95964764
125264427
146171616
132635315
112521824
110991942
109147851
103921824
94427291
91198606
89994979
129768664
158857202
157201331
156878388
154788657
154607650
147223331
146029075
142537803
139317905
137175806
131023136
121123695
116935123
111537494
110048320
109975749
103414763
103183069
102048403
94784599
93930411
91768276
75241193
70830989
71637029
126618042
153746377
153471972
146923798
141318261
112212077
112201737
111796257
110504591
109372851
104723906
104428277
103165405
95252131
89367536
85580511
93163760
110226669
125109902
114999097
121917444
124639015
98075242
95304687
152447081
143306292
156343423
155974384
154088085
118575560
106086516
71334521
152399358
152860722
148476168
151714644
124395928
123681659
86350467
85616319
69233828
147701824
145012961
87203804
118860956
133091069
106101408
105949545
139485269
119769941
111076929
127787941
121504424
138769468
112271769
111227781
104667437
85623810
101904360
142954520
148492182
142406955
141846392
141034812
105269983
88106474
86154615
97469342
142783307
87978371
117612567
75973522
143522006
127426673
111383821
138835325
117860939
142644264
141454775
121498629
91260771
137150258
137595192
130658052
129220491
82242307
138847948
136807901
131029775
121470493
100139169
136101126
144544357
90845177
131863205
121171454
91395927
112099199
127143475
100892581
114124261
90502261
110336780
85956694
125182705
115549688
91598271
138146860
124898189
90541789
122711173
134250754
438471378
