48955317
3281139079
2964584867
10232022
48382538
14381020
2586249781
1552074655
136766830
12287292
15985111
3356531254
14266782
115551858
61245628
15184804
39871709
4164610817
25577936
17013577
8645142
23425491
2367111
22135023
3221480779
13889552
22881265
16955151
729393
544278468
17611696
33383
12835
928435039
3718003754
1920828379
5483202
3716851
35888040
17883396
19035253
21457289
97246018
263020833
3772896857
1158218132
1705217731
12724942
67015304
3432728963
1410601
29442313
216776631
89781370
1183853520
46347589
1711281463
127979381
13081242
3385779213
817083
2790966686
14525882
6296742
567607474
1236101
15293504
14145296
1933042237
1305940272
80693776
2916305152
3285680335
16566726
124111627
146428363
1719941
255049966
961278637
37986723
20875769
15348151
2997475979
1546190238
56831057
234136347
1772031
2720877595
3111744215
25453502
66979136
84597767
1563652748
11791512
15300995
14277681
14666934
166282004
14181505
83951122
17797084
16132035
541143164
33918301
18083393
21216597
63792248
14636243
79089810
14829543
17671301
73931098
15726635
8096592
8980702
127658538
46326920
25160944
14424551
3632372419
10016032
2421693925
1009760190
14289658
55937662
12447792
13753
257208857
45006093
28521141
3583264572
31337253
108146685
2752832484
3594265936
3255034008
2170762054
166301775
15484730
51009203
15118976
3353991784
14956264
1037701
175091719
12602932
25197456
12534
3315420203
111650811
224691096
456808166
121214676
3232993818
14293231
4207981
21911926
152940216
15437616
16273417
309462769
3002788946
400965715
36511031
39487043
163897617
398343425
133022410
103923794
15953311
16708291
17127165
22905076
11514532
429690523
2155365768
472436760
1680362934
2446931507
2300333096
407274356
418108291
3205
175184830
307203367
18484673
2423489323
34704808
24053
14334885
3170076946
108404713
116285769
2870772448
21094279
3297706631
59833
10818002
24346550
96180988
385013701
125071102
2470499646
81123
25601045
746055972
20629862
3270987666
16366472
12365142
2555544679
1138798952
70869548
95517347
41603960
10660802
22790881
116568685
235355784
13857342
200415607
28180418
2194208984
606546475
3188727106
248124298
3008247697
3166864527
15738935
3046895253
277124265
1536791610
16839301
9767702
487105875
12020302
2962250933
2883590505
7160892
16248654
14136751
106139622
8858632
26518795
134960157
17768442
1284673796
258942511
2318021916
26567591
22939840
2626868392
112473677
2994075313
323385989
14795171
20291192
112792829
54577318
354439554
77937642
3188344743
160486444
59532191
14917754
39457377
277012264
93920255
117855200
847412334
1444518966
1064741256
422401447
14747725
18957805
272403112
13145012
2830838932
14498484
128602403
3076649353
2400631
1172486461
176235525
137159973
103413137
24807739
5548952
53413
14150736
18544024
46040698
156967608
32613
1272928387
14649959
899731753
816016
594038737
315008064
27857285
13632782
1267498194
29223593
21692785
14123570
544501092
17607834
78716272
3183721
16059332
14187403
23352131
821
22186723
11037292
935447275
52789379
30142130
3091288043
121593483
15716743
8115462
16800091
6484432
4690301
279672164
15987732
2320475550
17310646
1263058002
19575406
42480399
17925409
17084357
15099007
13602482
17119766
2811452385
3018991816
24500377
109670689
6034992
207617689
15978412
846994418
2902651666
14414286
21993500
27024603
400148907
2319611
92095451
40040788
3013791774
2291726940
18132825
51049452
52753292
17875973
2987221467
19036294
1469283758
1264487023
324095750
2975147487
17175973
314587185
109364762
1413417326
247329714
2542555796
1283042508
34612564
334002589
1845211
14669471
241420262
128382582
42462490
1161711121
19219421
4076241
18018877
142453740
968881477
19959946
221451423
18835856
167834639
15363129
49739243
419308842
7770342
96268540
6102602
18059898
52407579
209645265
87554292
50215510
25412522
9696462
38679388
15411858
2996054037
2865812463
537473601
47152545
52340316
178447646
20367011
1505791
194122373
15684633
14892191
1339835893
533539874
1249555416
16713948
745498292
248096731
3004234438
633
4282171
75913
350508003
14303497
603224522
545363950
17659162
187793
9550352
5552492
34724236
1393101326
185587555
1969635301
8627522
46340892
2363506767
44378181
8090172
16027625
2834334457
1760431
1882601
3215861
14479810
16295946
25360326
1309074793
230242884
24779376
35596386
240934157
22970910
14103828
346639712
232602648
367931172
321299775
11728992
2891321533
19514443
356445530
29961751
7374462
245410959
2888608786
249351969
253235229
17800533
30111285
19452751
2892078532
23554149
255617445
40631172
277071665
8919762
53398275
16435797
143451657
17071737
196481854
8060152
8677802
596203049
76343911
247156230
814589791
134915139
15682644
74080257
37853966
1117836660
14062180
10007212
101806923
1502
1099216320
18487730
16598483
2328230167
1148844536
157394043
41713
5062341
83850551
75054396
104519115
22387220
46023
11302402
56770312
11113842
14591604
16841687
60394541
16892321
13893712
1029063553
80944765
10264122
4818551
85649579
92585251
222652664
67090241
183898020
376362923
560893624
61438292
102186159
588743
731418870
366694781
58823749
2366194867
2777123581
272520122
37940435
19430233
8315692
248337991
1242352886
44903491
50383512
18886228
2719581733
208442526
2471632388
1055970908
86892924
6820962
217437553
95339302
249419602
62909099
18037154
174251966
5476212
19285268
401814274
34026024
819963450
14375294
19471651
17560001
796379120
51112072
35943
57625403
76348185
2852648733
371017223
25111672
117178834
88707084
48251605
14903327
952312734
6748572
14714760
16942727
1942318010
14574932
24217207
2670414722
49413866
271970590
116010497
1077914018
14757872
83047883
14813790
8486712
70174894
13232322
26609111
3940201
2189541
20565064
18446787
788059556
15150453
20809522
2323067102
149763
945284660
24254084
8475852
2837822434
45246673
41842768
44780391
12917402
78310765
21135674
356663
15076747
2436389418
14080724
123405224
14913741
26497018
13860742
2617610214
20751625
143449579
2701556196
20666339
47470008
14892764
22906582
48668310
16284697
12387072
7660122
11250
15367053
33736942
3526251
119293693
10838032
14612710
2802867446
2797043438
814881
30923760
292515375
32491666
13124
2548562407
5644762
17241749
782934
2830816290
15443393
58708498
2401933753
19193287
14452237
195863654
25483164
12524622
16176652
604940737
161784263
1266209922
14218310
15248437
14109167
2067201
194094820
46200798
253152109
73939990
70478255
2384071
3339171
15500367
1285451
1051171
17352235
194192756
17787705
36771809
37675694
2817572184
27605306
251767189
2802256873
12902
608411933
1923002094
108369796
20472414
24007000
5232171
20956686
19551341
14960835
21265797
561722062
48569201
261025036
14606342
115084046
6981492
16799897
5380022
12377822
248701234
930061
13958262
40273
11855482
7552082
367169552
28494014
1648507927
15467700
10454572
1729893264
126030998
2217099931
19803953
1017478878
14597016
703643
14518129
139485493
88060423
120457236
2913411
106611045
591979550
65671583
1128451
1061207370
44412126
8352352
165270515
980046830
14335332
83170793
94581878
7615572
2375417521
14415338
627159123
24223629
77105290
18509870
1487601
14155907
21822169
264101497
17425484
107837944
1512282175
159121042
20308111
14992326
2435933034
11133442
16129526
273741276
18452260
47509268
47892846
2391
348082699
326063588
364927618
65375759
205360130
66025575
2517988075
903775874
5886342
145600904
18228898
289467305
16389705
15586685
305398903
32973
38516217
14417563
35318803
302508637
308494020
185898176
71654283
19624836
274754192
146930163
700595030
24155296
85369492
48428463
703642807
1934637625
53858783
78635037
109043700
186317110
230264349
279278354
423847851
2284042892
46216300
490716134
47553332
1179913010
68577986
14989470
94198972
16052085
855973435
21395531
18546898
194666954
53556469
126700307
80460905
829574822
17789751
815403338
44045569
14773649
1135778556
210236544
232468124
14191640
17050222
16306183
143390584
19320070
582233100
153912705
260022048
559819869
2174525810
91593332
287816744
21789052
152105503
1658840216
799630
101608829
19395453
12229772
2374780429
15642209
2393671512
47311830
18159687
6417162
18714213
11107172
8486802
50695200
19767193
18751963
4380901
2360086044
14846961
1485557502
43472716
2384278579
1237801
200018667
25570572
415798356
1293371
39815274
111710556
17029640
11385212
1072396122
1617603914
14334974
15662761
1031441605
748478131
3938331
15537962
15047955
30386355
21114935
2199981997
365017572
16336998
14501986
7264292
11017262
20475444
20783929
34227622
557818971
191049947
96049182
14636374
379667312
14599976
56812711
22270118
2244340904
320514427
6742522
2259613452
145768294
6806612
8271102
351323528
1894231788
1692050756
16616688
8960202
14702822
9964362
2233923931
16613606
41453909
259550453
356872253
22642788
17071048
24484875
1227698863
1139055060
454244871
14174091
1137751093
666973
73221502
16431749
1693509961
15663663
847911374
49375353
820246945
1918202534
8273852
19563366
414977064
132038645
1485768211
376708617
15462484
126894991
20406724
124388447
102930967
113327388
11093162
106736911
11274832
27998331
17346623
5413
1710240588
3961541
22043582
128738898
14186638
38975663
739293
79220346
54795290
62066371
17687763
16893700
25165065
13983332
18212448
1954034730
1041011748
16140339
48473
2148140090
16958875
191064381
368540976
15022225
59918812
74123630
912570883
40009007
195673705
24911636
14375609
321722636
1286401543
1077633912
9963832
17907292
977619174
472409354
16222904
19128073
15033504
155748301
25712530
11489
275503168
30063921
17803380
185490990
14221345
317265428
16786960
15237481
357916553
107754217
931729254
15061423
1083772632
219062922
21919812
1486816602
763418
334107188
1693257644
27831797
94384796
12160482
35288901
14244544
80730160
46854762
569567709
392109293
219152305
16931959
1247425225
191603926
415500702
111670612
116361838
10369032
17560290
54290504
15825547
70482598
191929801
17877122
91844423
270183563
545432826
1874221
112814782
30331404
18036441
119258027
16899471
24950008
15339701
40755066
182101428
316516471
98220617
17163609
1303691
150873176
126447573
1666171729
575735088
18539631
41385640
345673106
26829176
242645565
606615855
49976458
20609587
762292740
51263711
50090898
56505125
2142731
783214
13864852
254247433
609349105
304880098
3382
200591027
241765776
14192589
62607297
1689789392
185163839
661403
19178857
126776391
59127576
159052174
250058247
91220992
566546691
45982162
16037384
16147557
216140356
220194905
6466252
1833561
14134676
8271262
44897893
62715547
15801584
177715099
9242402
54980057
16017961
177604604
328282551
1155834775
38667821
1320998672
33981587
12366502
104071865
9286242
64219646
621924412
207494657
15938947
125547081
12193342
36823
41650305
420759450
123073232
55514717
18928144
193417211
103155170
478757922
551131046
15679924
35797450
52818466
1446589434
376502929
1454318257
19622848
242539525
737826008
606543784
19384683
1152797694
1344658628
749902135
15714547
14733052
18289926
1319121402
88382659
496049389
16063378
27844182
1368785732
305804765
70748431
14437864
23476681
166361173
6857072
35633092
5708292
14485018
14267393
5953552
47643651
1259043697
340503394
105850314
15820771
16625091
636683784
47207043
72265518
133040246
269873463
18376460
407160443
76086547
43564999
66804635
18153969
10782242
46442771
15352520
12456402
35056570
15210389
31109712
13116
17062849
20607698
890911
399156475
134216444
463723508
14620544
18908456
33838201
232655378
13257922
14086852
6347872
17234376
87710158
296515429
187512368
14059338
11388132
5281191
265509803
47475039
380619311
16951250
55620047
26005689
7235082
77436748
33472982
48511236
16434823
38508354
16267101
248965136
215495226
841865449
162622646
631651150
1148827304
25638482
517042650
26858764
593286632
213833463
234919438
985480890
19158981
173669648
1059607657
14116915
16856767
418190368
453063133
471941392
19968025
784078
2041451
794808
15342654
609423719
17179368
334403432
15430066
522575296
5438392
16286962
15085196
219482589
14221013
957772404
904137332
5502502
193174069
13834562
16753226
473644564
130900724
13749282
979451737
168663228
64809827
137917371
17482679
4816
233364902
5943942
291901019
14342564
290180065
243842992
18033550
12873292
10528692
418315093
31418514
1705871
62819722
256845587
86248966
759726559
22162854
868966136
410605574
88836132
152143
95148369
14706139
20715095
326184086
117662694
7670202
98976495
24223641
319349245
32372834
18655567
15473958
24031535
7152572
19635925
719176812
67728650
13566872
64250417
615411374
21251300
606073920
7976822
595724317
592847942
587153712
19801352
317971866
135378771
211231441
33001141
405056781
345180485
117239347
60483594
395559060
101374462
353503933
39579772
301208027
31419887
8775522
21126246
18197498
190343843
132371592
212659279
185888608
169686021
20553394
19695687
153095228
126849171
31156692
101437080
43144245
6261722
49080035
18516503
21276723
77653433
9698942
28493424
42576907
1305941
21243612
25147972
18699960
19473323
23962405
