217171900
3317122637
69861427
3479528063
3543530956
3083883231
1052863669
3240550345
2516724644
1948969009
3399625857
2919267654
1380989161
385625684
3029771698
157851427
2214263646
3298473222
14457324
224699040
3932248251
3208770491
3221744777
3313461562
461980752
2497336783
32369976
2867330903
3704005456
3099772484
182749687
1725697616
2965074894
561437755
1021217336
109841442
3322141153
78541767
50763889
133421610
2714874608
3891015263
24523347
58416140
3234510844
458540728
3219666264
2464664059
3489748393
741194701
3489844813
163893241
426543583
3489823874
3515308793
3237673034
15638843
127804370
3795334343
2231465784
2230188942
3080149749
3798623733
3131298851
3824202197
271898116
372793762
263310004
284234987
764882036
102214293
3039681
2177130499
226392680
3880574415
98425584
357668606
3243047614
860311273
3305414733
213793315
1957282225
3076949507
159990614
1949010152
1077733045
2284545111
744309984
17010913
384553299
625251129
551373522
160007022
3301245662
131155149
3429675581
2295217322
160134843
100875031
26650185
118663652
2337220324
3438291537
3500440093
2931482224
188662146
2328659990
3158085307
3217075486
2349687180
3167598161
35267199
262978855
2446918674
211489746
814676742
155659403
2563814487
70698908
539063058
2473818638
462019829
3312285467
78706788
2208010074
319180323
348331965
231074424
821785831
1951604521
918415080
47377948
20351094
884476928
202685659
857832008
56726378
388925556
3242257143
3233900284
1444653366
408385187
2397381779
3436118419
3879383835
60857327
3431506205
118820363
287177300
2448330488
2290139234
1895716818
106629659
2652016367
27085031
2720068461
2497750086
3750501855
37599351
2769803216
1961021269
2824792399
535715381
19539314
2332086505
3240501638
230156066
3882259043
1207689506
340112424
1670476291
712454833
3657251772
2451240188
3666305537
137492233
1650093396
90852674
3702370094
569015256
18458170
393137815
3169012970
1322062892
2216410381
3382016500
3096629398
15374574
176556292
341190477
1668136129
1392462540
2197517966
2874221903
2932650273
2972989293
2334686726
263813884
3901930883
926311836
3436405504
3252605533
3899846715
3502712895
632141387
1312222128
155201220
578952986
206175656
3375487216
126760716
103428836
618726182
3410073192
2627519515
436093697
138368786
3356441505
2546645348
717741019
3312783443
3935025975
3647544143
511223459
2480247937
2765273006
261541246
2366871162
183360905
87288011
37915193
1882281708
30791664
3040081633
3504147974
21896677
3243205962
3925789577
3227454615
529192909
2790756034
93513345
3062009023
3029856875
210910083
479806408
74219748
232905913
327943363
386732111
2583889045
797557909
2924481163
3315855847
371699088
3298440227
2673361999
3785231775
1636935260
545605650
2213173855
269114591
303080295
13295462
3056305736
3378597318
3262791080
423398760
2832185254
20228233
2936464020
1269330050
140635836
2821557884
25552593
263786496
3739508238
233597741
3793164252
3403961439
2911339327
3152716361
3326830826
22216521
3374925159
3722695713
3114861733
2819881587
2712839634
2776147480
1344081781
411845007
129858997
34730520
45428507
1422281954
3299248409
2767303416
1570843675
292819455
165899886
2773491744
197464628
2462323412
28971190
67175124
2844086163
2158166215
234591466
21268553
41648463
255059903
2570681808
179281589
3343704393
1536469418
3422572960
3322273765
2376033342
110707187
503286165
3718749807
3154587851
3420012435
3551338519
2428776326
459269265
707307750
1960954008
2197397851
187893930
3092447482
120939078
3298911327
19684844
3550869556
3289885236
62738687
25714158
817977
19965877
806650375
2319086766
143017309
3304077694
3070652528
83654446
3003855975
264099812
3867212541
3013655698
2880711558
10627012
630339610
221710636
2709441722
3317498189
3812618113
3004026975
711385830
99136051
803788783
1199089674
14238777
3853770347
3384615184
3066481293
3244116083
21426342
2281629350
54624029
36911864
2688223291
26940628
3369275374
460142696
986141317
2772710175
1036767684
168846218
263564090
2653602817
3728408663
3698700384
3260400950
972843697
317291518
148089228
261431332
1966921812
172867574
76639716
2341266996
134012373
323281136
528791330
2952499097
1556987058
3618310636
946649004
1440989480
14645160
1426166592
174281519
17909176
3247554033
1286150190
2680358389
80012715
3256733388
104178874
316107007
146196339
107996952
487577386
23639144
14735589
3380494941
3297159055
902684821
14729496
1471187828
500250953
102018932
1149559242
3827461397
1954712144
192578825
2836199453
164350287
2815665099
3582878489
119161370
3371811205
2207564528
431490644
442752194
598430541
401132678
1872442340
254796613
3099694873
1451228190
855737743
3576195920
458940408
35391464
26522642
176551345
29524184
257474669
26286109
121387384
242668238
250337570
22903166
209586200
107659822
384136070
264133119
1338706592
340612141
2875590818
3562126033
3663273978
1684287974
36014186
866466235
143971046
3603353597
3150677449
2462850344
120770815
2972468227
20486747
553740744
3037181952
3872560769
11394652
32199654
538691394
384807244
97159418
138080865
3796841000
745666292
47427230
19047201
24786796
119853553
451316625
22894386
3618718516
1062049963
3872492901
50178880
2781327319
1262774348
3872587816
3285692048
3432034119
1178063995
3307548065
849258518
3291808790
3864095051
3794690233
1483204369
47701971
78441710
2258769614
336014537
16415602
498511340
110245951
3081358654
458217780
2189990244
2416547862
253079870
3795736574
25065417
1054195772
3000372784
533250738
3248712334
15901029
22228759
43471549
3015916574
3658514607
2809025140
427808930
135564195
1330501118
3024424278
3782697439
3791257332
32907771
353673603
80458207
3225702809
60746154
8820652
14189292
122759220
26554000
3257928704
119431779
259689332
402460314
3242746017
3242623966
493692360
117692758
83006174
263288756
3242483956
111190898
3810373276
3287502020
1605074306
3243163474
2213388451
2368381777
3274414162
50007159
3142644180
22820540
198187535
1145376080
117150163
14167060
2380635170
2588249504
49087275
3549590716
3586389438
3256033034
29160193
569022995
24217921
3312922188
15859039
50733677
15441074
16437867
3419002526
2856913936
140010098
57158676
3121059725
2470031935
370164025
1241786155
1195362043
51122125
440418743
29507705
444023903
116849502
1448857430
2812347568
2958811470
3041827603
2175002503
60795637
459534627
372965590
1591921164
2453944471
40892332
3187299691
15475837
426382742
409256035
3256886701
3015865398
153476385
2656577544
81019673
13093882
52384621
76441551
2901883849
124825958
3217861052
2331561578
762355303
1052075959
748043336
3241774653
225908208
197529558
2523297025
96368598
21216917
3439215219
17617767
626065681
3035793730
2306666518
14318960
1527864974
3229263121
129129718
3691645276
3118978727
3417541533
3597484641
1298759426
175590041
2970280557
2927180533
135841640
200250749
2307675307
60349138
232698219
3405026375
35778964
259790447
3596451796
216558300
346318126
3192568395
11859822
18993395
632783459
3340292110
3424883771
308726183
365328636
3602885777
1285383608
790015489
3603355101
3198439335
3827233636
3424632406
3424279600
552527567
302822211
382038287
1378002421
133859680
700822783
957131977
118704243
3333557865
2949090111
132408156
978479708
980430397
3423879053
1647153894
927751477
3596934868
336862264
2445216078
3597522137
533360176
3418045721
3595195581
3424795887
3435717312
2277815413
2484169832
1638689996
1566053402
118067138
1381319731
1286590622
3845228248
3197590037
3427367285
393216524
118345436
19978588
19120734
3419438361
134832099
437512477
1906594148
1010094835
19616378
3296431670
3114610490
3867013228
3778995381
2734143170
373577149
117760769
3313343454
231774477
3427457380
3595781175
2593503014
14426771
1322691
493609953
30343716
3874281082
2981626025
3528336612
3434291487
983467615
3736166592
2938397543
2824915063
161105036
3874279997
3836771475
3791172740
3874099887
3856033997
360429778
3823790283
3874496656
1926061477
2885540404
3396424992
14069063
3874492833
3170798052
3305911242
368970737
116495262
3600854069
118797773
3874708763
3534938476
1389993348
3650280013
3796434073
166738048
3774806292
3071396181
2435216486
3678236892
3322478744
2294998160
3082460918
405821055
3363034691
3098057861
496475320
3869552715
142909457
8666272
2938740376
3386364568
803325918
3400984409
567448044
3875220143
2962464960
201030266
3865524148
1169552930
3280112857
3873777442
1148340284
3857469562
3400897173
741084066
3875255285
505302534
1571248710
2882263959
16392208
53925101
105669501
328990309
185808487
3270331903
3242951476
171827285
3242534829
14212297
462754174
2393107628
844283083
234304384
3198224658
167213054
89551852
345739003
3257570847
3264540213
2651465136
1871726144
1627677426
62866733
18822540
92808495
3112443828
1933042237
471963
12055342
53829677
408898240
105161933
91536867
39099783
2282111190
2239826564
126324206
24653683
2534995142
2168146596
1138759182
2168145476
2168148265
2168145180
2168144701
2168144365
11164352
2168146441
3134639978
3532295186
2168143544
2168147755
2168145878
2168146382
412914400
3174757378
2168145710
24697906
2853600951
2168143352
2430537896
819597596
86685211
80759906
85741515
476443251
77317204
20310870
66384869
3220116774
57280645
609718712
37233478
1288285345
786223237
239445130
2533022738
551789117
1467306116
25343483
31263839
40349641
161911270
84273114
311053470
2310288379
1629244514
814090
2803232646
2913618681
2913644218
2951503574
3183441266
2951506160
1876354615
3186661970
1877234479
2465134814
2509574215
461576749
516955491
3242575152
3245479868
808148467
3282726445
197604049
2219303582
73658013
3398647960
3303763627
2668807987
21896072
834526411
585828679
3057021325
380752689
1209558716
3318571980
17105629
19597908
116152274
1268126736
2226920486
3232385456
16886925
54662153
822013184
15627107
1297100576
1692211585
259387703
284031415
2686983510
34977164
3243614782
546969037
3440273714
846238740
39930469
213119979
3084335751
1918697988
531162864
80111432
3244407842
442994930
3606268212
3218626113
35805070
39328908
26391721
3010386878
2414709972
264048469
28718888
14114393
5514192
13802392
3197325017
2892864408
3141216702
511043145
2925878687
2165341368
2913666771
3007269451
361522476
2411719117
81834262
30321204
23401697
25685616
729282210
3433787135
11340132
124826748
3298687952
199910269
3303435032
21314485
2467766509
2333503226
3335555908
3392464066
32567088
60873940
3185558162
16686425
3228956580
2191918117
3300781131
18863694
3363234833
2800140859
51746108
3513747383
3142137299
2360882965
205522778
3248731749
305390944
872074100
3436154337
46476526
3450559092
2779285658
2794263158
2249773479
36739610
3449295556
1870169652
2911073228
3490547472
3310070702
868665511
3345371899
3410911503
3430723131
3496579273
3281721745
352993027
3119021202
16284705
3245754152
145118509
17881773
197499997
18622121
3403572719
199412294
3037857375
3605591657
58552866
3438868481
95061659
1152288188
2827322259
2893762692
3468360922
315230421
3000108812
3435679817
2395238334
3077939934
2219593346
1209024980
3226200115
3305937420
491425087
1878762438
2959946256
1379383070
3364587400
962747059
24751227
218532759
360383851
16438898
3449199065
910241245
3432672021
18995412
1093141357
3546135859
2780729011
2848292348
77619595
113108098
15638512
2790694010
3227964590
1367479464
2378299837
232703082
3537921135
84258420
277703397
392831354
1413856778
229088378
3133922242
42300159
3181092193
3570838337
16262203
3065614122
3049847266
323394650
3319167856
3595517178
2650041866
2829480156
135161577
451429617
559671160
3617447184
3128474378
3625146372
894272478
3609976634
1726289174
2789356171
3239683808
403942389
2981274315
110204323
2489037294
3764695876
704517061
3571736779
3675141853
3763387217
3640032014
68971853
2242666514
2709507548
2903023016
334159091
3289621119
588175906
390905408
1264178586
2512494217
886882542
2967740879
3631714997
3477017712
3440100376
1511511486
226661378
2525753316
3149973561
2231233459
23461759
3166471002
24212627
3313591435
436611833
2309607516
568310541
14836762
2445958928
234618247
977908098
1184012984
2648070102
2676418279
234489403
1142816695
193048145
14116661
62638560
34079088
1577274294
25697919
3004104019
214473771
24993556
1113486734
2914253972
103318485
3017883398
3263947532
3018280845
3233744060
144400453
59565051
42527059
1856523530
233734110
730774820
287779616
303138574
253719198
337716648
3276699919
20417674
26628804
162611402
2956267625
3391629657
807184921
237509842
2322440246
871152554
16394643
17722477
51781299
1962117006
1426174201
38913496
58569413
3400551147
468444156
382971801
2879453263
429179115
1890842214
2785121515
29838081
152246181
24203304
2934335580
109486443
219031924
20192882
1314629000
902679572
743057700
560684953
528113074
3201123569
75338321
3519761719
180754411
2412406063
3426426184
2230478545
51985736
25503051
1668678920
961125007
978611612
2623640399
2887056429
3266880905
3085568679
3145237469
119228939
82802187
918505058
18959244
15929073
14159148
92580704
2272670730
3585575368
3233391729
1439899027
576500275
1078826719
18300375
14221435
422756737
180653777
3030172135
2956956526
931024693
3130906425
3771819383
860252845
293761635
787268306
3488718506
1445603047
3825777329
3282959948
633429068
32789366
1525696230
3494860827
3339518639
3680644396
486937798
3075943055
3311349775
355784391
19536201
1490300052
155083288
3772374924
3490876334
1411890770
31231597
1965358130
219427536
749902309
2806002791
169967650
1902015966
240027157
3490815253
1382336750
40506540
3085734138
3490844293
2985060915
75376052
3293846777
963252565
1615839842
1020961
14278978
3382
5571602
25098482
34700777
30090529
14190051
460069919
3031192491
241988657
505781655
526649193
3559480815
3246875689
1960841533
17734306
3385469506
3490662552
3688900879
3224465726
2555712373
2574637716
408985027
3154415117
3228158433
125512325
208299387
3092986571
2925853385
3870788307
17462337
2931050661
2314384532
1270580486
3199231839
318324274
3335480513
3003714079
3176956332
3307273138
60642052
14653404
14343189
27860681
59166197
168857946
15307727
41003633
20339060
64844802
27814665
33846451
487118986
24775410
14277276
845831238
113130846
571202103
36511031
16634635
12
16652611
25365536
21447363
26565946
6045752
183749519
2557521
23151437
30068744
43024351
121597316
17503180
16536215
37861434
15640533
5943622
36183636
16510537
25521487
26257166
44196397
69671781
16562949
17298532
816653
14093707
27195114
16318114
813286
175091719
18132494
15485441
17919972
109702390
15846407
