23482149
29442313
271938206
147919630
808342398
413802355
2555333880
898113494
16311530
263365424
33535530
26267709
498558293
27452853
15918898
246144035
229599399
14231419
2432351294
513739938
1375717166
1427757265
912988142
20742910
2844486638
38271276
17410863
203135291
794736560
181839598
244905557
18283337
3992574380
161419068
3302026879
212621119
2303751216
16017475
18622869
25021769
3689409939
3434288981
232883968
238220689
122422343
241226103
166255941
186952317
635840872
137438711
37935680
28115444
1715486162
26544809
220675376
431586713
117483867
186627707
701573112
76332033
165751179
3381791303
100842674
81122301
36984909
1307791
609320918
3293530884
36451365
35408978
2999839674
16753407
16161679
3262823203
271031107
3241647740
32450282
3305426667
88756294
141341863
16423797
106203727
197501338
961231092
37780719
1325751222
250906632
28405485
3062191375
2567888708
3036643964
21221149
16187240
104255797
260384666
226195230
1490625156
92131691
16338550
902791627
363997684
16397147
2564429233
360369653
1900566776
157073714
100531055
112944623
335426737
41706757
32745985
16384038
193566462
121932886
250326222
24902546
282189177
1046422117
212369763
259345056
389052680
10085872
24892031
1062258979
222987791
167849562
27013347
18965790
396940363
304578582
1919759227
378359484
355537379
17967737
329294962
14079041
263853830
48457183
18222392
212339329
159255994
17485622
301766333
65251293
796675838
89759920
193725962
40550119
53076571
250972325
735215850
500532349
19530437
18725061
17331154
14855250
125322205
410266560
73442845
132294267
2646091286
2976811996
38757660
2872088233
64713617
103047728
135362564
482360684
27804980
85596915
22190567
2533841912
2915301348
297564170
58340767
17765114
318177998
47645083
2865816459
136322338
18980276
257058263
92581274
44373882
113516847
2279779670
473179284
49054720
19030218
333535316
6433472
188738156
119898681
156107785
2866602140
2864999616
177431800
61589894
285259894
101386174
23679714
2458461151
125403648
2856111504
1603598809
2829579573
213526935
41425295
91572841
159913298
287336246
840920371
20732032
59143817
14252011
264072562
848430961
113440138
89551629
1604326975
14346379
2383865574
2616241625
1144168638
2443847048
56232855
214990371
188627817
2407278907
2734682622
780356665
71603549
1580304907
270166962
75000428
66717575
939478452
1586708581
1722718189
2187526638
115678033
1110656526
2610552060
472386602
223175229
1323144212
393538484
272423867
113639294
15463915
71976300
21085504
434919055
2171234209
437750439
743886164
398043057
108339100
771898538
2584872487
1903928010
531561953
282222813
620494544
730958460
2148208981
991092942
25359609
137372509
583851374
2513834358
136640171
2577683618
328002696
1901489106
1602451110
2315950477
8736882
47696263
18577910
932367882
53359692
39919950
18285850
17389318
46710447
16220555
15206921
1132638954
319292043
19175209
54730258
22320210
196246798
105219413
384238272
493604178
191126682
357894852
1004256811
74186967
180887271
373683618
1914746803
17523938
376809901
1042055749
20258171
22256343
1147970306
256234212
19101243
35399861
19038934
986857370
182971565
20785344
19360034
123990459
295289141
34267043
143224396
87423751
437927174
166017617
163882218
289998339
18663093
31569357
931882614
955604538
338515107
164865277
85859293
382718592
18663769
52770751
20928658
17684387
80913997
274775814
461258181
264220890
252794509
190702378
276661335
842362122
21951711
80917007
19916247
