31241008
3666739823
3578215460
1875837751
3577032194
3676935681
3586492832
3574929073
3673617375
3701705553
3599110514
3689526503
3661476376
3579919813
3680546723
3589389559
3677693187
3752149155
1963848745
3714732917
3669223397
1072190612
3586583592
2813153887
3599869394
2812759274
3311909427
2853413364
3572058498
2827274070
3675523992
3666087795
3666149243
3576702133
3684260717
3674882536
3689870842
3664928369
3668429237
3667073836
3661915174
3572204652
3598635434
3670515028
3574923134
3587409912
3647896152
3666858196
3578484614
3664204873
3708287301
207885811
3571938259
3663259339
3621243013
3609621252
1881562182
3576182593
517857932
1875509838
3573297499
3600049274
3339775241
1898558852
3664138883
1876644458
3586427664
401457913
3652784834
1879792548
3675698956
2814090258
1880851722
3600786973
3587733613
3744469523
628357725
2818543369
2359365601
352365389
3681413836
3672802471
3710715739
3676913297
3608147953
3595680073
3677041102
3671658623
3696243376
3713936415
3598926432
2795808245
2780805101
3588215834
3583821913
3664540819
3591240554
3572346552
3586815793
3644504952
2822415104
3635471054
3576062594
3580986013
3573782893
3666865335
3577888700
3589403832
3703730843
128207541
2993079099
2827223330
2777048267
2820553496
3750589162
2813716705
2822898979
2813692969
65548517
2813917627
3578055674
2826786643
2815217786
2813684540
3578281393
2812685563
2813996370
3573465014
2776283517
3572178493
3671093129
3670499835
3576096853
3674303416
3573652452
3448739140
1869740521
1877728994
1876602620
3569522414
3681326428
3748529056
15506575
75983307
582802360
823905
440398844
1024813118
3604812433
3576006492
3673114696
3667983617
23083404
3598657693
3571732094
3653548812
3664342332
3751081396
57934236
3739779442
2227615729
3622739175
3710535979
1887278402
3617167933
3666848059
3666013576
3589406904
3665697856
3573880579
3666397179
3670305015
3667466183
3667944495
3689731155
3686090656
3576193692
3674373682
2816190678
32746730
3571900453
3589154414
3611482454
2813810166
3665025432
3666140667
3583332018
3573318014
547543376
3584049553
3581358194
3595306514
3573639612
3575550974
3658137554
3753455541
3576271933
3680289136
3732269421
794155111
28202360
3609975313
558431409
3585382939
2936485831
2813983921
3607984093
2821643221
3576053598
1877114894
3670723037
3669572112
3660208454
627626609
3665400196
3669304277
3669276201
3667148417
3574984218
3745261515
3668818576
3703384697
2821118436
136318250
3686044816
3669541217
3192155025
3630452234
3662740161
3668343375
3663924519
3586855934
3667655901
119057749
3675760696
3577410254
3576097453
3577201579
162554765
1905837696
3576708493
3665518877
3586375812
3688661241
3673223356
3572102899
1875736340
2815104198
3573505460
3665821821
1318841958
3666600977
3495214393
2813675294
3578442374
1671647029
2817935658
3674651956
2813605862
83002087
36783707
3657054793
2813295709
2772367786
3096979076
3665043563
93541752
2825574619
2772644783
2822621971
1927735902
1875931626
2812761420
85630218
2817535596
2813636208
3610640414
1875923022
2812675334
2813522617
1394399438
2815184276
2813037458
2812746794
22404883
2815351640
2813933054
3619514113
2812977402
2813232404
2271021199
2817245953
2813411473
2821067281
2814544346
2824269371
2814239066
2824274616
1881747870
1209722774
2813887472
3659437699
3285909588
2815920726
3649249153
3127249649
2493995742
2813401861
3805051219
1617952333
3576312794
3573361274
2815831243
36092963
3577635853
3240517394
3675000194
2813425748
2815864226
3585766512
1879987501
1880902202
1877753502
393559145
3610066272
3667442655
216487676
1058942684
3666245125
3576620772
3754226182
3677261776
3577258284
2812901892
2824399459
2815443055
2814136080
2964923662
1329259860
2825276779
2812715120
2813519438
2813180762
2813207802
15320060
2813607462
2813733919
268012382
2815080906
1875759770
495082776
2812628622
113007942
2815965666
545430198
3318859325
40182400
3501908295
157060031
3735986954
2177905394
2813004678
2816352740
119831404
600662886
15481869
290697490
707755418
2358355896
1246485126
2224365427
343639032
360763986
67365487
446657831
133733621
397493805
325914530
474531726
26257166
1055779670
81669775
247589855
1086795727
20624061
2153686908
28238978
14308012
1384579249
22397083
3327241572
3184064357
15723911
39756267
22631935
548850667
18981482
1665598789
19716691
59144813
26061792
17288548
76970688
1464820722
897813217
2166409221
886230144
525713285
21011098
36999437
319000442
20217865
25505788
548749840
18905287
624556771
2767243294
70735224
469610284
18999708
2303515952
2266502804
407886710
18921643
