191324405
168882665
389936063
2848993491
106204123
37862759
16929600
2354893956
250096444
4218852478
95984800
151922420
256952235
208180652
500704345
3947603414
300429596
59203262
38459769
38429399
521347061
1265726480
849898848
177972558
236936450
25096930
25157561
39585367
1630642800
214641138
31928413
1110261535
3438485657
82120358
19037859
16626603
18060714
498860734
274004832
1425781254
3207922185
3224176660
3064976818
85282156
3386939842
1724473160
167518667
900624792
271452947
2431547652
15738599
614903379
16926550
21365909
487833518
258847118
16929520
234409558
41837261
3001089665
133812177
156016878
7381772
16955870
16686144
712767574
342169925
118886100
2330733126
17771038
2172121582
23200125
1301463320
168295477
906260839
291690583
1337382750
334393876
179402986
115754120
928602198
175049339
236959460
990009265
382833714
965249911
376435589
472058050
62340455
101848693
248415220
450738176
19038934
327577091
