154519769
2329297451
1302117331
42562446
415298013
2735237544
2735229414
17325301
115810575
6674642
3289104284
57126323
92319623
174754865
4210496471
23325965
3613938797
3045228724
2480533056
2780267553
636521182
783794318
2332153558
41192167
314245422
635564871
821853726
1589776010
140168910
2906600219
53821287
2299828581
3636727995
2580495570
3622907895
2880041146
811576080
158770133
384337426
190814542
110270282
2397058583
45454144
2968102223
925945190
538173853
2535499854
240667558
318038184
85168082
271063403
2722849405
221247842
388514419
2560508998
15403051
1029292628
3003157187
60331529
726881640
954549043
3485048781
1342704024
1684347193
2735243762
3379053148
410431084
3534762196
69081227
403707040
163071894
1463098478
41816371
102897720
36351071
1004936012
188877829
578600531
221071016
883301136
389866995
3256455856
2740496242
3393916395
2303344424
48066229
21011098
3428605696
469610284
2166409221
28238978
1665598789
14308012
14956372
334056230
525713285
15723911
11673662
407886710
276735880
70735224
