3310010815
444378105
1431547664
9509922
200607519
1558861508
2680135712
25265920
3351285712
18339379
22037477
121072766
390428998
341441078
3072083718
2420860057
450512972
3272997108
2354338861
33014441
4103122949
1737776419
3384564327
267391862
3592918212
1732721911
983206591
2153134849
3250943641
3287829494
2989400375
2285681216
374444828
756602851
1028389675
3289060776
132805249
23548186
1908733219
36044344
2316709313
3300827869
1968798716
66411823
43924880
35417737
3427698194
103734037
21870081
19195914
17242874
309210063
1920593396
53397107
1131574964
60461005
956258898
2284444122
98935164
1099740528
701262024
3353674559
145371101
3406102307
261008266
1566137605
2844412089
2835567174
2733444627
1631389207
3307244375
2371027658
3091828994
2967813767
84658740
40918963
858101330
27094495
19208492
127203448
2382416042
2249078678
46160498
3939359783
3830921720
3887655736
2956906960
30753937
2777426659
1677283748
42519612
2389052108
493572476
28823150
3885235694
482745268
1452139698
2433770430
18941920
993662022
1541191352
404761436
18648609
166617276
18457416
1377212838
92310975
1335008850
353920091
309974085
2148275342
856183400
887161710
35574064
2827336231
29216260
4204485016
2559239868
463100232
3320029818
2259873877
3018204034
352381908
124152546
3718293975
2380173201
709514330
562122892
3286874018
3051663174
21177328
17421214
18163889
19503553
22459342
45845720
125107469
441657267
431215934
324607592
317302612
242894674
262180194
1620163620
3161779680
750342270
3329031779
2752494235
2988787450
768895256
772358546
2468007312
3836807291
3865451538
3358328600
3567556457
3816296056
3546709459
18514964
2893025014
25082925
15151395
281274543
1651810134
3905520254
1900686864
4280144117
3959762838
2858830358
3259436060
2234779514
2252831472
23748071
1921169851
381289023
1956528691
1588773474
603981757
2516072779
4233796954
976484108
311326981
4076912020
3187123097
3980587221
1419432884
2917889984
3017018216
31257471
2346652446
426543583
3158036255
182384817
1177931012
31508235
476487951
3971506153
4298746094
4125660917
23291748
80705398
76966092
456631618
423398760
431117390
3153746502
93774187
15897147
24751751
20854357
3106069400
81434983
846768776
233702263
1278316406
269964216
105242077
192041186
19599503
2338857146
752419981
2871342029
3232768452
15449188
428663638
2845781219
4225612632
412914400
3219637276
253693387
4103067437
2609797050
21357741
64469855
1700426708
375813673
1712791735
3912709872
1103925438
17739062
132572306
2926081344
47202037
2671146002
102676514
4097629762
3273372798
482640687
48464759
3048109580
17248079
125071474
76621762
29128066
3230536556
66673034
110365072
25456478
29785854
1487502889
989100146
3067131032
3397847746
3314938056
3883560388
3072040848
735151980
188519777
3086554911
5563082
3802113135
103349566
2453473190
255581254
135981624
158230833
39651447
1964676936
21727456
3759334032
552005607
3089411620
2610771553
317370343
2891432029
2337087786
24436600
1850057575
2731581606
1389250501
3461392216
3267526959
3307159621
590162318
3381266386
403942389
3194621360
76972491
3286316840
2863574275
3149593591
42208855
2289073874
1678456699
3296585479
3623382208
420357997
3177197551
1347788347
2907155199
3264635831
2880037303
3708492312
24919140
322302667
3894778402
3309428887
2369573940
3153030760
253207647
28079216
3307345782
4193339713
3242827521
211918431
15432119
25521487
146185323
24236494
57460524
1704617042
3068283718
3720973874
211800056
3388375624
3387871373
28601983
29407646
444240428
2961078124
164386441
415842626
595807118
2561433043
490684621
115163712
1167448386
33574194
392025851
15391399
40171893
1054283395
991233510
897072666
472554272
283505636
119480392
469574767
2605689258
2258256020
895807430
3092436808
3203222254
913525249
335207743
126084292
300878069
18434076
115216654
1525047186
56458700
1972783291
93687822
58630932
115719904
322051392
96833323
5660312
195869144
737657348
2364414488
458861588
28660575
2209283683
16511030
61556504
242147639
2844028433
228200945
303009904
39097127
2736540104
2582637504
82254717
2479435801
426777788
915436742
2377695162
1373545975
81641574
39891347
487335768
2846778412
2586656287
74616001
547940804
2324238630
461706007
774188112
90018400
269164349
16433882
45862947
1492424312
2410951857
1359980808
2474612252
156326056
1727905608
2776070189
2279005704
2280943561
2901058657
1472906810
24251584
2553114902
2905540533
2596685844
176630438
2801547391
1898405526
616043011
283597404
2832472643
900162888
2910329334
2904181666
391145734
92352809
2899901950
2951620361
2951410137
2918685081
15476604
519610901
115409721
624600312
44625886
2279974993
14114500
2704436341
2895473902
178363703
35007924
480941206
1599525354
16018350
1369677084
2974292680
2978210297
1707807014
349931324
16852686
47673994
75805906
2901858556
2990899231
250095825
311038470
2984561775
2996398677
21718616
1609218036
73132389
2196561708
33173672
724871016
466077780
16322094
2732249043
123456648
21152643
2981570713
40401425
2202570186
2411559421
23574382
285731195
2975725973
36806141
148871481
319470423
40668264
1599620792
158042714
394807118
283579819
150527923
28740020
3016638497
2992438070
637308800
2344544334
3012824942
205507183
3031048761
1864186910
220730488
21279340
747944700
260230248
3065870111
2553661627
1873207344
51498610
279625650
501309516
3055925363
359662095
27450176
1267811304
48938253
3115081011
3110080995
2294625827
2716148726
3121374632
3145072271
402281649
219329534
981215664
3234938157
3160033121
3187162009
3187200192
2677611968
3194009240
87280910
2666805962
2991892308
74680241
3253071358
2187975566
1575213638
744501012
324122996
38315307
2366477641
2907209794
2756297154
56254907
100845414
3307271566
317378810
86875633
19713521
2485116292
199385504
2356746008
2972561238
218870312
248501313
3343261006
3066878696
3319509988
2999621312
20515090
2958309957
18185124
2755274253
2792421972
349762499
3298291293
3370308023
732237163
49620984
3186409355
3215888015
3251482446
2258218458
2451663372
3013818961
11073362
2761428839
2878811393
114262480
993887576
28481618
2696696546
2249498378
390113969
3240510319
2699708131
12449212
16532124
2402307530
64816476
818181044
3493127303
561612515
2888762487
3240945684
237467945
2753082344
58236770
3399480983
2958869826
305815555
807780570
2151336101
2994849987
3576650712
1262376944
772488438
3624435793
218847307
741354216
81269014
81173866
3325704442
65249811
3343373717
1646828636
228164627
2557236810
25332489
3081393904
4063091175
4060727594
577589017
21464305
832586784
288362730
2591915041
348989517
38574970
3496658306
911049025
461034765
14228250
17822417
3153865938
247494141
1666962024
27900883
163176140
217159694
4087400657
147107266
2804086190
3421330282
974527388
2963031804
1267911116
3482037803
3356450561
388443367
53263853
3714006074
450089430
2515995798
274043248
1513814208
33322245
29985867
33627557
17700669
3254056046
2274969254
3145373241
3351127144
3248420677
3288778000
42417984
2279719105
3924753935
434320264
2325958994
38501302
3031707882
32135630
53210455
2351850169
2945094890
3234815901
3066037630
2900287811
150168477
2806938714
59093100
3197570697
3144567125
1489703012
50625969
94487096
903494262
87231927
1705682540
40115757
2847971802
175500549
2168961860
494583541
261229297
119416027
3233864934
139793244
139988522
218549927
62870442
466377851
1467926677
3255786873
3148370321
17808154
278673907
3185760457
31256191
3242354823
2899109548
75040646
315823524
3294389542
3471113008
2464876903
442994930
2495139440
231143079
2911984689
218779849
3820071809
2677144748
1915423945
4007115612
3178478676
4013840240
2310288379
48080852
4061671769
2686491811
3303507997
103346588
366326857
3172336522
2496032305
26742630
1495751292
80917789
234431677
3004153513
1626132564
148240575
3863734216
3389548373
174296021
3424489361
3824201236
14415783
61835942
4078176561
45020214
3377828063
3377766723
3771043037
92356909
218079025
3820141523
228783589
216010351
537467717
3141326088
3322170233
3407316233
3932935094
3361587304
3829096874
3141109011
3253403598
593085977
464871521
481376138
1613018149
276071649
2451647520
565559770
1643236356
1388051899
1894744428
1209641264
16657605
42900237
36980856
70553530
12494562
1020058453
21687138
14500608
10814422
14537303
2488405086
12691912
3964054084
491011009
357608463
236417152
228742999
908496931
175471626
25149909
97592697
19976101
61822878
2597323075
82631034
741426026
236944232
15840195
19402839
1413622206
164802356
3222468476
358948493
1197064033
139781548
35006336
22655658
24179879
2273578225
20132159
44783853
15587500
22708797
15134240
22650211
185314895
15131310
1610028210
2543789772
3312590123
172333718
920705383
3021555942
19696445
1723780182
2228743496
2606145541
332188734
185382122
2956020623
2453562690
3035184025
3260062210
2981823303
294742121
3071290208
136269584
3344212565
2886955651
292906814
3487548141
184260125
2986917496
594167084
3911872215
1244406043
88829134
2856212313
382147158
1732536541
440248393
268925007
3715824198
3898969888
31159284
543751139
47706817
18023868
74175429
15023223
37008048
18940252
77764733
98964533
20514552
124455872
21346619
23482357
12705772
158122818
32152579
17531205
26787673
143558957
18139619
63586621
18949610
18313840
141341662
19365523
31143489
92793164
33330562
16043308
66441732
35880417
40349928
20722851
17448575
23112346
6018732
50687788
475199073
6018802
89084561
57824414
155544257
30973
18450106
8771022
31444922
20632796
167421802
59553554
21659166
11018442
18061783
8845592
21988901
5854772
29097048
801376502
26527812
33098495
18694861
185809250
921759169
23742744
3320365247
2561184228
218612284
19790013
964612026
2395068092
20824511
2802844290
19597132
2339178057
3003136732
2153639090
2324931355
2438873096
3821738626
2320889712
2612281832
3932035759
2827155973
3469148173
3369604966
3668676315
756077888
3092582063
2844082392
252642170
220266778
600397313
552872566
2393323520
2229661340
815557454
2422116313
537013068
17413062
3212990307
1957232052
3233696851
3874164760
3124211590
3308669754
2955556348
456269788
3648053115
242345108
3024320935
2276694264
837907177
2504740572
3792912259
2220254377
897919136
8838682
77334840
48165026
205639820
3507815364
3383825740
190373509
2846029348
2279578710
630247893
1278696937
3151943150
3318292034
88993787
16030897
160923608
283856047
1947461936
2419587494
3647128098
1123010070
4008410697
967087344
2386769874
1011817304
3122399532
194165380
3512614877
3698386215
3272780155
3301252122
2845510946
364481110
2572586354
2276483456
2603645869
35399535
170199036
204976315
3998462895
3644356634
1557050970
319249752
3501092194
37240930
3912598605
51199067
3896923864
2293248432
3153811544
72655360
3368516123
369849048
63229595
3021125050
36041723
1416943717
288352862
130748033
2715768554
2312927486
28869531
1387612153
59279886
144957860
32062804
39092982
14270208
33657625
146169821
3327901282
808043730
2491066966
3377753549
2283459198
2786370763
2588728320
1077356958
3514571363
769912584
29375682
18244990
474103665
18516743
24956858
2832134279
14457324
985186471
17423332
2820200459
1683034826
1917992725
259158118
273748289
150823395
3629438654
3722809219
85144671
877065625
369285587
3287038620
182446919
2364285127
2354941164
1010984550
146714531
2525578430
2688952730
498287451
2230147480
160963995
40893994
125320274
3219988590
3273442051
2239649492
27373983
1317588061
228020119
2667294578
3002788946
1059672860
3178458528
889470595
317029603
218570977
2338824625
223291122
3014976909
524419396
3782444176
3528171196
2919257502
3221162317
2162002356
1599811352
417630757
212269410
3301842864
2955412245
3602642595
3121888398
2401504603
81475201
3062481133
3378160733
2972583954
910476654
1388132779
15040339
3571115543
3270748802
3432413603
2901865168
2657642018
25845215
992348502
93973366
342309995
76403865
3937781553
3446383000
3495974182
215882148
3862214353
447730871
2383721767
28995328
20621513
2180459027
2937551378
2166637884
1965677090
2196223903
3230977146
3645055816
1916242465
3874432992
2411404268
3775337597
1115830986
2338467322
1557540294
612734819
2190649504
874368403
425223416
572189544
2644106215
2500655284
36980342
36728196
228435085
250416435
2356855728
2612397996
2986186383
3106340063
3127750163
3071826049
3037453587
3782436140
147341366
2842593903
616475770
556135692
3418595959
1331610534
533228800
2906063956
3872298448
3903836114
62228827
3036836362
259958469
320988022
350251156
2996986983
21459592
2727671705
1195445648
2989449429
3909961572
17339508
3295811575
350757083
3272272357
3129355270
2744198160
2395268660
3376940067
79294290
18910353
467998720
3058344416
1656124304
3109230654
3862221493
3194926707
2944259649
124334429
601119617
20004795
3040788589
2815677889
3053831619
3287873983
1430426018
1279359464
2881116297
1230446054
1424469380
2472747884
132947841
107627047
238256412
1573982226
389825367
1266808873
15562948
254590305
3536524695
156381351
27312017
2329078334
284784701
1484858125
2857739341
3389870422
3476942352
595559082
3192180223
3369000929
1058141401
3075919117
398023178
285978809
3309005596
2984927031
46476526
3351145913
607765005
3425745700
249819162
15044502
2981056219
68025323
2407396543
2365377655
2724752990
2511554060
856618064
3362262555
296099810
3327129990
3030693623
804869077
15377115
3296747653
1061483868
500755540
3086306850
1511179142
3400095754
2760294634
15263408
64020286
390529153
14336082
3425098445
127928183
103092230
2161016725
45865404
2929309248
49081015
3436393091
3436391333
54548130
3436401040
280826651
28410593
2961888399
2848443043
3247160801
3813793872
3436350345
3370031757
48935222
822818654
3219794342
3370023945
3436349019
1686049477
1651524188
15950682
459534627
607358332
2217041202
494326533
2560351122
2378836944
1450575188
2728096128
74669397
103069320
23132001
3229409953
538537281
3900615563
3116086577
3901367783
3309307344
880790892
3592253902
3238976441
21909785
16070278
17758578
16825961
356921388
3135618142
265072944
146161486
25230082
435095877
3903357873
2891505785
3071845201
922359546
2469924396
3413733723
1172847529
3096367983
2347276454
68347680
2921517225
1321741435
2193896096
3304805655
3038661817
3293083333
266315980
3370084073
3272609798
3608988737
269766987
3436348151
3053573864
47030292
2435829816
3691706316
863472282
2786724027
3046018259
3236113761
218982517
138056597
176944763
78998306
160276009
226952787
422320591
515572093
516720573
365788601
18909186
594984178
473470248
614482890
2335560870
48185226
260115894
19636685
485381741
372557828
259553553
11555812
513293813
207414538
3246482806
2772750050
2859158014
2849847090
815951162
3898919015
2350984508
3632422452
20557555
548825820
2568830868
2312506164
2507904980
1147257608
545927456
1092232244
167406951
402698374
2574947347
629492922
880724024
432602790
106133073
549180111
2363999689
570266167
3238201331
3701220321
605558297
2771200890
2339213460
1950754694
2784420134
3253725234
1134842874
1308472525
1576720824
398950955
56736161
93759830
3320677175
2778846560
189978633
342144061
463941018
32448090
1204824223
1658572303
1398704053
3621790032
2385514274
3695551463
17881816
3872817748
540045959
459586511
3301769011
102441292
3290818141
18124827
387246436
2329353570
292135187
3320124964
532251088
432779713
531065702
555620667
3795013643
74789470
3531732492
462209664
62625416
49772910
2829878231
42805000
1954875458
3087614685
2229610889
3786827053
62253573
1499068590
3089840473
3874292235
3417937893
3357684431
3854542456
17903002
22640681
18939375
76493212
3776924833
3436400698
3326696360
65385312
105178925
24963878
44403624
108055772
569765535
2460819233
395994661
146546995
1297100576
3011639365
1682574037
19935055
222886375
2636947692
2773657314
730594705
988606514
562737099
199251119
309106624
252441055
1174001142
2155163135
2552947148
379765354
17461469
1635164262
3885043942
3870599781
332848870
2902257844
706957849
3800242153
101856553
837410132
328402092
3764385082
2879873516
2455382858
3058316487
3794444114
3173961373
586816305
2458003590
2239801100
3525911234
3253610250
3420368795
2902442805
366246166
2218614180
3667098077
3179594767
2289792698
26391721
2770641639
700367035
105207569
35871249
735106172
2935349752
931076616
18435068
792795914
240694705
19539314
1693499504
23001804
47235439
62837148
22882552
135978273
1089759722
3815953413
2464711513
312891987
3420408376
500929942
2987955574
1382532901
3843692139
16896485
32765534
19407053
524029116
15327565
16228398
468583731
39275966
31869934
504205554
24315428
15836240
319883977
2331347534
2705805788
1009132382
2194811324
3188229745
147845476
3367466173
15205798
16721886
34323617
2237647604
388456067
3555166572
18129528
14655879
11203052
17796018
1451811
3801141
2437662536
39885001
16265550
1363688490
3306794933
221250067
2878654509
383777876
201799501
33841072
3293856726
3664975054
16938744
3255613891
197063222
3857631861
2221766198
3310281291
143797592
3484315935
2986251429
2565196170
3252457466
1661013361
28652716
3083715563
1013653598
2815156148
3508129633
284408088
561655444
74452613
2977963941
867113114
3049090435
382290597
2419370472
2586842689
3693414735
3274205682
3229546473
362035439
1411425830
620361841
193913549
3339356093
2966466644
21215108
2244894157
3192467628
2399456486
1686836647
20850791
108838948
1123055269
15898569
15838770
2933956442
2847937784
1596646322
2855057187
2480525874
134588802
3349590619
99146390
151079975
2301723410
3402332842
544671162
583093231
3824022075
3551586974
3226441554
3582042439
2414530716
176891769
141944702
3834309796
107842978
3520404150
3242599884
3045480458
286563323
3708730153
340083765
1072374144
473204944
42671569
2950331314
2212170008
201760176
2453793510
2830104062
449000617
231247572
26914697
3282935473
1398526674
247443572
552066802
430900086
2701298143
242439119
3381212489
270502521
3634074014
3728786175
3403117047
3105170742
403166124
58826439
3140734173
2697320449
68910096
16030101
3277262586
2811334807
232342189
251634768
2565949658
3256834116
1203027721
170022734
2218591838
2999902774
1606789212
188942714
308224590
444054284
20012156
95341415
50204489
1933042237
3248168665
546140686
3395325629
1317508154
1278224671
30108143
257569345
3285829927
868156926
2765166641
2707410187
16955576
341140451
2674808767
378412072
2281936460
997834628
3318333877
2485673857
31185620
218004671
497757866
2350663003
2959927008
3449052678
117980901
3063230849
62593479
120699704
32212893
19367134
180629648
18773831
43033002
75083487
3392003158
1694553098
3426270958
2813367409
3213136127
3255842295
3080109557
3252772103
234705682
3429395289
376724478
1566428918
2895127043
2844311394
1921065254
2300184842
1264052318
2413061001
275576358
1685766776
710734734
2430755425
3254587191
632794689
3468080716
3199093462
3469115361
1677702408
3334525342
23803114
2954659402
711161668
178353839
1361433745
38836780
394626228
2374336598
2829635193
529350902
135456764
3096405387
1415412434
2473613293
1119870840
216558300
3321016869
355438604
2829187289
373289855
1339014276
2255599830
924312926
230654488
65051962
44462811
222259910
3239020752
1240597464
2829582436
2895775855
3687198862
3804533560
3292411141
2984590562
108698830
29255143
3824623936
3818568071
3825791441
3166865845
2606311982
2739634151
21757775
2676042186
243705684
3232810009
3189213846
1212780709
1376371622
176172812
2821847077
2456973812
14119916
15682352
16145224
16190278
17008726
18128265
18228075
19502592
19519252
19549159
20778387
22843068
23083404
23518723
23552214
24223641
24626969
25192889
27696993
27083523
29628889
30855079
35664799
37291805
38453336
51643837
67819221
97354038
106529788
126146818
163890738
169191036
197177555
221185711
255196074
302647517
409568747
458419112
518181766
1961492718
1962661177
2421027468
2453011616
3497057479
234738322
43531290
20457696
37821472
16898859
20978246
77306913
96865911
2257035571
1373039780
176052679
35334007
14362188
2518424166
2670235080
1412154553
3166518958
232722610
15682251
323346818
480968029
16872518
25032102
373632068
393880805
57018084
460558830
823413079
15224582
56032983
19666000
23818747
20228233
263918540
20999305
22411342
836703289
701236270
30007910
71626760
2333017830
275570277
12397052
30147416
760363830
872605814
484219665
62872266
25178437
79009492
1429024730
481661157
18071614
22838778
594229803
334707075
54252057
3014384429
537523007
39777588
22562260
627915744
55692535
36207178
46908633
813286
15420192
16365636
18676177
32469566
32717570
113509194
288333760
1330457336
1337785291
1339835893
312723929
2901956831
386649553
58445040
587167497
2710650801
3323718224
96897697
397491762
282231895
569229676
3246586867
34494424
2895848856
3377650513
1126220814
3242991780
2418421430
168054701
14795583
3225099070
3153415693
248864782
24331577
3411378373
2825588306
2887201159
2543625567
1378637394
3384571973
3376360919
3460253174
1465913240
2613852042
37853024
3296631532
605491892
930046339
1258079335
2683603339
3566995632
2990724587
3404389329
3541254613
296472130
3449279775
268006594
2432962344
1311326846
55135811
628888794
209274991
3243709495
3260761524
22463790
19787812
628035866
16886925
27729863
3340761313
566767604
172980021
16266172
57532738
1578906990
2868186372
2630749200
220612931
262321354
57117354
296547419
933101473
3531429920
1664791459
358003567
284066171
459557733
153966123
22075828
3771277455
30862694
36132890
1089171162
863432881
3351568054
1507286425
14850079
2875406752
609495681
3730001119
28387309
3242867639
2721971512
3696995176
468091527
3094100940
33289053
41613632
381919729
30349066
469484419
28681426
15846527
27020616
621556642
376383362
38505635
21769127
16422358
2795843991
1658131344
374609667
3319472939
17572998
2376833214
1963643726
38084614
37487883
188525525
12993222
23591362
22797240
21878146
28283778
22930902
21319695
309666265
308194956
21447363
34507480
17288150
42933426
1963642994
70883897
13368402
17160072
2332851825
902101824
37935413
1256298433
3381698781
3595092076
172980515
484090322
2771113803
582981551
472246425
3580153048
3285484927
1963670107
564000560
87403396
2228856086
104888262
46056378
581235361
29385682
544922211
903539845
2202604142
1613899406
3450621434
3333016144
704829956
3155402027
3272988326
2994981876
17093617
3180834408
13838562
50725573
26589987
3321792134
1973875782
3370873613
55367360
1855325322
25170188
2869531
80943051
20661539
20639369
3536178197
2877002068
701990293
77290603
17789443
298608393
100291887
531788784
16012601
3363970463
60924007
914030431
3305746429
3228600870
187986575
137334250
40321183
81161747
484076204
19778050
293306688
2955596087
1335895868
2586242707
57048329
15380717
202825790
483195215
1969630836
74960462
3228005493
2568219893
309515586
3229791164
375421092
3229949515
365822838
60395840
65733755
143432068
264575958
18891737
2871367661
21338412
88703900
26593416
52422878
35348026
225539878
242813383
220336959
30008146
16826656
27902825
3303293865
3559517417
497046104
3602326156
32509878
110503856
105139837
30634283
287981596
315456895
2252659458
2392979402
2407570164
2796247106
55117855
2847006927
3035956690
3154489446
2499900558
2390298307
396724991
533796201
14207971
2157076776
3196136844
3423185413
2678001974
2816174576
2752677905
84227455
437529252
1465596830
119981319
214600168
3359626401
46700616
942481831
37982910
168254503
19156830
14574019
3004294410
2983032459
2929466894
2295998031
46947778
730117734
36025553
25920031
74617502
22104722
2904938637
293850289
14353392
148496087
21324258
17444573
14880616
28164096
34253207
22653968
26782958
22075226
514972267
2713320272
22156181
43072503
30278532
20710809
51138927
58954914
321816718
27890198
234428224
2961614731
2986731495
24569636
15846407
16303106
436171805
16312576
102508723
19397785
25589776
39938254
617964864
110458336
1889925978
14330994
339287184
151167760
30857481
2283776982
833612154
236372649
16331010
2883841
10222202
38256164
1057958635
15485441
90420314
17446621
78999701
115485051
103897341
1107428419
491755681
15687962
95638917
25626894
