1532509842
57206589
19259216
254584189
18392225
940383145
254595859
189754388
1072222699
456041123
29859509
207924337
282876349
1195273622
1229997192
232106785
573330706
1674501806
347498953
750669710
1702818458
453549751
1675705400
536468236
43517394
25801972
62346482
401833086
1671103045
22072702
47112047
241369396
18815133
47026336
237929678
1692555559
631543401
381152398
117027489
1090825045
20641972
25382456
1897974583
1430814439
244192891
2268092258
61734492
1904015864
1510662212
51617774
1905298878
1902563203
361525876
439981262
1677120331
1908835880
1621076712
801577712
289169975
14896173
252638730
219374248
1390397215
14922560
190385852
228575087
271958454
741644911
1765731
16614802
913758050
357798247
308558355
1488378090
530864692
1917396452
4272568394
869049313
1350186308
14248594
13334232
17599890
117281027
420103367
21458334
35333284
19292896
2417958601
17539413
77053666
268033943
1562277794
57131220
134654094
285889797
380398686
197290856
187041086
359106104
291321907
463934245
2420185615
2274779058
2421086893
2450262130
898467931
20474813
2422573362
94970827
143192634
1923745202
21604690
69300226
1257251461
18742360
274222280
1914975865
158492862
430810686
2431512032
18648532
2162952407
485855283
908772630
74614688
1283836236
369598329
2207675397
282850467
1069231128
18767602
15977934
25146084
529675934
14716703
584128889
399596991
18967418
22256610
132345883
788457602
65396602
628982262
407315647
716080806
462312438
94921004
257619063
258225116
2437475804
2427762643
2445363518
412609347
9843332
244167280
22303695
70849306
1925656796
14409413
1482858050
1724234022
17064466
125010178
52092759
258359103
270995154
1870621808
467041797
1447467186
26294431
801012878
196714989
1213156495
1494474121
17701238
28141967
1930199726
1852087418
562426650
164174432
1191026443
164352784
110443794
284821188
551919206
1904993388
1931084401
229554405
486842194
183972216
1931992778
47081057
54622875
61563962
394593711
276501209
1670818844
780378859
387244656
242959392
16282280
883579848
2358846639
15018548
257030719
2487340732
575385464
1060984272
261320523
337125218
2150981
6932712
418366430
1680814986
40861501
421237639
174456194
242894694
1526130344
384075330
377588938
19605332
56573880
1653291212
23956775
49316020
1934310541
536341076
1873818427
18088491
479944375
892074818
1173539323
64863903
629505806
228441844
83480733
1720350073
192693892
18126477
62414919
590379837
60660378
12227042
99749481
1672605440
1485942180
967881595
244225553
342902338
55132435
416139643
2270923466
528290011
2453358391
199794809
1381521512
258541273
514671759
123701552
2453939065
2456270821
81365348
25590086
243018923
461360275
273731251
809643702
257655551
1676256176
1268672306
19138770
16979745
2365770372
2469666780
1935923108
191496735
20237766
131253426
1192108340
95200917
67095149
1360251439
39002005
38492919
1919755334
1941070926
538150936
158942619
53474820
268882971
213558938
1909157744
14268812
247726962
1568704717
729081696
398289794
409634897
1715933112
17511030
1905156690
22373552
279337579
637336803
1920537577
1700748330
1194931146
1539537397
950818501
1662786259
277293135
19097062
37590426
25926360
413820377
1722621558
581812646
243580497
755974657
417324280
726709796
63948376
33426609
2165033179
17233335
101782924
381915273
883566846
7661842
2305286370
2478790614
138408158
1267883215
514844813
118791786
231583777
845460426
26509603
1945475292
360633366
1080509366
363667124
22455514
22835029
84903772
14335669
1897899900
20246615
251265000
100563983
52824967
1355805258
523871901
185536112
2339938243
1075551668
1884324084
613404995
713375440
219167518
2493136238
858646280
24613245
1536022346
756065318
83742849
247688424
716613587
19432276
51621673
440503591
193760497
1628937896
1964821772
20682195
413321696
1683133442
49249164
247750137
1931865966
48956231
1979378792
30508952
1173801494
50895172
368648373
53829873
359572004
118426438
16832800
74459494
325773790
253031912
267720201
114551553
15223722
1969077799
255678608
711091257
66202614
246345996
3453521
90181669
1697235505
36737855
1663690980
2151100987
831933780
621278002
20801445
1315615106
186472084
154648736
836709230
926918935
1517710446
2157753111
17742321
2178589158
702200260
1723019918
272768464
2161615002
1885032674
254313733
20079816
2187533870
1645602672
2192444592
104385386
410070653
16164856
872825227
40553282
15322987
149237948
220412723
1872070915
47644686
35515862
1974014316
2195851562
1249525952
374337779
1682110008
314076681
1591345147
297532865
1543864800
2176589336
28396918
2434119007
2149762357
2537934703
1697781794
1949611364
2175001939
35822580
19277099
36486871
26511148
2214554245
2597582301
2376781378
2604128644
2547886939
20877849
2188930603
1049460835
40237388
1613159058
2192421486
2192766368
488872489
2222460458
28671624
54983944
2203723643
964397995
1368775825
1589328385
210747673
2566098198
24552193
604586420
1959864463
57977498
232096158
421698216
2222787111
287621364
2216565920
852261223
758649078
111055047
288241260
1301328822
39622641
2204157878
889094982
42893806
2199086778
2543362040
2579880469
1570547161
2209074612
1059280698
2199888721
2261139967
381801951
2197413306
2209587788
1643415560
1035816638
1730274378
2157879664
84937879
2270960479
616965232
363610848
2203468034
140367318
348010471
2563797535
261877051
2446844294
2526305030
389695258
247842830
349379430
1212003440
24298528
2231615676
12700782
272795633
21531802
21540922
234564368
576363275
2214934469
1901048545
701684132
2241759494
242656943
2205472724
1394862816
93706979
700297718
1900880652
436979380
140087195
32672641
739932529
69673402
167097983
27331969
2214555116
1487199901
528283532
998180348
1444029422
1575470396
56705818
105899607
16666909
104040157
1272809024
35196174
2307721933
2299865165
1594234796
1536334248
2235993797
2547095204
2259262027
619964159
70740010
224880804
1230750800
2264025522
2265167642
292470479
1957671493
256882472
68768482
312327420
2316741823
25568751
345491974
44776017
2274760512
2266150327
2297718612
2276520944
2261111968
2248355814
248035658
2235714369
19931145
1975699423
723057348
2322765654
178307673
881106860
36581868
1728867576
104727200
2253968388
62147133
21443773
280212424
1310611790
2326905509
376610778
1428732535
2329066872
6394142
84083187
595845461
2288502470
2286252732
23319987
545090294
1606703838
1636291356
996787962
990363744
621558435
101523691
2353813760
47660417
2288514987
94913167
2673162084
1456709641
12918882
1115088751
2291217614
2161486428
2287220480
2282585745
2296133580
31285825
2296636404
1704277442
2314233236
2728538831
818513106
2239022552
196147086
2300097492
17662595
372249376
17708783
2730238779
2400634020
2172363145
2219652141
2237923975
1687003296
2381963065
246435694
256442158
2311643068
269283682
2399747383
2401573808
27601201
53629950
126662411
927281575
21436284
2315614656
276632504
242993672
318000989
2155364581
57596040
262896054
493308165
614884686
16755215
297797263
88710261
2202364905
332040130
2312281051
2321775476
253126912
1460736002
2473562711
703074056
2324036732
591945727
601937041
1945230697
2318428052
998429204
2294530717
362926198
2445756410
1680465068
2692087986
1468116829
757372008
31547313
2307396014
42960890
1392784591
2453625715
17056350
346873432
20255302
2375965777
2445548339
2520991211
93181919
337785530
161793530
263636144
19133026
2303691852
2253178232
43998263
2190100393
1046454991
2543822687
68611923
77032777
29683635
7597712
321600342
12829302
1452502140
2254930171
24958721
2756645604
551038877
44964903
2223785612
2305357897
2330132459
2321430986
174879603
1711517803
1548444972
250730755
16285830
14608191
864844830
1720345368
2617093578
2356907297
2203588165
270017791
898957664
2354981544
71247650
480400401
21013018
2611768827
2569722242
20674926
2319231985
2307702189
3108915283
112810384
2520700514
339021332
2589379902
2646012659
396378112
2362779882
62330632
111165821
2431482398
181158115
2381997661
510319798
790190509
219695609
742836104
566336095
79204719
2805288566
253154281
2765637437
2800630026
2366260580
2234105580
2326044578
18956073
714532388
86914051
94999415
133661278
2453054793
27048645
2365815083
1391560124
2377621136
63787812
459680693
260760840
575118133
119973345
874612080
245448820
2218469420
2455237603
2559212893
2598152798
94103877
467636108
208183501
497546508
1006772671
53725673
497031214
2678133379
14246109
4313682373
84058276
1356966632
95671744
41405896
555872030
24081747
3310786760
2415423147
43706742
2394285656
1264151696
817831112
2352039704
565462191
46499643
133006412
21635070
1265860620
930082705
2374720591
255104264
2369767802
2401287056
395285226
1403468552
54114276
201823315
2738031652
17167144
2307873010
534148125
51774671
1406277577
66990324
2433270605
2435410690
2406573934
282495116
2411092790
64729812
234906311
14080374
2302483196
18896163
2737734528
260282086
2743830545
320610943
796420922
1273398180
317688882
256199190
2819260255
2531114971
473899939
2457789487
57683045
76072171
2415444834
121554321
127870840
37621971
2775541771
2396746352
1698437246
2314260488
2409239300
1387074108
1511018348
2751061086
2412971461
2309440500
17136146
35616325
193860297
2762532624
359274295
164273824
86052196
91871527
2436017346
2389433568
35245952
1917347892
39188067
15236385
463812878
138060695
2285880224
2824493768
46427060
111689606
2808523638
1880554598
55570513
20061328
558907985
933213168
2367288038
2451760788
2204558763
385403346
454876249
1220139811
25768370
2792511119
2795459099
2606171461
755804809
2377666083
2338580862
206742979
1152907622
126496492
2840264834
2430207844
1151462532
2828252964
2845152198
2674018374
2821199931
885249193
276077700
2840564471
2843437958
2869233097
2819300018
2869937922
2869423651
2870434015
2826919015
380053410
1739858178
1428743442
2872687134
2673272956
2469807679
2871333996
2873048816
2873689501
2775494513
2873959844
2874180139
831244502
2874466212
4315298292
1549457870
2452002811
2856478820
2718424354
2191060944
186435913
23010836
189109498
2521414450
1629771295
2875088750
2875352834
2871440070
2809448234
2877987042
2521946097
1098691422
33201624
45890309
319829219
370196944
48250710
1003205604
2453568522
470523632
2877981920
2881035920
9431812
16548253
67300697
41400882
402849076
2489267190
35829796
776090545
31819566
28381363
215152836
58504135
531229094
2775956622
2819925642
1979039203
2857907764
2811729118
2868633732
1551165206
2493289040
2853873745
2872726444
2893201202
498523830
617853906
2512690494
2518626198
279556007
1603357645
37537910
753934206
150686538
301634807
2851653528
2866750139
2521744836
1966792752
1957692079
558831200
2839436417
53375667
2894143795
2790672398
152509359
1287364183
1561833134
2533300472
2340718129
2522725093
1383400183
2539786232
74212995
2842087491
2910153416
142376014
964635660
1715501
20532987
23626156
532369149
2460475397
2315571259
350612110
2912248243
417981862
19600699
72050462
2555376824
101395252
55064554
19554219
20177956
2511556866
4318411637
30781851
2601063591
700988927
2485264580
2284875206
2851395988
2853079359
133382879
2919169940
2559538680
45542386
413617743
4273739423
267915933
278776049
612932090
39755667
2474970235
16207747
2876420003
19503508
1172770418
214652121
2636322772
330289738
2857050446
23021044
2885474514
2947370566
4357005436
4364631214
1530039511
2917540787
2820202979
273771663
48707425
2479383589
2897701909
1498925887
2932687773
2582566944
15298836
1281584575
599845779
34747740
952434422
61481674
443101299
2361392582
15912890
2495227103
16423930
21250425
4360634836
827638080
22209201
27055034
403082015
18272544
3321575739
2601363936
1692215586
110977675
2503180519
18434356
2493339416
45254966
1628464452
32518962
2868486932
2861037372
2888734920
26574320
49349925
2303965651
2868960863
386986695
75363115
119242071
2748032824
2878605029
2901914370
2885305591
395295796
61501873
2784462630
342497339
2906415614
135203567
19695025
109615090
756270656
342535461
14849562
275207082
174338995
22077599
18626983
2727198594
68546419
198939070
732804463
17907987
254616847
14794913
2894418910
2895877185
2911783369
2896211495
2547498302
1852819452
2586568329
2327712397
313080999
1696597052
241682176
81776710
2398098685
2308819640
2514213900
18634085
2742388156
2905173748
244689637
2484708703
1870779888
2557199318
1189935895
52560473
832090357
535492279
277500592
46576996
23802519
2616423811
2845136086
202658798
567455591
117026420
395720297
18022037
136371506
2569666064
131538331
2927078049
564817835
2569820946
628071798
2546376782
2574183587
1561267832
2620155903
597751376
1126180315
18200615
352283632
2956263175
2840670371
219629603
245850115
531834433
35720424
592565660
19670226
2626448872
2579148841
312416159
2584066800
14855740
2584797325
1513306604
2543426792
2269709438
267796603
2262088309
1897727425
77734045
20467163
2217265574
224043644
59865502
274627183
86041835
2965757121
2529328251
14815618
2971061318
17818522
2974951885
249388396
433023101
72039428
129019903
1278600074
284399693
170880849
424289349
1934765623
131741025
18324199
152681871
106766676
2575831904
2981613352
2456535479
2594480022
25665859
2987357682
2982923326
2759896820
2672767828
58508576
736836936
51611386
140505190
3088886271
3025563611
2968483409
468537023
2282462252
16170253
1189447980
2382484327
24119450
2677246493
2515635380
2355878852
319139187
1021033405
18197662
18539686
2913407330
2644030308
910844174
141939123
28408761
314628241
239054959
2608865059
17746437
221660522
15896580
101591941
49953691
219364185
139957311
2779044042
271088055
894693978
2397385369
21134753
365923983
8156292
611063308
141213330
621185860
1200354324
1282740721
112300771
2565534950
20691958
2720184731
2375993857
376341373
2738493703
296380480
3008356259
2983427137
1509364280
2480293423
2675484012
615746943
2674180956
2723247448
1141653385
344402711
2382388880
3298501842
4192940955
547631216
2927202332
3019998024
17074440
4301784675
4421750304
4344126076
195039753
4331376321
3299137832
3426227254
328673472
1838000982
2834104827
3231159170
3035751717
4298232983
2260572528
2259302120
2845372259
1345260265
1529727464
2680132061
3128844597
4453522754
4460366840
2933996486
37376499
32251804
2342806938
2204637213
908722633
2548791199
24904117
27449130
66446988
101534630
176491336
14987172
3009974678
2577860528
431568130
2694603594
17300202
16073416
184676117
240351236
2783062909
44923148
1622631307
3006468464
605840909
3016952366
33574092
2695875474
2293380331
17579128
1608494760
3021280177
3021786530
1222716350
3029911552
2953515453
18679526
144811589
1215198684
2200718448
506569894
129629244
958083241
84098070
606434306
274286217
48723638
1886547626
2726193684
2782636031
98653102
264527376
301363233
881340175
1055762772
2899641957
3007199012
1905211830
475287845
2873362918
14101483
87002023
2308542822
2770728889
868544472
4287913277
2768228696
65691824
25464634
3041632603
2961202847
1255397599
1389825296
50085719
1483596410
756261818
2576381070
2793701378
56747571
15662893
191555835
2990530803
2487270409
859944642
34823726
2617806187
2763476783
1309214125
2954718036
996151208
2909165056
23807763
2579656417
2666655408
259793431
21756579
473296092
21280907
170813733
191633906
40935473
104790653
3061876550
17538341
2335661028
2530024478
3051948086
249326493
27736924
18359063
48079753
2584202744
2810106241
1465982610
258819896
3916668382
593121021
4211512535
3327330859
3084194535
3084393196
15387165
3088445823
3075836136
2849086310
1071356678
3095247658
32884839
490062430
534599939
2147546893
2830859695
2375722164
2832103754
2790709104
2833356624
3021980683
199686891
337679240
858698004
348058833
47672430
124513724
2565997189
325098971
201841329
18059761
848377190
375563179
2561566014
568422337
186502436
2811443277
18102754
1260128821
2954506422
29005683
191000989
67412258
22432714
410263212
2737561249
279390084
500059151
2830548103
341858878
1031410579
149990107
54178696
28559064
888964004
794601193
495232253
1436606509
28158642
102244827
1093401661
2765169185
429962022
543156208
345407080
3411875314
55756399
379175662
27973318
230071239
523943566
88463503
4341511693
785090532
2367898199
3145468673
2976755428
3161701607
15567071
1228116126
2727856515
122423146
1732553616
103135627
2850004217
15361570
2264923554
2848808945
1326712813
182170095
2314557680
169022358
2340002891
2329168228
35576448
2235412956
2852960733
390174294
237028424
52574110
22962313
885478260
222490077
323583050
2478688363
22108600
2797964118
2984328339
2774972093
2960864705
1710588032
2820959434
2297944437
216712704
1691312564
3180076386
3146047974
2864541736
56541818
19721092
2264396642
2216405454
2913747395
3241149605
2752900664
2494078891
237009472
2824192388
1493508643
952072063
2179132973
17610785
1924713692
1852782056
2685283372
3171398577
3095443787
3171525347
427563430
121119262
2872692879
117198511
1001450028
774644934
23193980
36166313
1460991590
572313134
35143593
2892452794
305218824
52593821
145292853
2994281363
2850931631
417501083
40304255
3135069753
188830363
197667898
51920443
3173344437
174618314
41017380
193470201
2901861897
707226003
1900962350
2847214588
47237352
3167544497
250851244
3176046017
2248904576
887331282
3177506543
3177753004
1867271288
3177870682
3157901628
3227591472
3155011925
2842661194
22205619
3142293778
3014298766
2902580332
3178379705
3186473639
3046669934
158563856
2855679892
3234060968
2250127702
2678904336
2943981862
21316253
4270069219
325231436
19788181
20511771
3152844915
3147391803
204740541
3192284735
3192131931
588241711
2926321900
2933760046
18735898
201204103
3194391634
3145638510
33663684
1338047336
2361224263
3044010381
3197490263
3174390561
570106798
3192226995
3167666791
243751237
3199177187
3313498924
394808111
138190051
75411585
1265305506
2670342786
3154605503
453172555
48153233
1374829801
50836292
21233325
3407222079
24412566
2561751806
1928681300
563239270
2953974395
2729451684
533360947
2929491549
3184683203
297847611
2855991929
168567908
17980762
1583856266
3876861194
3384703145
2607879650
18664686
224320485
91856333
3107982019
124176955
3388611785
425582603
103016675
773781102
3345389735
3345450011
259856497
52192115
2421228369
2810486159
2975185665
585892880
1702760827
480162161
1952025162
2983341395
2813499565
3046027796
1594059247
38354228
25333106
3244580763
3082313537
1424195096
3089775177
3244335651
2959028814
2942972740
1977699642
519851712
2431129406
2873719978
435035276
3226246377
2753835684
3178622981
2732576338
129076433
355624425
27060744
59742544
2995535921
3086130429
2845125221
624894008
924643506
3291526894
18501487
153210311
2191685816
228540094
100696471
2354463037
2647585690
149990378
3144864449
244143576
1944463028
3202261355
9308852
544941018
228742576
1271577882
1413935749
2866797108
2818411667
55853059
3007511943
128030733
2801275229
14129299
633275599
3352835051
3265569536
2204522982
202595798
15789854
3300847132
216776631
3199932226
3750058223
2515934555
32431468
54212599
74906601
3272422268
3041609515
3273704720
2664103658
107463521
3018158615
15941955
2389614774
1198991588
1112254675
2917463348
201550693
2758867770
3295582067
3012944759
2579100268
19792502
593221986
3020168100
3311764449
584474094
1161227256
2872158131
22116757
33367192
3032956175
248791522
2848844294
3031967937
2964469146
68360592
354611108
500300203
2746787788
75377942
57434946
3320620647
1374884618
2961585497
284072904
283884554
3305353731
3333122679
1169578321
344074291
3378246101
4332377133
3028267329
2821317172
2797736888
2230490934
139936116
44650702
16242171
1712989040
3385931723
3281853858
1365332106
3054714173
265343458
624413
3346814236
2963977961
16703101
3024481099
15681343
1967342060
158540024
3351746650
3063979906
3046396002
2362285024
1927696309
3353173487
15510768
3248932206
56469020
2986286039
3052474717
550295852
223656248
235696644
18814998
1561705681
248805176
365799917
2441734556
384635165
30876798
21625310
3006254482
2962571709
292990703
3339956255
22343362
85839993
557947238
422216482
130051187
392033555
14830094
3017461829
3272829254
369507958
2737919427
276068221
50030461
3376311634
299929232
292395815
2850859689
2854003095
3071349125
1673740411
111417068
3355360505
32720858
88536203
540474461
3073048354
2468842304
31467405
3344532921
2843911693
2457390240
2279483874
110817434
75853645
2338848523
2996784874
3355505038
2726479040
17028306
3285905298
3356628695
284368936
3362307862
64561787
3388185208
594586133
93276103
1656251766
3398787886
553654835
31804020
809812590
1849023667
2698412736
24066905
829713356
7039122
458038292
3092070440
926790746
2877067037
565616336
51651170
2520572309
24399834
109440242
32765831
3010382706
3306094772
283823155
162088362
66604112
3107755834
3109378431
311546958
441602678
1392192884
3405410254
251191238
3405999279
1686125077
1469062992
28737365
360801086
2263484438
25124390
1419632736
130496027
60153731
17846914
83518852
29882035
111259322
44057954
1858341012
293519276
3121374423
36983282
60158071
386580537
391456011
23283915
3179622204
35094059
2652037748
779024822
2731307115
3886755133
4350554303
26754396
3385160385
3011926665
3145199225
3145448037
3151995730
2663826577
972826051
3168168964
3288975516
3171668783
3417636399
3316746890
14349142
3259973154
3430272736
3100092735
3377580279
3318395522
3432087886
1623287251
2669741730
917228694
3338482377
306283125
3446550381
962418918
26015134
1254891847
3078186333
14620003
3147732375
111613998
2320812032
1703285618
2259098609
286164866
241329957
2923538241
2832137138
3344679155
10846402
292482399
21874364
899752412
3278911855
14533012
3450777503
3385972673
8792192
253577148
2455599620
80083975
2492285185
255770227
17955495
2364719520
3453848652
3383711894
3160031007
2168994120
2722049982
323756931
47843545
3075647994
2471669997
2258136878
15640215
1864899704
9668052
2998580583
43918734
2561414871
4438795572
4202231433
632577770
3236264236
2877304696
752012131
76889928
37813966
2725602628
3161288723
431698111
345145253
62513435
3011743805
3398116049
39067058
2903681900
2226050852
3064562229
54998393
80699814
555423028
579493116
24400431
3219637549
39319668
718957124
2749918589
1092248911
749940661
3294038649
432363092
3628826116
61808074
398502475
1672272428
4294745001
99209502
3069122400
284962891
2471158591
3152321351
157186586
23061674
71900086
2306922706
291086820
2268122796
3122400944
44951698
3192159197
20025498
3656677282
1663492118
3245988501
304132610
11757522
22690617
3892638149
3215910189
3151580540
2221863211
35272673
25085528
14344760
3317923011
3086975121
3251938190
44000584
970557774
125050170
287603461
19719380
21539384
79272057
3319364608
15603311
2260101132
3224369604
125189986
16577982
463900882
2910745592
356408690
3327851625
20521437
1881681554
349201704
3290741867
1138688364
2260515452
29766367
49063781
31700411
545487350
3709183335
1090492614
37971222
752289691
2182381315
368826155
2904620381
3236203482
52060506
3345479213
35762860
1009620080
3328118812
170340228
3030169389
3347626035
2884624727
337585615
16059147
3741052515
1532950542
3445365319
1609969177
3478786154
3579729977
3258223082
109272922
571263563
3290118856
586169053
17831464
2581391101
778540387
23021607
193872188
306116656
3158568537
254475064
14292983
128295863
3071942610
1473057572
2848056621
16350884
69986363
2593915939
1961380782
3374237752
2975350155
2223850405
40923765
3307473052
225531326
3111893795
830904686
3237504041
61658962
3829845793
342601720
3505251194
342253901
3420722114
3499398618
870502668
3307446611
68234130
2796107236
22878374
337005148
494111205
2767730738
479937891
116402625
498387382
220997167
106511214
75652502
618386703
314668323
11200192
223257327
94642927
286120472
365189605
2763592750
3221250672
1234186040
2953949988
2599815306
2590559634
252434833
2231905548
203397035
1482992208
226573495
232293986
15735038
1473498054
3390336371
3984026772
2268820200
3318547225
3296694818
181202781
27313635
3307438978
3537936506
419027846
493327685
114785533
37000133
769864638
25302868
17691353
2512307826
52137117
739455806
16336098
300276390
369408321
2306749091
261484872
18397617
2748737816
3119770518
253473341
2290031466
24923175
292577345
3402758668
3258057522
20655790
3824557395
104200323
178069913
241120420
19710144
16281428
1829729568
983292109
2871324371
317571169
3064891054
257091860
439129269
3378287279
2507279410
1353154231
2288308578
1978895581
2945287299
813017202
2364648582
2196301562
102463198
2765853240
3403510420
781765086
278161486
32478301
443818225
3366731439
3352708155
3362170443
3068102708
255624128
347627434
2760430802
33980273
954514382
1665280843
340144129
2727122154
1683463387
3274004556
110919135
3432211948
1397191772
825348852
50338561
2474427896
2410614065
3420084287
363400380
84894125
500729706
608243816
95208974
118397324
262865354
528553967
1443045476
3450100155
1157323417
2800433772
2479825778
3433263657
34714943
3342374112
1316594143
24259655
3767311578
1850329530
310340959
137812296
1149080197
523868994
126382301
15572476
2453352668
539479297
3067127623
2385668562
4102518256
319065738
1561463168
14578931
532635271
3609477682
470328710
3483102436
3577798455
2589495452
50361071
2550789972
185434242
3144844312
160720531
3756229393
137764963
57876178
60983724
3570563657
261885661
399804444
2737034439
3845938395
151444950
1512273133
621952150
2533236630
3158896154
3420977339
161321962
425937319
3322219416
27116516
18316135
231371935
3246245158
19720110
3958156277
1220417042
3187244563
3795588255
3648996736
3413740223
3640650913
3123959017
1174887708
27839641
3635327000
23323825
276300603
56749157
3902417716
42634915
58735641
840715519
3259991091
3595721897
331193355
11723582
2926122811
296506262
3072239888
3798498796
3315523287
3817564043
3819527181
2957184233
2900852296
413596013
856189598
520748944
3541317617
43317553
3917780433
3919389503
1614886128
3064275579
2152468368
2914571740
187550559
3439647087
363376633
570179783
2575495080
3247162080
3698619867
2968069041
3070239917
2575452216
320788474
342450500
3893534259
804073411
244374506
1191444390
3902420002
364357655
843621216
587173876
3034700030
593344418
91207854
137616984
45544324
3957713871
2544160141
225217479
374350481
1463173946
3985912293
3814072473
3989813836
3932327596
3592424473
2409612921
3965473214
269501352
76730421
3962083812
3016542362
18689466
16100062
3704438355
3437719317
1075887523
510885363
465271389
2602985120
1326281983
252359836
2471577114
1058256326
87166081
329212030
2564043732
1032312932
885695629
2325951650
52714526
2655095630
217575068
16125224
414829354
2197022280
2715187839
2647466738
861831295
2591955150
337343653
43274920
21786220
21496427
191504337
2690842873
2753359886
2722734967
2760118483
29003791
3940016656
4062240619
118747545
2846733453
2763861962
2720443830
2773439076
1214379415
819412440
23022979
2228898739
2718430370
2778838796
238650402
724976857
26549550
2674032261
366932619
24473932
2804215309
166209711
2241222288
2814902036
2787888785
2853155062
2853178708
568066119
254421054
2795417367
2878728662
2909012836
2919033241
2863549353
2398613540
2496335227
38183671
2930049709
323986118
613683672
16489490
2961526748
2972616887
2752358858
234628713
2562122678
1022125147
2844006381
2850271041
3011834509
551341240
2893680988
2408193864
2887419376
1534096627
2732318226
544862574
3033276241
17176693
3073462149
2922345310
2443336442
2951362708
93550227
22686121
942945787
17547736
506716740
88772059
2915896191
2487221479
2206030910
832595604
281645423
2490851241
45606750
26543881
799254008
73408582
180531865
2818462906
3043288898
2995936335
3121993096
63076673
31748929
3014668791
376931203
619476292
250114328
3251263859
2772369967
3218364865
17658435
