898533348
193462725
1855113846
2264799067
118545821
48485632
43464013
26218875
140928543
55364172
2967025623
272958971
3403138217
2916305152
24931506
1520416404
146291747
16001789
747822822
249518485
35377763
52253024
2890961
15464697
21518962
381624297
373425072
372386913
72357601
24769507
2291936946
921934345
188156839
891457352
18699026
46775436
34759182
259395895
1536791610
1122192223
3004311449
25089428
14892701
26548315
216776631
34398700
55266061
21193261
170927453
19028727
22019904
101334380
982871348
279712516
43991523
27781618
223834168
2402278462
21070366
25194335
13784592
73117621
19290942
283640557
1041346340
93821803
3026603044
382554393
1246732951
16955870
564008024
1440641
16517711
7614292
16548119
1935675025
19417197
15458694
19734832
186045787
1349829794
19729115
2475772508
36774033
278467630
2329066872
1629115836
2811924896
34344748
14875756
1629339452
8236062
2865560724
16539190
19914257
22429979
607867793
95108733
261918703
14460241
15736836
18247127
397765811
35773039
151651333
179732982
23284066
564111558
2467791
14085040
49524094
23553518
82054010
38452560
1093090866
595515713
23519596
35821300
130922325
2184697140
114456213
19685572
10950372
20710330
15625377
51652141
207046011
70100659
17057271
15057943
12804422
565264651
16741986
21728303
38271276
16725156
66263785
991967845
14159148
11695472
14499829
14755492
367873443
2215067640
1069714302
97053321
220778927
372079304
58413
41628166
2285311688
84076903
392327794
22723307
29141019
339086502
126628908
2451945900
194555594
481598648
16589206
15930000
4071761
40047236
342127264
143014004
355737400
37924671
15066876
2755496946
59882609
48797538
33313027
385209326
108646319
2233503938
22077368
14230012
14849562
14478260
1284956808
545305702
14928734
104943342
299273962
18571346
605721235
17839398
2534927796
2372501918
87359651
328148027
376384743
17190955
121533673
14855994
19402584
17197809
382937546
169135464
19003372
56727950
90471916
143188864
1074278209
2414913756
287818726
18272473
2499418166
16273485
2517988075
1273413038
15426668
76639716
25295123
538233740
18320874
164553682
16129526
2562492497
2483118650
15467700
250884927
37687633
356834376
315302894
525334283
1006766551
1549124424
2298152911
512646194
919551456
211245822
36997932
108672937
87385002
1276202714
546041141
143215943
1411105375
2345813826
14074515
23092890
36462231
179973018
1265726480
130188198
130956351
114518329
18768225
7593662
2252205480
226631680
18252796
89041339
91729248
55290381
174048465
1708013960
174887500
2303751216
1407296917
2347049341
172867574
479562736
360285166
426041590
18143413
301548015
2305428572
14577706
90484508
861442146
301012485
25889985
147093
20182089
110466097
244693950
11572112
179218353
19564105
15377115
571102278
99846591
3459051
69231187
16153562
13393052
74035510
65698096
16042794
17179368
16256826
331803536
334217161
42504574
62549025
17601346
1543408094
1187911532
116775999
208361818
164304654
18549385
24379982
172760156
17014086
29465136
48132847
597052206
279542582
29770501
15728161
16563573
94605886
11178902
31586525
1013901354
76027332
717142650
13493302
399679253
22012091
23908154
622024793
1615463502
384923143
503646566
91502894
17654763
242747597
11392672
106673610
587580524
132476518
806671352
42825230
24010471
103155170
959596692
27091328
115689109
457984599
11134252
379994997
469194846
213280708
19170880
161734884
272046614
51089691
817652
1554526226
1576353300
5940592
731803688
18678924
103231845
15891841
1339835893
113061485
14089195
242836537
14700316
185360823
24712487
54655632
338701477
43638469
17910554
26571581
86129724
31122582
1058006570
57411021
44688778
162464526
209814743
7436592
269947857
15978412
34733652
68487669
12133382
54311364
295786768
476193064
21786618
19650226
116110391
323413219
104544147
14757714
243291022
89960822
22151193
46176168
88051713
1163936966
15922651
40071129
125115830
14096763
32207712
460470940
970207298
156016878
832576093
37710752
52521572
17001490
15978792
304539767
71643224
15507433
15455314
16855888
15275677
160010755
14770470
15985960
14348157
149272318
812185596
90481540
451800035
145343433
90746345
98712107
165907905
72014480
113490650
9229672
16191902
764889895
57741304
423001560
16326882
14192558
16045956
212099695
43360950
12354832
14977429
18742394
807095
84653850
14703188
126002546
116630713
127689975
16145224
18906097
16172991
20073434
24740042
23314335
260371201
141937412
33933259
939091
22050073
140844060
380916700
16742806
50149303
198663469
295855693
14190948
251379913
619686487
138141495
284839927
69224692
15738599
10117892
246923060
110658037
57917441
21221064
16233647
50325797
14834340
16399949
15638615
17111550
49698134
373689086
4283311
618226341
14146966
435236482
15441965
16145875
4214321
7864222
325118816
603025587
20818801
813286
33639605
84388888
379327634
533854264
19570075
17086475
115153599
14434063
38507478
15473958
19776513
5336752
164412502
50446226
15554922
356916326
58375783
202035385
3108351
20343694
297556877
86697288
51241574
18655567
14626467
182054545
15104467
137041711
23954775
17071048
612896910
15463671
74234758
16020526
61371244
409007338
214810403
17698956
41742794
111339670
21717987
205379286
15368940
258885469
41287144
7848802
386075930
80617430
177005825
253174693
50703368
321774180
7215512
14606079
15334380
325265073
115688295
117118928
128750686
15828077
50772120
20179628
43435902
16190278
436925910
59159241
146569971
20733972
44135322
338608917
19674502
6092972
82162775
522282462
16016427
20725994
266715173
22664051
15780580
131497030
18725659
17171111
45270371
33276161
253604734
18772361
12011422
216094124
14209883
186175397
337808606
429227921
43920155
19925142
162069635
297067961
15745368
1797991
15727181
23839835
19725644
437019753
19658936
115749048
17393196
235196204
21785215
17487795
17629860
466519303
19519071
15608195
30033471
14515799
928481
17004618
237440884
81623704
232268199
55338739
28502793
19834403
217284148
19086859
14336757
30031547
16376937
22737278
475494266
298627614
57729316
16095746
249375047
281838182
153251103
357606935
117543420
15764644
24223641
409486555
82365025
16906137
15667291
17916617
16017475
326255267
9840002
18686907
399644528
8953122
258961053
161023696
168703413
112526560
132496568
11640472
27696993
225631746
402094758
15113816
37764422
94129050
14437914
330361451
15694863
188019606
148529707
32919879
14421907
16789970
3497941
15647676
113792653
45931428
20709405
72839774
26657119
15446531
26786713
212657985
15246892
14287094
16683301
111700487
20177486
18851248
325830217
14377605
115979444
14466538
17233201
113127789
86586385
15087011
345461691
7900962
402403356
23819454
61220477
23365626
20778387
43412697
10778572
66379182
73238146
7713202
5357812
82689705
29094377
15757306
20281013
15949696
47387039
168295477
35868230
19326245
14075928
119166791
15222806
55355654
11731322
22642788
1947301
21696279
15473574
29442313
18276341
16129920
72198806
14529929
28671322
27511061
5971922
30313925
810424
91180720
59159771
20508720
52499546
17494010
240812994
15590463
55295798
163388023
15220768
15985111
21268897
33321610
36740524
18982396
13524182
7794142
34643610
18510860
18622869
4207961
32387520
32519189
