500704345
580188170
769691431
3820065317
500231605
579832349
4229670826
372910983
6661522
2604574638
831304231
3573486682
906458424
156748926
45709328
2881598061
3703036756
14260960
880542613
1452151952
216201838
52207561
476062001
834682814
2878958704
3854286195
37751556
297473359
577545912
3355517979
11348282
39596022
480093929
226690054
743509284
239537576
14294699
500969697
3298227152
327127350
3703512562
3669881535
46516469
1095832284
414323219
144248235
1330462633
5695632
26035198
18220767
280638275
241238141
71359840
15613133
25140894
163483057
39763823
18912121
46186400
15225275
2748585072
369238299
2282797938
925764139
1069735722
1155302581
19384704
22057968
913135650
34144956
35004071
17756707
15846407
813286
19397785
20565284
18625669
33432257
326889905
159708091
109973880
1951639321
606770013
2552892290
24927969
1053513409
90896768
1723833998
443115253
2180560476
2216519179
17119958
84918154
2411088206
2190418423
513520555
340623576
1864085166
1463661938
67109130
24813707
2770147845
97073932
331668175
170884090
462128369
265028443
543689428
414000664
2504289716
542326905
342899884
860446698
386715991
85388377
387273571
72289630
762594780
312929842
246766811
937732219
535535410
779884878
822398360
382177545
894468553
1091032766
563668471
400341824
1651187306
1897802474
2290301313
790010708
2546336757
1488557346
2636369224
2584618052
2800308452
606702951
1619382708
921862122
2585948791
2862767236
2961011769
370677255
3339873922
2952503019
244162540
568396798
161447694
236434582
3120255123
2685137445
379216998
295354962
514981645
503475656
3104480665
583366440
874593769
3005317740
1419044852
628648681
1112722422
1455824060
2324245774
546449520
98963477
155658041
937844490
2427585025
857441653
286270607
402440454
3154040125
600376031
2490132003
1358326982
