1638846684
2913839277
468605512
2180926208
14523316
65119600
460584564
2830408806
23883931
2931765640
552131960
1711424268
11512342
536674143
4112745502
9094712
3080853882
176260783
87843704
2162938044
92105261
526182806
2478902594
3300327134
3395135895
3332764103
138002399
20491095
2482964466
3129301312
1901447682
149805315
237519451
135621974
115153064
54249426
459872516
861765444
2581409520
4026525773
13062722
2499229069
3300332498
295294758
398337022
305024851
914061
3431500665
3076195777
517055706
68119671
9207632
18186060
264229849
1362739063
395663485
1203691242
3004445758
3235821645
2320755170
3040062139
14917589
188662146
166291214
43046043
385665221
233978001
1364201
53158654
1575516714
194676734
143017309
1473325945
323342385
7167682
1611455887
38679388
38267947
32468665
14936846
260784031
20681763
135389546
57436802
891658838
708737366
2874978172
153120333
146959660
60991056
2314312269
2219852647
20719346
116076509
44816786
805214630
13666
275574802
1305940272
46691793
57118418
2338221113
14872511
1421521
41225205
20744078
18946944
199640036
2204322343
15764136
321496190
612001406
606806109
22970952
15905103
13796572
410273821
573918122
2797602696
265942155
14458822
346345751
106071399
1671416047
190691067
48098166
191985012
2310588612
450802238
103035472
3387911199
259387703
732884749
2173508961
3376049711
2891432029
716815628
320812418
115132643
912997579
1583993304
2749463678
1703608764
2733997986
66384869
909938851
76966092
3346980087
2991839630
104652413
236436759
102752871
14550893
3261364861
2415369557
3014327700
1231824062
43867397
3350572366
76791711
236733510
2882492435
3105686543
3247409785
36869090
2373501992
1707681216
65755007
140024645
2516029806
2821557884
2738012154
19623009
15071797
1657738339
108698830
845992842
59602071
2346746131
1415798540
1157512928
3115094398
323047285
3100186674
2804007686
493547782
1527495690
96796920
1376758506
3354099748
2714313540
2756444533
19386633
381626325
3385665867
3033039351
2584956692
2692865550
2307190704
29055849
222288146
3246448422
195815858
2303168790
61891251
2440684794
2368346192
329360710
17909176
192749697
318087043
17663162
3283759039
3060052137
138027035
788158068
2826768073
856854006
3084039291
2226464404
191196375
85734225
1356511850
2842111021
15442393
294244448
508748296
1587777846
41154653
37839383
83961827
2933375547
360206605
3331244740
1131838608
166501881
3068947392
3350011666
537323567
2983717392
390905408
380250623
410719174
79989024
1588455552
257581957
231564191
568222967
104469335
2823189510
737507959
47336979
1444118984
3133916983
133879298
629106817
2176610620
2190817472
536128433
21866483
1949571554
491047367
65991889
2464035416
156597704
1402831874
452454663
3235256730
1096425763
2385578209
3250692961
9375592
499778800
245368643
1524504108
37560911
73410629
962428075
119168244
609831858
728944662
3048835889
14735589
3204874739
430488422
15836013
15558597
2492809836
3005628437
2327435180
113584041
42612868
423396956
79025322
1853887302
1932487321
2409204099
164650305
2427554983
982992144
3305057613
58174695
401861027
20528789
240360661
2726055762
322557315
1892357124
2336496104
38827976
2291595228
2958384779
597642864
496276053
2518953510
3236448811
2355374790
2705842850
2409983778
2398066130
108429805
931067964
211613166
109294940
56412485
56839182
14135346
2630102867
499993648
2598267734
2285681216
2724606661
1315112282
1112887076
31384306
3329427268
71992308
373797156
51476675
92373281
1401251514
457134659
2443869704
337704849
1336920841
422924553
2783878681
2965141085
466574222
1070663911
2949980805
307929072
2199524000
2801999659
3115554881
1915465831
3343379056
2603853223
3346066833
3003421949
17845980
3254338196
3237130231
609841269
2885296595
396489715
2306376410
14747725
2892864408
19032807
2876465573
2812645063
2339878250
253207647
2254526162
635583716
274572791
2883977478
1942803582
52689846
3229494624
1151023178
17910234
1474598748
9385512
2685445716
67374654
1351009964
385151819
24770417
3219061650
3237003530
134222813
3338658557
3039321045
2166593894
1956869210
212737916
3111306417
2837950563
2870691766
14290960
70656832
3086675593
2207892020
28167824
3077334089
524441411
201382546
596502162
1359684684
161616306
49749731
119614358
34595991
2893751789
320695619
1079430234
85364962
3236894565
388708167
100188425
2375825646
1072742528
219362656
17169978
293346661
14963524
48039458
35601422
1533193537
2771667400
2459380591
2211163464
42417984
253155033
301987426
28676128
51174261
146778859
220610706
121881387
2783595056
14136886
944050200
300786643
2408935094
2799757448
479758700
3095871554
2911254941
22269634
424313793
21671365
21315031
3132089990
301838161
344294942
472354304
37098500
2874145254
14547107
12149272
38187699
3240148294
17477864
2345793441
2859432983
390243010
1110898160
457973298
299364430
600148628
2895993150
2517554893
507532024
1861439480
2166204710
129030945
35578023
251747355
228462983
2281130636
90590619
1901299399
200415607
244649488
9078772
195562678
148442725
1036713343
263143550
1430572368
45105778
1201774304
92345478
2170514408
23001804
80993864
2238069554
2182057206
619350692
103482999
3181768002
335625340
14128614
2342337230
114085960
2571195463
247012240
747398336
411110060
155844166
3014156701
814968864
3068864618
2957596833
197814573
2852586606
279514614
1870417183
3187286142
541281502
201013774
411407002
262817323
14810366
3033023173
3043876903
423888869
340470924
3230580391
22985288
24329353
139373116
490631300
2274536790
1602058044
175743717
1598072360
130079738
84382121
12608682
1667890820
2750658109
2309097422
1604640936
53210455
2827921244
583204110
64646598
3047887129
369281947
366406586
2894643605
2444578699
1009136299
2876322550
90722926
49479452
37599351
3166284583
524571947
2847025420
1229362393
588003493
239833025
2758681690
7902612
2532942559
837851660
3107903132
2928596870
234324030
263696156
29010859
2891535336
92415827
16195060
24523032
626409243
12920492
15786369
1392528138
3214531696
747453860
42096674
2967037368
102997987
2998935451
135156305
2362746776
2991874292
2973199509
3120396510
26790251
14128970
189461591
1403909095
2987052479
1450671174
76588981
1578082800
1920518304
316582500
573829220
295731419
2960943465
96140687
3092419247
2729389253
15734906
370581440
15082769
325418199
51428114
15515978
201179230
637301875
17512146
2807319442
3162306616
113593801
583383887
52659564
78081806
1884529722
2341139364
259415007
135674786
59721434
179968645
207177120
16103324
46631077
377237120
588608529
62533148
14658751
2915258680
59440137
816634950
731390761
2665952796
298704683
493741105
243689240
3152325705
3082120859
98653102
283951055
3239426757
19180086
531364717
2722126438
131333851
895509588
18637266
103711708
2184673291
113735393
855947869
302741510
39819519
2543737830
62935829
2214758239
3163984174
408550732
578162124
2995873052
64585974
2963540267
47373189
2203666018
20745767
97187670
99280962
2901931965
82966049
10427102
1330761247
54284981
1489703012
3069200017
2411536357
17705257
3131102986
2532656648
19068720
28368836
131744327
270916424
2811935214
2841827662
19097519
1368636055
747047516
339762771
54950081
282034863
134558444
121660560
17666114
43626742
218634414
163273886
273070777
267945682
69526813
2648975785
2450451108
3119920974
536291417
179048172
448446350
2888534990
46295685
3081058925
3069217429
1718157240
3081100019
3207775013
2950665345
1535594018
211966508
28059523
190777222
2841151060
3163062006
61721163
256494170
589843036
889099657
367448549
2735246778
2515729038
2911858006
820612490
14800619
151064671
1604271385
11991612
430995737
2362618909
88078431
2748944294
28152504
2789871557
894527666
184663762
43883753
2665269782
2955379023
2901976703
2517841907
2924268426
3089411620
69133574
1372936742
2870424616
2974891078
3068505319
487554855
18458747
2151139585
281292130
53889610
893809826
36747038
241457780
2930447100
40515777
2220913086
2165341368
415298013
17105629
2831591483
2919267654
2206993352
2507104172
974765708
17850785
2485458836
14716890
2974099591
1955657426
1364970632
2213115259
719472337
20833812
1635551005
19394213
17651554
2188779432
2249455164
14410741
2883715879
1603776690
2458367438
2551055478
3046483764
860869766
40922984
3011975775
2857004122
16279406
207534504
260976196
555031989
46096376
2960941312
308077632
330740614
2846462345
631788599
2454418303
2332786964
2371515584
102130798
1446389574
2716627642
2932392425
4855501
49145353
18458170
2369349523
868376166
1921228633
15207676
274885920
1296226628
931542462
37513159
2462773729
483008062
1186365282
14055368
95884431
930142494
922640804
2827745645
1240038204
3131261747
2391409135
205869581
106966149
79400799
2674425312
19364849
1120402897
414508648
449830061
101251282
3103912093
1944210198
2436787993
339007510
1675042267
1381132039
809313835
2427919704
1726647768
240713272
23985573
1946219659
153966123
74378842
20822832
2307567462
17134557
2303459167
17796143
14162038
126444519
1633607916
1286855910
3038348323
17339064
1476521467
2554354436
2802151150
23648764
511223459
106669773
71213679
2202774120
92540126
35731120
15982558
3039754689
1432802516
255107098
3140776480
40953465
75328374
2919873901
67234994
2855916984
860953226
3143539565
232342189
2827807335
59143038
796278757
429299326
2981086600
837398989
3060490849
21270922
1487885785
13802392
141895119
1696615327
43859493
124776946
232254662
2323237361
14179402
383685060
336875626
52139004
3054437720
17838269
397993662
1844470152
3009683787
2565293178
2445459474
222601574
106846946
138869971
2557487508
3045631308
22773313
717956449
499423806
1930799587
3060671323
467998089
1169760512
119541365
2241631370
17520718
3007990163
226301036
172836249
1447528484
250983058
15448149
1885474430
543181566
2922183598
336165225
527334899
2329666880
236992803
25710790
300135299
475905768
2390349402
373438566
42233002
5404442
22249429
179142975
185898176
377993931
493482998
21001013
1089081974
388934581
980378118
962158880
3067742560
1448502205
336053144
21577728
21361705
111918273
976070816
731581674
633534615
36730070
808662330
3080019411
109288334
60031833
3016756833
372348082
2934422257
9548932
2860525863
318887578
2542029950
47480137
141748686
2533220641
1292498496
1243629060
2690249264
2991446248
3095997326
2849669774
720479706
584250510
252105705
44724582
2652007741
3097206075
2232256129
2323123429
2944338338
1580594652
196250272
27580569
3117946421
2830450666
2509507093
2711212681
2774062997
193462243
874656463
2559891481
311234209
308385276
2894482635
2216236124
1566647527
137124622
66004740
2181963208
2918937464
15602485
3030979109
2433839670
705266422
2186833712
21377716
2563919028
260106150
106588607
45656880
48727446
128381161
2462079870
88716992
35227923
344514301
210684204
2611143392
375186516
3063127882
3056440803
2171845664
607296657
2923296498
1855164642
346564004
540813072
2763680641
501204097
2214264253
53458199
232603412
374429594
2494549105
621305319
2951528028
44476827
324714133
135802435
1458487783
1449000090
2210704669
3092429770
341567955
3065856747
2230204178
2343744523
2861256670
2526038091
7640362
365436644
5023951
54555594
1327786555
182201545
14190816
323714228
23218742
14626496
1901687076
2152778630
2820538226
1452639415
14883821
2991872759
19381861
3060042483
2388616099
2582543506
209575740
419759291
67429190
2944278482
964221062
39303992
38212068
3046623231
138620300
134529510
2915665733
2589112567
2925369131
389497277
99427640
2681164942
19148727
81195356
119486826
328110571
111659710
374477303
2604068238
1376444120
21069162
16383461
2874805857
211909072
3073015370
451955384
16012295
1551116448
2844973455
281647007
109328430
17881816
891377682
58408750
62894448
1117905866
494468142
19943491
2798035155
69748123
2431244773
46462111
14400160
105274568
1624368620
358165174
201292068
1392367693
15801168
2862966903
2784431570
15517053
2508928718
40580641
3010398018
1599053370
616934071
228380252
2883674075
14192329
14518588
3073976499
2351540406
2230234412
2282326027
2306228096
23947821
263438140
17031456
142296497
44465353
401077881
15145646
36609960
17907265
25932987
110891704
2580592987
1558118652
3026099092
153750117
2494225975
55663342
556380489
2294292479
2218267860
500840462
420239011
110962519
102467622
2969559849
48983119
174006950
156383876
12610072
2804414101
260801271
2862483336
2885096288
2394036326
2481527858
3067985308
81923406
388871000
359472668
31083283
2431915068
2881246479
1703222156
29411120
7019062
868637460
394776692
111998965
2949522945
76046875
1026512892
2677359217
479797386
2936564926
2239826564
2558988457
254235974
1961040182
19286113
3021237551
390137928
2923274991
65661646
2715319927
100433269
2296684014
92346621
56328549
16481668
17651229
2489990580
2966216312
504299333
36459147
1392639631
133348809
242822343
1615357742
222188747
390346412
49593463
30158022
2773537778
53434947
20740584
2292837481
43638469
499840041
16555317
57108102
23462787
18743550
2254236379
66248581
15816699
409617637
14865238
118719650
201647051
42070873
873952494
222669075
1726163948
1469288983
2913853103
834546404
50083645
15926388
37277776
26446838
19651231
2831602127
2899018298
2863668785
57562744
2484065114
31647336
2212303327
2255893897
186214147
2220481964
1306504764
1193945149
950769998
227751456
282198792
385009921
555478542
16454013
2348918058
393436373
81126959
107112614
10284472
2563205372
243820097
60453038
184793853
1285375370
314703677
2996448888
574253717
2287015969
507812338
3038426783
121302429
314065655
1612448300
83566474
1020072608
263036685
44113074
32133238
1209558716
2409735355
314764239
1886792622
745498292
637279645
2851112132
40491685
1211825024
21123188
1129856832
1622898439
834261097
20045629
151033796
2924315544
436117451
292976084
82046934
2317974979
2840892538
3040902664
2623464418
3019791755
21650295
160457838
1163249485
2845850279
200925291
994206757
2367679728
2960189186
201436130
2265486572
584714442
2177130499
1856980754
184391585
2573052462
42207017
56307573
2891355449
2672850500
378215053
355550021
2278542824
39952775
1528547491
2563622270
21668588
90417225
2054831
268336615
33197588
299270482
379743848
259259951
18614178
22350794
91143041
91691626
114493453
799722
257198217
2548598250
1369023174
2937321142
390627208
605640133
17954060
562967099
198329512
403381811
415522016
628844881
2411456959
2887035387
2569299876
450777687
249478213
49311606
24456339
96735431
121453560
16511394
433532671
2302085310
887204022
2820990081
875988247
5563202
75246967
227205495
2836528966
2418305216
36132890
271761269
974153731
218547812
1425182432
533203820
1287476160
74272228
22114213
863145667
1389046250
24344437
2237694474
1376614460
2952983071
126053953
9979022
98345300
137573468
819264876
23959413
1117207375
16178342
249575340
2903393603
311497771
2373813025
27280456
116830375
2933629443
359572266
308622604
18084176
390457235
304099504
2460502890
2800123154
76374047
46512669
2801413124
2990905338
35761970
1373368518
153962533
34324025
1904299291
513421790
2830515644
30971278
532511048
111221301
15679259
2963603026
2790335155
42932787
1960644727
2944554745
365252976
2459783893
9158602
2878533622
1378
38247323
21360280
153492935
1170216452
435082335
15662928
61582856
1003249579
57502401
17425484
11094282
15433331
30699754
15883042
12193342
324243049
16992728
22756947
14410280
17454341
90073649
51036151
242424376
880081778
15922962
17493187
39191312
142056303
2273684245
473958550
2864287293
26507612
264987276
59786918
2988711209
199569492
509637782
547911880
2241486025
56050543
539284700
2893122128
82190526
316126941
2335575384
15066876
42854486
2238369799
20924605
863470812
16097421
36771426
2382073574
5520332
47030292
31143814
113777981
49044100
13986572
16581345
808861362
720187698
2869417833
292972935
260070095
282981965
2188593098
2386351941
47719555
739477099
176810291
2506862905
1613752544
166666734
579890458
38258598
83588783
631716928
45905648
14463924
18986499
21648529
39920326
51961745
69231483
133089739
279188272
1019228011
52845914
23990406
1467878437
7633432
27070889
55184907
141189815
8332262
14166026
16112785
16435945
18548117
18946843
20317551
30018058
79320096
111730689
145470161
188281464
232193350
298706321
328111037
381618637
24808172
427103402
543603426
551373363
963564589
2180927058
481647429
136387932
2559008948
2439117024
20334731
18682950
2347049341
2924766177
14511951
217665106
2767727191
51274142
545655620
301047687
15408824
1121028973
106210507
2814676950
12475182
2798182153
2206108249
156653431
1553885275
166124708
1243222531
420995415
14535900
2204839174
25298175
358254915
459706833
2260393860
1344359197
38822554
145294106
528177366
2777985608
224225061
23755062
75302325
6708952
19407053
20571531
897661766
133907565
104680080
2933447393
467416116
830777034
1409513414
27860681
91478624
816653
14800270
807095
3108351
50393960
2253720554
2888882327
1534785408
389393463
394287682
2432543388
14069380
52029847
34379992
280716675
543440554
20619949
305137294
594464231
413892060
2458376438
36746097
17354555
487234470
1365801960
68309040
2408540575
917304877
350164085
23135861
15538105
69968410
316420485
16654531
51105880
20052226
17312046
242787591
2832014738
1705045940
2303312624
29413575
173920995
5988062
183415276
2361353258
18036353
2873105230
50360725
18019689
317005063
2920995179
2933882627
2922356413
2345412860
222591212
204103485
183279521
78434490
904504123
524396430
150749564
1241579485
62317181
16610067
121556117
858988208
17350542
26249909
334178552
407262692
15292902
291850974
63914115
17463660
33572948
634516676
211578095
291566581
502388406
1088348172
790139
2386665612
2190965882
2360882965
19976748
700521902
531058305
202993706
325437911
26755480
935836238
63333593
28632424
316156662
14340145
18323270
14558138
219067797
1808431
9630132
15129104
156811899
24677926
18506925
2254037612
488243827
614360671
14239963
175066442
15377115
2324092180
308709233
873842971
2436768565
318549413
546688076
1854450648
6596212
15106068
943389062
281046761
88745438
2554581644
1583040067
20033596
1618632386
74138761
856587308
1535107130
17087992
14449009
105328660
54988150
185166944
290977100
71625140
2325186504
150546196
2370150462
538101032
355203037
592608868
35750998
33923153
249411246
15329865
14616957
103550181
24019986
1164159295
104455457
596097325
2567551369
354729119
1268016968
185584661
1495400150
223651944
471922198
632206946
781293
597366158
52772895
2480168240
37721761
14157408
362780383
21078774
41093129
14397493
1497244590
476608816
16834046
388606436
249178938
183244245
1528546807
146183346
314420339
769367904
43301657
139722074
236553944
8820652
1337585012
32553501
2224170056
14119129
18673395
19161516
87818409
2149672416
15925179
57376328
763402038
78617337
1172301792
1430797622
2354893956
113033557
210556915
2308764949
99636351
239759413
831341982
485003247
1180867964
569803681
17002481
1311827298
460341964
111572830
71165241
1450173031
465642827
217206560
5479932
21325647
2645669124
473544386
49449277
124512853
16137442
95511515
1275722959
26217653
2152629204
18177624
2408984407
16906514
256131703
22670999
1250183648
2482460870
304474863
301999573
15433693
29054405
2548341234
539836226
193504129
15317462
1713484656
110171914
15307727
17273355
65734041
594896686
95332670
172632175
717161786
17139722
44778238
1412526638
403093403
20596281
25531882
1001888708
39497711
21546368
184320317
22862434
394940684
32409270
16373810
22793905
2451962965
64444064
208912793
284627378
191878792
271951117
99057454
2317439701
65044131
2227421480
319937112
17899109
37417270
312254799
1732349934
28368776
578598269
59391893
43366642
18509466
159097212
15794397
382253381
807992641
323092200
494102905
1206064646
64013674
102093853
757188608
132662284
24738621
102589060
69752158
20951229
596822680
557990909
19327532
17979127
88789814
121508653
12414392
16244517
581715767
17587308
937386085
34392584
88615688
105272215
61542667
820674420
149134805
89365585
30331404
113287366
163456477
65049591
26857202
14677117
17044207
1269351
51459378
238436945
33986383
87370027
23853852
