19310851
18683632
16721393
30966886
16470401
67959272
3262580191
13969612
17301250
14305837
1359460969
2172507614
15936314
18897814
3226666666
5531452
885119785
8765242
15426758
15858658
18947406
238346485
108429968
415088701
57687109
4157977693
4126497012
4112770397
24087435
52198583
14647767
4172976598
26703678
26037846
4186459677
908631535
1242181658
40447147
295871865
34404262
1365680430
544420853
34625598
198943579
188203471
807112592
632356794
818072436
628376680
14227603
15049436
16506530
32158379
98661762
35292843
752223134
86131319
40915984
600344283
16461408
932400680
944019631
69588297
933274248
399554289
236956579
52536440
95589592
16247688
296803870
976267316
68441229
462408486
413690564
15633969
1162381584
620878917
841070528
23103199
24888745
481535614
272088731
45628949
19667856
107966989
1309691539
1304043528
1164308149
861556309
1347019884
14085849
104453866
23049999
1249911096
312269722
281944243
35768027
1242185161
36750623
33582720
127861067
183187863
20553388
40442149
1412296470
423344348
35775685
25197518
1375330448
510682268
36484571
15107443
589511925
83718113
345528283
330900992
293550097
466611841
17179476
318475661
128666611
78514656
15851883
16858639
45610529
1670541727
63584218
395213909
1450381002
55834121
45762412
10506152
320037103
44309949
22925257
19869846
577637003
353129556
20530613
130833001
1912197558
199931882
47382728
18552491
12710422
951478172
126342521
5815942
1141530420
317439903
38696748
19773305
1230167707
57010802
294086014
91649310
63773079
335017884
20236530
612579443
28838186
2173153681
43474559
37961259
113368827
125834311
156997379
292740579
2216663214
829510422
906744312
26744400
16725492
47677396
891588716
99978956
2213187995
627845909
17287510
1160293021
479531413
1362550837
370792006
59496773
15396002
16073883
2305357483
2307231410
41275060
779086098
41030289
16785096
441869084
14423072
81916912
551135667
61757331
74623447
18008026
30948400
105960509
16633803
91916219
42369954
253116687
474497528
128576824
357025586
14164862
1975049936
1930528657
15398126
27261597
1978560852
1860159180
467134804
460459270
13108812
2432570659
2426955169
525596304
147038486
2469902378
284503718
295893769
2461849118
2251011888
1320526171
2459996474
137327156
62730740
394791874
103321386
2590242991
116038756
899590171
539369841
526691469
2468097914
44962955
123635126
2457464714
2555677980
16370769
264523555
182967160
2547620768
460414921
2714567106
12117382
577991455
48257388
23579670
2557295370
108671971
18056058
2614098853
193863924
34990030
1329687187
2687545693
2163862278
108696798
987228930
97318354
2794053794
34147444
96122151
500903488
41673308
126652195
2901904572
15301560
222204363
202833024
1423937029
22493432
2484882242
191557622
61272632
2937057047
212391160
1913662422
21091220
2335514168
166063506
231772305
1172000035
193403294
381639694
2979264851
298539071
209696923
20488290
30334706
197119004
26855749
15092841
46700270
715329643
862058028
62470925
13239382
238703447
17478518
18643499
621123379
53424977
31680812
36350840
944307612
3099487133
240760258
16388612
33871529
252028894
560832306
14060726
28316191
527110879
3142006622
1615185872
222718852
10946432
47495168
1221471
1257392496
850349395
351422139
546174027
830132336
21279340
188498077
21961793
202937369
147300403
2163545346
62616889
272006094
2831046874
1913426118
2293616453
145218522
400956631
55839402
36155104
411808822
2427528042
18008618
291877390
3220676370
2699391090
38727917
2804875730
2866188586
2301599268
23116297
414135282
320582118
24584345
3426285262
35669065
3403245495
438012495
347945647
10284542
2962288583
2383963063
3611561481
3025137502
21700166
3817190896
2893024849
1244100456
2178320167
2901097760
848470549
3229071037
2910254160
164567470
3903378810
3146923037
72808184
94164443
22039270
3139179763
3685401517
454154212
3675375508
3826140553
14239828
19636521
17044408
86957264
233563913
21037895
212330577
14457688
163979129
16165861
27869309
170148823
23359201
388484873
58560480
63256063
58961805
22330739
57265653
45843445
14225267
809623
230812695
214706450
1415729034
106278906
2485242254
323346004
212794144
36702275
766424293
277573093
80962013
2966116756
19455904
16810559
518644715
2314955674
491645516
564620588
192282684
285688686
12219832
263146348
69024319
491188561
2714527446
348313164
167013725
2609264233
23977676
14777938
26755684
84418385
4341311
22332184
268328562
10005212
171419895
390103048
17307429
17193794
33840142
1615639939
275584321
1196607325
1464946626
340230362
817077511
217063856
394902228
26478808
163966133
806002507
3171277520
25134260
313428531
20780333
2821226877
399255492
749902309
29123710
344302515
486633279
15635489
264008385
18182674
17129454
43351594
22928075
36165350
23768212
481322023
84398399
551908738
18185124
196598607
2431201940
2876238197
834261996
18460854
8820652
51620306
70619234
3290483304
15297536
3024365160
7661422
27684167
48595581
17940504
259613476
1241909060
1498671938
1573198122
370256771
326664919
487992886
159918821
301337097
745077716
227301897
472928421
240726850
34922345
22637107
94684127
2963011
361631391
58574332
43026649
1004978042
60150353
279920681
33487196
41922500
252508625
280535201
1633561777
596636042
77438460
284933832
51480826
429627107
117143360
3008417683
3355840324
19052942
28160568
15457017
17581780
14913837
3105075390
245138071
37050139
262495703
14600151
3311851455
1128813198
107523645
3115971038
176636351
1713583140
18730862
13877022
3306014722
41804924
27093960
2589729396
3233016289
71840307
314546782
16438898
976370946
34730520
631748676
78386411
14908977
170026440
3246448422
3236333414
1443780102
1241987934
481375592
3153734138
355498581
2566894225
2290139234
29494793
2999481934
9695792
232610249
3184535677
191920757
183044296
945888721
14274372
3114330309
2433035562
45329103
394336419
1283919696
38567075
437465323
296482605
3023939765
3099997808
2284237477
217506104
2894129039
1652780222
16441772
25896846
24365181
85873435
93702254
2337153680
66384869
29956567
1082790528
2919873901
293693171
1478869458
260355934
22914266
18149467
2716812206
15887328
2459478132
3114963555
108196946
743057700
2500183010
101551148
2610421165
200302883
21063222
153186638
787845961
430719843
2992641652
90404915
163070634
559016703
81335207
274524642
2548407828
134818435
39229885
35203319
69648081
17871282
85323004
22553490
15751830
32207824
45802063
25531700
128676094
47503235
1226302352
80130557
585828679
16047616
208665126
22203037
142296497
18878415
2477946732
83274779
2482358756
16436212
24270599
26360784
376840035
1096368456
3131102986
3229222556
2414709972
2686894640
205840537
213735745
14604049
139493986
21648785
335143738
44667216
294566925
254188826
57704215
255992800
100944891
441960065
23108278
20411271
18925264
266549274
91551086
251829046
147423636
39665181
75952531
947413994
1135132975
552850295
1328170368
97079051
141314170
52464119
97355422
28355209
44161589
50248445
13511212
1697273742
562525763
1333869762
485540061
452359699
38094212
489186612
323777070
346117268
152356766
27601509
191138655
33548040
20642898
872850518
18033721
34673036
45958479
2151186774
712454833
485835126
1244513478
14960007
237837126
111998965
339685883
165429225
50373114
35028575
169927614
3115242635
115580069
1924116656
17031789
3300744803
133232715
402070746
57691576
438000936
1902694056
119272655
21180539
19071998
1322257022
1485691694
742508011
1651833200
3016704371
517495068
20771040
28743233
552005607
24514599
3062939842
171432447
29216260
3201134609
585573270
14620491
125738594
3368443269
92039826
339792588
238161597
80045455
119490559
109652213
245012246
36482820
23896576
1416515108
41862696
315002750
14905019
53203065
312723929
313666429
481494408
58846115
41940357
85021241
2959972182
24187229
67399374
198643830
552254823
1468272564
562346664
912487141
2450746544
76955324
569359226
2932495356
86504804
3120819343
404573254
38857873
2364167906
46515173
2163162770
47640949
2566417782
3140007074
980699918
43416729
2997973640
212855722
313684375
376206322
3066143926
2493580728
560827284
2315761933
3025620847
16966104
2658183640
2650175733
1546865948
2811423158
342601720
3112245896
3120734350
2995079174
363072592
798670700
2688172849
781275523
3130654270
756663138
2368098494
153022573
3156928034
2709619315
2346944941
3119117593
3120962505
39054662
3094308478
471178708
452737089
2868157987
452782875
204833926
2895535747
86735058
3164733457
3185415759
193729701
454662513
53675704
558556567
146973332
584847277
3157255705
458308902
458338462
458451452
459921318
464439857
14604102
135564195
3067932806
3067892322
3068121296
3068139014
1649876263
398954641
22961637
366446253
3069722388
70943675
3069739596
3069729180
1360246926
157060150
64310084
458390571
373425844
3071183058
374579973
3071218008
292250604
3071331961
3074974808
3075044203
3198648185
744501012
509083512
2644853010
2644932031
2644959091
3120232628
3183939711
2646957008
2647010083
2647080056
2647078470
2647159950
2647214486
1559177246
2471125687
3056737318
1049408995
172562811
3178388251
3130786248
630150253
274790553
134418860
3161675991
3182039239
2950654485
1877529949
2950732415
477704323
1877329459
2950667447
323487376
1877944561
999903331
2827351755
2951554388
3153879055
3150860167
3232040847
562492553
478722086
3238537480
134919858
2242758462
3033302425
3237989343
3227189560
314673577
2931767585
2756051209
3008306964
3119529911
2449447567
3184417915
3086229419
2672316624
3115218291
1933754257
139754096
3195427554
3153347383
399615670
3252442215
2169666486
2771587030
118426182
449167265
284825997
64783109
3291415871
380459496
556714555
2408149112
3226042614
1281844824
2366930208
747871657
11423072
459534627
3182381622
3214562759
3242020935
40885665
22159775
43540413
241188333
2952278556
1693482968
3194997350
14245331
62156637
1032320215
3233184596
3115316998
469075797
3083104162
2561370871
275688735
234301957
3236768342
188326337
3001517356
3258131651
1958996089
1631093664
2214855529
18124830
524657491
3064668766
3311077305
3312232517
163582516
2324385680
2507719531
2469769909
2388754880
2213281189
2883562668
51109965
486957131
2967456374
2164361425
883172168
1871943912
214771684
34683842
117189483
633754232
106130078
3306618791
35748161
776045958
2163023484
268583745
594738484
115600215
42625112
2535477084
2992685762
2726718480
3315944337
136722267
2214892711
2163165415
2212721665
2218688713
2500542054
3001647202
128189072
2937952835
3185809728
2400553579
7807162
484974418
104541724
601862557
3248792935
2656319942
3243562139
776051210
1479855084
1675020847
2836285395
2841214245
15245288
392044008
2213569766
16791841
2457898602
3331479531
1061543418
199049790
156935695
3226460848
351611228
3216937103
3242565936
68780036
3233929999
247627086
120054331
2789881130
114694304
3253672424
3342262619
262056683
17992889
303379485
20513456
1618501495
3335631161
143246389
2214900758
304575902
424882191
15570993
776039545
3066719023
2960440083
243462671
3137499835
46424828
2525400230
543181566
365938560
14297098
1670321934
1626842281
3345986944
15287589
2496633000
3238007556
2856913936
3029689262
2749358677
2358480967
476443251
48177379
258236769
61036249
494213851
205522778
18254510
391759882
205930805
6911662
59431345
23898100
67571894
496533384
14658664
244001766
37973213
18898015
215013891
178098349
217115145
94867885
14364922
22919152
48254250
89294830
52740720
46152458
21901408
77211398
17247407
361152698
85348046
16217379
13635552
1875405793
59723537
244129425
834601
113944773
26919391
223300543
1245965478
76200016
38073220
239870666
101472525
29429908
361158191
24114437
323203635
50584367
874172269
244777123
20062070
1931742644
15378276
49956487
93648135
3308420319
583342134
776048628
163864880
171923859
2354392950
1203662544
776045052
51719626
210975692
2731040795
16956073
28375361
478731612
23797097
32382727
31592018
112373345
161943342
14077979
979061790
405171600
108980168
1628895096
32023097
1496207754
50266223
16002370
12475252
3108463782
2982010497
1507272223
776049822
3153938221
776058487
22620810
19995430
14276017
257198217
142444855
74759156
728936576
1665194442
90720032
15927150
119516715
297652947
175711886
408578918
1701419804
48168003
1906994149
34022297
457898415
6822622
72337582
318022362
97125064
634326440
51621633
376955450
1671996356
165815955
763642
69136407
1376599538
55379377
1633701961
30686554
264635387
254630740
48277273
1376838763
22988500
1250303156
427347106
191267130
54415057
179545928
114800805
284486110
224082652
758793368
101986968
61084066
215525600
104938628
41570573
49573801
256900512
31207490
16410748
21629085
17653256
1933921196
143708901
286479042
418174393
1933522692
18334915
1646415541
3184107485
19914997
752028078
249412508
1862439649
517763941
16117481
234059046
115329411
14240488
949783129
24881023
701366994
202767932
309783032
3240859217
15839517
3167875724
2868207254
20458033
15122137
119342390
2647249596
16848688
2291383646
108287745
3046777352
2993670775
17899797
1901556648
471877780
327659945
2335806370
21324550
2926823673
14993272
3253862398
108050651
3242827521
16184259
220271465
765967608
2241428113
51360810
156564199
101321544
601270110
1605891337
15302859
2874302603
92985666
18165813
1634814829
75982652
44564529
512352062
40866061
14342549
79152673
28312205
442224776
55004670
15137512
384884380
18167212
6039282
7764672
771766416
397064084
31030301
162329856
81771655
499695724
820233488
435054422
20285800
1289999167
819257
47220472
29039023
415294872
22433401
81433748
419681644
21934440
247404318
250640797
278672958
523479753
218149040
211860293
276959032
1578096182
1480932571
137713875
532528766
133806972
339968651
373416813
136894754
19311403
360448725
297887847
23812088
51220493
517168380
244579082
110217937
14514029
2186732210
2872291748
233415859
371419374
118137422
55336307
539178847
555031989
585879315
51477107
14114105
432586271
2242784591
36958530
564041052
3071845201
64293
19848307
21004344
334647647
212308724
340748990
2884057979
147806771
18482184
104391252
14882783
330568519
409564372
50791787
244288499
969047869
24384875
84554634
111763072
353388065
68808822
1875643700
23755643
56349332
99426916
32428493
832802676
736247384
626629546
1899521088
1317924446
1625487210
331106296
513822440
148779346
515218742
22413035
506182057
1722647012
55010741
1409603527
486970980
260336920
98158750
586020510
48220665
16260817
1687756998
39969137
76022353
137236662
15068423
140647474
15575087
47114067
733468458
1074242839
26962494
245641060
250836624
110171730
18735819
390286386
456953068
1018278930
2709953917
2964412869
74746707
27702107
47162492
79586688
149630144
41142483
132639906
2724103952
2373896526
213371772
1912153058
575692424
2151385872
720950359
887202210
117366722
21695613
284291626
743961402
424565915
784079742
172241549
45720659
384021224
715005456
90828071
17265273
204381392
224644650
441462419
51794348
344585795
1669064869
34098396
459444776
39570696
197790487
806881610
377733
37073222
74843982
127181267
1143316898
259908687
16803651
20158120
394504154
90578432
322663514
65856022
14341853
352632733
149164125
14123409
117437517
249667163
1166917104
1553604230
849932318
571993342
606491396
2455338066
14592079
870761
15944960
35015089
3075461809
2740137532
156563457
48743186
2356753082
11245502
45870401
16563668
183478194
42370295
43649498
1598445654
67378195
35891142
15188940
244020939
25409000
107481625
45137486
500929942
75716502
364207255
19367995
157002339
104751201
527204062
22862651
19635266
18061192
15620436
45593971
87483048
442462098
541024336
31877091
459119967
24665602
62749761
1908310050
14272607
111422244
21422176
28328978
974312011
17041106
18690477
18507505
248868797
41450509
3078488255
2903053295
25053972
2204738892
217411958
358905141
176321570
36559152
825378426
2818356990
1696615327
405572628
18539631
913744615
2927913948
12861252
40905872
2915907690
1904177676
864001974
18506638
299771478
833760745
16248319
21110060
257140120
19532857
574116378
41361984
15825852
22638858
118648805
582680152
425564544
86368713
491094339
16362752
38139626
144723896
72701241
311876503
594632899
28107428
1357738045
1484946606
142770707
390392465
216776772
53538911
55745460
498720509
294196779
246310223
1262376944
812495492
552466288
125550892
2482350301
2648967667
16475096
1153538011
552650354
518410497
467408629
295072691
9986712
537339098
2875917137
15734989
1225944542
366078323
213119979
26831729
2493401028
1344257930
2963417633
1744621
2178348182
15082919
2902018285
1104808716
2236542690
1192162278
2918279163
7854362
3017413136
38111000
34479327
2797856851
2985292933
298891602
24600719
218571680
53017986
3006110188
435069213
3022446962
278214197
51176789
1536149941
1400905477
3039714603
519559870
2829582215
50324720
19677097
377982102
17105418
2830423711
454087310
1510636182
44516098
252616255
28866666
16738962
240962434
124521495
17565087
114776751
78133411
609507916
87761876
27122720
57368126
194888091
1949371926
124044755
21370091
355667552
2576032518
401966021
3006041962
1574065873
212991596
1119134960
2902618192
708177507
2928628153
17908540
986665412
60698231
500578617
115123902
17880018
2788121
254247433
179631919
14019992
24628838
92022679
71456721
23357305
2893117864
1138759182
915009900
14738804
50179099
30634283
48771029
107087487
231497809
3004533482
520326674
24783486
587379391
2454651108
1196531330
13463862
120150986
113203111
335978294
14273850
44724582
22965779
418241035
62708328
17186765
166763421
291187127
331348804
414090097
141301502
33375440
373704296
14603622
621299698
50251392
19777190
58276580
1344903391
2750578795
3004104019
147989855
2736513957
1969587331
98650307
21568370
740338016
2925723450
48119547
50174475
88220794
23823207
97716631
1702737937
17854118
25096188
133787882
11387632
12390112
81963984
63475583
457313
21595303
540359531
14801113
29240585
936348470
2414740303
2590457335
190363809
141189815
308498660
60653421
106503346
128400804
19040504
1953922075
2755291435
177336811
53829677
2722015274
2290453579
759826807
2925178025
568447065
2904296640
15607427
2384196752
1873308482
40698929
270209089
1219811526
1467709242
2833024809
2927231011
2917778698
29480341
2802752540
116830375
110557285
1707985051
36785402
2283067068
192135286
116257958
2648011604
79222158
54222680
52134701
17775741
168834351
393818842
105036399
153442931
78082145
2486034890
29761155
17956604
19161516
2258993298
329736890
19270896
2811458222
59884942
2865847853
190704139
381513830
19848777
25116235
36032320
81619592
39047949
547874458
44672556
14870804
15501305
148418872
44150150
35563232
2214838104
1045152966
297626273
968569038
291859435
28918980
16646918
18953266
244992278
1139290069
931978454
284942731
526646396
123087986
437691294
18239795
189474615
113593801
19539314
27845072
62554155
87475277
14134823
23798611
23335196
97516929
14837928
265668224
49472317
17385961
90776145
55121922
23636912
185898176
343283519
8523822
896501700
34000178
18986537
2435610703
411833310
2810539390
34282709
21179268
1289724139
58569413
212330963
15747938
285476922
837845581
200583835
16294267
135348838
2828508928
1292894311
14262772
126903716
166203501
32816023
29110392
342638819
192427420
62581060
1700426708
20567743
330509397
501123106
221781323
2786200958
200655127
2236623656
92567328
117477071
2875736788
30253088
240527238
1724882515
2816594574
18936284
1297371259
54606145
904313708
73013623
1492652022
191914406
2388064016
2217583740
701624635
135945569
24436600
259666947
1205433246
2187279649
2284746242
2591148224
20453726
477843780
23694753
1931960364
100445618
18511686
284983604
119337515
622437626
92415827
315944894
152922907
1425349861
354582942
17018005
736022173
524641229
546970258
853398672
19079687
609194221
184177756
177544032
425103504
309557070
21690812
344690085
358346082
2813667919
345131103
534563976
249961399
193030139
38790830
19520006
710911710
151478997
11667542
20476532
2898493626
160650273
2726523398
14387914
2238853386
267829489
44374064
289884842
42034114
634342579
19053307
858964134
1938965978
2884826681
2388784052
77540948
2892749793
808971210
769195477
2906580072
57870444
2851963786
248926664
1874072522
2457938444
211569512
2477680927
2178178284
413339745
2335036014
31257471
2396488968
2777247588
78554079
529794801
1496995290
468658002
2866397681
179237428
2457967128
1206064758
82123247
36043046
201844748
1080117824
2572770595
1640670936
18275825
19904067
15040988
100065631
85383094
95263650
234127149
1901687076
14951565
275615004
20052226
15120121
1552213806
849143508
227691474
2325442002
192190443
1828463246
15357143
186727469
37912278
343914177
36365449
2881543314
1408008301
1195362043
473888816
147888592
510060389
20710292
552276078
431402789
17929114
365101425
2791751150
1932200215
213462225
171916386
1960789190
17423332
373002124
128251694
18962204
52671499
46490457
73189178
8132322
268337593
170368614
19114767
9925732
180497628
16381764
25993087
361576667
287715816
408538526
71275164
15665923
110470032
48887215
37661818
945910975
51994255
27689263
48736961
85426342
14763044
23714981
348760401
1399490694
10342142
2546113133
239824325
138864233
17557020
54481399
1227639762
2578306040
209383326
2298599792
624538663
371644949
67667675
16942477
2812877665
2419116247
43127620
632894984
309629734
2777016282
14763855
1014359022
138021709
40488131
1581974737
2835307932
1621220348
1561360538
32466656
91114344
111563394
931054076
100159486
2384446134
2835574172
60784269
739293
2780748414
2368389470
9572932
93072111
360304674
101860807
454532073
490832366
2348648646
203274695
54958859
356161324
2450189594
1476116586
18033071
2328698910
70801352
217525046
209636211
44754859
298768006
16874598
2617616298
34390936
2376931286
1250245476
85614136
2396675276
308335946
2584990968
22634164
518907407
584966311
54969692
1254044786
1377326713
2584271502
2763982634
2511518101
1931811601
2400086725
35916610
24729747
15367678
489129741
2173517252
2763805178
124827833
393175893
3230361
89786953
2425768154
2363204305
3382
14241791
336646714
34891580
17460942
410011837
2712662635
255082719
2270892900
140202231
473183754
14774443
18250462
23070443
15206736
362555871
434983275
313862191
139045949
492569886
604591524
534917307
475155941
19013088
32111865
1219142486
39971449
172181150
474600566
10703402
238361425
394111694
123303529
56390344
1267153028
2723651706
1179386022
2294043942
2532809599
2472827390
28943632
1893547214
140679347
972494635
2189673271
2732837119
127247808
2615443639
139734507
5500762
305597963
2824292226
197464628
94436754
2169673549
126027700
1546861412
18073771
27738231
2389700022
205350475
2817034836
113699615
2168309616
492874541
69186267
2801428140
2283726942
34630706
2654977981
131416284
14596399
2149280318
525604815
1872276500
27942006
151926424
2321251664
414062274
240360815
28658384
382761734
2411489370
2461746499
72508203
139655283
29175120
500530922
2292972535
37296057
23451953
2439565621
127328673
105669501
21387913
21042383
44171091
21846523
168654157
212023115
231232090
18350887
78687713
28207516
17741758
112436994
134914883
1338733698
2248660566
97074823
1470804984
1705885393
21756520
2589648679
174488537
18067826
1682917550
1301597520
117308274
2174745661
2645516899
171471302
2596604929
97048729
224608062
389370464
15820493
259649352
2360782640
104941387
2760744207
30901236
22535347
174353120
38762389
2829607634
29984376
82151242
76475608
26688109
2800663379
316181803
427965719
361449032
15762952
492671155
2799431725
98686143
22722278
2710855916
2651242183
14357622
13813962
2301639709
2303232504
326522933
414977064
16907021
14388771
110011887
4580381
17519119
51074114
17721737
620185997
225784663
2282044369
609381704
82101056
374595124
48291436
14659413
316476950
754556
15273829
38153590
2464832786
15408598
2767799214
86953989
1346688758
2700570709
2498246916
21351116
272900217
2788211244
125897927
2794411604
2446077199
1058247403
348495059
2724901194
30633896
163554462
153908673
116410274
16910198
821763403
1604922168
577080168
46032600
2417957102
12576612
1833135806
23662323
15170209
373857138
2729350088
244162951
707316518
469459640
2249223924
2726130204
575343179
2818811101
17934141
2666313284
1485125844
18454596
2244202201
18453900
541894173
52922324
163466689
762404594
599542120
2403162439
26465073
242913877
2584044030
99807930
174985491
397349797
60991706
14622967
17307652
58288907
491476587
14968996
878104466
220284846
14908195
14653629
216724753
1338645654
17656945
820455301
312340931
18078759
117107614
366811688
2783934840
82898534
260940299
340500956
147961670
70709448
86222109
432888173
58908655
18948450
18815708
163529270
69136143
420454206
379160602
22198239
18766493
243336479
69167183
2568382842
1120823647
2369483222
2456193444
322694835
1635769368
2693651845
297097028
1275017594
124829064
509535514
15195171
72764810
39841033
258794201
2459709067
1382627982
48837534
31139756
493609953
1870134180
2591241576
44119012
285937399
1924486482
863175240
2487099612
169577448
2670122929
2562289777
208259443
14362061
394649261
104137031
568516072
199504110
1701813770
17771038
17723643
1306550502
2693847186
243736125
143839642
567419450
32040814
2317210644
2440573088
21319948
1430058320
68657771
17654187
37043006
14921529
202608940
26007195
2443971703
473238088
280797574
1244405942
963323581
259674489
2499341
2207715150
346836110
1917163806
1135659194
36380353
388388380
18198563
2511010616
225092711
2428171193
54613421
257188439
1273967732
124117874
20274409
475292622
155628368
29512013
396414729
15283206
19684844
237166691
2364658268
2598123384
110796181
15735084
21912450
469618332
34293276
253663760
132729074
2577427694
247582122
2315871932
14959518
38797286
132713392
15199103
305277457
22007324
1692463244
2603830501
252105705
123602264
523920647
947118019
38553060
48572412
2615744694
556703725
934386354
14333131
1116115440
740589414
52976246
26650371
2583710353
485475104
447935911
133443632
1283732017
20585849
2361165174
2370816818
41417878
73995257
1093266433
280955442
2152303969
1676577338
1872557047
2601981499
142396796
14104316
2467416506
48107856
399125922
18633527
2550568176
2573346564
2660611728
325860286
2611327093
2180600329
217238047
142031780
2289965276
236901690
299558731
2546281477
23280370
7540542
220054956
56391044
105176812
557816647
74157997
411845007
937591262
996066906
2459844116
51352022
83055634
2483786358
235414297
28484970
284186039
283161201
73725383
30954730
1639244546
51787043
199463468
22436646
69722816
421224256
153932155
1312121269
18238688
150914709
555276113
1447766012
180496802
14094570
227386420
96153492
130033813
2651465136
124826748
2411249438
247350302
78389146
1970550942
26557407
22212407
32219625
15612251
33057154
339450367
175124416
298051480
411846002
2283635718
2542637688
2565342408
909078528
188525525
22215598
459528841
461298277
2456240694
1874996636
454855303
43244168
242041043
2565742632
392268718
160404282
54910662
31527350
34236651
1254937374
65195104
25426732
1106744539
79662783
186721658
110378261
15937273
15919138
46081994
54654848
124298874
308897167
31198809
16516664
2467636790
2370185866
44245301
2285679127
424498932
182793089
64188850
540891856
22146146
174836012
19954118
545932962
145600904
140427824
281274741
1551409908
85578639
1617718555
490916652
15908714
245422053
611961752
13047542
85357111
1139732990
130866926
897669288
44405289
109517750
392985324
21804734
17420951
253968717
20026961
47623630
100118153
1136688036
152084906
2241116970
2264957862
2451207144
69552561
2438636593
2295292020
300438137
91407720
2151062317
194951337
44168728
923204586
2495884837
182918785
403388592
40871309
1117284264
36037128
14957485
2463828860
18062147
1134694562
39527953
167949652
17534294
2400721477
2565303138
227170903
859389786
117380815
124230222
151906892
21363752
1533668642
2584554372
158776545
17366090
1970538642
43330751
1427398380
2530829678
2510132311
47030292
84495877
1508538325
2587716270
64677310
14838585
77252726
948528846
20528694
389357766
211994082
300582935
75327299
2479609686
23236000
231992317
53689588
821361302
91146650
439957915
1934821951
209725458
258070843
21007075
69686744
25764301
227423290
1742409072
22107694
10355872
19230422
1954409228
128366672
473167829
615927039
747864013
1957758421
916955580
351976866
1101129895
437033944
2370636295
16032610
1543911535
2383534802
833804695
112440712
16813030
308215782
123912662
405046828
2352359786
163559525
381504847
15645643
1066045507
183044000
59755672
112560817
26913584
253021980
2300570264
444553525
2591410435
61262619
2302501734
90379747
7581582
393496095
34169185
2264637184
2420500610
261616004
23108420
25118722
1729502022
2465330025
39516047
16834164
77447401
2407460792
2491717026
1898275213
2573875753
1715554381
122014550
45663624
53568620
300399446
97073640
220998317
135945240
216040632
118030412
139793107
16816972
238276808
113342694
1640814938
24378899
389297073
342615694
1323816074
421295817
317823183
118952409
1876282152
410709853
905960539
1381594962
2518794720
2557385232
218675336
2474372335
1900772995
19597908
2339156046
240055048
73170637
121336088
612110439
203071766
1715475716
1083802177
14684424
13297
329714387
14518758
157915714
14052200
989074050
30041506
1589820044
241146377
2228289409
15431076
1089946933
2474675994
339808515
1079565512
2293022137
297083911
299504046
1930862636
2338752726
12663582
2470832323
241473797
297766814
2400897864
382856420
1300770266
2184307566
12640502
2535005378
23156597
708384270
14975085
87457059
987629216
34536282
87029038
596826091
2485732579
1967790842
2467427202
16043241
2474451997
51428114
834994058
2445622135
2432588947
38675406
325517781
75070786
92994456
18731506
305077250
415628186
2424216571
2474118914
386825371
2507200759
1099216183
773570328
17047743
184477052
533957368
35767916
300045480
223668700
2494355792
1376602711
191108187
1183685479
75255479
755956382
1548989270
48416302
171519577
519387265
17838200
973714687
24400702
401594262
379800937
44824928
1226853630
192378760
1345702129
18446688
54476445
2165122938
308062362
1445381814
85144671
164386441
16953808
860045623
447225706
14388669
17302684
8727812
10908842
35422393
19175640
18140573
289353325
19331572
17141151
279073373
14513049
45687077
21838647
512371115
79224915
14615321
1230545324
16440406
266599323
17849197
425889706
1574708834
25645004
2358932635
208250614
612931307
130834392
557966410
2214663740
50386536
258954133
243027721
1958830664
720567793
230745128
2385596797
602041308
242347719
15175819
2340821911
1439570792
1001472248
917209334
34289145
2488379388
576639576
1497842210
30197540
2433114481
1101211580
986106360
985186471
1173548922
730322904
24357823
15224565
37534534
2402148228
2179446889
30349066
2226101749
107537132
44181802
1621209960
14977137
145716640
17816141
37245962
15034492
134425576
23428163
774153392
29648122
1270450794
216749648
1564214856
33290293
363545664
16054656
52941720
55873323
363025103
2294051245
20248742
2271024810
289488043
171568661
45812926
19181549
211791038
285149679
1353027378
2195155446
231775734
1050182574
18197477
1941189506
617695083
1480282843
84273114
2263388035
1657075590
364633380
717388929
55733122
350676231
1572282086
11172532
399090280
89541736
1560311852
89282205
144272187
142066588
2359542565
1289043042
271996018
166246775
296271890
17157043
72292683
350031537
85734225
466543819
22520535
261117691
400962072
287316937
470959018
1562832492
2373201638
310449894
1018626847
25846188
2303390389
181599332
328456598
472855320
1153739084
25134539
1655248603
939638960
964612026
2180172074
794517456
176187989
352510411
75208275
218690240
18038375
16150075
22986573
22283639
2147799840
343286821
20187037
1639118468
1531511574
20493657
564913704
1072742528
22411342
1063541426
68767722
260494836
17500396
212687768
59071791
11764192
21857330
19877600
120093200
834261097
69554120
161242474
1653041947
107481592
169532118
16424736
182104983
31111242
17868628
147859625
9528642
231741047
1923813362
630220621
140136608
363903943
1560980911
448192004
364468578
15779337
64645514
93646439
805245548
450902582
232702533
16819278
80235953
10971502
1377812119
291372361
281582596
21197869
21896677
63923717
482560507
886882542
56141534
534659158
1702993243
1265342192
1637720106
1099445246
15695513
1922163835
15566503
42871718
24921910
1886692946
48771393
453548744
442175602
46142925
103737956
187377678
246404771
1443181574
305515541
1196671592
1710544940
201156321
994672159
1547247097
15401059
33174947
487830546
2508045037
140894914
804861259
48834856
2479908906
14915298
16678310
36078442
226000993
14955666
39690326
461747437
164008863
785387424
2161382544
637393044
105296349
321060558
74284631
1364448721
19946122
780635804
247561030
932957318
2273684245
151156781
1704875497
926754199
632331726
786850028
897834948
31100838
1198561794
30094992
124949037
1202249947
41807371
36652299
17427620
823946216
180430707
262946682
945996391
15922180
282217530
20785440
915595861
354688641
18556747
943882626
373996504
125457689
397243950
26513154
41731665
389461822
311476854
35241060
312738954
53378539
162140274
815828490
102084317
731078276
56756563
888310440
409348920
69305554
93003798
23165948
601859942
124217043
138389433
2371594232
18723974
14664597
54976424
1017485323
75331649
90466601
251212144
38256223
7821752
1696037887
446233625
267063533
176829847
16702717
97483993
34895670
1477965025
625524114
35036775
58759216
1958766265
91942071
60114187
150400947
352405236
14205576
1269200970
2385845052
18867844
17033708
361468994
2204042821
1549705375
324336689
552299133
2323123429
21116285
200585468
602090062
297347501
1718540178
1576828351
18034656
243684278
183335490
1140970262
514139322
23586434
29130296
1447181714
1675361623
56194292
17463660
42609957
1370594612
69872718
329730798
146714531
29744335
233250372
145798132
316011950
50774064
285723583
18764723
906388063
493476999
18007436
478699368
246639075
317074486
301729987
319900168
829170944
226307724
138759591
237945393
764407219
398160099
112445733
179597455
58258929
2448421482
1956788431
1567120896
776053602
14347747
18953163
81086509
1452969600
20711390
72284492
76004365
109502579
40102888
2279611712
40322435
18800462
2364670362
1105146348
2444809245
137796394
2290454906
321368715
2431244773
2414164088
972320850
2214416916
826207993
14808307
793265503
994293373
1860725785
102589060
14115711
24708966
24588167
231615113
19666368
17600237
179201500
44914109
1009136299
19628540
32515704
55603948
467324331
1287513894
63247237
1499000923
20941162
274503369
131853113
22514616
22653176
2308710709
191917790
30492756
184391585
2375742158
2388908886
1717323234
103717227
154205654
2433171818
242099453
2214513283
2487786613
109060294
187871633
1727035350
529542676
2176411706
61842588
2484220363
872423437
1872707502
228868672
14375294
425947496
2363831454
1381670568
2306738563
2427768019
387181116
390794776
1684626314
1882281708
41170977
18333399
8112832
2230478545
14463104
1374060313
1900762915
728863610
431983412
1252806792
15833075
150446380
20897273
26972224
259689332
14448173
916204982
15298751
372436446
95130237
72637083
515361532
261256806
2294670540
21827866
242993957
2474151842
232683299
424527905
420121738
15606373
153966123
1871726144
393980056
25197389
38804737
32896052
148587486
52998511
977112482
2370400652
2360769247
63334772
528485307
904416865
15597902
793989288
18649663
393792249
1546935326
211800056
21721881
1702156712
257618318
598547749
2315832757
1657784486
16464689
38976017
455677699
18989209
1560294324
2171648470
160634779
1396376533
1638439164
1668647840
2402201132
537262165
2209606452
707528712
1207667768
1896889820
522540775
584016075
572157338
479758700
444940567
1128585487
60693931
16261638
15412070
14519349
381032464
2258226686
607876845
632000663
355060851
439718458
276241514
972974035
277560189
2437053529
426729441
2168331208
90073649
454322522
215610784
99701439
118190428
16275044
327545598
29015085
1057211
17393362
43220375
274891695
64194057
195723439
41893864
2361398575
38515374
1543437272
40928441
1286514872
83053039
20924605
190804002
2320263397
317378810
353817988
111698159
2388844594
65439017
802872440
161128380
49871286
150546196
96684068
16548435
324063082
219149310
273659180
2274406315
158462720
86894150
68917107
339613727
181004868
145305040
30249176
82243231
217460047
60165125
113422725
632765397
242637589
22804548
534648230
28428838
419260776
536105511
20235679
16123701
766276968
147067341
20560315
97147249
14579415
72704174
88457313
207242083
14296866
558956156
14294793
18457386
296854671
22011557
214498086
21527658
108615352
1609740812
20421374
274838529
631444440
486616983
818585526
2437210381
41970321
1175602717
35406751
24771855
29074632
200216961
389336538
18382684
428178182
872125404
611686711
77178479
2366111732
2162697578
34827248
2280094214
983428088
127215586
584208165
912603583
232090614
36683172
668413
49025413
1360486212
505621379
219029342
195702287
806102214
34563430
47938481
1339723831
161278896
851316548
50038213
2405046968
215683551
266808245
31161424
1976311878
15258479
19790013
2385704829
20486316
2361413834
1655811558
1364112223
187956260
49492914
174475950
137913237
14924763
14169765
331765022
56396494
26012052
14445920
30798574
2250764671
36366168
48627230
15282122
2280703927
462956213
20190941
2155594178
564835940
16450602
55017976
1529458286
43191784
1293777715
22321649
186935665
108837105
256388979
1202336054
524848274
25789076
885047670
298123951
441970965
46010237
2157411900
16499590
979401001
2214168108
1923598170
167801862
15251639
1528742274
2232731035
2353430406
234460983
138043309
837407887
13339612
246861960
14770715
890557988
801728797
725775596
135957721
15009098
636468221
16012640
17085942
18183592
118377437
478899565
17238173
150706493
198453138
16114395
2330744342
38884392
502053970
166878837
22661343
112624821
39170582
1296383700
1922147628
2289938257
48396332
2335879986
22190769
24567662
2339190326
1182879510
386435110
243326068
2314210459
2338459608
297992767
483007498
138342709
390749799
1470064464
1681853809
2222043637
2168523473
346075298
32377715
1963002998
2274405294
9686992
18791611
1412410291
2155579778
1728789240
18928173
523357705
411621087
17050812
2305458528
36995994
1467452047
1123460744
1484689453
39868581
2342283572
1721675942
34949734
2374491883
23811039
2280513818
344947914
65674007
2227806091
2320800366
302021834
581253179
63359904
35040680
704608829
2242612584
1484974724
2359311602
2182962115
2382560498
250283688
2188549855
351990332
2149318897
97552402
2221425972
2182944433
31167253
61491747
1268589708
403326347
23367384
23251100
33148359
15303630
1207689506
2339207012
1376687538
475070210
1317763788
1133095850
458794230
200460012
166899353
41226725
106082551
877744351
598142015
17495093
367246669
256203095
36758543
945843932
2349128279
279156280
16223187
22824655
145283587
65772438
78037670
30621351
1577210616
50002300
634820150
7350962
53106130
130818526
137247768
2362835354
399480083
78383733
1732624986
395011364
67673333
15313298
259320541
37206226
353943458
1072570098
1170492307
19638898
267708400
1205098382
563910978
34312997
388376060
1925177304
16001017
303817949
764371074
36219193
45885295
15258342
166000941
14947474
414889023
131808048
2294774526
19788536
146492686
2219956783
57806173
36655215
95495183
13093882
17412402
1183890006
411147556
125292864
402217623
1276988233
2354868186
256628776
1554306902
932309300
45181145
383278970
58525147
304034892
1099098061
14236481
2280810067
65470408
2209233271
42197911
5660312
250698839
2277132307
411076466
2274901554
13339272
21780291
398043323
911639185
1228215050
45541703
41102402
2229170731
41398972
28173797
114511078
14221332
12146112
16271002
74946653
293054947
16874616
101839237
57977498
27692585
18189073
460405882
243468418
96145595
518595037
614395685
468506841
14261841
15358350
23922327
401880945
16753226
10819362
366788363
573185746
15755480
1270855040
33609439
558895198
624933116
270430076
831449624
29715758
12667582
16126957
5683952
109440829
150362963
207323988
18172006
43031001
27554878
1012139227
26505507
84344247
1022482656
31264750
798127728
312947181
927724302
309331444
216353355
169997085
522728599
160249768
58952208
23244465
39320905
366654665
991015266
610789947
77268099
308226281
591171250
40918972
29436139
39286720
218634414
433842653
93730653
232871769
614022723
13492552
817904455
146923798
370090757
308155020
824345899
10284302
347768889
28588451
349138273
515731585
440230499
583017132
93026402
151680351
134780056
32015432
36912401
34059219
19068720
17090308
16910759
17053452
20414217
350941348
1409487319
533457007
1621009922
307147125
102262751
61537763
476764904
517007014
707021858
4509
200138033
92595788
279268818
728976848
24684877
1604205546
339088324
74052540
1026798403
71201913
726920197
136249001
19501132
18199855
213554296
224520317
6988672
427657792
365170546
18817538
89937720
594878920
395423559
1472149388
290753936
402716595
262644403
304696564
277403754
622824858
1534334124
1388456827
37711082
1736571714
403635209
921239281
1707498480
1857478633
17190532
15694469
1695065762
1402909867
621122938
63548457
758970498
114904918
1321303044
1902301267
1474016876
1660785728
322983689
515447994
992264844
257096005
71555146
377639025
25395339
11664892
140208976
436276420
1495781970
79666388
331093768
14946588
1902627516
359350144
294270485
120141652
981663991
235630254
505996223
253207647
36572818
25165065
615520513
119118799
1120173132
121455558
1335346926
39325709
50677180
911094271
135506480
1665049724
17916800
446506935
873685640
27818465
1024994090
463129666
385108581
33557388
606619643
1345476306
869072000
28794364
188847858
337872034
17997195
487783575
244551777
293742424
15452118
63390016
28631981
109629601
83236838
52911590
136081168
112433160
54317319
1069351
43936938
15046866
18049840
15363689
52639114
47970188
37523474
19812653
459731378
34026146
76042764
50182123
223527375
17819654
870371
14998371
912826171
744031459
277589873
84220239
153994712
23913436
420120401
178988064
53087086
1199665633
114219354
523238320
486097802
121333730
16207632
794358420
35974625
240907480
39980474
174337331
16528762
1583898019
23722595
17726276
1564184862
1086320684
1040214235
809312
1439524428
1722601346
1862003630
316058180
1898013338
46002458
858732018
314199272
18007146
66007448
395873275
50052987
240002698
372314763
17282102
21908076
51406682
39753106
1009053528
413326964
14104331
1376896957
20550473
42221717
38747883
68559359
80685828
88959653
423856027
87643321
22610051
249770963
264288300
54089052
336055648
9004352
255933268
64384460
110590034
1093342597
27178540
61235992
233624848
16659086
84699828
1451899190
25709483
204158629
77034432
16377487
19918207
275641862
8131042
14602158
233921810
196971234
420364784
25582091
407212827
259029093
733798117
886310953
238970216
19310873
251061589
344369822
59664254
399878453
160773256
974447040
193742233
1537702674
1539863150
363361117
396776297
232342189
971643906
135983248
35120520
387978466
1519652288
17687179
1487060749
56293707
80796687
14505871
243559006
55158718
343570198
347741886
42300159
270079789
26654027
1013436026
17916539
115928616
15777984
127350189
243033375
18806575
825973532
488551067
234383602
12499912
107492199
1523346554
202634849
756057373
236372168
1416913327
218980359
587748673
128143365
217090591
38731692
873689977
304434179
980930376
1328985078
19515084
22888064
328990309
212233286
116766949
187472857
409329136
1101163735
76691879
25072420
70182691
19478383
56712219
55000225
33370627
317292258
137727876
15912508
170479423
90927024
476149277
77725938
111606694
15433946
105491314
39486327
258728452
404023891
191728275
20100378
109828427
285912341
376349444
44217028
587010978
126274683
457719505
480342972
535580879
141685997
241006357
301925151
324261259
376377192
100920958
19731263
20891450
39842254
105588068
23217401
594835504
231485951
230789030
260468046
390905408
292670998
97150159
78333272
594676651
15203873
382777110
23661767
13753352
318383192
14086808
37787129
85617431
249545912
480765668
142377174
630908894
544162016
17817175
607130861
289033247
460857249
309878755
8071902
17513961
318546639
177081110
37391190
59162326
552684521
25065717
60373433
815561029
1255254734
15457918
155587986
230395423
16914099
392803366
278855754
43112319
81594335
175225520
305930674
21032979
155629096
862197943
320278240
16943688
452171637
38438730
728854046
365647493
348615510
19362431
17295444
516553709
414536337
148104416
14414951
121539309
15697924
15057327
29384627
15094741
49477822
11855222
302976654
14882647
1167532171
15957929
98015011
23869508
32490081
1080674058
40041793
1304696558
218193050
1305511478
1184856378
138680007
946687800
1316013134
29353383
397233996
15274836
61279497
553683733
179658572
1285578596
1340305711
56162770
16486941
76103238
609013220
378816538
14673782
594259873
46335707
62583
46553071
278462529
36641076
247567897
15645871
630594041
244746802
99981284
240790100
17961142
59225559
177249818
28906937
164718656
17788582
21401699
58450850
747772470
48935222
127485540
167168000
14869047
184985946
66437609
180358517
168907446
199503687
330154962
305812752
137866656
330502239
1071260190
814927146
1246820628
15614317
568595205
9367092
15014405
214325971
487576468
1070854320
609142463
54562575
787235622
25138103
19238567
22126260
592794198
16111860
14479046
588559501
185184625
16181186
63102855
68041177
14562685
24551605
15381905
146383042
406665972
550172955
17032810
9409452
24387045
17224347
19837231
26916585
21197546
35301479
76619348
22948289
156961213
312189528
368229083
3533231
367608652
37023040
55315217
94215350
141040248
272986801
18765646
544763150
28145273
271299354
249924521
61498632
165527745
17782601
410553255
167514014
23144454
112452395
369216635
285254192
43105530
437462795
56705153
130507764
14801984
532882309
1068243625
22143555
277457418
158298325
22129812
240958548
198292683
297856522
75914683
18030840
110586953
563927881
7192292
29322585
26491028
1131329444
18217802
17049815
15717495
558457104
19309084
65118502
1735241
31005286
10242822
1322805642
63503169
153466912
600329889
31592795
25752595
63216760
707235330
1002579440
126996514
26497018
314635849
199804052
118517469
134457542
29460025
104503947
25344447
849058686
15576494
424342840
485073076
23590677
113979106
44361748
40333449
120277868
92160656
62740406
41380930
22815895
135533267
16292333
16585233
18326280
26806886
16100587
41082043
29841015
30604315
137165533
163649325
22511311
282100096
261107194
28658913
55311855
15949337
103772917
29281178
279416311
393615641
7134102
22612693
89532873
229125266
16898300
15475578
454897967
96132150
322744388
102978635
20479480
27548944
25973638
7350652
11389092
594686568
8402052
568348228
222109362
40914023
10874462
20263610
14790085
14129987
316653411
28226043
13396002
24636191
36462620
68562342
28865155
299638566
626364982
284221122
39502097
194203959
53402443
348714795
16387676
236316629
50429894
22017571
393678461
497500806
271136640
540309530
603789510
11784482
72447790
69539879
154688455
374774259
632075930
140011082
22811731
598241242
714922308
27116131
15840372
62572223
362056431
30935422
59538266
18735664
722608963
28149496
3652891
14141485
46624791
69907258
471459407
578993727
137077773
51282310
14908404
78035991
73417803
16668855
20806596
17650972
24735933
614936334
329280253
12886252
67465573
18150360
74836396
58475628
150744037
70710157
64783840
168393498
189385333
321453254
48760409
17956132
17946857
339712535
183119250
254065768
385505193
59980720
32446155
13662722
103115629
37076618
498266871
384979715
18170173
552118059
74463768
52846371
69535755
15215954
47118754
37499913
140986128
25093825
342208468
21752403
46096376
555678908
259325531
296865685
273433584
36301444
90577822
401922047
353708548
582778726
582835257
428657888
14847079
130316170
153701942
337304760
414191710
191070664
198518989
395085506
16528347
107776639
463597398
460144206
213405505
97383592
89165675
15958265
14654455
570813433
83490848
491630931
15139076
20757621
52358292
38045603
35748736
35730865
35725319
69411257
24575565
41103441
17927796
25253084
24436190
18102660
669743
38564343
9904692
19609665
23662523
43926394
29231256
69127952
27946480
67342154
22484439
242744209
280554295
66450858
177511740
18295174
15052858
71738852
15471801
78640612
90428073
20278759
188463124
89513532
360138374
68420709
24763495
38161477
163969984
18280896
22141681
89008019
20833170
43607745
13216522
109092927
429091682
26553458
119228939
509352719
558609531
76572815
18298397
128274698
54526674
28648345
155581273
14691845
21112796
41660436
91609427
574560320
323948266
14991765
558887310
312963103
16016706
245605011
14621476
68584163
19665181
183341876
282051794
45225896
368221179
21624314
34494174
27740433
106812045
384557151
201957977
29998130
414610601
64647146
268391459
454095636
14885256
50636347
19948575
367057048
486987330
515573898
398648156
450073157
382318014
22634760
234407475
175276435
21881851
22824243
12874852
4807561
80389740
17495376
15077276
264822432
159037726
215053849
243762004
361374773
399885924
386186065
71083637
9487542
23303666
328830343
24802589
59150905
25515719
95623328
290079704
17200289
14306008
103403320
368782643
20140539
509886963
15101448
526235544
261873786
137450350
17083396
39344600
395795652
455249753
17825127
509985705
37997178
146438062
347232015
131307357
345775818
27638550
65425608
6335852
127967328
17598989
76357586
21397946
19926908
102227188
169258784
19621905
197035781
80723248
95359233
117871227
269343598
38028756
69040333
18806336
102799015
14060372
279138057
212246866
252729754
319938936
258085984
28668315
26630947
249486329
342040766
27292941
295935691
369767173
16263464
368927061
44859319
166380343
17480321
196226431
126475867
284201416
124293284
389305809
167206590
35032962
43452450
35034070
46487786
151718533
444300387
115969932
62493605
322229631
78336635
234514449
292436753
299746277
34908743
84403051
163998243
28223215
489748583
358108746
75041482
15948159
19261307
46443577
474727175
824087
44262510
82806714
378937820
233485167
467225095
227758312
299726941
154705666
16188962
381627800
12513102
298162403
189657952
246812982
142346755
86746227
36657350
140725968
291391439
14762821
277043620
244013670
507104764
288384394
18736995
295837521
28955740
19906926
196740371
84700516
30887737
293091694
75570212
97078635
549481282
240404547
126389796
18193258
435996779
256662380
14270329
86294248
237041010
14217987
90647980
58581130
14531427
20429466
17441854
18925817
37353865
43065412
219247667
359948609
388756611
34458590
14186870
225036513
13904152
17297199
346624551
59788554
45211044
19980638
39242497
281590193
61190087
13229072
16565738
20986021
352315550
162146576
76486367
33566704
115193535
174689734
88280533
30030145
111071736
397338050
18316863
17397836
66857991
72054195
366241187
24657131
414317605
398224472
31084257
19756569
393768592
17421289
357111514
80879145
414020678
18695203
277083789
5534642
271187089
16891324
14237961
455971331
48894571
16923050
273467617
229140059
12366352
19898510
30057374
13168222
474530348
32594401
103961347
206283242
92318904
20371225
308671055
6204862
147953476
16981310
78968315
22911503
55679782
37635895
34318646
349008445
45385765
381585174
26941928
13650542
98902660
124501302
22233470
130925204
245129435
89180876
333788101
11673662
55666556
24600718
108792107
67448188
15628274
243237206
17070787
69193277
293481738
16081399
152413894
388637570
221419469
335033603
240465152
391033501
224827646
254427995
22333845
247253269
69067619
20184061
191349533
18312714
26276486
103949333
28302705
250621937
306545747
10870512
39995364
385004026
28721660
46606382
200380497
331564672
181133679
30607214
34774802
17497382
15582157
174663487
362488080
92869999
163908379
15677692
36926127
18238282
17288184
17375848
121105776
82968508
155048162
79845692
257603838
15303097
14785295
16303405
28555018
148597843
18434576
16491888
77208247
164319936
779253
115061029
18631577
104544832
19289178
112700518
14063836
37558158
50799423
80705901
29500696
15215265
17606602
115913704
60932223
175775540
14278130
59118882
19062187
23617627
20590079
103898784
289433736
16748164
221837352
78789634
18462383
131898383
18948529
218787859
17762707
159223609
15452231
50262584
307577930
86058523
17734738
18452497
19713521
21022068
14960931
127666792
233597060
97149535
204836367
343002267
33547678
19547068
47654417
17311573
14845404
357110238
44146157
319027958
155313353
64457606
96159301
94008528
264110082
19378606
249668133
46687639
22282090
202287773
9427962
130925537
385414370
14807735
182049850
19454640
31933825
68975909
16832889
97029646
126271228
19316312
108801441
16983003
53000535
82832644
104859281
14135845
57166008
262179340
227376856
9810192
54253820
279790401
49513049
39565615
4896851
209774084
333416235
331859440
294098045
46397043
57569111
14756548
164323629
18612392
41707039
61550642
17263776
35920760
27843009
18147893
28035947
22504158
45684147
17930292
18007215
234046924
3640861
154585432
18218962
211325653
192900713
40058706
9272202
26271734
15355390
125672881
21421481
14710655
112652280
41839728
238224059
155660551
69005555
28422212
62849271
65654361
27988419
17236344
36311104
49600251
211006194
17160399
222947011
28443587
81922122
109307409
19795696
139551944
49988160
14894817
237168466
89658064
28372486
20171550
24051331
31211735
93914591
39599450
152962481
111699642
14857469
327702588
134189548
204774753
22927376
140216841
246145420
263251675
189267883
155660562
43154097
41094689
137687595
18697504
374605769
94699204
371604129
67663793
15977738
312582401
44929443
29586769
238276836
56991633
14779496
307170554
119519418
75235104
172427943
86382909
50641276
16225047
99628071
6435542
219607670
24609329
2243161
16794609
228101228
51742704
18338431
16000015
18069655
97515424
264459905
14197903
29701948
15158048
31483600
15601815
