3078377308
130478055
597201716
214479231
347524196
552582271
4427646628
713283840
2640284211
104450124
2477363548
498970827
2832513473
3891179794
335475320
2349184852
2968913985
3525557415
1583939964
786862524
494525389
72378694
1920322993
1528432794
2433295404
117470356
407947920
3226355009
1617468732
2603699792
782291256
521157306
1577624244
471861846
244874236
333409912
334096072
225577853
1277831077
291293345
2683967454
632223501
459512664
590329258
991779360
4164539909
321312339
379096727
3102705747
506552429
631021749
277570749
2750323147
488399195
434464448
4179434477
453752005
3288716513
2683166551
4216790955
2226856627
59247894
630542239
68563953
3400580248
393531361
3834059662
304566324
87416722
1365052604
794725722
702336525
182078231
1482082453
2216793877
3418773987
386791423
444494988
360581191
2580852912
79133664
3056826634
2973468982
191562580
3151655032
2798587105
2338108773
3987916936
59145346
7376892
380454976
3940063037
3949960995
767948575
377863720
1035420314
3761257036
2153702508
1443098246
35443478
322855516
362049200
1330119404
3893505081
542033710
2594441717
285332860
3035419171
15821823
239778949
421714996
285277632
326977331
196581839
2844648924
3731327777
1227724117
1413440191
1513644578
937691545
204073246
601147599
2875004895
29282820
58763247
491038689
520600001
196951190
3698845695
2872009371
2725933428
534277640
720180794
3342052469
287732332
521679701
2754945382
2677118002
3618219675
3513918975
28531194
2752970012
965129258
572225652
413487212
479896709
2761723447
588372508
104590995
1381336754
3158183083
343627165
954024187
3293944463
82312386
802371180
1592949200
574641883
1670961062
205282903
3274684562
120403672
715843825
367994718
3029021140
461476174
624779789
29281193
77502895
473008366
614506304
605523245
2531977831
3066082361
2803501626
281213168
853794655
26877009
2582689866
3363006641
1960917044
2931476784
2905487635
2602671170
479809444
167364995
3374143733
632866481
440396169
2333340936
3049596783
24818581
2999462727
191188451
3358901805
2153107890
2892593501
3356935330
1610547602
2400738816
2293437553
318395466
2226956539
2225920071
1245910675
3124954173
461493727
409566751
493172744
2980433301
2869695743
326869253
717621756
1583116591
3048170751
480746685
16331513
2176781462
2744696504
237058188
28537326
465775933
327627050
2321402503
1926485148
2739285915
724406059
1633908037
18948541
598767473
2277287764
3310276781
521580798
2938581232
311441962
353302856
294007021
463371686
242087105
55117855
830851314
626449173
2272698914
254998599
31085652
259427014
3298706608
2525206496
633785676
241823065
403554232
219360854
364551959
274598052
1334040151
1329281077
402978720
2273104386
64319061
386642285
3229919519
354551985
2180995574
41483890
1655035939
92299400
2385247434
554664790
848121936
407133491
391497758
223278013
327882201
63419489
223562122
3074098622
3075488645
2772831850
859998878
352201384
135135187
2289573279
2871230496
23839835
216349059
417383744
490808068
183710206
465784210
2893302594
542054765
397453574
906948859
2243359479
2163311295
3007876903
21201345
124294678
387699697
91843278
816036055
2319887755
2456235433
1098599269
32409465
286135648
1263990504
2225782308
2878836353
2855175419
2871508363
2872729018
2855954302
2842957066
2825211268
2598439889
118739566
2942586993
2782317150
2794250937
71768346
2920362514
880954146
2980436722
379900068
52369691
437736021
1528056811
2893095219
2339617719
401705831
2954505418
619346518
2475577086
2938947461
2921532473
97646282
1440929436
2458715533
41913310
65744985
476865478
2862725830
2904946468
709730509
459826476
45154753
62784300
520848755
2901818382
150977413
287690590
256192891
119017757
280129973
2861471333
20632700
495482610
1539376646
1560107395
81868984
305832396
208218175
413311288
2445734471
2747156079
1637774958
1635480247
321929473
340445577
2257828973
2715679030
2804226724
388555126
606169169
254975979
2356332105
85127706
634251342
380813850
2821455195
346131590
26570879
387264912
2739203933
2411624082
218306937
421570096
2600330772
2308410258
1047758630
714227646
2300384718
200041316
616522334
118105756
21033615
2597498814
2435209886
247063660
44094227
2765830249
2178672996
404746808
222111764
425055994
71038592
581521981
48030416
2643812812
2529514094
602188858
20740129
401874875
2230782772
53384299
257994256
1413890096
2377113366
1529345742
1386443299
253007471
130964006
1106402780
263649620
614342648
580185533
715731454
489749947
2290330928
22622572
222905116
25084872
555201187
2426577083
192513056
432889775
2595786879
55022086
1142823619
1060060814
468323621
764171953
367126868
496147356
223112101
1291091208
85671042
26115144
376378883
18974089
557808287
809588174
121457796
1978704451
616299856
479491921
634072667
1938585626
134223304
725990558
2555600689
2594132019
50375721
55869906
351272737
455808586
583114903
2529550682
2352974863
72910463
334727046
724532257
597813422
150997002
351695028
77892976
2443839366
709340950
2345082255
603156666
266564860
2470396085
47363263
1876163641
353904076
2228621604
2427692020
63172203
2323715325
328061611
1055876838
136356324
310552982
1023111380
42010834
22128494
20538012
423860335
19493645
240794812
157793254
568671528
326212433
330643344
2364423895
21038969
132506260
297683814
1227100238
471533404
1477958988
40135538
308160261
539389427
20638341
2364611316
1900051440
602008999
2355831757
2357128937
110765943
348408572
2210057350
1357237015
1683707870
218257514
102728963
594127172
177194221
635882059
2300097729
117676468
417162456
2148949684
505869794
393024075
262752046
2322630707
2289627654
470340225
19440839
1657236529
37891752
41645741
1672619749
1131039324
608669124
496522839
1882607664
2156518794
370081772
1697473338
1216200056
110828002
1197771631
2296449278
145538207
72570014
563773023
2284087860
257246857
521443009
2218188541
492126199
552640078
421084617
1867914308
537391275
181256729
2280727970
40112497
43468175
305508102
336165235
529649793
613869615
619909551
962930660
1012033202
1336509596
142592945
430810658
42896638
1325226716
928544078
2171186294
161407448
139453411
2182490500
44101412
195460626
278175819
1001497698
518008530
866863626
2183079598
369583954
289500840
378035539
71268240
284943294
989321672
982448748
960340104
369950337
1112935759
213969309
1693818548
173195708
574435670
359350968
68827572
309898897
33473934
117668291
404398377
46660999
136232151
1952146369
313419744
181597392
296384701
1198796521
2195941915
1009961533
579702172
1578357284
310419416
1195024424
443076989
190242011
2163827957
1885817418
17299063
120943272
57677122
295201848
1967111172
1071830725
1207638661
506358138
57628167
155881800
1474668938
1949246588
273102940
1003018950
1464467593
1142533826
8159472
246317813
1725000752
1618034850
1137188040
175420754
1686776035
378590957
236861189
20303345
280371603
268400722
555144382
1854466099
785743226
93937222
408810529
399592766
885053342
816230228
841362698
1176695917
249128377
297380693
52841657
1437903176
431891655
489533900
465899729
807245162
251030492
1640308176
490377521
137381874
85282955
62879723
257444034
278065408
1129536186
1589630172
46719729
219807531
707057863
202401245
271596012
277731677
303820023
904811822
1121943336
68020397
763737818
925116590
77449674
223966190
1255201898
298733401
462416620
345890018
349571385
1402290860
99960420
1435469017
844072651
827856194
327717829
418669255
14123683
596761552
19267015
143875496
558097634
39318099
549631875
546858391
399753954
1488083977
19477583
228746920
20585993
109526528
1462718930
20565284
387377654
223841564
313168369
342729756
55262734
1370073884
25873659
1181206123
283508477
280665816
384876202
747064033
1374515774
245057732
427350804
357759063
1410580220
197418586
1304590904
95711571
634435594
402593594
566198909
871342022
19252720
866835866
458173339
892045435
1020971516
1364867966
1130062670
1060452344
165027540
343046655
314690820
1390218944
376110981
1143256507
1084159291
145291463
265507862
300487565
1359258114
624727800
298567572
168899848
282570148
1168118671
956861204
552368398
226081982
1303318470
1317101774
1048747820
408930934
1145981646
990389718
64438237
459886485
212232149
318998444
186154646
882228372
464085105
325715604
629449543
626009931
1161018402
95638917
561901650
839565314
20305359
1292502343
1086268694
62911770
500704345
596896003
503253418
937939724
937954014
573993248
1227853963
256701168
29251327
250068909
1209336942
120510841
460973222
153812611
1007376252
1209196614
425156805
271859032
81816303
485978189
232551359
30344445
334565594
188421312
340217683
793556966
391581117
234739653
113749355
741477960
601326664
1124606107
1198691166
456927748
421822880
538462502
93670652
1162674600
1164380989
1157807941
394007876
283042518
561293587
156012846
1136678886
802166238
59180643
493046402
1142145925
195918835
297645258
1101103308
284724226
316113020
55238335
61540329
1004874714
140019216
428376354
932161165
51405063
1115388078
91244223
319551327
16727535
1011185341
337194419
1096394024
451512526
937656252
598648461
404395276
309934039
313445721
239068820
625017442
399666396
259363470
18051149
198621109
507668619
458170369
583215838
394257467
925342118
506781521
554295706
614404530
756836600
602741763
746850043
323969503
607648192
23654341
979084724
22792191
146458772
789039620
968064582
989220956
43517469
293993663
437483853
629609762
994811761
519501341
993291546
988720502
576535748
836181750
424442241
449867053
14071624
236087798
440999954
313236390
20928622
946430100
72149558
942076668
258443578
965344832
362828476
368276033
467909116
22020564
82313393
94535507
228470708
328721724
328967731
127566669
15439770
816044701
938175331
101110349
371124270
172803690
70641235
932418792
462447229
19583545
858243630
87794385
394264944
300257437
576764959
98866255
383759190
507426575
197014846
540190232
284585369
36943804
98533811
546892701
124231850
740568116
243702851
319320552
361770801
543562341
20443630
435980611
15474865
76962103
53635749
312745095
322112932
179405953
224906478
304018488
246879238
567266537
442249345
482014148
922993075
60716506
390394221
10678292
721133354
406552602
293114555
236113098
94228585
156804830
539990846
422578202
468386619
250835448
630089142
752298314
916650662
297392818
874178197
781118840
58839437
910457532
602908472
295346046
887623903
294648593
296470773
321491195
206158781
871769324
20321785
270814342
586447527
840496458
456680929
364225926
277688502
312142914
860254824
760026421
574015005
24741517
304039397
484315091
394716651
473791198
318931774
220799378
817918910
6478842
740336334
35422455
758829319
1949711
29444293
509452972
52742185
179899546
104277752
464923521
612494857
296483835
471151645
476584781
578571834
479686053
765828320
277136453
615298223
459409808
724187246
736568010
754993519
114768459
478081801
69666015
204279818
760546868
538947547
142070902
384844637
606570252
631430079
716441982
8161232
45112524
598566531
171404842
521314397
512526853
551934659
456748697
33595050
106156986
156380350
448095897
407661478
621119070
712082274
48863784
246205293
76572815
29565191
10228272
565410579
635311966
373299970
404903146
495034806
304340754
278037707
635683620
504914365
305278326
17919972
187171690
411901773
369758604
51443410
514815054
51932326
121778136
454012935
594431459
186395823
313536737
347638548
618364487
281519200
444144449
20508222
151408369
14387275
335278186
324493583
536697934
225967894
89447929
613573067
370157661
203450208
465874825
337819456
606326702
598470746
409151734
152696429
165725207
262881419
600887300
599230969
600452009
155927976
214153705
497297145
233518432
435225922
218945964
150471858
419767631
304499087
434487073
399470987
344367355
391181578
108802578
139767578
85633543
144168688
242663211
536902731
50988281
579192158
263843924
274908675
580905390
566434730
258502404
442232978
103127457
557708597
568127084
39748197
406223140
366804058
17441447
112403796
168701430
183387449
486116930
216348444
532144820
518397759
486194772
547106144
535087516
41329637
14234323
524583323
180745196
21452231
172496336
475826738
403651648
150732898
295209630
525347293
220495363
388854375
43502267
65986995
358075015
30200363
538321783
539343263
69427962
297963887
512955749
318391857
532519614
76943216
373903215
525772695
107469615
156293964
493838558
488620049
440972004
487905421
486645685
458587704
61034185
487627752
414152790
241520089
258320718
27746080
8973062
212946228
485138645
288544553
227748651
34624329
38286706
39026548
28695664
47307446
434174538
481933221
88210915
98352697
156418465
196214019
272157538
302305039
313590656
242289352
228743366
283180476
315722494
444474481
269475992
344266660
19341887
312620926
471287735
216873285
469753464
404854898
87410476
193303801
186470935
229184889
297354782
375888452
196099400
93846683
54601983
155659213
32453930
311954416
287202982
213684031
36902698
265378340
104292175
292360928
310168742
392119237
194174416
315544887
26055417
411623726
239992576
448188825
20844392
349030612
420633711
242689820
135955129
161480095
334625108
301458959
44571498
302857075
31189283
197270206
225055938
327461865
92009796
41838244
432769670
182295500
149077647
39991290
301693144
317942753
94166168
271355914
107285066
282003363
281988896
340302012
296126474
295571757
174290541
230452900
44448058
298249310
32916289
384951307
216913077
287641130
451689971
384249283
171059493
204289537
386592861
197193462
273140814
44385241
271584244
215670039
250072830
317342721
277400210
111577393
207978265
300742057
286386104
355596575
95856601
381970700
37900798
428615469
412590495
436183302
395009323
318450735
218902212
213745334
423744925
161648824
213066621
277209009
359594650
318428217
441661591
69424757
72423439
102023656
49945437
100088902
221467486
22988419
426660892
321008779
28088818
330995183
248693266
421775115
244609510
393380576
88015105
321624929
258958907
328643415
274616190
366018802
277987711
380237035
77177812
236041346
207442383
218605702
115811377
258538364
345582821
379959258
427556005
374205932
396752443
405183792
403523362
334229920
423663616
58546726
157119070
336082762
19230601
228333060
279606205
91868898
220148704
422586388
41189370
44606764
320082353
45170220
128855275
399362369
298468880
262955603
408789660
394183788
245029449
255687968
17386885
148008516
46345843
367930733
235747364
249154446
297673040
41551246
20987043
347530283
133097423
360841621
30782495
170732278
217471723
220708677
171214344
215405610
80413121
188675190
252137673
162068742
306438012
400737820
358396960
381472543
15907720
29459676
381431912
115829755
258084603
281128101
17689396
130244295
83418137
184878497
40199742
295312651
31873523
62470066
128837378
242346557
225433299
237009715
108568373
51397106
334136871
109443074
311500171
327291620
153909084
385041573
22793993
226263021
237775099
215328393
242285127
361505673
110255884
66307498
331531126
30851530
354939711
401364122
15820664
215952307
230723435
283495974
37897190
238327560
378039892
241487326
277030839
232583888
268383434
223608720
163171786
290167219
154552397
167439520
311501882
96617999
215342829
270367581
339052102
17259928
153486432
89584681
211237817
45580068
241043866
62540957
42683260
294289042
175162955
391004524
246470710
250024644
245082115
298502820
303726559
253993468
245859123
157140968
97420800
358359429
350310936
21897480
86419749
264129295
254274187
194043426
196158243
319287090
119290132
125288040
34563475
356942747
22759623
320085396
321112623
20052737
166600916
281458032
268796001
41323555
93587181
18842344
97749351
179250606
50045698
29405505
274947199
223959567
236407858
332697937
332167371
174391035
133667374
232604642
161273037
56148046
210933449
185595194
270907825
361942292
225861937
64671557
45710381
19837893
153576709
318921777
237299588
146864358
18975091
133699484
92178074
61355746
202629647
248656781
142626945
353659910
213286136
113394819
107256373
40859554
278270878
72290723
22468653
243589342
68671589
27636611
22810855
73754928
33908852
239160365
373987313
22801710
368283127
346685468
149110207
245435290
49626725
356941527
343501094
247846267
240244827
140234509
287121250
41684671
234871259
264959056
258800440
239407671
69307296
283773082
19781379
188039706
177530695
185826799
297589184
364825949
278046916
353084430
22671345
142315483
143465341
8974532
65755431
293029693
223452909
107254458
105096397
80263192
89730766
118335346
155258137
102073244
247824957
236385307
60856080
33992326
97788570
73361259
120450869
233236899
101729763
251198830
89700550
243799931
354939049
211297320
132240272
265573318
87472191
129947248
23582682
31767205
151242667
310170502
236131091
224969321
242782919
96896405
317314474
229584908
291877464
327296883
42272725
179505402
312701116
236511389
