3510436034
15503210
95761779
500081028
878284831
290143983
3366944807
2432551148
4362715936
827532499
49449357
2931563772
199749830
2647447129
75033178
3899367153
4142044582
2561597334
74323323
3424528365
30698782
445822302
111216929
18589553
2669127703
17793878
52352820
47253057
3682276223
3074395947
263053919
228531431
261981102
379457885
336683669
591334956
401651305
1363520268
227720229
1381926373
90515250
224257403
16988154
225235528
373157754
279390084
2194217963
486555640
2705904385
4034120893
3330169918
50434246
221471703
160719190
2531859438
2883978170
152360268
312696314
270165461
3867914193
169670184
331128087
733617661
636629677
3142075631
226350647
2916305152
3312405859
244360818
3093528938
249830418
3324709194
358278927
25073877
2399310369
2507263358
967270627
45901207
1695642894
3399102310
128502960
3576883276
3041090446
2640352499
982676647
24343809
62592860
2484642526
1222240146
2992329767
3303522982
494822288
3138338070
2450443431
2513015600
22071069
61731614
205864193
3385068466
520016930
3343369120
1726682154
3293118434
3220851492
2571872893
3077348278
20989374
108052332
3064362443
221343092
325055386
109201084
116572628
262364442
2392933562
143104075
429047408
1571428436
18247062
2746932876
461898591
20634695
3078990137
94836780
132482136
27966935
2900284959
621942126
2785486910
2331634382
38271276
253035662
3036804645
1638349476
20796969
2716980166
2331166964
160044700
1725478952
725409470
398354613
1599037104
1079450924
2253514663
2592419502
429031681
518615888
2919901436
2700126842
121877446
3300172139
487282240
19865528
3223944801
221477190
1263916987
1499883786
1136982662
348667570
2645418084
720085428
78958912
2784820064
2894171364
71690223
2615725926
14292458
2705945813
3164643415
52268679
1178700896
2442654097
227761291
2921271531
1603156076
2956441865
23970102
61947485
59376089
1554404876
1367531
15012486
759251
2097571
742143
148189785
18364698
8839632
64643056
115754870
28785486
1589383064
147962810
2447021562
463543767
2685319825
2265048648
737668819
252992766
373703345
2974905669
910795298
155573237
9890492
164599226
2729245691
27670162
23053980
1126211065
2951344047
2269619268
2874198561
5971922
1494243667
161063168
571110509
980573052
1111775804
255062402
119380584
2776880545
42176166
2906400211
16613128
949004857
2875851380
2985270846
2838034643
2755092227
2477569184
973153975
220185960
2919938316
142890368
19069155
137815741
579672979
2997139143
194283821
703136774
297546036
865355808
533152036
19028716
636318646
166623895
2718299444
7125512
154879881
266240323
912104534
14335586
263738932
2317351705
2795529528
16916445
2866066501
91016375
518688946
459617681
2211446594
26689127
81136269
17642330
17685447
17654763
1390647570
2184940369
863635782
1362949182
1069859966
37501003
21919379
1395554898
2687215867
347346059
874033429
28003949
192233282
160304538
1516926420
2853946327
297688038
2622553496
55949344
89269664
22320092
325480259
862846550
181017132
2449499803
302260847
20609518
231211072
2684865902
194143019
1670968050
1108291232
230543312
19562228
379442837
633485518
65713724
15384347
379851447
66643970
2288632549
199400127
65045121
102672485
2740701480
1158918746
188014427
2885472728
22211969
1844909594
2839589388
1008218232
978484778
152570227
1628635260
1898465568
2375157024
2754260233
451082336
160984682
1119760256
150627581
2358302612
1522605313
600061917
898664875
2300538768
306461651
222481411
727403658
258178494
22221730
15781769
2751971025
2170363657
2363892907
2696244309
2688757538
961278114
606776750
362766259
338432022
547336223
2772574945
139840025
2820627511
403647191
998040487
265122237
956048851
166284293
389281501
41223159
27746796
521255914
24258355
1372792136
1972053456
202415747
2558645203
2712745869
570329382
1466037942
2492558250
2690507384
2578352706
196576780
1391256919
1524755959
785740602
111186363
53430211
901537399
2503983241
2683970664
2709163842
2729009418
1626294277
104771512
230527949
2172700894
1234580503
2515806038
2445516865
18898079
278061250
27486761
2587875085
92524415
2665316959
1055048204
250580585
178895671
450907358
349032350
1035649026
309302492
2682516001
602233306
704255052
603442759
70230681
256603749
1546896846
520690173
1581515226
320889494
88846611
2291816660
84389397
340418291
106003008
634692735
263774154
1442910194
2407381993
23588075
2498016836
85913912
1633259659
426436217
401593074
582868865
240890205
89657363
2608499839
2468984836
1597007316
1170545190
536568972
16129920
59159771
303861808
78706973
16153562
14755492
2397759526
122423170
1476204271
14625398
916303212
66401056
462698755
481439251
1446597751
96658841
383071230
1244956928
787598970
335369838
402127017
341448366
189376144
1687159063
16122373
343657212
50382012
1705894705
19605981
134061141
187508860
15063486
890656879
410178768
140666237
2361520128
13393052
1351850449
2373735295
771576961
30850171
465312881
34113439
524041238
55113967
2357426845
297186667
477042110
234085241
17138634
31495921
107651327
281559525
1213709228
95480831
522452889
97989188
60919240
253015919
476762447
14749520
265418806
33497114
863596621
23362301
17969805
579401051
13374
894545575
216881337
266554699
25455918
193757722
141834186
2218177956
970207298
839721253
14575708
875967301
33604902
156080170
1523482831
1408853089
266445231
17874544
36686040
70528494
41017380
188737021
28139332
1488886736
214205356
199201124
1409498941
344209981
148529707
248670810
20865547
16076032
6539592
4207961
80628196
42389136
556704769
188043218
53789862
1330457336
424373860
501637514
470350086
236042208
811377
275275492
1087985372
19515059
19077091
18997933
280659137
179649165
138616596
47273796
522702689
408607665
263466153
374268208
46678624
37096107
37080814
44460672
15716318
55934327
14851290
258498441
474263130
6601682
311986618
42750334
14930580
19982260
15484198
1043951282
19124264
770121962
197657553
559783111
409062401
962044404
24841102
17602585
87842505
562257836
47646735
21697187
18587171
14055301
172838797
15224867
278066224
157013030
275057928
817931696
289057472
579880100
17220934
224813349
16303106
358889109
3032661
889658509
19046413
17740486
137369940
109518864
23839835
18572546
72026780
7025662
280160060
254292270
419681005
312585703
16739444
118857505
519224693
15711656
21147560
36948268
284602545
32250446
81163402
10340482
584248862
142459933
565863736
265725197
169921568
455771706
25557930
36677403
77249733
48847011
36769541
152994547
254192643
229543356
321186985
26010462
323330514
16611239
22085695
181233011
144801097
103728265
254727295
28274392
19001819
16574787
56064366
17348735
287413569
228267111
300497893
330494760
7713202
140631752
16218776
182791169
164946629
166215064
19124017
109065990
248107114
299413847
19543062
17497747
16922291
234058909
298996593
22164556
14634720
124203870
18585720
135184399
129382723
299885197
19912781
33038907
233254676
6721522
65493023
194643126
39151934
89564489
61249886
16643419
148988760
149411249
202541041
83972205
134886509
194997922
31711397
100400859
33354870
7334402
101385021
166635106
17246084
115249505
22552447
77314692
16703353
49868599
104338898
32939121
53921137
34157839
16290671
150559559
114032845
34026901
19791234
15763959
14668648
21122935
85854641
127788465
116316280
45186020
27225271
8232302
60116035
38971156
24157916
48215271
14929115
21203905
21214712
127376408
16589206
87773453
257593
77440666
49853338
124978378
113146003
15502950
119231587
20608910
15612245
8953122
14740408
16174163
97385200
30364057
90655422
87013569
27156793
21414413
18584932
20951862
78990311
60667856
25061479
18443889
47625578
78507562
17993906
77786209
76584367
57107167
19036527
19019683
65372691
26097227
88731265
25594717
38531995
51125172
16078644
16786960
14595574
92890171
16185467
89932856
87031286
45941201
80580733
41965454
16672787
77232206
21324258
74581396
63193629
17770483
30050899
16745427
21093785
40081463
57113066
24449870
55997506
72430457
21871062
17901254
23128348
82676733
32675988
67723338
15322063
6764252
20588678
29077412
64397500
18101027
76021304
43990785
23001840
20479813
19277693
18406860
80321252
65557649
1947301
19697415
17156203
76952859
18684688
32364770
60577277
21111182
18602421
74546889
14324573
5360012
3459051
19673700
55291669
18510860
17998691
64293318
19397785
60980288
60285686
32860953
28588467
20389644
46684132
19795089
44719895
67286345
12671692
16799023
55463081
19489239
14426645
26657119
25719931
16674443
44180447
64024622
36681232
20890869
16635277
22441429
15405878
15947185
16236655
15439236
15874647
45510215
29537210
1917731
56923313
15022633
22399770
30313925
15923226
20641792
36623565
20682530
18436916
54193895
46800880
24924400
17763517
39811632
19567676
23016395
55027539
18424289
15822295
4970411
14511951
18594226
47033840
15208351
46339623
2797701
18726395
15721256
18711404
15675138
16935292
23686819
23812488
23654860
29129769
19481274
38486014
813286
