3009115451
3238034179
2241427543
16638944
256900512
3834893009
265069040
4093909455
3024756009
3111592072
333774944
2887635864
2654884924
3300756833
3089458295
1268447492
1030656452
3345043491
3940719257
3048261580
98409590
126668957
21451687
51437807
14850840
2915180595
3185756288
270446236
4245990988
358007193
244018192
2374055952
2289045631
4341328100
580021259
781625978
3308907480
3220299185
3236649087
3689281277
3308403527
3918684339
626198740
3183233689
32589153
3865848981
2898156992
2614247443
3917617814
1542533869
2911589819
3316836408
4149312980
3353152629
316109051
284441324
284703164
2932836172
61920802
1343302134
3226376387
3207795520
3214357391
4196487192
3320510825
3321940520
17681513
75922483
133166903
1639862641
586189030
2794441796
3233634590
3019423396
42481335
2462153852
2667389790
2314779194
60031386
132077826
57435443
3031421253
2465307308
3318726251
508354035
66587284
1610776369
3398919244
2294995914
2187469536
3098341402
3320514692
2421006954
1347107412
2747938332
1617049698
2798439534
369536042
4109278577
804471787
19562228
3978939495
600197134
3831340880
171284237
471489844
3051097582
3346980069
2502189296
1056488929
3408941919
369474503
2866012127
15932734
1968638208
21232049
3194758346
3229514462
3717713597
3002214195
41766494
4072963877
2975315032
15812463
3464673263
581312437
2796573687
3059487225
565999095
2235448412
2914278203
3304161441
2504041381
809544290
895603825
3916284673
413795045
73544748
3291673004
149679293
22415002
3407878233
3033164298
260487748
385323399
4040505322
2314256923
3154587851
88621782
424711422
2689725865
66856037
546332225
31231020
341744066
2363359958
120610683
2160022363
1446597751
566728268
2674560085
143377881
2282641225
78704561
2698185847
3647611949
3289673974
3522935172
3672712532
3288092461
3553371792
426394953
596582794
3225838586
498177610
35728289
154532994
123164363
2273991710
596102203
431617209
3394661115
3135012946
2537781000
320432933
3522583992
1609118101
2563676017
52551600
262749118
3305234894
26303602
2896870922
2581163872
587160626
182494166
92116077
3837083613
3762458177
2339554964
2735952435
2473070484
863009586
16589206
528915816
3053013179
1601290776
528783634
3869815636
2955444162
3337897846
3109329043
1644703796
32748287
334635978
722546858
2967536441
331434059
3533782638
125512325
3271670359
118693649
3266624216
403760493
38900722
2895145095
20609518
825934369
3687219271
1671153649
3234931337
63564907
3484732340
552025874
56141542
2894456895
316566390
584492276
2316166164
2395395997
988665763
3501473842
2157766698
2651078635
2856208648
93938090
3300940227
2990232133
2701993620
2917073688
272175633
3409551299
32772956
446301785
3041438073
14742479
3154219234
3416808087
2430564295
3244882258
3578961622
1857947658
117813446
3023033587
3320952330
408908347
2852564233
2736335258
3375898893
66264910
3397264751
2999826682
1684635048
2914532481
2291468093
2208209647
2252976408
1627496821
589598168
3135242897
82149309
3255004818
3236561394
55117855
1488666108
371781814
1695477810
1649730020
3303467848
2477477306
3272914201
2381150329
2830538084
1599415303
3381965289
3412209113
3401092468
2755092227
1862858599
262529998
20766956
2356487101
3362391352
83102500
2903671648
1419037717
3087597927
1217535355
204499266
363901075
397614506
66643970
2214598141
2473660776
196149185
3104939089
31485097
2150867457
3101985905
627628127
2809289206
3256876080
3260285413
264243333
975428040
3304293324
633485518
346246513
316620274
2927217800
2431828267
316630884
3235461078
2927138748
629306039
1666240819
3286236823
56561950
1614239178
448304279
197801941
1599931602
349616896
463568971
2275293415
54981278
3233494895
337789361
475119104
1380826081
369583954
3294129237
454509384
16716054
2526257174
375194031
38438643
40927713
122810303
91173436
334832837
34185818
225625338
2915250123
2204004248
3358885901
2871635391
22156728
2227697225
108475295
405090258
772298556
379085642
1896176474
891794228
2547750722
3173667490
3260874967
447289989
3258350777
2572262245
2514756440
3249316658
852478838
3119542844
2219369401
1533736736
237093734
2345954628
3301348659
336750098
2731589470
23001804
1452782322
284682595
3023037872
193163242
1601638783
22209201
595663631
51851762
3008832298
1535317537
23741531
3142075631
1327416252
2560409286
262627111
1324430202
149417186
3040319503
3289650531
45226867
313880477
2235899622
2757541958
3130775717
3245070880
3130979555
596798364
19588212
1411410114
2170596036
3205235303
383603712
65023553
2848603397
2559507438
3301614657
373474887
590562354
30886757
343228492
93766008
1029633067
1273036716
2979365176
2148974662
3035251056
515439226
1345702129
2557884649
359786296
2551260182
991732632
1410567876
311560422
128004089
2561981149
2531859438
2202952432
489177751
3209319515
154146750
921733909
2865516159
2741938125
31514136
200962656
2847732121
2992874503
1911425964
2395319216
258159839
355784391
2741326147
3239771001
2648115131
446925237
2732718003
277120302
286233279
3124154953
481908807
2177420990
44850427
2507011739
213090644
3190142924
2498061512
73762739
3146413624
2895948312
2869163979
1309328232
1560667640
2820357612
2439452128
745884138
3036548304
378859462
301906072
154772878
2906203985
304979196
405996782
2192030256
488242107
18863867
2220972476
3195482091
2923327751
1434698196
1320372260
2874832070
3128855606
3103861522
2995645414
2450011843
333168411
28606058
149760844
2451397520
2849832700
776878206
3181380592
3135741619
2312494016
3139525801
3003128621
268613555
2685319825
52877805
267449695
266076333
84121407
2860504146
1957002554
197600964
1669575696
2983331559
72355752
3062723295
1869200792
146660117
2954566595
163995099
2808406675
2842412818
1048765417
402431581
2594142181
21032566
2864727320
1387983026
2766560059
195665666
831500821
2535661466
2262037064
1418824314
1521771972
2235082016
2959045216
2964675509
29386276
3131668768
2980444787
252025581
582089161
327659945
96044177
3151760994
2508084686
751190214
825558378
26125026
3044761119
3138338070
213282389
294052851
31005894
57241134
2366313943
256964232
1250404094
228740179
2984401766
1509924366
2837696871
264299626
1230621110
76294160
1229074621
17781673
76624428
2472744996
590226096
14957616
45577446
55876748
2988764381
310730506
123087976
152457403
2149182421
1419933372
2695535807
3010063243
3012834239
2808995326
21684189
2750489906
2552132174
2974626958
3138475817
2921275203
413650078
51153640
1405752434
1605744104
3065049568
77518709
2675234882
1745973290
2330321605
2999590458
16427380
11522502
355634216
3115900891
2871248654
3092518925
1341830900
2654673242
2449251330
2308798728
1864406928
75584152
604772054
1924876513
320996986
44683024
2851178843
3010075789
3105438734
280623820
2353144260
2739800508
1397735785
3130861294
831840926
471790056
3043290336
719426287
2703144444
2279270987
20813935
392111934
2887443484
180463340
319305618
962704140
1109958560
349532319
2825417907
522090837
3008088250
2801465651
392597879
1000390634
2398095708
2439432815
132531441
3002591895
487149096
2153110063
3038703648
3089903539
3060939895
1962782131
66740930
3061685254
2664792430
2958840478
489879335
2381184709
409523047
2895852212
2282311386
2435919056
2828977817
581171565
2928749441
512287398
428368815
29780938
291666235
2434552658
1689951668
1262478720
296382640
250813818
2584395818
331371627
426224124
974709840
2417332544
1054164709
254532199
3077607447
223893580
227878356
2962930299
313340722
313115374
333424986
1201661238
1132090693
2898557141
2898641801
1630688886
2355649464
16702542
2415177301
195747980
2652071286
969421219
298317641
2649826032
55583596
3068627350
2773962163
2768726068
2875370817
554308022
2445831606
1109982572
2515480634
2285738774
3044794643
358488726
1386506707
1617560227
2373222710
2545236572
194749207
2980264914
2604437204
342057157
479851985
2354060018
15143380
196565710
826111892
58710796
2744764078
331259198
3028823149
3048088889
3033157270
581700885
64004807
516508960
1666769203
2830188732
364523546
2329407866
223231071
2277027601
268376801
189030097
2892279431
188538605
2417894114
52432756
2833032163
2527991684
1553591636
2875943603
2555231179
705244468
1190510215
543305619
2491929150
30023503
371959445
29557052
2786430025
593930667
749537952
2942150644
262353661
1887941533
78883324
31469424
2720232943
852075830
866832079
184005620
162348588
86601333
2195619372
1461399008
1653970184
1447552976
25767670
59125757
46880751
2817090836
346790978
2269278050
2167592075
1428332168
1326089154
2295234696
151925097
386039846
904526677
1647926876
88102731
586036297
450411981
2365399758
167929066
2492754043
307637153
998549036
1493388175
868817972
418605112
2961873809
2725247904
1951438604
2236414884
316547308
2317862300
2324325708
2967140686
2651305217
1505940114
1659401180
2993056841
2735993925
1067565506
2273330413
1483856312
2570359518
1353522607
47920812
2412041804
2723545418
704975838
910217863
1034571757
2291417756
2826192046
182812885
2854344731
2343966982
298060833
1128163856
1324516394
2801091108
2906526396
2985741953
2436392402
2564488222
1137072878
261680103
2970929046
2910430618
2371056806
35009512
2920073996
205786572
2461151714
2646697237
2348928990
2372868763
2876643187
212771935
293881939
32712325
49733717
1699426376
171779849
487256024
245681204
1404968809
2374933365
1007905507
277416027
2285588683
582546081
1483933747
2251396188
2754010193
2164628081
321005205
369399292
204066815
1267138314
452208405
2635209424
489620821
2432429124
2496858430
211736633
100350986
2294249861
220089447
160725139
1596300276
618338362
245615867
343157640
2809067714
407150262
2589405631
22528995
240617891
1894382352
586146158
2294812435
2489000192
379556944
180570995
1139254596
387689271
2868084908
435536038
815969526
2833009773
425499968
458322044
108275802
331498161
289276084
2851565851
2259369600
2677915731
19758510
1215339032
397677401
2220138822
542934708
1477959570
2400706567
910872186
2399978527
550823363
767882557
2313928494
611841784
2832651322
572128620
285429615
2851200163
65894962
22160488
2292211830
401004551
270677119
2493580472
259349567
2400107319
461588058
2548811138
245796042
2409679770
2529144009
462517080
66249835
2807990789
2610704294
2266343932
2321466439
2212880695
504690424
2761006138
154802311
482407861
1615380414
2373961010
314472009
2424454140
2324828978
2824988304
2168214354
2712899721
2793536422
19512908
578093282
261571333
351186403
108401671
2844943909
2789768266
376635771
299421330
99502971
221891445
20106852
2806015065
212131953
175262772
610890727
56038149
211380639
1107802118
181768907
803820006
1108116012
1943926213
2701945093
115981832
406455603
586160252
148283549
156202380
524601604
1978844395
2839234189
320781643
923647153
2567594041
2566250992
823874520
2167081284
2792923528
2634605682
2598491630
1077239334
2754375621
17049889
701005183
1427065207
451057674
2559328993
2473031182
621309217
121202735
182599682
349757375
2506808414
2710874161
2352495518
2715074650
337374913
1355489096
1259812224
1035280674
2357138736
306789964
371678594
280322217
547804559
2213854219
1014064436
2150273071
2320337664
2259429926
1087366416
622178272
451636774
1247438594
2332145518
2729171643
99234896
2230893712
2377970088
16926413
2424383984
497225627
756104959
2525755712
2341202455
2296692216
132690244
277207065
469526276
2583379696
2514324751
2613047266
2556366939
2405360646
412955581
2707617199
2462267041
2733003961
2311971607
2722065389
1191706328
529571475
959858318
933780265
221634774
547977863
931237428
752357592
2751194864
2740043592
2774170993
398323499
772315362
1347344934
197409561
24113141
2204854647
23064972
472900316
497886514
2766359293
68981064
1335418303
2660760771
2747906726
1256006101
243844491
539343909
26635704
2620478867
411889287
1030734666
137393530
255512964
1677509964
92638580
2737605827
24725078
315465682
8963722
17471979
244746802
593136617
890689526
358046954
1856205205
1170684571
991139808
388878232
627436907
1305869460
149859858
2288732628
2568267104
2463419266
866934380
73593143
107311200
2546218231
88177260
19845100
2351633263
310416099
227676911
578609269
1876315446
225189569
1033702944
234469304
19187305
263928436
789616472
1650215384
996176624
562519592
1173621805
2397258354
544725788
2550642990
2190967442
1498653804
431835617
437095555
440560873
1704319159
2269303159
2606047868
599409881
2602700421
74409298
417354483
2198491434
2582885773
1066874940
968976877
1531796394
250785945
2623252631
2214899235
2372070608
476199422
2471969450
2366185659
2339063619
2192464466
2261057367
929349216
2600477350
16473793
592848274
31443503
1948029475
2544962282
573459961
2263196432
2548352132
2453260346
2291277630
2547578792
2547177007
2474543568
21410757
1553858161
309327821
1658595912
2469721344
2370502230
2581404303
2578724543
206829302
2347649047
2432716338
2209617338
1494303108
2291752501
2579244251
289711133
169175724
2368594003
2269150339
799102765
1084036514
1401304657
1542420001
2571592853
153490795
2368205449
322955525
45112233
2491758595
1398171908
376328505
586717957
447553733
79711579
2213800812
1305778243
120093200
158545608
2400282020
22411342
1922163835
36943664
900684307
2478893108
2284072634
1924571558
2569657961
341908197
326631279
2320619352
2238514065
273288519
48033488
395639817
2226694310
2286197119
335004256
75155016
1150914068
834370320
181493385
438441719
113117951
1620606276
1084817426
1061794039
1659207096
2518765176
196418938
145127194
1004660756
2440327952
633637061
331311644
2461162966
918346674
2423070270
817116096
2399124438
1271411754
23497233
2450823032
200652768
301847261
1475207178
1858497169
1849816836
2176362025
396723560
518536965
461619380
1640750240
2492617370
1213824553
956635111
1873652694
625016581
2234181720
308492462
41707730
85536173
22484685
843112550
1510418280
37338814
2534178441
218889903
2175404629
325214994
61586228
495110565
1654287703
152053850
322014662
1978541497
475401417
2312588756
627997859
2148975455
1416478069
117604620
464867175
705623580
1698040651
2484422807
215697900
101928415
327863152
1059157682
1681480651
1423497067
274510502
500713473
430384946
941709457
966546559
793379456
966541782
2369686982
85406678
95415242
297047872
1440502728
1348301047
236699098
1021998649
600453513
1347440748
51890993
764213786
1335140947
423853940
244101195
44472045
109386792
78900339
783592736
822009380
566402916
740056519
883385011
737968710
41351087
271487516
2251574126
156837885
28136539
234264720
174930501
603385285
136747089
545292864
317293086
32959253
42927636
514223174
1705045302
146327085
394216985
61868190
26769688
1319379734
1959334158
315053845
28384755
19402238
23503181
25365536
12513472
14780915
157140968
69838723
332638587
80096621
25399731
52687470
266020924
17088779
54172831
20043786
1936997696
18369812
187486308
1962569347
1478100828
394696616
2189402328
15693493
14813320
1610736752
20565284
132123068
586136477
21356261
1583330305
469223400
46186400
18912121
43121121
130734452
34605338
1570801771
154915258
495605961
16409285
25460615
16193578
332930828
1268404226
75544059
79769701
18173624
65184105
198134620
541061691
321970500
54930650
15308443
1364224364
121462465
580089228
240784530
373460388
45266183
278103138
237870401
161452925
65992743
1537299872
464647033
174245708
29758446
6478842
35773873
296580009
498826341
45842047
278057040
278065408
264900738
66699013
28706024
85452649
