780474530
2941677623
52947455
2764972922
2287427700
2294673648
2951251584
3061947428
53539987
3407771956
3527482577
3229059974
3356262010
876935245
3198842038
1729915069
3010342788
3919202236
4026660737
319751131
480758283
37111732
2740312037
2388336668
3051550866
175578173
2161514353
180039977
2760524035
1537876766
861324758
428585382
182412663
2745968344
55826217
3188501519
3092356029
619082194
463088671
60190670
487049258
1489485102
44473247
1014321434
183826318
1537662596
393123425
819980354
261939343
1388213840
706334966
2469321368
2743482736
542994207
965139260
2988181895
872758526
1158392400
481707355
1458395448
1352176836
1330276046
1247421884
35306920
1549301406
616560887
165172718
1559621527
202605751
2896868738
2544442814
2263234825
89228941
2732622088
2854449952
24067286
432751766
758135244
2765934509
2718248758
1012114284
2675285694
1321531345
577231401
4161529887
3903162612
294418647
2255692994
28432534
1291827822
96037866
733491996
240720500
794387090
54517272
450204369
979474380
256078240
1040822780
449787403
348608419
2173928105
1278572144
259376954
805054585
1160684240
213018953
209136581
230919704
2340534182
236129089
375657085
101756653
69410564
342871412
1926561396
499031052
1018513974
934605972
31608886
2224045688
403271144
397690366
45238876
705060921
708432894
2190386804
2151851397
27322050
535795252
50273607
16939849
18127359
83979310
90502888
1090711610
569281042
1080468804
19538910
1300646982
1713136578
485977188
23395068
919791283
350367249
2191797290
1372157870
331148884
971171461
474356073
379857517
2579153467
415881528
91499006
2420707132
862107078
1244813652
1246618968
284238070
1167502598
2223929718
347498035
318824972
2690236494
34725857
2699251993
16463472
128705578
1045499426
1066238388
2749277142
2448775711
18642314
20028976
954450673
1687003897
389213682
2534495621
2860865049
2253719720
2885097572
2211034940
424271360
2916274993
2286622017
1850087516
853055347
279865272
465859486
579467666
429884931
2974390850
2317333289
2798475935
2844917060
3000591760
346716780
2367913609
439848132
2981086119
3013784841
232992441
384030617
373137565
3060342623
321543581
52443851
2896496151
2421488161
3106524539
1970111809
2361814627
957650160
523592332
2874050472
600775971
2964207581
2226173769
1370750702
600648311
636734373
386869525
2784393921
1959682340
2283492720
906729162
3306215128
2369533831
766838150
2897025739
2198294247
2399895056
3320031610
1970207636
452235137
2912314694
2990113145
2829420357
1970447845
118743195
1049195834
1160471569
299676604
713367859
234600682
3121970032
952834598
2177061092
1923945254
1427825352
4029827832
359757581
1015311132
2247782390
1368103086
552091817
850250138
883121838
373047480
631101224
976525519
42258659
1640771982
2862521363
171624894
342210656
3027608409
433792330
2796544337
2728264865
315366923
854513532
2422572655
2338405554
3275138233
3277660404
133161263
114830318
2844157555
505052179
2165052360
3201280559
119179565
437136786
2983485281
30747766
2608245109
38570287
1333191115
3306131121
3392504277
2801853609
174478275
2241095567
172016441
256085212
45482716
3226321621
3075373341
3118638132
354092535
2985106961
4197449482
1034913614
366315015
2257612077
801528188
768817490
333521856
62718894
491802018
3011501741
2911168765
249425082
2956178974
2578800373
2820891886
2925041932
2848250397
403784619
370459275
72377307
404498256
124034977
560583631
565618864
262319347
575726925
28720677
421153460
209685022
250696652
264484628
590958612
302606797
605163801
351951454
626103307
716618744
779695302
807981385
372990979
403394131
508162691
34041722
476250262
454483637
1011887047
983573016
992328163
1360018316
1363247832
124003100
127864435
402918977
317552083
407995540
842589913
613033322
216574452
117210535
21831025
415267739
370790801
471663802
783483451
1872872545
1895651120
436299318
2272107537
2269620575
2292923204
1166920148
597052103
274858804
356310179
2325172577
320736436
360299037
768710281
2561224245
2308415156
1419232824
462546372
605976125
2248205633
904873921
565944530
292636083
392132813
260015000
2192819141
2756096152
2761463710
1513438303
2803728600
2358483780
2764612609
823339562
614441430
2595618355
405835911
898675854
2909458342
2820918147
540020635
2950290141
754106142
2938916645
761387930
519703561
2296456723
433602941
2998931469
3000739054
2953498690
2632170819
38425511
2732827731
3033929318
527858090
2477476694
2239187589
3008121857
3146321038
739285164
3218826938
3179879843
2288954483
225889841
762190969
1710346188
1449196392
383540056
3149240525
324471656
3327792165
2539333071
2826925320
2230726162
2916279886
2244666823
3386833793
1041352418
1228863122
1453067934
1680992965
367337734
2296760775
3463515567
40347690
996198169
51674513
472005372
503420132
38592207
81187625
1672549998
3070091900
303926066
476154947
3053146183
1161640489
760538504
1699756230
1075202834
1684833925
1428374870
358983806
2964591453
903624534
315002750
1636521834
3085286016
467700438
750463386
1164045972
2806203847
3310992020
144657491
16392208
552005607
122030129
2306478647
29650320
3409844026
18185124
3506027352
2209431377
425478742
266927127
1173584454
2925364647
3063222221
55207986
299385432
17506774
134700704
74484200
2806052196
1931739044
3279435067
29216260
475536607
3383121439
1969904461
19487375
259613476
164249210
1582962151
361313983
708068744
2180825095
555284569
2292618767
2573834556
3377719253
212422488
3392917684
187476053
3394158508
1616547714
511239088
188778307
2700177007
2246933669
3024433865
1591431733
3837967096
2918449096
3459093437
3523380556
31221391
516051668
846186920
4012718963
94900843
3148558542
22103046
38687087
26938831
4004127017
2775739223
23947326
2766868343
2620120855
799133959
260901005
1102192940
20523375
2424551810
2397067730
557467248
2243369713
24304384
3013697688
3078027110
3333001997
402598854
67806680
1335125070
1965800772
3829819455
1507454952
3279150018
1163704627
3724274836
3407216463
487480140
27517774
391618472
36365427
893439924
1306396303
254210520
111346812
25163454
719300377
2826956300
595076714
1284669480
1105053516
2203807028
2424659287
2453794088
2409353156
64570972
329857297
493599915
2393323459
2269417205
2493124128
3152174825
88699825
338613216
2206093195
1300880599
396755238
314032151
341311162
1422090007
840148500
1449489968
2450816090
502014764
909398605
2296227751
61250268
232445880
2156111064
145867754
296043619
2490244345
485315308
313370183
345055897
324926421
597885607
436378772
2318197242
2764780347
2595727418
2900161965
2892955582
2598232441
2911384595
1950303504
2985255803
2688064461
123716241
1321007664
357909890
2198057216
1057110451
612663819
885915690
2892381559
1255869074
1672360104
746511396
1321097576
1175712254
3057848981
614055781
2634831542
3309938873
2987327124
2171255371
567698675
313593014
475006645
1236873523
961164668
261840502
1493705503
190252722
453692110
3153416588
2324942608
3196542484
1633694208
2704342471
2866283279
2571919609
3345583011
167589650
173671162
2802429599
483593178
1297164150
2853343385
547397587
2921840470
2785262416
3057227961
920108538
379747096
2433655860
3186595833
250315755
3029083847
373549522
2735549849
608186237
3518101697
2745412845
356608339
885382068
3365917912
23316161
4122654209
3981089788
1420919701
320538514
2728206201
4130136082
3818942954
4124619557
3914240595
4127834961
4100614041
1458217592
3779836649
971026946
306005791
150646753
190606979
558030344
3855502131
3301080030
4135848447
1129844557
2824449832
4134985037
2986057211
3637283482
3566073077
4108938078
592390931
3047870908
165951929
4131874215
23181999
3527983942
4144657951
1086861254
76501390
4137066141
4143400893
3434858530
309431700
98541868
4135079608
3958845796
4064084825
4135253080
2335763142
4079962695
3972646282
3904355419
364599939
635807058
1312209072
1581154868
81774795
3865489589
2339438370
20280269
1434534536
3048833105
4003038917
2925519754
1284225637
3108599958
734078347
83421914
3126792743
1463582694
3907508122
588047451
1239481184
4122647119
3855842853
2969083329
26334324
4164633617
4169537714
3134174018
3070522983
3982909948
3316245107
558694654
3939704179
4097170514
1033678998
3026823602
3680567842
3998584317
718079243
4157433493
3413040717
2776512462
1972491073
4130051415
3248942197
3017884398
265006271
4173421061
2151668749
4197323892
151294402
938463932
4165500213
246067704
2904541768
4163990037
4034442383
4175435530
2619012958
4181957234
4069655499
4125703157
4180489235
3601016242
632225515
3998583945
4136053061
4124162715
4127564658
4073782153
19979956
4164527424
30841587
3138969384
4160966657
4184600315
2903895908
2390709866
3379245087
4020110841
3362907525
4186205835
4224677174
1495825056
3364211500
425312046
4032871593
1965897120
3343709534
3250199395
4188286949
4188548248
4229201838
2584466207
2567999629
136465218
4173473121
192749697
4165304301
4181670736
4240743314
24321307
1234637486
91931356
4228920554
2944867968
3160404260
2847685080
2717869144
4176604816
2837443710
68471382
1239976020
768411258
634149967
412288973
520531273
55472506
634904608
320217095
188073189
453219468
710733872
294944591
571449731
703373977
820851326
356231022
2344495566
331998814
612799284
379576910
562333069
2265384628
974807634
531829303
1173743083
931991246
377665057
1850037930
900868106
1873678232
1539617496
1049522887
2465941254
533609991
63434099
704346166
494652665
1144574275
213635736
417046883
1472714640
471472680
93060157
733914458
422040613
348230617
636724287
392444024
815391127
1944977713
1419351553
781495705
327402124
2518017215
375307538
724961378
1046707513
794876599
401493264
1917274050
322165354
446662894
1164892778
36664382
882855554
280794894
877742893
565507610
404516150
819571032
1357725907
137827959
1084166394
591445137
1141349886
431009504
560506624
508228995
553836152
1163445732
1110479096
425415712
2160115959
500190499
420837983
536551470
715335100
495459630
1586978220
824414605
469674569
298569396
2350355496
1915165238
1876145660
864712986
436818643
2239807693
149687112
457240921
2178706932
246569034
236122761
1543831836
608537307
82979920
596565043
2762198654
1548445682
1521342474
2506052274
1036510447
739786878
553931724
3043305731
1963738926
382369106
400368137
636382561
1320696596
493684112
587126796
594215093
51775064
361841141
21517500
2944907698
427054965
3054002018
463218421
2966962552
2313802844
2235503978
387299276
1093789686
363969686
2584653103
478032542
309698442
1273548936
454383740
809131988
636400164
2199773588
2967196594
2213214799
511294611
590339092
2270886001
968467645
1325754188
522765042
466941473
489477415
2443250374
1733492318
1143661387
503483146
382426628
569586420
894246373
874296512
611171037
611144722
2153094744
1668790272
2194849944
296571505
505304613
2166913674
450739906
2225835630
2500792037
1429339789
1849794320
1547300976
350397177
739767307
364085835
106146072
556520766
39846475
467869798
420700529
114970453
1551983048
188980819
278326477
1442094756
340689990
570531915
2379697086
538647077
630421769
441164868
16127669
552272876
621500818
2366452592
703623570
487895447
593292301
441464759
113383418
476451130
496380363
2300239866
605103406
2147815670
2208143695
329796293
592371300
2195692791
1694860316
485311068
420459444
548822695
550411320
98035938
388266921
1287517033
774973784
738912896
288385382
614036713
893778284
448283045
499272426
476019111
367907645
280683061
1395461690
1295305044
624341427
823475018
942282272
550440982
575020972
611320881
508170929
552223618
2155086137
598889307
517137473
347551985
556458658
556922914
593004167
809163720
520724434
981825038
490815869
17604473
2177186498
581278282
844571340
1271435724
862404056
1176768265
1276476174
1965277687
585246136
1210237885
799600099
331324358
633404552
961675159
1061921773
165535321
259581817
358190444
624220884
602947935
47172672
613565282
1567458607
635876638
2243170346
395653244
700097108
919944552
829714268
617655719
49080657
125394304
1906229084
954479136
1496361499
383330679
24700960
950712475
55826007
1056204872
96747467
97514858
212231147
167165732
495626526
1655854788
80404021
633438626
222877064
1062339212
37214539
373122071
251332084
2254409484
2254422151
355956928
499371860
234810742
457737240
378069495
498338461
580714698
109106228
256289930
390316463
75113073
2311104002
994335354
335663672
316905219
493758762
506803339
2182083492
636556654
252178293
1182353077
405031320
989997084
339424274
1194469314
32290568
799632686
304166865
75424671
881149724
428677673
165800790
2319084769
1296012012
1961607774
324763728
1438753909
900828672
575695762
748359319
814397574
468030685
523853724
449143222
332095185
1035995532
225001068
403109100
2367943783
984892464
485211793
2211265459
433640900
561639292
504591425
2417985343
771985338
44456539
316604074
401784096
399630777
448348727
162050875
29574679
401507376
580319864
396942250
340350207
327131226
262029353
543325960
1209101659
366271106
404836904
731949601
1378218439
66800130
1166866512
1665972462
288522390
887590908
2229042914
1961369082
276140942
2240194172
1079945144
1717268953
769661988
485215468
711158389
110298216
2416057969
1367842711
348628556
754481714
608764008
404380134
2259424765
23015739
342480815
1319488705
35845674
1413693780
346929589
217797951
35920894
262311666
824490956
57413417
242087113
39583573
308837413
1581556980
108703592
1455199410
258650668
497423253
940444572
588559084
453460425
328226300
373929370
1946806832
720550076
560659658
1918215782
1075452361
218729897
1579452691
476381599
624247155
1180686896
713892186
2307417415
321747505
483445268
1180556856
22948396
252780233
459804750
753659738
997997040
486175732
405098304
168669320
392925357
358577047
1949347405
2243426925
393095619
1405674446
336901297
851675678
334363769
280087667
364033768
405813995
543888046
2202654053
336982624
326270960
361611858
1268348173
753685662
464873881
547247824
274777750
705538410
257753191
258395917
425305827
432750210
612140525
844647762
2386989191
405628076
363792194
1968037147
702159075
2371397388
489979758
631197031
1624395001
853933674
441251917
384017288
1655557838
414025704
1110599598
890105768
2268339276
738926468
495523919
387294139
478268922
632539490
451861537
455425740
499422305
602886914
2413962076
2259235304
376240995
215756059
126529200
2151000955
328228766
1026760465
144066659
106257287
2148817780
2177134309
1639159896
721036430
783274166
579195312
598964526
1378184384
345572371
551486826
2324050939
35972305
369128246
1278001616
30950513
2317133564
382388587
1461142411
985427714
2149848696
1328124750
711224220
61372395
1698271172
335137283
783018889
2309194993
30940614
341731871
1571724541
2200540044
1619135186
401171230
906779251
211657223
230225676
576662641
2352649795
795927002
129856113
341720511
2324497393
896217110
379322659
178542839
712894946
370496208
473315253
563160334
271186621
708133370
499324783
374791305
246534784
823581354
1648431362
732121910
537680741
516110151
60911783
1676915785
2334745742
762808592
2335753826
2335991124
738761318
488978442
429373703
389820786
556341816
981583326
334396017
619297565
871525243
574078813
297168601
418424194
313100602
401598112
471572303
43814372
264925002
917491796
525048558
395020416
388944332
170860171
1006756454
479202598
736153009
64641065
1511885377
77097456
283117687
356908381
493529110
2149488617
357111629
102060103
542158484
547224649
571170369
402447811
389784028
331650227
820780970
1031553318
1962430808
2688582461
3031763965
3035433592
705400027
547316301
1217145716
1387338906
2258616713
813439706
82950740
2504427061
1936376066
728712654
2338633470
279617793
1155180271
543033980
1097022895
590552315
359127674
1633131386
796395494
295352728
1513605914
373136188
331656322
497482383
531801487
2570351470
615373170
378939636
300563577
744182672
37716875
1155162518
2537891252
219070742
331171334
93286260
512621468
1254275252
2275535396
431243355
1888696122
474847130
634295670
733393136
426360390
510819055
476141193
756543762
726272485
275364606
344292731
1673311874
353487400
2583394625
482504524
451625624
2479923890
2479987958
1631023830
2546910758
596906459
217908568
321809078
624233707
337858342
443194067
1486476858
1093757558
1458003422
2187461832
2292867343
441443913
746120179
1644315871
93320566
1727534389
832004371
2463695839
747565736
2169305558
203328058
1000690914
2615811605
488095167
2383709579
1375922220
44986137
2434700018
2190590630
1707073340
432152188
487986166
2345677857
310600108
2235423794
1598920146
2423119782
906735122
2301856464
605555358
956448415
1552344264
951566112
235167368
2561279656
2685237521
2376579007
1678572937
946808516
444281142
2691633880
778762520
83494880
29244663
472596113
382842268
599041938
1358064612
113498356
394417031
2724729807
534922972
1011961832
2558158246
1406512129
2723763249
867289159
106116684
2174605375
853805174
1614256406
628608400
377667279
2545359873
59457939
2547311310
237883332
314961779
2520347386
2693862066
2722030480
344477314
2463910987
624797172
1080163850
772045286
2730413944
316752306
879122808
776477894
1021197967
1379043439
177167096
613087299
1053938510
518078447
484021218
880886215
73198729
827989758
76969808
838445059
2379375669
1616356861
1353158816
216683248
336880327
845772229
387370179
219689904
289524083
707163143
370938651
2222237317
317387121
290873013
1242230136
1205864107
956367444
811021321
238765553
2170806164
2745108143
1694648539
805416630
548827593
713334656
401047241
1696975333
2312364228
2532137512
254084878
590202948
840270938
1277839646
1593892633
462459566
2427482407
1508371746
2759937651
1110599688
2764392227
1525820323
375790027
710015460
1301455333
736041727
1377207601
258045911
2736355348
139234091
919622545
1053634885
617446155
534478869
1016349464
2790315815
2520222514
1700715386
796533800
458049011
563288176
874181899
2761291381
2405992360
1656850333
244809572
765007106
428387034
2822854359
1644044773
2547135230
41686840
1462698632
895497770
2855771498
512536666
1022534922
153489271
2852215525
1086583788
928535484
139024823
758546562
1016380506
2763142809
856778161
2465016014
2793404032
1042706569
613371571
383252382
1491321134
2791897273
2886842220
360856434
1037953512
1638331592
1435347126
2869962115
562444010
138530749
401434690
2629588677
2202067184
2167138484
1219432110
2781948466
1319292270
505032138
2878963103
2768042021
2822522233
2881270017
1357880287
2205151188
2290332469
1680831326
479236318
2884071485
512624274
1539675578
1369586400
737429016
2875310939
43354967
716824711
2243193612
2895510641
150719707
2608555448
244272971
186830207
2869931735
88307351
281180008
1372775688
1059674179
2565422799
618595525
140992486
2258306088
1632674322
2700666017
289460669
822421040
2920890748
344453671
2349247002
2916439271
2266311518
2290607191
2923111498
741650774
1390474184
522602456
55427171
1782153523
411732401
2617374997
361392053
21342253
2301490600
1569360366
175892248
2943952858
462460177
2948559149
2949412529
2521752012
2934005021
53261692
248922021
2535198994
2963269042
79790124
974969900
1021038350
2729811840
997933232
631768362
1481159221
2967246033
634750624
172606156
1236605563
756497192
1523921215
263575592
781599170
2316596256
2972282163
913474639
1603721952
2964212459
2955251952
2315279356
878177173
1952330802
427848159
1704502400
2219675269
322974338
147032029
1359607614
25246741
2865308210
335484144
2641606265
1909515642
2286539729
2580571075
810965844
2202043836
1965933080
420038812
902893345
942416203
2211197390
2918163435
523968295
2413445719
562601910
342601720
29969985
508080996
2193023305
894447685
345031030
2971986778
857322554
1644507853
12407082
862252446
559536802
559862762
715021087
29459594
629636978
2386055569
2283087678
2840361626
500316153
499472121
1611899946
359845602
2995411432
3018255711
39399066
767984497
162017239
564156283
143234587
865613418
607142279
1380481428
2774698666
2660930971
700427994
418979184
625283511
2413192905
2763557597
1113427891
377669279
404927850
1190871708
378327422
1875125233
2243183359
978729798
375405529
822595339
704193319
1484076488
620147125
2161921104
2177414373
492668084
1444673538
1308486571
2734869448
2321508332
3017671917
459708929
352089432
2214965154
1521185744
119454962
2806490350
518112336
2371164650
2242870418
2353912243
2778176187
151514301
1289130858
2282613429
575645006
411244263
303748569
1561781442
3025257749
608849922
347225555
553387857
224868692
334434963
603404918
497965817
2814104931
1653481346
2311183704
201456807
748137602
527928987
256769017
1323675168
2377631806
2148164898
3023132358
366581340
2746562528
1056222402
2488447321
1308934518
348042565
2291697547
511175369
1380712309
711832354
3031624336
2981126794
720742099
2693431418
907018226
1539969469
2363318160
325719837
2453515578
423123217
1666651994
40423088
3025851029
2524446478
360679259
3091392314
505092284
3046447397
2902980946
1926915392
27724583
2900143325
3242262875
38185852
382943063
2482139396
1465831374
501233779
421401505
387245103
1375273850
559187334
297108431
3087849129
3116618399
2877097153
3003875195
1334566483
570391014
2686628156
2817659304
2269953145
2430980839
2269270653
2881324881
1478846281
71693056
1053882943
602325448
2440257247
1035088849
14113708
390908201
2937307858
2453071496
1482511028
3302785473
1669576147
1606808928
2212899285
592908449
114907105
1511035543
1325268144
551641611
1027832360
2369205163
2413429646
3082786578
2389459206
2314952358
2780581930
1480637316
2358265944
1202319595
1370877776
446297960
3327264249
2849432586
976923403
2806690189
3336000069
65444530
451511179
3229628025
3218760456
2330689020
1235795220
586130045
3848455757
2755439997
3827061749
420752600
3290035035
3369376330
51052955
3546029356
2278556652
950828898
603300031
3406790986
2178947132
510771528
2576232394
2240177327
560010391
3303116670
267494338
3280960706
3431987488
2508860078
2790204286
4000181841
3953119693
4020912136
219771781
116509995
52882752
4052819652
4063288733
4065585951
4068171209
4064760178
2177012030
2806622485
527191578
2345207357
4075971983
4084767612
2610142549
2546924000
116567225
2346182936
701753143
4036146435
3951169935
196813125
3307505452
3633373876
176916668
2294765648
3865888946
230798852
3909391994
2647531357
2938460777
3956954837
3222860680
2882970979
3833552354
4088073315
4114850410
4115765595
4116422061
4093609485
4115529808
164541701
2898302933
4108428693
4053618915
1278396086
4101754697
4040865502
3904493301
29502213
421282620
4046714225
4033810761
4115256735
90341522
4116110157
4089936448
4082296214
14993272
4101491127
3142249995
929126604
3939611079
462551003
1596682009
2972324571
507524916
44704706
3179433590
308787726
3188137489
77239261
3401708770
3840118829
3838283607
3837064936
3825885443
2589988118
3826174007
1542636768
3579610035
2908251692
3865786085
1726358526
3798371292
3868202657
2891530553
3220460141
2768405336
1963501656
519098821
1714166246
2839348124
2919229983
2900044408
2572665032
64042158
40271616
2714439933
3078674680
1146379004
3178431468
187131627
960378644
222955053
1741134775
2783298965
221214370
718637244
293051704
2999991050
2712698449
3473528599
4027466712
2417630028
1134654733
872267852
4026976824
4048389148
4054728909
34101763
2482917493
4050712580
2379051564
2591701078
534492902
4049319195
3045017425
4064370797
4090484176
4063410254
2750589429
4086672613
39240656
3331581208
1970334955
4112798656
4113996627
199068334
4124990294
4114537713
22646616
4119349705
3280081589
195593587
2300832295
444079159
527008618
867107954
2339791257
572758598
906818083
2746648135
856903621
1456485246
408243858
1674268602
758017040
908886152
2626759313
2774827218
2733313602
558243431
71410762
410930402
371533681
2799243334
2838196399
2839040924
1385902897
623945186
354113584
1159015638
1660264164
132761891
811090296
240568066
2830933480
2859059202
1301942449
701565156
832417916
782639742
436769498
1106413578
870460849
363829946
289660104
2845782687
745751048
2848455443
327207841
58087892
30808306
371130385
462461205
2891058680
970325359
2274039979
512777799
2355011168
428472138
1978677168
2769661425
2870927332
619331572
1545715790
915555386
2881682711
340246081
776846318
1123207387
343665926
41163625
189196512
758393689
1483921106
2706352070
313056010
2191354519
320335448
2917904089
247401952
287844511
343008979
2869877435
2918153557
411503542
242497956
2542323601
2925234928
1000686144
744176268
2928070421
452685321
2183343712
79871777
2269585535
467988581
292746884
339418947
565123196
142422305
2898142234
2938894894
2875177320
2984751392
265435280
2744970299
718881678
2947530036
390974242
552153187
2924959063
2704874568
881045382
2832432105
2865181645
217228077
314297079
2983250188
2616682887
58474592
3027642604
375438804
3023296775
397005784
23043916
2198703127
781563907
1397616727
3060611056
1442618269
604130777
354057012
382936579
236218796
276638328
918072138
1598838078
17281257
729578834
485327179
2885238820
514572470
327128125
358919188
2705058986
2182516361
346623998
418179233
18080122
2300756799
175405528
83639182
432708835
1402943526
3297321515
1004935490
57979902
2983455106
1429223576
2799145939
436222290
1323332184
2616254508
114912857
47376201
2555728191
1114783904
990052496
2975200754
1954539704
2734270659
2216657149
1117754490
2290038295
890140050
2896283981
3074083276
2278082359
351052834
2874610952
2162652400
427929140
2597160451
1236676303
2228689317
2355262229
2339578783
346257297
1928343212
2249547654
1349576262
2578035260
2544123747
2736561034
3048378231
213839365
3023495842
27596168
579285381
2858922625
151043253
3092705967
2923104269
28096105
2568374808
333424126
480096148
3083115761
1511772596
1740398407
29033434
467008601
2855365743
446791295
435131477
2500439234
3096676371
972835399
357772911
24113280
1006363358
2994902408
321748603
2909952718
777040232
3146709372
578674034
2781414406
461473091
52510813
1367375665
2280819548
2167589352
723554418
1000858722
614444649
544795062
476439146
548814154
2905938807
207007136
2296550251
2692704537
2329167744
801692689
2883647692
2719128970
1531063879
30861914
488070493
2411933964
3151401311
359713579
3284630823
2823062422
470788843
1332422678
389826141
424648862
155637884
425462952
1330632222
2246114533
36871554
1236168325
254177556
881385590
2831881820
14095216
3013061845
2163423642
2286914770
933235106
3392174799
470424937
371421853
2903214128
2714366171
3393074991
1144143229
2987067654
3370801572
729157916
3710107216
1881717516
3329659473
1087181096
251196070
3389419221
1648505696
983859450
768425348
21017744
2300140886
1959554972
3229159840
3146497338
2750777343
513727966
116620587
38459354
193135351
439637020
279093207
329469191
2361844512
3361316859
3142268704
3876244695
109697622
3421086027
428455495
2349423648
3712434802
3898845372
3065749909
2308958089
3941600734
577586439
3989055915
3223900129
189368628
2181164586
3980671521
3406351859
589611157
2998800349
2190869826
1276355593
3852087257
3424399439
1829695596
2240003262
2657137504
17237264
3180948066
2300744652
3829600881
3866952016
4097294534
3259842591
4068351483
3664521135
4099323879
1149712207
756396817
3011256839
2414228326
1730324636
340070855
2263810464
3018997727
2752085806
1580987778
92365205
1862137830
632561778
2822400728
2939702625
1936218205
800874162
706525654
1226598890
721186088
2252161146
371858089
428624300
2556887031
731725249
336412214
283024837
2316350022
2825635709
415794460
1401166933
1058947950
496672584
2194343040
1564693003
2902879550
2339583614
2888835064
2818509568
2802092364
30212556
1027544996
615719534
3131991221
2832838048
2856101044
3118766715
363326451
340424206
2648453910
324594511
45472978
487977399
2455405404
59244397
88500698
1215836706
636712656
1671563208
3218665116
371057780
2415558681
1421043056
3136314583
29754546
403851001
554403536
2566063016
482595612
579080924
484250240
1272716196
3100839131
2744587527
761736157
213736981
1553784458
2371132660
36967033
446582855
40930839
3091540241
1477993062
64407543
382724784
381276816
2796994217
464078688
1048269961
722860663
2324596633
546085938
620718624
1326162283
1322854724
1973696606
840688597
3314290966
336321730
2327403998
588388426
533818149
348241722
3109043785
3016266597
492493924
363776446
25876402
3038333939
778399537
282356548
475010148
3024413043
2737371339
2478640566
424606410
1599977954
446482661
521824039
3348729238
308398238
2321157425
2264668360
477801234
2772901145
1112731526
2385971832
34674726
547054804
1110307230
409584903
422987985
1678101253
2208107254
2451036280
1500114295
3340028123
3340156294
383783197
2808539653
309415016
519998328
1651755372
3364974388
80731941
1650602713
3269287352
3350165493
26658084
45496943
3093012123
300628817
2994763816
1618440667
393216236
2815352177
171075426
489066988
3249336373
3145806609
731317580
1724078582
2728094437
377739956
2917952448
1606839626
3249286470
464832774
2276946608
1532030893
1344961482
412687410
43114300
363977575
208707027
3071797619
2238295201
628195167
909422342
49996656
455273967
391641265
1281463146
125461396
50119884
2171552481
1296919951
2815784469
500142722
3025477385
2854220651
2319209789
2455288734
2984764065
605056139
705062139
301661961
3121480484
3028501765
3330359915
427567888
2732963477
2549030310
406402912
222453288
3013381653
49014159
576263330
2801093609
993208706
1671839094
595210627
2928767597
1521009655
1228775077
2293635673
2330428423
1650218030
812175192
3419582433
2434432715
2269543003
3411428013
2981533480
1609475287
34139722
2376970991
3138807999
1276331456
878644428
2398833416
33362638
3602155467
3035544664
2256985115
51573986
387156167
157699276
3836148196
2914961907
3251252012
2321736060
3366192617
443326690
625042324
2882238088
2424613615
2379584198
135688572
2211443180
23714905
2520060783
488160480
340580613
2334920807
2819889999
2246124648
2893098183
178414644
2706353310
2181200624
2207242740
3035476777
2482647211
443211919
102197891
1295071070
217315750
484423874
849431658
2941298878
2209596492
198298912
2394088403
1602139332
3349222978
776149050
3043722909
2800384904
2444371426
384047967
773731764
734116208
3159908131
3835902089
456971261
879425960
367201753
455306879
990299953
219913274
211515004
2505749568
2229097237
366989091
864755268
1523376908
3099407763
582748413
2757485411
1478132732
1444879824
3376810841
443290482
3720293718
5940642
3931178002
3875615068
3894911241
1573276926
2227379257
3132627768
2568323285
2817108132
88938610
3317333880
49311606
135456764
29441630
3279333770
344774189
330013998
208779489
2323004983
3440039368
3939480074
2746005593
387959461
3811309512
796479740
2349893122
2835307932
3794948057
236511663
700104648
3976144840
2579138972
2540039829
3797476043
1911124195
3953791758
2992978438
4050474455
3167782548
3843032055
1877246492
3003845079
560660873
2418273698
3968558801
2325918349
75451322
2798410832
1093477742
332522344
215498345
4039243522
2274408463
2226597297
341290038
435514384
3087529524
3387435052
279172126
937439527
2780624691
2198750508
1315010485
2263872591
1578760676
2663567701
2657029502
274796221
852441913
1666407690
1318655238
3305155522
1305650935
3843582622
2225429149
2286851859
1099978790
2777064510
298747083
2752473429
1083301885
637371923
1500130237
705926906
2688647109
390243234
3362772975
2999519044
546109123
618672446
882950804
140251777
463189184
557918637
764928607
316834045
249913998
1566209258
1636587282
191116769
323392312
55641371
2230952319
458130291
74779799
178367619
600516302
445903919
2538128091
33372789
2205689761
25426586
2740488287
2302209900
2949920068
451148337
2734546389
2321026612
353145711
1375762801
383523876
56490558
2159947308
45321442
446531548
729083737
3029143005
2649323418
3086927484
2997968235
3044889029
2345917711
757397281
96041488
2799386758
103107322
525750388
2316375474
3133759482
776575944
2189458039
1955852316
2465175546
3405202558
1884174517
3544083799
492635013
450874848
423011679
2833000920
154292343
1606747050
183997763
3160540936
3311375141
1966921812
35595347
858871999
3132903534
2385731167
25739661
56440764
49823214
426595884
2388915776
609676557
16814727
2212571720
1668821198
1473634021
1271381976
797245532
1470092838
3033390405
1974111054
256628776
979484186
3718657036
499219983
408687315
2612517033
2429638176
390311659
2384415468
3307041744
890015072
292683330
3089369925
792432212
3041613893
2410031779
323651564
438033170
2327246615
2151952993
539611734
2149160539
96393204
2856173191
2366411678
773942155
169682412
215409093
1400163194
549410859
3336953043
2974125850
1328185117
2879941192
3174103536
2959046702
1648119937
2460948459
403149161
732789426
448509831
2378191550
2800259933
2968177995
2542929376
926705491
255732112
102873820
276786213
321379665
1287465385
1528709946
2943005894
102662016
2870854975
111683446
2513746515
2802321823
612269451
2415164942
547239211
3210699641
407470608
826496976
2249114672
1106770255
981686827
1395662672
340885034
2620663479
1379810803
3198900695
3291006710
3390968601
1072613341
42657829
2216075516
394998091
885720698
3323785660
498168785
366086498
631566256
231688549
846299876
422823317
499307863
798653731
17518252
64533679
922318878
270693771
425546250
160935746
2739540490
2264786965
158037448
870639649
482484879
2334665714
371116494
2546225620
3493386857
481672042
338424880
1906426370
437751095
2543895571
249502962
2311858806
2223817099
2669453293
1241530436
751608967
1240183495
612209798
2281234632
2262998859
2784525898
741941852
276700591
2421055560
2872373017
602404022
1313988008
950714851
2149956740
1671568136
3160171994
1447640292
2298932756
2921421688
1398428652
1292199794
171204569
2948200719
728764045
387955801
389218482
512696125
230472641
3246189125
1007879768
171327404
376329606
1283381786
1589051299
82096803
2263548324
1391864473
2338927814
398849387
2387706428
93027885
2392051213
2450660737
1499942293
963714986
2400172190
479032027
53508939
2966954932
2970070821
2826338507
2786667004
3039578458
711838765
2933115598
3145999077
746320830
2744972758
15524370
2213492941
3421467261
2188340466
533275869
2358271218
1564961
2732925881
1550743777
299270307
1912123472
85873891
3214918455
967488073
66907195
2157415597
1329535177
1043309166
158461669
1350425772
1126245343
429483314
1959104096
815554663
411883031
709765796
100236595
407259973
437041175
587993055
468032861
1237561502
1597341968
2517823352
2445661045
32052449
542913954
3074266339
3102384416
586070641
2975105836
1500118668
3194953349
3167235824
2744965270
3151680408
3314923786
15853191
1180631246
2371262827
2261387017
855594942
2502509881
841856546
951611766
2782246842
1045789818
937788944
1544086105
2950342503
992163950
2149872091
425473957
2745071386
2349072805
3066430845
2471121668
2881637001
451844636
2614054297
584287072
395569172
1554040032
2739081965
1849331612
546034115
746022960
2860784616
2524098314
3923690293
283716701
504559280
1843578343
502172942
1074156469
1979171654
218672576
2256850859
1167522337
318157612
235341056
114387073
96035155
317425892
160355762
2334483271
411867264
454371254
401124089
2231818069
394295337
776879486
502285392
1132337156
2892951297
601493416
551352847
336341958
1515133843
2315028601
2816192354
1254835040
931131727
365184072
2477122604
550511289
828218640
850193714
2330980652
724316299
2399005512
227853388
374307261
440368921
848411474
1562332040
462560192
80349372
569492952
636934744
707393521
896731621
1546295280
468022614
2231073726
52940672
1163905796
801107090
833316476
2675906052
602921407
2933081284
785831647
3145840773
624251732
840070176
2607878782
2999174381
2364524312
475504228
482549661
2849200845
3385155761
2949365546
2761190237
2730094421
2270259576
3030458697
2791840012
1463507762
342518725
2249449513
598884161
628921871
450206970
2677469005
2949287787
1065199795
2761506233
632671759
2928491799
470809056
3058285328
2664184724
379236552
2825100459
2446328437
213283489
237065111
2576449965
2940445989
2823817084
963539598
853770818
2275466520
703809284
1602472548
1428701130
606081354
3403267805
435298532
1064298882
2341067653
1498870916
2448057919
3907610774
1298669593
122798027
219144833
369673722
262944262
59882201
67409563
269780628
831406842
67489358
520953388
37109985
62845794
433787875
1526625625
359738388
727333308
1527960151
762479994
434527197
100001962
393078812
1713491449
238653262
1831422199
438697585
1872435188
531140746
1921751762
1155153690
110819066
43382559
532569908
346774050
985693320
335944536
286520064
252423507
112454800
1440057380
47929622
279676201
1537435782
2196628344
1320524383
1016665656
933103682
597684539
36213319
85452050
383527097
321563548
338522134
2189461344
39650421
727522375
341844617
1959443785
35871500
29881603
151993459
169153946
612139697
376987076
2580479186
265792345
2555735900
2417427067
377153986
1164958538
1125670500
305727501
1686130946
2717545922
40975141
1237217161
2894174662
31140117
1099067324
2733656663
55981706
1113386095
2736856239
1537230805
27229151
92546308
314309890
3079562062
1666349586
2321190811
2424053490
2887011575
443337036
294187066
228968480
331300111
480502935
161011523
24688449
56392264
939435600
1651708700
1444102872
471428163
1568728244
480975391
106262741
1325697342
2246648120
74338981
2457262088
2578844740
17490181
2562008498
1952415812
19999264
1965592236
14285876
95254874
95301044
320866933
2583264475
2292836232
198406509
455492075
1036292148
498282706
2269234854
227920670
14332698
233108443
1445534684
535023268
507773020
268999133
290549218
836065764
1071779460
501383542
2458445264
1965809802
2260524864
2838127551
298013407
2790556490
2717793096
315581693
298212195
1519576316
74839187
1334949006
247830985
514613400
2953643205
2951520534
1870274960
3073604002
2317180854
3020715796
55060620
1897817400
3060873686
15898465
3020086514
3094325654
564652898
2345235496
2905524670
413634577
367985189
448269403
1655427325
97732481
1064002045
1920752845
2896599754
3249138861
1912426524
2867407411
48222816
822677826
2183316325
350828024
602396327
443889998
1317363852
2361627583
1261451166
3295988627
2220595194
3122538228
481718524
361408286
62014433
2496772045
3065689605
571012808
39496063
967358942
1414670768
1433585467
832127569
1472350712
3102318528
2523602376
226752551
2537608334
2895945147
191082498
2811521305
844686654
873473342
1623983095
2282525188
3194632136
534867075
833982043
1609721965
2384323323
2711932611
1493471834
599805947
758114994
216930366
2810077398
275072436
48058113
3039900232
161903816
501368926
39584567
14077774
2905099414
2880110757
834236941
410475647
3122698946
2734605155
3362679286
1273803468
1244680094
3335612776
214987525
28086552
3376749376
2208157454
889097780
243771018
3254651118
3363151869
2726968520
3177233715
2981529051
152195056
2988446710
2264510892
474419852
48736644
2401675434
86099517
250863293
2546977140
588742295
17369156
355780514
332374279
332392779
1421951384
487171724
838588669
2901842915
3286743073
3076200327
604901597
404607054
303127785
3026991586
377666380
201120005
2483633965
903835038
52402408
1711514910
1965295694
1418841240
2172754321
1516846328
3431736555
3729428543
358336831
63231740
2330843384
2733725847
2190385728
150729228
1455980040
361583069
2840656726
1865299064
1568409865
24106040
248792391
25530904
2927552668
1013569014
1223595620
560090352
18130845
2161957842
2834463166
367243650
2782982003
2347403792
35447043
448031697
1514241590
1582878001
353426623
1583942592
432896192
58102931
1965674185
40861495
232636680
2728482553
2460732889
1635453726
855767030
1425827756
439541320
379790683
42084891
1058771448
2413321207
1021112042
1340190504
720947527
114574514
832432640
241375243
346725016
2365686414
71278228
411022191
377646277
212717805
76924142
116237106
46164938
1029609031
989985398
1334313548
334627172
2613675254
380683944
182886871
418265756
49078421
89099122
2601934236
844723476
1141485445
465760058
2780388987
630740787
215815432
51305670
1673814487
2724402902
2170073421
2343795782
2185058646
2251274407
1539644256
475782847
498285707
374700967
133109589
2342461627
279818975
3070332795
38052547
437139616
1688613241
363415165
190761542
405775844
341232259
2918127412
885335622
3019013857
2232272216
827021023
3126579831
1532278765
3299946083
3037252395
966994093
555449524
389765847
2530981578
2958418888
1388229594
1237730593
1129211017
2967378142
2757433419
3341742147
2764256888
1645781958
3060457598
2565219727
2848054676
2483865745
2903202513
1115661860
3187833951
3308271091
2624831391
342827030
1717083756
2700826321
3227571030
2977513919
3327075210
1977012620
1601868024
2878035839
84388678
2905358014
409676955
613799843
1529403170
28852662
566845153
2274178323
1959471804
3903993632
164593925
3957332483
3997085655
2153230023
32934983
20623175
332929650
375627941
610164621
313258129
2279256942
1172854008
1263291632
2821883295
431263470
431965048
94448092
3133806146
1244806886
1603816951
749444418
1447695960
950745350
532865118
528537919
930684913
2261405302
46527410
3020522372
882827058
393398381
356674640
2223356450
469643627
1694869772
2888991417
438740869
707608261
1544161861
952477376
1044796320
513318771
2172520231
380667085
2614864835
2407759352
2889221917
255611104
528133441
2959986041
846553368
2174165400
2188831812
527749980
1249720826
3381934594
294825996
230590715
60327063
525722129
3237045503
3040033279
3987945299
443416768
1031947922
1668647460
3930212434
2226342251
38590879
562099105
784449282
1636604312
1580357419
229599813
488779025
1246687981
1314793836
480803881
2461537546
705741275
1561525801
418928182
2288556254
2881823667
2988177641
2631817828
2719328949
48343409
2997380408
1074010585
2458835245
2409754094
2390225640
2596671016
3232938289
1280647820
506798306
1564922550
2901650139
18426605
1471105004
2907874583
454366125
357250916
516098230
760536187
618414861
2740499195
351164705
98236951
2764840418
2844050085
383281519
3020595203
454984175
407409086
620477807
728607008
2793011950
398413157
626628229
2782037560
2908596471
3342172534
2773142670
3297781142
2342622918
2969168692
3494972254
834471474
2428200764
1043713296
2574520913
3298979744
3366031214
3231164467
3438091528
474214388
69783861
58893574
25138725
67882693
360284418
1289530332
402828087
1005182323
452629833
838941949
484395961
261046143
481384644
557402004
328810965
285196635
103889487
1123101974
264214128
298634197
28278033
552366789
104828131
231144660
66471133
613706062
469237186
372283972
309875390
451247205
415795854
529487383
1025104465
329055002
27114299
223538299
374028940
340422559
34151417
1911207511
596988273
57198775
365129554
702173455
78065699
463349461
239504757
438941883
1166859667
109036341
902391278
1499247482
2291291162
614446339
369836320
595955992
2300717974
2330963155
164754565
2181194984
355005313
2323075344
1972954740
2358657954
95916597
2172840947
834168642
2336966780
389447505
1239560563
160650219
239525581
1064320063
529994694
361925507
266348042
304208154
2335483938
2469743678
2171237714
735981337
228021369
2583881958
1090107362
429523075
2550420018
362089058
1726797721
1639260288
1613383519
879073230
1433486484
2569403559
416708580
2412835494
42258147
2391752948
2737309304
373087829
1059404502
2828741879
69363380
2178856808
36490759
378336418
540459779
277792955
1601816498
166628704
2736837610
976485192
22857860
2308991131
2969019881
808964924
630591205
221216266
939445026
58217147
345696500
191294469
1221517526
2968379763
372299545
312023029
1590944664
1584679531
530806169
754056595
2369210466
326920557
858148537
2376970230
3109002256
42994590
1489286815
2708620359
491698827
370421164
369856757
101949923
448275735
1487708269
32756262
533665109
2500206224
2449780220
334273419
353253048
3332669338
340065431
109712580
37223250
513312557
1961927215
594630365
848343157
302057581
497510609
533899575
3416834229
3078594207
488092846
191960556
3187937012
3033494636
3421854159
2308642303
2341307862
2959703069
911629765
2372069208
38680959
2686353036
2559715346
625808029
2159498098
2988813873
67905301
90734234
368043942
526487196
1178677087
237861999
1126655228
2303454913
554308462
202678177
1478690131
1641242546
1711378676
2669549905
2387734334
145786286
362098953
2759477422
45573175
2699309310
251740369
1176431616
2270871151
217955396
2934574692
169624967
708538617
2284322900
2980578021
460282271
1148346612
3034720347
2894629587
714527631
25509860
1702998156
1932286993
907702700
2424561774
41361120
90966923
997188188
29640583
352463854
19847819
1060849992
1675133954
373698760
1967731878
28039532
1638897337
3192374881
820967142
241362247
3301040159
114530470
2731324701
462140667
18392799
760155630
907224438
611224053
3103540500
326582145
3249093424
393649279
2151789189
1973597395
818365645
3361034674
411032342
3099647459
2369511073
1425900271
202769404
2400434816
3146100600
1038974677
2723270679
1370298230
259456311
1320071671
2425831177
67770576
2217155233
3389093565
27697014
2579796770
458732030
35145796
493530835
2780773972
962625235
235815211
1024655754
3105062730
491803658
224508130
118920781
2883605335
1627035612
3092133531
1334668832
2501975773
2344141482
342752307
89012107
3122550298
3856848617
3218645676
3960915676
248876119
623829022
2266697126
2202165293
2547498303
153452271
885026911
3798439281
2922416740
1592277188
73527402
510587153
946526035
2664912293
48708295
1258353157
595858465
637151916
1428800222
29215449
564284299
273710697
1053070201
439752539
871912712
1537605324
811729640
229313543
1900679336
2180444425
2329559202
524190882
1494200658
2198268548
30384221
70746555
26094947
850061114
113147312
59310893
781471646
2246534376
539462117
2491576729
1639254416
2392348936
392396973
2202521210
2286922037
2674220131
2370923862
2262044490
1494108354
2774131939
1578335869
2693237928
378228467
1891356721
41236934
239579396
263331197
637257037
2438473116
354429839
1908121939
2471331379
90234144
551503425
854744442
3096723967
3145048111
2852019879
343781346
2303764328
1873952815
1487829018
1046991470
225285578
2542898771
863156407
2696308678
872778469
2730448708
3008684868
1217040914
2236551544
494603969
236936693
513348264
2263951133
247626981
474993390
1961813707
1013831011
3319717427
985187538
2729122114
2956137281
636648845
1623427628
2753039127
2468544117
479099936
2992353563
27565975
1107771938
262833337
2744954211
1325923232
2424400952
206415419
2444594982
314286517
68173427
298673669
3023689323
2809641745
2448474185
2683849800
220810987
33290233
2675651468
3777574637
589462748
89813872
896353224
1188035918
1301708281
3762256812
420071904
3819356777
3732001775
2671620931
2323072250
229003906
808113956
1921414591
1046937277
1928322913
1110528902
468003742
2954535812
3811540792
3225800646
1956348932
1358048917
354463874
55420199
2864052272
43306527
1230459552
1728435415
299739357
3838641857
2713729737
3418252984
3144492365
1013963766
1669622924
3373674795
3866936543
1216728847
3835287143
1672264290
528149859
20897273
368870747
3233711985
3130922867
3181498596
3759733514
259447917
2950676098
352653197
859060280
2426158967
2448392687
2421645921
433680178
3221878686
51207002
398170917
2517854953
1580671171
347674068
1574555936
329396896
227904107
2722145133
1529688632
1072736816
142889259
1317398065
2591917560
2924229284
754135908
2775892105
520314699
28450872
2848479047
131716579
245919293
3304283129
2250806316
528269491
188320121
209092806
579813780
2180309669
57341742
2496633000
1074278209
1263359850
2622890602
299986466
254241094
972812124
3220848302
444930108
1126603506
979546760
2226504912
2334622524
3228118500
1352370462
2270849542
2728461148
2330310134
1638300890
2156908129
3308818863
2742305933
2765226239
590087102
3306201999
2646232636
2269451051
102907420
3237504374
2740310943
159206653
2741075792
3179524012
1337936863
883374572
2891357872
2610453975
2218812983
2978669323
2759868561
896641494
3031178582
2265336872
711980211
2850510158
2950196842
2428868700
558854416
3050717897
1129140187
554649657
3054579715
3321961553
870968172
971129822
3251849332
1220358048
544815069
3241973367
2368208868
184950588
2557903088
1365510480
2965395016
240163334
3040353980
634705846
1345321232
865283881
3225896564
2269555608
528583574
1268518346
3251941826
167781199
2246946394
840541220
30249176
165272685
1305871567
2874292741
2188538252
160685341
2834265757
3105061200
2279600281
2368071062
1972037593
3342782939
3047896584
3341888211
1265139025
3337439644
3345793965
2991840654
2799814116
3023271515
2715003384
2149664056
484142184
3181044367
2361010862
1468024464
2798803751
1694075005
2779414636
1626975344
501195380
3361838687
1198366866
492649048
3270313375
723505634
218635829
457985468
575657689
1634318113
1038568129
2989301727
3132283013
2417837840
423142597
2612612253
1000540045
545643073
3047673762
2602260527
3138517558
1569826219
26074684
2866648079
813776430
920151170
2290300873
797334128
408128060
3136410668
1716706052
400215015
260464139
3131778429
1018802456
2758883855
2647483737
2474113943
979474628
3047642245
3148524536
2940809273
2834326726
1882922173
1025601810
2760000131
1158976507
1229069382
2395996238
1254170473
2559697042
127910237
601393484
2434645621
551293217
518587620
552241849
3184723282
335550936
2690760391
2297976271
483186153
541025755
21881385
17622604
1290196909
1087367238
16898725
3371356744
3297174343
3244389774
2402482837
239174447
388423838
2958875808
3080725337
3403047585
2647248821
589543322
2853944901
3109196979
788347058
251255695
585420582
305269670
791526973
2320120214
351112263
3290241806
2977844249
1276175120
336146564
1321487040
3322248099
80298234
245950240
1323773534
3313796093
520684272
2290975738
74446764
28710015
3373305723
2257706921
1053745357
189063883
2874189739
2196861326
2867901698
3099412982
52204752
17848133
1692710462
1355427542
424208841
479991677
1547155909
3302152578
16703058
219519835
3302471898
633361755
25144142
2314160534
2719855299
3022339996
2233091186
3391416472
1257835310
1906371679
425542781
321726875
3232777489
477278895
2852002151
266209188
164671638
1255390088
1066746703
3020121755
3140610733
2960302472
1847613624
40325488
894269012
3350881960
3388079986
2480458061
1357902139
3647248635
2975177618
614260467
762779808
1413720415
3290220246
2322777062
2977665374
26510418
2711437617
2171070036
3020843433
1422037309
2593357696
3433585204
2688059482
2253322457
1434321019
390014295
260590025
2499782749
104958922
2942263432
2402246429
2191566566
497420742
446362720
1531952378
93776473
2310842870
618199660
53945668
3413143900
2800551025
3442409896
3122143356
1283168737
3214771745
2321785092
29140116
99398192
384479704
3434344301
3273490112
3504571649
3507629835
1719439610
351254331
1236992773
2900960402
2193596421
2934288905
3021000364
392230528
3108952856
3352557045
2611680194
2395554052
1108807484
2229174613
1223576852
3452297902
611059434
2355595312
2571319717
2818944379
809601385
3508088777
546887353
2876903496
327122339
2216360224
1061744024
745769354
483468509
1225960621
2970592164
2720829991
536815501
1317476396
377502260
549381853
800459292
343138820
3082522240
3380902649
1666169066
3528721817
3006966313
3291843607
281375945
1012531741
3398475074
2263198940
322997028
3353459829
3438558165
3504580098
1636259186
430359365
478037809
746496860
2408184991
3298642870
1226229240
2261800562
3290954932
433065114
2148070692
3432012903
3627378617
3471667397
184641463
2804730722
2288763768
2535425559
282023653
3228930816
2950945796
3533717608
2239292906
2952615714
3429307210
443809393
3021574224
515356428
497593732
3193236880
3280156229
281239977
3308892485
3438530752
993648234
3584498608
9131992
609310268
3371335632
241974777
3505110617
3168508724
3090469831
3513221776
3443707155
1325337972
3165918919
3561639861
2504302486
2984157330
1123683446
2866579425
175764021
3418775299
93111391
2557066322
2779660535
703192320
274633327
2788377419
3730647197
2952613506
3102589438
2947892061
2434575883
248079769
2648625762
232680801
772274929
1035041948
2611981962
3709041615
2775433778
2971898349
1189661436
3048707727
2724353133
3159915594
3308479238
381551912
2922068714
543138261
3307087936
2969142309
3004135369
3388273301
3796569616
3794479738
3413803271
3049997303
3773518037
1127910012
3128786688
3754780935
3775401136
3767284576
3796737383
3754048457
3778091655
1975336404
936148873
3766325115
2865597953
2193295530
287935234
3081485829
3770883621
2693259206
813307087
3740230101
3705911534
3688231999
433595318
3753854315
3750265696
2416413237
3723350902
321782055
719556162
3424023611
3031840306
3778844781
2311954971
951069859
723250782
3665036712
3665040974
28848336
3796047435
1459602487
3300772675
3228287308
3795977303
2163947122
3663830232
903948356
2362120927
3409528749
299993121
2370868597
2689288576
3492611175
349655812
446305200
2722437291
838900182
