3225702809
4050546737
4215753372
24935003
2437693919
3053280354
501010881
3262520610
293056140
2415949963
3232796904
3272128201
2203715906
3427680371
3271985244
3229230043
169115069
3229314240
3511023913
395693272
3232895802
3103732104
2411147210
3314578237
848397296
3233220578
3236373114
3232801465
3232778108
2288681670
28605897
3540252020
1445013906
3245381071
3245261472
3232740054
3292682064
2169095395
3229162970
3232919982
109262531
3309983028
2498964074
2606801967
492076394
2250871314
2377234062
2188521234
2625497896
2845207617
4259515845
3427605101
2291084736
3165121248
2989323842
3427162707
4051259781
1957329696
2414488268
1847183652
2194918908
1623338426
232023677
3686488635
15807364
1608895364
2372260645
2167406479
2163541567
1608795600
1613110364
3638310498
2253649028
3074498774
42091611
2287045380
1859519149
231023430
2287887180
1222106168
2711791104
308997977
3601319962
4239137060
1097852275
3938401098
2328321380
266943104
3141216631
2194862815
431071870
3438317523
2168933815
2359638284
833464826
1571128478
131103229
1712956333
1620651234
1865142108
1621293386
2375641124
1606663302
2151387152
49217766
14134180
1857995400
2420683340
2275249735
903377622
2151261546
2575780104
2287100419
2184598808
1944563508
2287132813
2180467796
2273175744
11622712
2177081520
4009790055
2163932869
2203337701
52102296
2364674083
65555085
3160436191
20212900
3753356896
107980048
4024154357
1625610564
1613224424
861691058
3008209056
3064034982
3691460661
2196648805
617704944
18469492
2177015761
2402149537
2275267416
2186410466
3320712379
50458173
3293839432
2279336252
1531133916
2194502587
604486877
3874881929
286233279
2184524024
633057508
2184648878
701307986
2178312019
632371854
478855762
1944496866
633024984
2781324344
48799712
3843839054
1587530371
2727004236
1650604963
326882627
995342066
1615866703
2385355928
2274958808
765966505
3359569401
313601923
628813356
835763629
764375586
2467649492
2849849260
794554680
1488993624
2182736924
2370887382
2422272133
716726634
324407182
166261211
1542011305
3224820996
989446776
27835263
592249348
83696994
138889809
1621868402
2450466770
791657232
852971377
823638535
2816156351
2609762756
3313719260
2469920562
38495835
2372034156
25073877
829925179
2182655358
2383681748
2372283414
2415881707
3733557077
2191639628
25066686
3001664273
3388151469
3614741183
2530039118
402065362
1031516472
2523232337
2197889088
131262336
2651716056
1936536769
2350676532
21588316
3567939155
2527828914
111138017
138463658
3218557654
2321771472
988007136
578050238
983783791
637314961
208568172
2345490960
849920244
1332558948
39790265
2191191350
794645850
2166582637
24921910
72955560
1655417232
2184572562
747916628
461194927
821945156
628770137
796692422
3389073989
3317364644
3003863477
1403726954
2703832363
2339364758
631136471
3178661757
3178682489
3178705054
3529072697
1635649698
15886510
2417844248
3183768157
162876920
39913451
70397949
701329338
1977663529
3107509399
3265436258
381108914
1603870452
3023863007
767763114
1177632823
2198136728
2198032903
2197991886
2197947314
2209122018
2207395363
2205720794
2205137293
2205073022
2203744500
2216100805
2214210896
2214071510
2214032354
2212787336
2209187334
2223162344
2221965308
2221945315
2217972720
2244325512
2244280640
2244229052
2244186228
2226752270
2245676190
2269259214
2269163089
2267900545
2267870888
2255413334
2255389225
2289877598
2296357808
2296304125
2294603191
2293276933
2291118666
2298643784
2303755290
2303180023
2300458765
2300421662
2308464835
2306615533
2306564486
2318983652
2317278229
2317175646
2316190010
2315601157
2312443350
2320929950
2325524444
2324315815
2327245890
2325614090
2335491002
2336825336
2336885269
2338329770
2342056021
2348558754
2346892261
2345325824
2343729444
2343507092
2353460641
2353286646
2352359262
2350311066
2350260158
2372074866
2365819591
2373929418
2380645530
2414203950
952112047
3304762063
2975673794
2400273997
2223222746
1206885618
821957562
3161416044
1089795332
603393964
958361047
452487861
766024933
2164893728
2338381044
2327381940
2325571310
2336768546
2305087608
2348663180
1143675210
714763273
1145529674
2308520706
2342156930
1949978258
30719558
607776336
2319048049
2194293648
1145624569
2217928560
2321262781
82711893
3273479480
3039357845
3319396808
1615323758
2332484815
1732760192
2342712511
626005201
369766030
100235408
887899243
2147712428
1603702016
1135150676
737418163
1945264478
2163188208
97300071
141093065
792344059
860097211
2298074899
2931029238
3234108048
1868997518
1135293558
2320815440
2190585450
917615232
821979836
821590532
15905092
517039011
2546562188
33786290
2354196326
26876136
397153645
35942692
3308732563
279167748
1683873386
1214573532
27054030
1068535296
474581384
2853766474
173167923
3236246273
2244682254
3243741217
2340605852
222861547
1242109663
35593859
892071500
464598720
164407485
917593297
21527658
174316096
17401323
2903996475
1350303332
3245477853
2906962900
3382530555
3371241641
214528184
573204004
3273556351
2269896053
2941351219
3364716815
2403832916
46537726
2787338146
67326212
14101232
2641505999
89116299
200254683
3389250491
42790269
477410739
3285588552
19512273
537904539
258173948
3248715393
1447488248
1618046966
1115978809
266127843
1121192406
826537184
1338047336
15946464
118401061
112562263
2685199019
525954207
45265619
3194899940
42135344
3246290382
3342234809
2735636552
230826920
16710420
1075460258
352459472
15219770
18775482
3193600729
33170847
3382242892
2891588206
2584501496
21908338
3376513701
474202929
232352841
3248141375
794401550
167958868
28830480
388362368
3017752532
3194346606
109991420
167049771
152824041
3351127085
757587319
475056290
18315727
400429003
3277648868
2180109789
2302134816
3290051783
3051779371
14512400
23627798
569915255
2874221903
745473229
824524158
2793210591
83234491
1358290958
393190233
999453985
52944689
29801674
1880936238
3060409268
3366580996
2150427982
54107005
3353132795
3249856938
2707454293
2773494490
3266132382
3293627422
2669181342
1286650968
807184478
3056763803
235342934
94721866
174064787
2650147916
62884010
633674091
3222025592
386385200
48887254
53544165
3197559114
2671608426
2445431384
3241424351
1296557060
3347799124
235791649
277868767
49740960
1717324226
114375102
325865582
317415110
2361944108
2468126198
2321655144
3060559629
1094541222
28473541
14410652
1045017146
190905427
43784863
2232536197
616780155
16276552
3128604150
120537647
869176992
1187691217
3328526524
253607638
180577571
196594428
33186312
406784853
542208719
18279169
337718667
2483010143
1305732091
49858714
18025987
18328626
344934379
1856030857
2937283554
1965050353
3151980066
29510334
483984089
473495152
2884071963
943013900
1444823118
2285524735
15250836
142150016
3242527197
3023291209
3231320672
2598456397
2582823408
2955551567
2604459826
31065730
1216841838
200163987
550935104
2777871397
380156346
2229073652
7270292
225921757
3011540220
3249438793
2984727962
122819549
2828705712
16830094
842825756
959668675
2227813789
67657700
467723007
398919818
144920846
1407972582
16568971
317429616
224073424
2716100047
3068864618
183399458
260936816
632466068
3027306700
373367371
2832167200
2255313402
1092757885
2966758114
3000385143
1261045009
3078161309
3029494546
3023335539
2471135371
2303687707
2998799499
23195683
3256222738
43662736
601867549
2799789297
148771088
463342844
373018802
544686866
95606600
2391736202
261918703
1262743290
3232203565
297457814
29051099
2979161073
21833815
270636028
50076985
973060375
56315666
251848509
317407076
307753350
3216200995
3128989426
3065829424
1255621518
325015863
751725193
910905116
42300159
2374990268
3121763914
32144891
3154125441
357088284
103550181
3113452056
636279801
3118540385
3105228158
3021553187
3124920999
2830642691
762938587
2950788486
593975078
924523224
411643866
372306205
1566030626
898923344
11373482
2924173747
3107013420
371014018
189427379
533612393
620728944
2893680988
1446263264
582158433
2952566171
3062055361
341790892
3199389838
21899643
273927704
22931529
52399952
1862115751
75112589
581006452
2790463704
2758422311
159705363
27518590
3152809588
2985958900
1575537422
3110201067
1120952132
582823613
718957124
601346238
471038551
2890006692
74515144
3022045469
3251663735
37105616
1396422624
1128075277
22284734
2362831658
465290310
3292597481
2213200051
2894032402
531351424
866963160
3230990562
18125677
129235890
2850631519
2519134542
592244584
842580410
480822495
118885932
457756603
1454229751
166455908
2958955854
457712573
3152222052
20557363
972909709
57215100
397328649
73493835
2167674121
176336596
181467403
359675574
2902244659
769971685
525874754
1549205185
3010488205
19360408
364844072
3131208287
542962969
363292578
19784058
3109605145
250803260
21355943
3053610230
118845216
589403744
3018769300
3013909293
44945327
3139749798
37159320
14828635
632985793
2740399876
11985732
847638908
1720739605
2198275352
1904241139
83949216
228549362
96369874
56562210
120306239
133263108
48736858
445882627
3067040294
167414897
375175963
58357194
605635673
1063211694
1589267491
2885341277
465075422
40465740
28332149
24885076
2398498584
1494835716
3130850765
198565074
21521500
1924258531
2937750442
64864764
98416337
2375792442
39514330
972268302
1661542316
487738628
1578095880
2677325532
3067329491
259349567
1111887048
199564592
18786523
1251812930
3159852925
2802847706
46462111
885721369
17456281
21095724
80480264
3026898992
2214937387
3050834160
3131615594
497623831
515597525
3151123946
2372066900
1674244704
2200586406
16007872
522239741
562372370
32475192
14144027
25632938
423820604
107792558
233853114
2955336616
1939110636
315060604
551307928
20046986
2937955691
2975602937
1009596098
634686904
30687238
552507441
19365750
31504040
229291732
134162160
3020425427
900111697
2256798337
917854675
2339317183
32765764
2853443310
2918039334
2890982788
2957741405
2360651444
50836292
1104334460
2905874307
405618718
3124063653
277818877
2464756524
3114149712
198222526
403899803
2707924718
264470616
1886607632
16273055
1551109633
2724516962
2940545469
3113041857
2926128044
585373512
47969358
2500889025
3041761444
291513513
633928540
2293954746
1415594922
3008853577
3008839256
3013929933
3105338438
921292178
768870864
2937683835
2890101356
17808804
2974011682
3015769804
2975964370
1471158248
1330410836
724599002
104230403
2800864021
15693337
3013926826
1618641848
3008514085
3015669687
419203687
3069840587
2184024872
258621582
3077624825
946406934
463577491
2151688938
344960248
3013925645
2989224970
2231731302
3089926730
2472722514
329954688
54336446
2980695566
3006440584
2985387185
2982204051
3008845621
344108179
138581916
1191779618
492684333
1117298442
45741687
525824812
3077310295
55996537
29309901
3101099713
60784269
292590965
60763202
268117600
37249903
1061398388
72590517
437023502
90935128
3012985081
72945582
2901653517
2990923889
201732018
454513795
142354377
2256985338
155780903
630488830
248460010
2595128018
3008731177
252765215
535765658
2955038984
933693476
3008423178
3008868925
59511805
378029485
3024626899
3072005509
533381999
19408986
347976255
3012911020
22567412
128310170
2683492969
3018735995
19782840
2974060396
448510528
2308954104
208083510
3035709733
541956698
2713094767
1379288282
3008481362
2616520477
2985438850
16389971
14237238
22029476
1692065287
200067642
458214340
2207780696
311599942
1107466603
1138036099
3083029968
11740792
2816395922
41300398
49964679
3012826137
27958450
415657610
24009801
2163103399
542550562
33529092
2975970748
3015193529
2941547497
142015635
476369130
2973974590
3012895199
3072155190
2975943425
187889983
2905867079
2973873375
3008511637
58710467
3006418240
927746353
532889895
2982251279
120818659
2218437631
2352419610
2989110363
2464798897
1557398642
17951850
2479805844
1390318944
17099193
1898509585
2375559542
339832905
1096901059
2927486686
1490530716
237888723
708522042
450062327
288629888
81014765
75882186
290097255
1432029667
797557909
3048767793
551644827
3013899711
513291630
2505217933
2973994169
2512732765
899728975
194615561
2276936905
1514448374
334153400
458924051
2992583347
22848739
2964664061
812215344
3008665736
283320945
16155881
1777794372
1542335869
33611715
3005762823
2996533537
2484687302
108450607
3015178005
539187330
326834999
1955132936
2975906151
2433496722
2249692951
2734687134
2316246829
1525746518
529548712
1949387677
2996462212
3008850368
3006339509
545927599
2989208770
724459518
49136127
2472636811
913138123
2918896374
261749735
25989394
318951760
2937602114
502743360
1049681827
2321322426
280607096
352462668
533624547
2518150002
618108487
329772412
1908173622
1869527480
86177206
17061263
373703200
78523300
1265679950
15393823
2551402346
2478736706
40406009
24434117
81343525
16667056
1947303967
1345436514
2974050191
2746979823
587450353
2921084698
834073158
1493267851
17215607
1415668550
611255596
2749858280
2874925778
163517691
1122705594
18161620
2214894385
25770408
1242466129
584911013
111547732
179565511
1906666825
1537301966
944756730
534801880
1369440372
447585721
353730821
1497568382
564365569
1531656991
1541390570
21091298
1205428022
1860373296
21091983
1465344140
27831502
1663734991
1523084330
715044396
507806251
1093978980
449594667
18892099
1290006391
440287004
1356992605
120868146
499140225
25943136
44707136
899526444
248445759
770433614
30467603
571366963
176731899
291372361
945266706
864078074
465122106
573190121
83068410
322727575
410882229
344133845
31582182
526508073
1297042243
563785715
480119931
24581337
101585061
426705135
24098177
617246776
525633100
1418996154
117718017
47308745
10207502
1106765569
1527708612
16814727
390520212
1413943087
1099711129
108012983
39295587
275701123
65279376
515818683
89255450
588532665
753444630
444738691
45738291
49057307
27646146
40922363
928888208
177182882
906992988
1513797000
66691240
91487321
1462419804
180074028
717144530
437678228
266200684
35700018
136676103
917639923
17907878
15730096
826301749
358440442
470489295
591864242
374134667
73774016
33933163
123134034
471631955
866500945
531241275
302877784
1458411500
240531800
49372625
1104124604
27798388
391403363
79054445
872639550
1144474542
1167449748
232890989
202784634
197829097
26643566
993951462
610589478
302367888
346762328
1069137992
81619592
1198937460
216962147
475361307
617143161
492833134
797195905
193088402
307154654
51333535
249891690
464676049
129308833
1117562450
74754050
329323059
101756062
28924969
29335563
7232892
23108383
554117316
21906070
1393877221
874612346
313076253
101395252
24577291
194641299
41957116
118190428
40471894
290970570
14773253
287252580
578321883
475811383
619510222
137637040
862329896
1431873422
328053246
856490520
1309005204
185464131
60200562
37710105
545048641
186734959
272024282
10264292
1069370780
1170413580
23237954
43461710
1506997033
288312801
1352113915
207336746
838473116
1014365072
434073916
467101832
537602851
562207562
21987707
379552075
32816955
62850757
857538366
169830256
942106742
14649503
1334147376
206414832
1319216760
813237998
487448993
121578246
857420456
560422374
950632309
920171611
1085640517
1354065570
1492216513
598925796
38484359
347627434
872756426
775046912
18810387
35654845
974128393
155551721
28938101
751214924
190089336
210556794
969723306
112519014
333543327
210324350
76064527
365606579
546488925
186545247
51294103
1468743998
33381229
1359328298
746672509
24426634
564553280
21651982
36593049
77843246
814403810
5950272
857301589
155942845
529562997
338341096
184570425
496031588
729292453
532019601
50218809
28461667
46232531
43361850
23710640
1330780158
622292381
24518857
56415625
38244366
271943807
19147357
173106869
600074019
132190685
47653796
274584425
209484116
941966240
98507228
469069845
139975708
27432747
298856339
25706893
633692210
1430754194
66760872
73107815
66495289
513366951
27909747
1412961518
922279172
848532770
343513998
206129157
50135393
25876092
1144033710
1181842302
737294036
1429435891
463384438
833643138
22674471
48595094
199768203
1260657396
22963639
1406130420
157542928
25451991
53146920
17983365
553991337
27300341
24914494
452718417
882784867
1290270200
22354925
329839187
170336271
563301375
604671638
936599983
533203329
328154691
569203468
26447410
61978116
7179562
880504676
18437547
631696907
1227585625
553212851
581948329
1109951413
104608356
1343315124
575854925
55217832
139020999
126528164
18018468
474226523
49135957
286958820
29463046
54420917
57797188
573142036
874606098
260920107
1438534532
1345822466
22540858
1366858741
49803971
125128428
874131457
1146349951
42320053
18208790
72462691
549369851
252708695
1316926873
307629778
16492765
526637732
22253744
376064104
282208555
1005486031
1268422100
319217401
182550591
348611214
509641420
701880806
21392758
17756112
16485255
1009195424
201347188
74549457
292610700
783276926
989798425
707584363
525673736
20347310
258921256
1369789748
576774795
161783054
509582008
17907090
1284745723
544854654
1245042578
42304448
306194327
25990183
314536920
865488314
525590041
909214778
196341304
613081818
191822092
536034439
33500262
50948136
206870515
372573735
40158076
1253139140
1333986684
384104070
418054448
516007330
23092777
620532546
539565436
193820314
55748114
91493488
20778273
412336526
1152954960
24222640
1271968266
94712225
938795198
111388892
36107397
57039652
24022166
862217688
23268382
50458089
47494634
14828860
195092201
940368062
547969112
250691029
717316476
1074762404
777312246
59909115
19381675
537349102
1209964795
68203907
52882696
949835311
83312898
552802620
144527487
226675993
1169040325
368546973
758686297
267034484
104466132
743980196
360080281
32453667
811946600
1177546118
134555227
947009671
966703112
1360178636
23617145
393712987
963260377
115679415
1011414938
968000268
1413599510
456842824
234919345
860655199
213761225
190726907
17760814
65838686
1157143663
29082715
337996409
52024198
18358521
803769560
31129161
1236541008
94260950
854866964
155773293
54187570
1016171113
864313800
62407070
127678075
177625923
287371352
1376536760
550307299
542122135
630717039
1313671602
211281752
220138198
46057943
102219035
1344796951
50959370
1005126732
104336635
348008548
635390750
889024146
11447982
18775317
579273082
1148660444
211445666
864881161
308721235
172529685
339760532
74820717
890069641
567697812
185065687
91736635
295171830
221634221
577281559
52559087
563840329
172867574
833990756
166866262
372811012
453202198
446517785
352999575
263351710
1228218853
930245052
1020388116
583122991
896263123
604091346
912598626
38107684
45197421
16223834
106822606
482440059
263285930
574887450
529551094
887256348
833271210
105660982
373728675
880494222
140191125
588479306
21343653
711454765
22918287
309535454
23205346
794671951
362236432
1173653756
400294294
22406588
1149378091
317284206
770477701
1146513320
248348279
332625405
84491326
111225697
210721882
169216584
216195586
425937551
630496335
372364734
1043449302
737461466
41633735
290743295
21465147
1126683079
568668042
20336516
19479214
221749428
459380002
555865638
50094643
531352011
861492331
454249913
1255429531
1096452331
26246387
853793401
69670513
889535322
48774203
278279975
833997992
588000376
44868806
1022286559
321492437
396158429
101519213
1257708462
108224147
156303106
703379082
247392688
185906955
314287177
21942455
1175178757
12587862
756100196
870654146
26860506
70587127
1077928736
734987114
23659549
101264587
18610043
847730568
885480031
88370617
17584578
35234928
459374736
543373179
8234132
569482300
17994627
44353878
849339007
287337262
100002429
534634021
414820581
175521110
104850722
188519694
46446875
386746916
63489388
1004337936
17757005
36690283
217912727
1273825946
254193327
1146093337
722513881
358519591
20707402
861896869
34999849
29740044
20546536
518248535
344173779
438492337
950830002
241972988
34124867
118953812
704250308
525653834
1206615426
920553037
384365460
178527524
487769182
1043065314
25194540
889980282
527516258
1054152104
297008041
49518404
35304762
998397548
48703481
836498466
309154378
25236548
129290481
430118889
792660210
32927258
191162512
933653886
399065347
33378508
17327882
386636525
1255001646
532633797
515953474
76057201
603037450
1093338090
184018200
357089929
314910388
16700729
21775637
562577357
545377339
39562794
25796213
177219288
432846522
403171779
743527070
969141714
1129712204
594221885
799653806
17205449
987852578
478779243
69483012
60219461
519011732
884304968
249442064
519899474
302140715
935076804
928868383
85078503
31183739
88078856
184004842
86420181
234898378
118328094
18906599
70493967
72284492
820366206
340771891
33846442
1029560786
175531983
423627225
563362273
89277004
898811358
739517828
996073172
92827537
1129613726
844488733
21037189
305059732
603179220
710808924
326152772
1180510015
127486569
25029390
291344593
362194716
36205737
1253212765
90190851
889753225
1133810324
342894187
40366128
1216651544
79219229
952891352
315961749
354106420
352750154
1219144500
1164480356
1250323009
568549840
317964284
245395321
830918346
895917385
749748420
140370955
21669254
96442308
34323443
981215922
842685444
23380338
82665844
910626049
347585829
243348252
990077707
210589087
1061792426
146263776
806157870
346235321
39741214
705069115
432674236
1119732654
44504025
1087548330
444606293
70491757
536383105
17045178
1244645004
1050950965
318182225
892068638
805023030
22634198
14706658
35354808
356702573
528988614
60630907
879731714
569554381
30805637
401594262
19511717
62692433
15972765
1070933288
512730727
580958513
940503344
263471041
288358903
1124165096
256100477
972951524
196871565
992193380
30546264
921977310
90577822
15455253
399776615
19515059
90429166
196368765
20897273
1140329448
1129157624
310352035
616680945
569217353
431901670
385443184
23359645
139974630
192853524
28006508
209941571
32631520
538266517
525630171
377059152
70080015
242068490
37185132
1058802138
56703219
555832700
839915725
838917432
904069392
26257638
32305920
23039411
850973504
16703058
1141490023
318713116
172926846
1254854852
572297046
522752527
564652258
104874562
17527466
535681746
519191016
311137675
60699354
576840078
750215064
87862480
558022775
382128416
600511212
26903885
25713562
22030519
17648725
22283872
14306228
223709915
15519481
598473298
42531027
28008019
52096510
400364870
49247581
1126324177
282397229
359667476
530803101
880043546
563168593
371393999
604607782
307316295
16042901
438009484
182301577
582927693
51376796
482418773
393375338
238363737
1129731012
17714851
30909846
619426563
339182018
123694443
26991187
467560154
534490726
24643079
5145071
329628740
22615740
20322893
859707440
55744676
481466658
531891699
323245161
831245922
152853975
519586365
109297816
440688620
52824967
801208274
148891227
73657657
633130388
1158909072
19218108
23709845
101489570
14724738
27368525
5644772
705626209
32282657
525775892
861266959
823112684
950771197
21589879
1099064232
1021002992
1048713157
946542792
234126951
389281501
391839322
779093905
16536371
24645354
906602389
17392571
410247149
175586562
45357919
561654065
578525346
312921460
938948774
100638300
373499448
264268489
1065869268
26444955
28918971
7269972
537652397
213500828
1011526615
91824582
74247792
328388476
551433891
213131959
862163581
1210386535
1188147733
88222637
821708497
51199923
587838655
1151281873
49794258
1117704672
829446506
1138387932
755657576
231169354
117631204
477702366
333902113
17744351
386653926
398736678
722713742
868205022
400052761
867467498
403280359
908891941
152389419
326324669
577743706
16479143
364610603
267877188
1102372909
37243007
437649406
969226080
182265955
162244544
84338344
734830260
956815969
857001662
829735580
337348677
29648122
450291742
96310973
788226090
65125929
428081159
385512179
39232867
217305941
73026037
989905712
157398659
21702932
423073574
122096875
27754737
620467412
97009960
18124830
1117374230
848058758
576500769
89258978
20600612
310750803
443132626
875228269
212369811
526463447
15456529
1018150472
1015788055
19006894
285902442
440601632
898620354
310401449
872847674
73099646
61866666
593418726
455571514
283284818
225630549
237610538
478113709
582056406
816180968
58359125
938592692
6092972
627423111
21576806
364813013
497451993
934845223
895530031
782693485
931243933
1099542679
985045724
88861467
50880679
99329655
304061756
216534004
108085194
185437031
207951334
66284423
1048739886
111056827
1018736664
760466738
14689587
635465393
538481859
30342962
35605040
21009217
181292375
70227162
278628599
531476360
1107105506
35326696
66591074
240957851
1069380392
439538422
191052555
106545763
562554051
310489394
56449803
451194828
21044127
260472649
319094052
389805046
274508914
576608720
27633572
799026858
581161150
460445777
344328400
462861372
860529242
260740109
33336675
26580347
325893346
610266640
795680612
15876867
33582762
125895657
61313593
576685088
24737098
909448512
868810314
9376622
77499983
473556278
1019060826
14851290
811601875
599529978
275579447
266776743
134390554
525857535
193356711
824338908
16363462
404482622
824521130
14913547
588743318
531566031
193883545
270974417
39755740
13396002
20774353
629711211
243237206
46916822
15656503
33579552
49226489
159642842
35223825
460786212
68526790
755547306
405963037
77289617
40517073
29600588
989997889
51609807
37288785
212283553
53222655
17045777
526960836
23722910
368545981
614433560
877089456
32140066
383896720
466090255
463059975
31057963
64432312
354631659
189003435
120181792
502768722
987925238
465034064
1059457154
35559992
1023045163
48395396
41548875
1391871
544709328
621400341
198615011
223719518
116198288
22961093
45156531
508105923
581767913
482372321
1060370282
1074480192
732953612
755958397
54884378
373758798
123848136
117454986
568032922
12738012
33064322
94607882
888500786
18809436
435099091
190500383
370470056
83701522
215749324
562323802
22966253
51238658
264129564
1027835791
296511659
437182147
762301981
197245674
580761076
299046498
277545406
792854598
242576170
520682950
319707689
499266305
23678370
822516684
20958510
48232905
391901041
723233544
151120781
326298604
635188313
407464547
29048085
18087548
15300388
484999419
883142600
549223039
742272523
467891465
27903560
1009732674
84747213
33398863
91709789
28094219
16289608
581973406
166985117
973503684
1002215947
950077800
28500249
446228264
902450426
1072611882
23345664
590320358
383351399
13848742
28731961
636421278
17463686
300254302
724172953
16259228
369875107
18270363
457930636
339215185
361859989
201278594
180039330
25503177
379962842
890236020
73195351
444378105
527276621
876731610
1069512638
109192303
584383272
37120683
233053110
485284997
17726384
17269069
61804416
39959975
507018309
860693330
124068207
274196613
842644154
281756241
485341505
334730492
876858902
525876181
797029585
218895881
68578835
384538391
713463571
54653299
50174923
274753869
39841809
21779975
24535773
239265058
241006357
945319807
761637440
53524514
339951099
500207539
218027755
353833450
565055780
194721749
43035218
519752024
27573932
576887255
17041360
273651502
588778634
942535058
257189224
30510700
26278305
43395057
1005593198
878916812
14282169
232003054
576587778
124098390
25888995
196381946
31393320
860977687
478889692
70442202
282245556
451194126
533451214
19286059
351262776
558607835
518399661
235887538
86590910
25379483
985410115
977011578
443224827
499197910
838592550
885766740
397661952
14709647
66482827
171609372
22523182
143390475
2234711
7080732
75736238
729200928
532457455
198127132
46503530
432284932
50057841
583459907
231570810
312938622
89005882
842217397
377706496
554084421
537454502
907450320
269935638
605864247
14922694
254732884
22770373
843820334
21831595
40158064
112315191
326132370
444132330
539160364
61842118
714277728
14800483
253399685
594453969
366634042
440386831
379943597
323223149
42728966
16886195
73717434
44186262
408219053
16265835
26997593
14791358
60030161
22114428
875627605
733387124
103637634
23429930
930784507
193759500
1038559686
162926657
461558727
1037982954
312149882
416765077
110863694
537401075
212302405
30473526
376389086
219872747
537327467
846152197
342821167
204872686
622131527
24716002
422755981
28696411
474524867
26040994
319206620
946671625
285266519
373331421
297860173
69478003
160312547
17712142
908532632
945148915
52815333
151405084
186949678
27783848
378341345
19786336
19205708
634962812
121616193
637167352
333137144
575064729
311284229
837826093
772618183
805669518
53598016
479829591
955131475
224726372
17798031
123662578
68319975
51187882
868855657
392371418
586087993
963262460
897623947
100768132
618172850
248665004
301153389
919963628
738972386
889825945
555315219
204003411
55953050
547741729
865342177
96440721
294145954
14640141
361394095
19843308
806081246
346695917
832258662
325817528
531291518
568823793
522444864
582067138
528905050
956551908
140216501
348667672
379767285
828896694
43427431
488887567
571533105
478383774
369178373
322800499
766618675
49072873
121818407
478106866
18673125
279858496
518422310
364050399
500300203
19424979
531571770
24431556
302084147
835812451
944599748
68166416
512324589
287806204
242495902
175850071
753832717
54302457
101177740
110294530
379675736
301312692
1014834912
568050614
219285852
414003816
736104073
158060289
97912404
927964976
60074423
394392730
935126107
942868836
121153053
55890778
62815642
593700012
348963601
386343661
117283602
605955762
929943396
450697476
74628767
913561357
184383206
624310497
19492240
19500176
904780472
308326460
18430529
870388735
531827608
535723267
231094495
51762701
816384926
69109314
952593630
82435827
491399049
611299674
970968572
75440020
855654883
898034858
580975146
474054440
83167502
274517122
454259572
38435322
22559176
934683835
49470271
93935172
49146882
44727425
527290048
333772376
753355273
111670096
510120656
255334251
827081204
580497629
789365196
338987538
837014696
55586264
7789342
506658245
288283415
817839248
53899870
863813551
14800131
239152769
403638481
834138698
963036704
995904302
781316065
822188359
113423378
549679040
419095470
780787512
618763889
185978528
80734766
19272932
302353072
28120004
234789656
16131748
65989626
21308831
776177168
61268439
149315713
476445269
306848694
41673122
600216597
358340962
27943433
934902494
39832758
624995840
188142675
795303842
198305999
919529982
45844993
47482046
562311384
262953068
243405774
15722673
792856020
450033262
950280944
393710905
406616566
202738846
909894608
987138744
387416970
571259483
985937838
123144263
805602769
874273244
905374200
490765879
421671716
309302289
249918934
860623728
902038344
818155344
160428480
969571621
351883539
948254604
553224712
340491492
962302466
948194840
130350182
452346345
851853745
36837132
981375006
943070276
115945502
948430908
15974153
51643372
45285656
19957685
203351605
356199275
731128693
805275392
983096588
721564356
554335063
763498831
563289987
128449177
624930610
924281594
516928956
449195295
488591690
88314388
257630689
15944576
72743334
192959969
45196556
466887318
578449991
509018908
14586497
564465517
245683175
422483646
790529180
898301503
100822939
929413404
931051957
341906995
941136523
30250938
98764683
72176154
616253221
951455365
107552468
20121860
223359056
178720247
634763540
454535554
621493098
398219624
862326432
399703982
523782755
380018970
66265121
220730931
513087375
459685872
589303989
708953546
382985119
485373368
15927803
829707606
354590277
437999761
354399766
533014463
22051433
801204030
155025048
199568392
956818045
388925361
615217292
89569373
104556243
303392684
456651946
344789714
788352756
72123971
952296307
898922318
414152151
974935945
496628492
70244163
334537201
403406021
616029053
934785902
16752148
22060684
370082170
43316069
144612867
287434334
787845938
746263352
449106073
21323251
624355035
811797997
20932284
887121516
328227729
8758302
11102352
80670332
65075709
240499875
19834701
19043568
557044913
175625288
45641358
565425097
246770757
372075417
110918004
595531266
322165804
262845725
470744587
906620078
58869220
233354761
198945680
121656624
358730328
29115536
32505133
847817478
23187642
311754109
185034929
597700715
19141379
375669510
234833542
559623797
20621273
956467622
782688668
899144335
95704598
838183724
24099461
123610721
529742189
20198802
15699819
27433174
549308820
937632362
926569489
27503607
954799736
531734567
966901398
387392604
883786922
37472247
19686924
732980827
909429824
15308156
16813249
888240366
885819090
159478788
379498878
535114284
810756463
786230298
167305932
198030170
15618671
16232231
43274529
822232050
400763921
450224751
23683237
942185744
823509006
915594294
413536521
332637055
25398374
25039208
890053110
126810099
16933756
141461316
422069920
77812284
716301331
185014788
730629716
174618314
890228496
51624280
20269307
50434933
257529618
741858342
212097279
584209761
852167300
47245107
223944769
23272075
442996741
36307409
113631735
436226879
71897004
502067536
315230262
779122261
243319951
524765998
16753998
22551960
774693396
50310958
7439352
373970722
456711623
540704756
950782178
147351908
374331041
181635339
323900685
21561976
138635034
20567058
34089686
49439070
403468694
145712802
864996444
14909735
97963881
826255657
489022138
953991390
604884298
791392920
61015562
571797145
842637848
54667289
811821134
116545753
31038172
27282874
313120760
20649742
157513553
26322844
21253575
36730584
24866510
554258265
797315526
80601437
104960308
411626852
603107377
142388057
18230524
15162962
68173937
271164311
435626016
911296592
355630581
549034544
354426811
606531854
946681285
74590093
137787726
19577919
42126668
25681880
228456175
383422685
324602503
80378382
292744647
110162490
330642646
27789999
584917194
591024327
159095043
345551240
565883475
160591174
770520350
18190205
347424582
714798361
522382886
41682524
890105918
564947756
220209472
531485035
60190688
36272297
521682511
293485089
937709028
600187323
17295837
81342455
490173274
39327538
26991652
810689756
906437348
40885909
46131381
30673105
29706898
96476726
96640195
236089410
947843994
255597190
400447530
834044072
898273184
263358545
26376283
53997854
258527170
15627433
346074684
415836996
72552866
279898945
285602644
14506615
19648957
510409753
69163320
273571845
296906776
486649212
94857536
23277531
33180256
212004905
829216771
242192091
322031788
460748307
627865229
920120467
123722570
24544802
54769979
54613670
400494206
559229584
590156804
23468661
801739872
92202934
340248585
21656717
570816898
329478794
707925223
84014340
321609053
18108950
33409429
16672662
865001719
109441206
34569937
564352602
21032998
531586866
18653708
939893797
751352658
531916185
472280781
554021049
41439081
267182511
400487254
808061486
417451460
880825992
626002629
160365218
424311927
428619678
62016867
805615368
601364131
64008841
126162388
40929255
360054481
799140787
829558728
470329248
895413804
895921560
68127617
40750167
228118184
146139991
373938490
885733974
326324519
594343447
605428058
24432147
859125680
318491039
502473583
44595784
540405511
567930956
224760049
238304539
584005685
21324543
821403404
399728721
56021644
512301555
22005820
420739112
806703337
613431041
935548225
19543692
63824124
182135526
521727629
32196169
19414565
20369095
273459512
556118417
346924655
42340544
738680648
377628601
23774269
853758350
376514554
174780445
933336938
41758974
58596875
52906688
479132341
16697527
493798148
386119224
378376541
358840324
66951419
60742531
792745872
207999109
125813890
703544209
497747503
217634501
745591364
23188976
273387066
930017203
114272492
878943392
594069871
798506216
26800544
318044919
707305604
177915541
29001051
72882689
40401325
287223204
377095178
74453113
703544539
36048950
243595983
494229340
516788778
861300876
312848382
375447114
393634800
47757108
354641768
292674804
263285926
325326195
292423413
99773767
438198498
250376516
531806071
56837977
283194963
32819907
474607359
42904769
844627052
49875775
23238753
58103489
40909301
416524032
33495086
405705870
19850687
299190586
35853203
838399572
212992600
756240828
339896975
915192618
421482987
926253643
293086610
18206111
633370195
737450550
858847704
251331051
140640762
15152063
250832467
560768567
19273104
362842628
153394150
297175849
861681751
28708693
458120629
148166523
740973908
261354197
318049407
335544497
27671624
570911869
91856333
47990886
874482116
897339121
792154100
257656344
462087051
777088074
177584156
246519842
33811812
24305174
356337622
715774303
735087032
851726574
274009141
825089702
768451807
26900055
98827723
294892027
32288130
241287786
388727443
558271726
41886807
203886081
19757443
34996703
375886647
580053028
784731384
367442047
315878798
203177786
24060607
61679279
795181796
822194678
73654065
543972287
46144152
27565899
805542001
31181783
624272345
34434801
29257040
19558678
89823723
622437372
49190063
63219728
21608662
260527870
293231472
502181077
63277398
68543202
58608119
344967296
542271666
599319229
417388541
26660698
109782727
373783051
23195603
875754054
526251658
21952010
788380202
50284189
519175561
464780665
87442650
539249341
45450902
8793352
241731846
327795107
108310388
374138602
28162811
748236734
359610550
26122639
552848796
89496720
46520074
733814106
366737145
17428378
158286198
