4158341299
120047491
176430561
145479560
37599351
4057487054
20111379
3608885356
537556293
4472458094
4270869614
348836362
4004252331
1222868959
462901147
220766386
1870189182
3273279847
17184065
4157421559
33014441
1434796254
1933042237
4350541881
4344683367
4337066655
4259909542
1964260772
1964260484
4245693018
192749697
4393425912
4271687234
4330571534
3436037960
3997461383
3623931739
4307887875
4077179004
521017945
2177676990
14645160
3370664233
3239455116
3066228512
4283739695
2599945776
4361812694
537555282
4272685115
391418686
4260251953
17881816
548618030
212839920
841277144
3657600192
111998965
3152855325
3947931868
2431764066
2766483547
2841481948
3059435032
76966092
932764814
427799256
4107779092
3071009390
3363669262
316275207
3325495257
4299316813
4299051259
2841964389
3289651475
316296486
3273528815
3593033303
45105778
3368824703
3196544491
4287531073
87346728
329744186
1486159278
3222709009
16220605
2900681821
319246523
4194375687
4240611620
53210455
355866661
4078616485
76780580
2298527581
3129122826
20267632
4210382000
2563096572
60674438
14563871
24968293
787773889
3880342333
1922700120
2767108013
3295863450
121782261
1561487719
4141883597
1973160024
40575452
530030136
2420804096
4146953112
491719838
17224164
14105540
87403396
361181996
16904934
2399296919
4098951252
3279299196
3724443192
98425584
575603300
403179950
29165172
4110808340
3221312226
3112613149
3038069482
3182178367
236487888
759375067
1798780422
3932150780
3302038486
254611573
464360959
182384817
41037134
24859536
2576031044
2841214245
3438616519
77575897
4050310094
4034785573
450951052
3308564546
3493102575
2767073305
520173603
4011482716
52556452
3279548138
297190346
3991784239
3982734732
3976698554
3976553660
583383887
3972546552
3261311844
21223161
3123876275
60126900
3923601200
3320029818
3241668898
102283681
305579552
2469789013
366406586
2371121161
483581502
3887947393
855217903
33706237
75885864
14810783
46783856
32135630
346921768
3848027113
3253762422
2485972759
3823648212
14415783
3335085975
979402656
267390486
173631389
1921209534
3859371772
3758756057
2591915041
2888758254
1035541862
3034036138
82149309
3746769379
407103524
3751161376
402549409
3306873800
911766210
832637768
286233279
122536481
338116550
2425131397
346084664
3715027274
109634296
3023278038
3704635940
14956673
3248406697
33841072
2738630810
558856151
2516698008
401365740
3306244137
826960248
3367301112
959931564
19083212
277384097
11238462
218024954
30349066
3235112334
1424499679
2164557895
394415454
557254053
293338829
561634788
1284257707
21535166
93654731
11786642
2513811746
99561903
3659678113
3367884477
2276726352
3604503014
3649567154
130079738
2931078252
2519134542
118269391
3639289874
1715387768
2584692230
2918304906
2690165209
123217697
2525241944
3595568906
148800323
14395912
252694478
3087099591
3085972804
357668606
2678857320
3065177311
3407546121
141293475
18867844
3537649512
3529267572
292778552
1248388159
3511333693
432489599
2836936615
280745235
3434511682
233933230
3476311278
2403342624
3315373945
3414983592
3447738380
3547141575
3436579032
106817676
81998705
3382860858
3415715778
15066876
108838948
3389371400
194321816
38976017
1434819504
445381699
1038497886
3322202834
3368888413
153798282
29130296
2493041986
1493267851
3077334089
1964047501
167760471
9818032
1720525188
3438771459
478157338
100638300
69681766
208083510
33495086
18220809
885733974
30249176
80759906
3031911463
361468994
3249630361
61608747
3324656479
32789366
106160358
352405236
2665593223
2407232898
132206177
16248319
1335002192
1700426708
245710272
160047813
3162264822
998272130
3034683179
2795451741
2385864392
3320240544
3318779191
402305438
612931307
1630594856
34971242
584825149
78704561
159837574
3318450782
3290186977
306930864
994293373
268389255
860381371
511223459
25537232
3314818934
262749118
56998635
207392880
141864252
2933731796
122030129
1632220008
23008116
2902033922
3313097624
236854701
15177871
1543437272
3023691432
1870259892
2882495150
3186881952
35120520
3255874567
3310419852
919361900
1458685543
3099733080
2902150815
402944504
885105865
57341314
3408826251
2611458349
2891911431
872423437
2220013678
1622450394
1637356478
366812553
226141243
3184415596
24436600
40776421
259649352
144657491
3225533156
14003142
3142017074
172635054
33211104
3055299085
155922350
423398760
12874852
478042067
2861258962
3296618221
387181116
3296693539
3186951542
3178410698
3301691730
2902046294
2902123382
3216018381
2902167817
3300679092
316405098
25253084
2881290843
15377115
2793662921
2358980035
19053307
2986338775
98744163
357895797
3295852572
2762704186
3166668422
316431928
115132643
37233478
3405114651
427958206
1918697988
3387268119
83879550
2168961860
16194080
19264570
159111501
2567496834
1456140842
3300074780
78706788
280826651
1498388114
256628776
71165327
1702148870
3287835608
126903716
3073074207
169634370
347586885
3235679887
1318734679
165808050
2395268660
1260595735
323918881
47714847
3224999591
29607366
2465228118
50027667
85089837
69327888
57497901
578202060
100272410
871872475
2902154269
127480356
2201784241
2791107922
763929312
111098490
3015168581
898397238
2994532763
16151935
819181700
2922015099
3082904350
3207826167
59386332
52190926
1489703012
1143371911
32187100
985186471
259613476
16473793
23335196
35767916
3305061866
3224588688
551579150
3303544308
3250814988
3300441961
1219383960
2299441249
3268041740
3251388146
3297104207
3368357338
3271622664
3280534267
3276960144
3261573564
3283570758
2357857610
3286428342
3193965697
3254365405
1693529124
3240490303
3249598736
3249745657
3260812357
2343414883
3263354635
3260616480
3261179809
3263152063
1558020739
3241188085
3241310186
2291361036
3151130558
224142733
3097868725
2848221662
3146346534
3166926679
3170362970
3193001517
3179709144
2855241187
1642613414
3186610243
1541612233
3168308868
3159517902
398431368
3190012202
1095510720
14251801
113124331
3226317260
143770386
2883419100
3228824778
3227996215
377096078
3226526726
3008816401
3238148318
3062304756
2840484835
3123304585
81344878
3138330169
3112566084
85657578
243579152
3049905694
1651270231
3049811961
3091887712
2952305594
373280952
2935935378
2823026441
2945087081
2707283948
2916653957
2918732025
137480702
2916574221
2927231532
2901618795
2898622221
1605954846
1599891259
314238203
2894798401
2892549475
2833697327
2301818930
471741741
130104041
18839785
171319536
1849668337
204523356
2844320219
362432646
2385380730
37054076
