342512273
2606120593
604769327
268376525
1002247310
17605855
3422427905
29586882
2989578307
82722595
19358078
4145078182
432092729
1254993926
368696429
558953353
3247919292
1837984759
13721752
15814534
2801582451
22397378
2693895318
2905488164
271453657
4053133335
2375535828
3415959309
1079220439
178770000
3300752230
542179403
1301048126
24365186
58903000
17086594
3427745713
370243466
424141332
471333409
373474887
424807781
634606040
376148905
53210455
1132205024
2897780766
3320417826
3225199233
3603598817
24657474
959288335
14645160
45660717
26372060
505018227
2701498548
1933042237
3297842207
25621099
1180058953
22773612
3183939377
563884571
75706915
101547471
335916599
310662144
413467724
2746910760
366914093
14579998
2865493959
23626407
231948251
2651443580
3306201767
1589712026
1244821770
2455893217
3306005770
345552394
18844878
607276718
2457801199
3285710590
3225537968
2492530434
3089938615
1099197128
2881264591
2388088201
50998538
482735195
202510181
104017473
484441120
3032130898
2797822183
382806470
27580569
373820283
2559677807
3008161496
36707506
95819777
268349809
1264793192
2378853397
514433768
36761331
438483210
1007655289
3083002802
239529833
2248897014
23165263
1722309127
1632726481
3085478979
292997967
2496611522
432581911
75797367
23894619
148080685
2259127692
377821433
67692914
125040819
1440641
20607698
1330690250
252665016
2888099231
1090262725
2910985588
37824043
264882599
2908265807
611033391
2800466720
383243522
2425562874
97698520
2857030747
1128810170
2777047212
1434251
332573906
558119463
1323036804
20021713
76675800
412362937
282286616
1695459816
2627085568
15349815
547137704
246103
1891806212
492341140
2191520994
1517368868
368216626
263309306
2712065731
413456972
21641942
174201104
542783281
749629130
460466171
25912143
119886310
2534721726
2555914010
2232053322
168333322
386757056
14153903
300183911
117543919
284138136
83876527
23602600
487893627
414186251
57440214
1682999299
549593121
844105304
839425675
347837221
804363428
295841476
50992868
93004512
1236725306
18539631
97486299
91097443
486287449
158396623
250324257
2499462408
277120302
2294666730
115738223
2191867080
188754589
406505286
162792673
520085942
470991619
2294592943
1122871166
2286768204
32211863
389359161
1702591080
904015232
413622128
2471489196
41000244
19539314
938219030
460370389
16867847
2439326930
2324711826
19064584
106429960
35680791
75155016
568825492
1473360739
22851957
34911211
2320272355
167022877
16977308
24716475
87724904
134513525
18220900
2355862620
822114282
340505471
514684960
67371195
201881883
14946076
702163586
1232547001
33098495
372940716
373024636
24035547
384319820
16280724
133385126
19103672
233778544
421149174
118229983
266852849
161473326
86836223
46480312
229635055
300890894
15918195
1543040869
237104407
359566875
980046830
628624153
1223101
130900724
486877115
112891519
1248939037
34613879
604649051
2237006491
784886893
320514427
399754972
153238403
428607151
305032637
27318985
498245013
249007416
753775639
818109
103671541
1018962877
20100349
806986093
1289777738
114058423
114668135
2192961386
173843226
473863406
338443294
16469647
563957842
1622790582
280598981
541739156
85772748
444940567
1031441605
55400035
111191309
1446589434
147268504
294026252
164319085
321587678
245576441
422118968
304035374
30345764
912587275
8736882
12848262
19000033
56604066
20485995
257079470
480196886
538409644
26956581
622284669
193725962
22732884
223945401
275521434
605186224
2200788255
18782456
155690539
67775207
1895284106
614435359
1249864044
26482985
371835169
23813710
496337405
291294439
2221627214
149543865
296419866
584381033
896490872
2221623626
277123898
1470806732
27702281
2217988506
53184267
411011154
49022966
268317253
170128225
1931015144
111670612
269294179
16652458
33878550
363298067
1388463769
1488228666
106180313
35131194
124631593
74075884
2176622850
721843146
351099511
61713137
16497730
617380812
568470409
257556428
329577950
394681503
187743979
1430791194
6250762
501967106
308004665
636757167
1957594152
785226
94035021
86833938
16655930
796708075
70733444
213317951
59087476
278190555
39022471
917137956
1391117468
250490720
1854525920
27823555
17165431
162134946
241402729
202349326
190008887
416608920
24346200
14677919
19826509
471598585
1219789993
620228416
257000050
455876991
17808112
20781411
930022993
521673915
1106279790
19467728
321072317
95938864
1364869201
26867418
64075306
80976488
216401306
118747590
176628720
814881
16343339
1135222904
815491214
14780436
17587951
1071754602
5690612
106326418
28234994
131665332
314591349
18223968
30049716
36182463
7593552
217170068
107943025
43081640
56995315
13257922
16929349
890193608
1151492660
164700688
135355865
462128369
19934239
36191419
31465017
1364643937
314809994
331803536
73121583
20615708
887015516
357514603
5760222
5921472
759879018
614044114
19935764
255681367
26365424
27777453
592475376
17179368
246452650
16812515
264343696
566399038
16045268
1084809409
38172467
1155834775
84860294
1271058134
1296995448
810044928
823258632
15851201
15272110
18789843
33945558
1324762746
175471321
98963477
213863609
14294699
1169354928
15801820
119799511
1276468056
89503774
23975060
23187207
28139112
40265638
109299182
306194365
423390146
217519965
11423372
150678439
115721324
13683952
31371890
18776647
139525231
450069159
459444512
362290056
