3372789454
26369605
626095261
528413812
217526178
23013151
108852664
13827382
122726669
25072749
1259692980
86605758
2453772451
3143956126
930396943
60857134
300330379
852993313
2403023646
141472612
226125032
291859435
16804088
15570993
123644693
1155996458
75674230
2314289604
138597987
3410862107
38625838
1338733698
3000019205
26799237
83873842
385691954
142019571
3273528815
25298256
29251638
265629066
2196072817
272257071
411341392
2447296067
2199746384
1658737436
53756447
2284280454
4116740532
603750053
581735423
113466518
569604416
3811589417
44590830
292174370
3080963686
3399498352
172565710
19321222
161049677
1113297241
19286692
3306834895
2795360730
2473144538
18807411
369600979
14301304
50636347
18195953
1177219350
3995960124
4116067873
2252744484
56648429
15929871
574793335
102325138
104696396
1917364274
2533033346
161825529
112364193
3449495418
14640553
17624931
182288077
117769745
26466489
200296553
3091428232
91105176
109060301
30827525
470229021
19653925
17134557
2163226850
42512553
2574643196
321111681
23338227
208584178
358412376
3335664952
25438960
11202562
19617070
1525865058
385925115
369664742
275700053
2160968709
122123831
17480520
2693511649
16594306
2725951166
2926293759
968331750
2986632010
43991765
173404099
23310112
15265490
316915014
3231312764
388578967
3032750129
306604182
24256595
2483163043
118624422
1244983856
19874243
701724619
43712495
123967239
78019386
471346257
202628202
1424599646
76418490
113154945
570664609
16365852
3253185921
339919941
4166112808
214441761
3276828428
19572909
1342889119
3162966385
602860919
76820739
3980417308
86521492
467807028
518938910
21166399
2242784591
3096134670
1010499902
255584064
21703730
3245339241
286695908
18171797
86246470
1403326021
1036761
3166054499
2800020855
3395863497
310711061
5125971
339594824
23828110
25304578
15609508
157802241
3114363537
3040939239
123314829
124181539
617408408
3391929285
20161518
7022452
2984360455
2493097447
2419684248
1340964985
169771347
3383129681
266039207
118824533
2149468254
302547476
2573867750
23505048
2515484805
2977723473
4110431596
3304697311
4224034179
19668443
39946211
320826993
49722441
261104505
48816154
634015776
538572108
15564011
80356862
2576416193
184022915
20539681
588344560
35406751
18249348
224797403
3037311374
335846770
248990521
2200395919
16052478
2750276617
16747463
14447538
42449584
1705216861
29685064
219134477
196237542
719305974
64274681
15006406
2288590160
27870717
23102301
40140510
975109561
15990608
47305092
180548126
2228310692
1583286870
9266542
109146282
931759470
25404593
35642055
749711438
19319302
1219573501
234500354
974806338
3098248736
389468822
4080773664
14779499
42265391
18351076
3231598852
40569692
16872095
95509592
15420486
550553109
161071708
44200210
21529469
18628681
22105074
20801027
21407730
105161933
2832021950
3106040443
3066034036
130079738
3347051110
123361900
2841807551
36018295
371244800
27545113
2275583984
3270271987
262733887
350039746
1961121127
3333448273
3259089076
39486235
3607493956
16931684
36799439
2828375433
899757140
78208335
128941641
4047336925
19833582
258860019
2838611408
397483582
533276668
149370427
2540751786
8131042
18264990
450069669
14913837
337077883
4084411993
12306912
320690475
166203501
1085380826
9018932
6833082
397087580
1884772315
20599962
1591046941
36378264
62355124
2466343940
287589981
47576752
2869850937
1072660489
1197842984
3911257455
17863599
417386883
14104027
14376840
18798280
229185155
2488639729
237866436
3188761971
558646282
29620859
256158475
478878156
894326852
358905141
166998690
517207346
1630543472
73200912
91834064
234165045
2332170600
29651794
2586303834
4177836381
23937862
372664908
313320537
4071548954
2247668485
595706603
76187115
36198442
53076089
1976794279
1176473064
997232365
45579315
440724374
4147669218
22838984
1877031985
3654397694
165762838
2431546572
379193014
77628926
37893586
156030078
222573334
18121794
14986598
3111496845
65245209
827699005
70479143
498598756
2837992936
736311913
201567749
113870595
4075799691
17860631
100116630
959243472
3236499248
2249441437
2477228156
3001910488
3108245485
17987678
9509922
14910961
1347742987
2226419066
524435492
598616789
5676952
507492401
74334667
97583503
904617337
50869742
333460273
3905832812
383938754
2978134540
2689337491
497256712
720407622
559982670
78891132
3293317529
10473582
85614136
106324287
106492992
309216771
3105544758
18159783
61359492
107217315
60964525
1872557047
2288655295
2447396006
1302274285
2509883269
2247355933
15887328
2834105690
1602327025
2984670781
250640797
33853031
1196671592
2553675566
48057281
402992947
13420032
2598692330
349219465
497962112
2610081858
17349845
1322257022
14521343
384821782
1914923426
54288735
13076632
56382058
90472582
19593572
154078601
392292120
16744266
17250561
2477341458
145493004
736223888
481341173
402070746
109597858
81904384
2333730624
16503440
1350087181
2733194172
539923599
2375187150
389602055
98484157
581306475
2765439874
2332326469
29767978
6171112
22560891
3250995954
511329796
1226129484
18754371
3002897962
145027037
42169834
1308696416
64654737
92972990
20924564
125754479
16226069
1121140584
202590995
3242795438
2999681054
99302889
14560316
16684366
2456009694
171536717
95115445
160060356
2919031363
351182642
2945723506
27742497
2289754952
2967216531
2151052338
18125182
2861809061
3267420758
135922295
14434551
77919208
398097001
165542794
22760178
2987406147
14498878
1265189605
56872458
3319586473
28384075
2882717190
856527548
582234846
2427751086
2526429211
251898262
380245624
24937397
14703185
19732334
2623640399
18080493
273661708
6811802
16658652
811181978
740418259
3429280732
2820982988
2776472635
3160004702
3301911863
18843840
83942427
1167515113
17913181
103594743
2937989141
3333256966
2382733260
26971462
957452881
2913058284
90410211
523971759
13492552
217663129
2853662221
1447526215
3228431190
443407060
3251270207
256900512
7525652
423679733
9930912
16856404
241317979
2461928467
20441751
117505236
2894744309
115814388
95595409
923331074
61535426
1575771606
162611402
58914032
243649204
93972605
2531133064
2804250764
381647006
3253038919
2973876044
121975925
3406234042
358313752
243264557
24195295
143179168
580082024
17885567
1478204994
49776801
47215351
423750504
3126171
262128014
1486159278
329728697
23852236
2811049843
146482367
3347600698
106628451
705748375
2640762614
121920035
1454300526
14563023
15250836
96495590
15570907
20151804
506419639
1701844382
67581852
476443251
69737768
3248712334
331631952
14757610
22514438
3018662502
14655830
114454607
516649672
430414407
3406107707
1652780222
314535201
2663391805
14614027
493083938
52319204
129617695
870468283
624036203
50015181
88627515
50706282
281364730
91055931
23579656
1702108958
2427652401
25015147
2180080337
601713388
343624485
16563452
32051927
1559387821
107049835
2252241674
822062210
39771865
32458620
14453404
785595
54595030
78374134
91867592
1462798944
242739895
3185237914
3221729677
3300431303
35690656
321596887
320450227
3510400872
15014405
17512119
1583354743
169646414
2594636101
1626842281
732440358
14205576
576615109
37797367
351760710
14175784
141094032
383463028
2388335556
3252743741
23651621
271836952
1367717827
55924093
2835641348
2424238136
2375187318
304646018
3350536505
455053
18222684
723243546
21601628
2900465603
2226800322
127991676
446643618
2227219968
2563501182
3299861047
2790289976
3311936580
293622247
379303434
45727588
15442458
1328926171
3238100284
3489215179
1223452334
292337136
3027337696
11729292
3539981896
3306969581
166351656
2369113208
2744549464
392528119
420281526
2962872568
15307617
2913293851
10723082
593892987
17305671
1928985025
3297589186
2757884023
924216176
2238730818
105345156
3676384996
2393209398
5662352
85957731
14791046
316782750
39784460
1969224734
2848807153
1586733960
3812968109
85323004
18751012
111493925
3725129774
3149973561
316404290
73181817
2888942986
17592385
715858272
85509895
456880300
927886658
423197239
44378433
1898355206
81585141
218547812
3742762336
2174805787
388429588
239531712
281720253
3420584352
34798476
190800670
138668921
19158873
940458986
46250604
3394210092
2432402341
14468812
468188253
3031699856
3875153480
333504069
30898469
2836776806
14744857
68079024
216336222
128560613
59577624
385063527
1198634485
975865064
2345891016
94973403
27523478
16943567
330649173
1620098521
3268426230
2930624413
3249591414
2783350164
434075280
150261684
18640837
18878415
2196637095
3268720124
2914028411
34678388
45860090
283975359
149856306
864755268
493748108
3828962893
14222511
714449651
137618840
1492683498
32506016
309047208
20850549
5658202
1456416211
340030737
19197509
23933999
1445877199
3416164977
14651148
2977088891
2593322551
36310864
3385887023
65662035
709385791
2916414283
3095110245
3504577396
35295981
3201430726
2344827551
2475885734
2327895302
539235905
19211098
3299039290
397420911
17884687
2370162936
17435392
18634831
3506913557
17905508
45544343
3528692416
633654885
263923202
3307088633
15297345
3382949290
60445642
3307418953
45870401
200583835
14636086
15638843
2363561191
1289176831
2475300714
1878070148
303703164
14445920
3246263396
1442982055
72145170
3093486283
17534098
2965310989
575095665
1000564861
3233021758
19216767
14439368
3033090442
3694989674
3245855326
263521812
883051062
2169214514
424479663
538933461
3392772773
10707432
3250103725
54608984
2402144976
272478733
537574480
2611978512
26642790
19529292
3286940803
2593184006
14550939
318185284
21888709
3028700315
58803323
15741348
3115242635
2584705344
21317099
2419943132
3382494046
2410334575
7540272
15863055
128406314
1102000290
2455338066
23197604
3062939842
814429322
28908736
3047751019
3018793675
459464760
18539840
220054956
18478480
28672208
870473046
1668255823
149937687
3321741524
16294748
195852859
1096368456
18418080
1021239846
2413022749
481503819
35476723
23159176
3092441969
1023379369
54956732
104211750
28527548
43329052
17609997
2221726009
28554748
60126900
162750776
94878196
36895136
367943730
2594552383
3087791606
1976821778
68260810
141452258
22939579
2612218236
138254927
2960567151
67344891
22222665
16094685
60947219
202204745
377669986
2955057099
85655843
74628595
26253881
1025386741
3066935784
14323845
55201783
28576007
1545638179
246975853
2412091498
17427692
17201657
2610451
10223
384983461
18568711
19542397
458880272
17888209
40226577
23374186
3242827521
16681138
26743551
1189806745
399445882
17195902
17019398
2581585009
35864376
1431017431
2434643466
3236271693
71097074
542906433
2766634147
95948501
78237723
1328357418
2291736600
38664966
623088549
56007911
2467568641
57110095
1237021567
262343673
37850133
3483558438
829288800
2426318694
92573400
3504550336
3355904175
444955428
326255086
15582892
2607487543
561337745
2865117868
17965633
15751750
19252513
1931959304
3207572265
2926570420
1656270823
404124612
17225332
2605575954
247431801
243188636
904586185
3092046856
242331839
1104038689
15152137
2396984664
117970043
2335477934
3042739362
3567656415
481357675
3201436107
721221434
21765020
286109542
765073160
3542053034
1115102329
15108801
19200879
179079643
2533022738
3447301403
62555860
69804690
3352262723
2557825400
231497809
764644214
28022257
389574081
2730324583
25896846
26475231
3272110850
128381459
128946003
2286902487
31297191
3266142294
523390613
2795176129
815888
325303168
36484818
79693277
126797981
361216766
15024873
46908596
2499219439
3082499733
2296428188
467382860
3284050693
635470498
2870752193
1009287500
89777076
43888593
3009061428
2552812220
201841264
35821754
33438221
3296587029
2385503174
726364208
22043931
1057121312
3392011295
41860823
1490499686
880508922
3278209255
20615101
2957612547
124044755
3054083159
3363396527
2997828551
23226974
3280764260
3116811179
104012085
3294867038
262312950
3286737806
215378633
3288957008
135967145
1048037012
432773910
20621109
156693343
32072844
309468702
23001933
440876644
68241891
60405591
2942401275
90136852
2269163965
2497027968
22345487
213523676
48618546
2602697720
201611002
3219908498
14730006
2380803648
15089603
2903457100
183648919
3254537467
179858463
418003269
245138071
3015956192
2999570016
277803855
786552896
15589016
466843715
146338233
1177175629
22954943
787417633
2599738903
37098500
107523645
26181671
15343458
222295722
96863903
2957288530
2959551617
1732066969
2832545398
1228578373
14934200
2586295676
1425925842
81019673
2535349592
213157188
18375963
2555381341
38280908
177592153
41905057
56730606
526933304
414854490
15446520
36586348
210684204
1710801594
226015911
480808531
101870109
344514301
16565151
14378569
307897027
502710748
922678242
908764998
16482279
1487502889
1002477324
16333966
16419153
2874148960
2421118248
276582873
15062528
20556305
17820723
96831847
23600276
16175706
59565051
151688952
312468366
23874769
3093043156
33268989
1537298461
1003440223
21158197
1620010466
155004447
78387284
372628791
2147983664
227147290
216724753
2315160673
51056940
1142816695
37215608
2421072613
50535134
2990528312
868637460
1882731782
791670
18814734
23042311
27460089
203083308
28172438
219133377
70774194
14641650
28262754
71165327
2882327881
837045109
26250653
2944302018
1138759182
2992862607
101107997
163582516
167024539
350335365
1176209852
1237037796
160134542
470513600
18205038
26620054
19427242
20143193
2895089532
2173007365
101298982
270440825
108649244
107644537
1837984759
31174225
2414709972
2976144754
578412819
2658569068
100248961
3018039278
2957245097
345437299
45235247
163081096
14287160
24194453
479806408
17940504
47118754
3030962021
2976984350
1430092158
252868710
1918819380
312392334
573073120
1629244514
395279518
1684763856
7363172
14476550
2479089506
173619088
2862966903
38247323
18183070
384916348
249575340
24201405
102246979
26582238
2918892340
350766681
34730520
35797450
303387318
228049942
45672225
296725248
1085918052
557181185
33906521
1125315620
17105629
2781081951
558019258
3009088813
22441421
531162864
108429058
258195664
26376283
16538877
18151673
25837810
21001013
316557745
397004027
296889498
2585339420
1889301
471501729
2836528966
623848831
468924404
23639144
18995829
2715971
2227119061
336790952
1102397828
163853224
17981275
169130858
461399327
40580641
2847697455
46295685
25537232
202384331
22067716
18417818
871152554
251387561
804202082
15520054
524462848
33669105
2801546377
2679541910
721832298
19732000
239141834
480083376
2169902494
159642250
2858205119
34679267
19623685
26938397
14426771
266953814
16887185
62171918
243333357
1169760512
1850484768
28118109
21381021
15066876
77609773
2446766928
235543839
112266869
12090722
19290107
15495563
249434072
62656034
434532691
47741593
2490459883
175192928
1279790160
2878533622
164004939
211273580
2210276226
17047158
1698010434
14500782
16140777
407995489
84091023
776601864
2332530163
36165350
346242842
107740210
18152795
98666399
16502488
2889108846
17972230
757365218
2290315748
2187117308
7807162
15521021
174065841
15177871
363332454
18189149
8820652
14270583
27516033
113422725
57405006
5117331
39897996
20351695
295096707
35498220
103545957
1596794966
312322607
22843187
50418426
134700704
253663760
55265810
214975484
2763955280
2355462320
12552352
495651057
2706570397
16976436
14245563
296996934
24272045
71456721
75654135
409208068
9636172
16677018
2471121583
492417575
15764156
15235335
6243032
555076473
271537626
16606208
17859282
2188536985
43626742
133806972
155285081
838554690
21315994
308753405
54514059
174824747
272674112
1103333316
970078196
15177122
2233963454
71117407
16286793
25222559
100065631
2909541332
278361827
38026874
563881311
33342927
16429144
223998090
197753327
77283686
24374097
424385869
18368167
380477488
240991194
26673044
107537132
102697154
14328066
1954714663
1575311762
196757601
2292796519
1050534704
231667419
617302507
9280412
1560294324
2537781000
17385961
429541970
2325351036
85350531
117477071
36361198
1231415274
19252216
16828143
304858360
18148856
21379853
129706841
77767697
15213469
354759709
2503846822
90105932
140290413
2355679350
2866397681
1380250099
167275784
29208414
40473989
398397034
115017314
633287684
1376711317
1687152344
60571975
627529376
2287776660
166062283
14993272
233070040
999656748
267272385
26877811
10437802
14923512
18178238
29202229
1597075458
37468451
50155740
18921488
68119671
22066634
362413323
1601046758
143914218
12865852
500049382
58569855
28834934
2655686263
109082873
504542665
411242937
17263462
22343879
1354929408
1584865260
152920008
2832873330
720850123
2260482050
834611
46234071
270223633
2802722819
339827185
27614604
1152288188
18450534
15991854
20837400
2473117776
112636538
386537946
585573270
213914370
2260690748
405226284
15396298
15548944
14394709
22279667
1640175853
79265397
56015183
2350782992
326060460
549515975
2471396856
2881618585
349446467
57178964
120026449
2466157656
20567743
10447982
114607094
45632051
370159414
18910068
23402755
8617282
942125930
16791841
204964559
2513597744
267254947
139936116
1477965025
11507462
2479069135
1232694348
411614232
17267738
16449692
79411903
2739550643
1471044564
2804007686
71796971
18008330
1960789190
127936182
369611319
396560365
1945814396
606681287
188352302
1343734783
51041816
157848930
11771482
61846353
1138423621
16193
2836453703
104674131
424399071
17136795
2652982039
177395179
137543135
61654984
19580469
2651507570
52012566
140522373
19672768
178600857
601044158
261266390
24540827
180097671
198245378
24915870
478713193
70180872
2785312220
2563647738
2670147114
1375292017
1227841561
633669446
89501037
2652978914
101542501
16951996
16149110
2302468187
2803956584
8020002
26137127
49269819
302965756
15167351
59557214
1949857346
28801556
39099783
132865099
973535084
1637453665
249880526
227804370
126125835
2379700903
259790447
15535580
532657621
1625426689
1259906438
82204780
16535575
197464628
991338896
19711691
1322666486
92352809
189554835
2654630923
7867792
56426520
327066955
15129104
222584896
898924297
1952076517
209219793
147120423
19553431
31716155
176067698
85741515
192623896
248493334
32091801
1852053517
75320373
94955061
25079184
14938376
145827800
2412580496
2393372934
582091948
430395480
2396573960
20824677
33454158
14716890
245890386
36479406
2217898980
396529902
66951747
1518785761
7702262
14621112
733510825
543012866
61249120
18238688
7978322
14853154
1504286016
1870115172
57918802
26236372
16943573
1005927734
383322064
14888543
348919420
1173033602
2586028802
2736340180
23664829
438666561
28547302
986106360
1203365418
950130542
34577701
90719213
23251100
150928603
144657491
22807695
11673662
197222147
60031833
19403768
17619641
367351472
2186062965
2541053611
44025295
2490767276
2168904518
114493315
622437626
35867792
23116741
25187181
50016094
43887564
39515704
140518459
874
1012802743
978274741
1356973021
184587559
226411842
9046782
59509993
1583554802
135827531
379444001
237678849
253440818
164013138
283977618
1249693759
1582087602
1444201945
54492728
31514005
143512455
222814715
373262200
72824193
46209362
506346251
1354828388
87196714
1915037018
128576824
571787170
23773860
11108762
176236495
28147547
15082919
82487336
18446605
235414297
1901687076
1026395918
14183663
13520532
23875070
499275946
54800576
93609382
2171587139
14524485
314467771
270070064
33472102
2528239934
174893365
112441291
89235135
279323768
73092899
2651465136
594632899
150681428
24551605
31138263
1244732708
1003189802
190804002
345284495
207142764
2542544304
2390126424
2241562350
240527238
2416536936
2278803396
18157820
1513957112
193249971
2261217156
456044974
211150816
1345037040
2480077452
1307266776
40095649
124908238
1485791917
1114932878
2565342408
270388238
2428018632
282316299
50305913
832586784
301565072
15082867
820185816
942547046
2577611760
80937557
49527711
419162478
25367349
544639042
15280716
2336495406
126138642
22470936
391052231
330644639
28073184
220446802
1304836548
92600536
21787964
2559628897
18925264
2398063633
14263586
42284350
2387313318
2220416131
16094728
17522058
145640515
2498210228
36090587
813968893
122999978
18633527
28311242
2274673711
20110756
2557233720
376824085
6203292
16828017
82220329
276473212
2269915735
64460515
220371716
405309720
80670504
499310719
2307675307
18410511
18336260
19564723
20652701
2331082898
19035275
120887631
2457143965
2293842926
2161205803
1247602388
867704528
307312800
384412112
960929658
14752057
301540676
773727714
372254028
509124030
1597515800
60910871
60620405
192190443
22216521
16498889
167169933
2563391814
61784607
49148963
169413510
212210194
583691648
2402218578
54317665
115121429
349943752
708169255
182091090
95944876
2369797302
584847277
75070786
814997742
2568382842
17579148
14414740
420542775
1130996755
45602580
1909565281
20725800
14778230
49620984
141685997
35137665
16351531
1406332748
14164503
15237116
18271165
27878891
1155183362
16274410
411475009
18336710
1082957810
44804711
44145969
1229509428
577282452
61491747
34403597
1362959900
948010453
131610285
98787419
633101472
346803731
1524866112
466619349
1478379337
214771684
1243330410
20638542
863220625
17606602
194863595
398998129
19368241
2181921
42899413
262989498
13877022
21952190
23676887
311876503
23121787
360273490
24803082
21594021
144892700
53000557
2325975475
58559649
708361515
19128184
392965534
73421975
210053076
45181499
1590363648
75229171
17088996
30564729
50312481
33736525
20063930
1546754216
21312421
1323683143
388470118
362048893
2279447070
2233255904
15607667
66653984
221829606
2404990028
15039436
18916955
18398528
916989511
21946404
2282955889
89391769
511210550
814090
49872538
2239424762
45083465
441806834
303865279
55204504
458889655
316217443
1612448300
151903568
14352195
184929716
281219487
467887852
417228924
743235199
2339317183
12951112
42446516
879715723
330509973
15209135
50089684
39596803
38691332
2204839174
816000596
333714988
9045162
92562600
442181613
2319315499
27630898
366430413
2153553392
280612884
51805920
156919949
30192109
1365510518
334696066
984769274
19346435
49269927
111098490
14785887
2166764414
1519798856
16686948
106253021
1577241
290268039
25527574
1191433778
14777119
388965185
501352440
1726681471
271619716
36648419
2324454060
2532284256
2329625136
26586673
1540942327
105907001
259613476
973373905
22974696
862010474
2351053081
214652005
480254888
51441915
15443511
27261597
249265653
2179792994
81421902
2172085640
9136412
15273829
148031377
594261044
299702047
1360535012
1858376352
21373123
265716434
2374192860
143708901
400163566
283813288
2370627654
2248089416
36185893
25553813
133367519
541832597
558223071
15822249
287256800
1613860014
41519772
27153231
10200532
498980415
64352010
2218473258
257212542
271319718
26004809
579595464
1055129377
213999582
447774896
22847375
29060463
193941905
228442241
87624736
17478735
34040066
118522157
167421142
43982570
1465559774
59162326
60669103
435125566
18164805
404946791
57945768
1173289507
287454141
14353771
22914951
604885336
2308379424
1647105102
897615752
17055162
565112063
255399458
27045978
13190282
14095905
13635552
58801512
13752682
8926972
1720329438
156001306
28221373
32632701
102808409
483984089
1242387384
46423945
385460980
522639384
227691474
34339385
2314343526
550467993
33635679
1382881934
377884858
14487281
2255121125
38274165
96782627
53290136
1198105212
557568718
25737905
309940913
21725806
213767335
14627159
18009765
18382684
107174480
548923976
19399809
508953624
352445566
1092723812
144934894
216042214
2263308474
141845244
98229782
15330821
363283155
16150105
2425926746
2194855644
39800178
20282348
231269630
2292474486
437424512
964497205
32555531
127854864
473681800
2320962607
847893096
38338797
2337658633
20062296
90806386
121592583
2233857304
1504042280
486633279
631774269
23428163
635014828
531312431
76323726
2416101199
1853704897
183968066
628254855
2314465436
474395916
5571602
22212407
891907980
49668806
2213368184
381224997
255655284
48701799
35203319
411688532
222718844
248648915
18457667
15128212
1619551328
872179266
547096356
16133290
10897282
14663358
8695392
260272608
211808112
58216713
23843512
21476172
2439969704
961711920
1117180022
234453011
497511822
364239149
2353754664
2369640949
422504095
156895489
2487493535
23127963
133608788
2200734514
372197472
1427644717
47030292
2251849610
61243585
20468205
105613468
94463448
28144987
893233506
22061029
14243769
300638800
2156957678
164456299
418742925
703166780
76727767
1880066485
150579167
2300612586
461229960
145978927
20524778
14128614
24012751
2414722548
35873428
218687137
1134814550
29216988
767232500
20083014
1410616082
1613193283
2412626772
15598320
456150805
30628220
34547758
592743735
400416829
86199283
18449347
169208881
2199441858
1735078596
15231037
50031310
255792315
15039634
314314895
98770927
37931912
916952911
485079302
259890703
96623848
14597094
59840147
2437116673
21689176
115625390
134566641
172536629
604007770
398150583
46727462
302016244
298768006
77758985
14380406
37905924
106313085
51527922
25664421
144674384
277251421
1057936602
572038419
299507350
29268105
69776457
1594202730
453110371
74362485
2371294932
212141168
1664464753
227423290
309284406
23967592
397331533
19406852
298254793
44971970
1466186917
8523822
17600742
24329353
2438269122
47695417
20500483
110360830
14443134
44014781
26463651
483025050
33570453
807775
527043745
1273879723
217223431
28207516
1836009702
1240190851
1206072451
2458764932
23098524
75019364
238599066
217538774
139208583
86152476
209522252
1851606444
18514086
287858017
31416666
860356010
71916177
52819606
2367837739
1560843733
86773118
2227904102
2505360090
335404373
143190991
397523842
17850785
743985493
994867578
813564511
23906382
2516728861
43303867
158996721
2525470584
467019955
61225635
1291365558
218634414
107225406
2215683874
2402336282
2451777210
196913931
11034112
2493473858
376947033
1715917728
945986984
14652816
34503804
57158676
19134604
2398810267
274469613
217484993
29231809
2513446592
1949808985
1952867545
22004313
533148025
79795352
30071131
391805436
2415290378
2514457072
28261526
139774225
1275249432
19403556
982646713
2414652392
63741736
24888103
22516489
2519419950
1926194120
223988417
2400803166
18958095
2490159595
396156161
605554542
2503983315
2442771464
2153893580
2352194563
15430331
513195838
2517873769
2147928590
34562725
2480489114
828892196
10110292
2531514931
20769433
2347184100
57107142
15224565
172626968
87650586
17846186
14347747
1263045259
2340194929
19556945
389701052
603058029
372920674
897878449
2324314004
1534185068
16805864
239138944
462290781
2463544016
2313153510
196710038
66146768
2398487496
2355749538
154939256
105482552
24835640
14341853
1857869838
60320317
539429072
20673582
15356631
16517135
26019961
260501150
148065673
26866209
16464689
452273303
162088905
335348201
1636568173
63679851
103747437
537307773
607565484
509768249
2155456608
574706371
2471777726
1170028578
1424464812
498942055
40713311
2472838692
2372042220
571955084
135543418
137241194
82246857
15134829
374682243
2202231127
231870955
1488080821
104648317
1243464554
568854158
527817346
22315431
299264437
21536998
14948551
458969174
298663128
1928841116
28370167
5525212
1619488092
1726122608
399138645
948070074
310103944
409460174
56811878
316305181
668563
1520971
2431925642
15517632
38259213
31083884
1076916114
1872934194
250708329
18525573
36041098
24472180
13225162
131625226
608473
18641981
203554110
320183814
9301402
187907861
217392348
36388868
33057691
44408997
308048532
158462032
701523488
239416593
201159547
385220638
320198057
89750169
15610326
17263911
17984508
815515104
20642774
14971160
246310223
23648764
50785366
174934987
898242350
165823043
92783449
184600145
171592980
14380148
146068145
271275153
589507777
17098963
16648092
19994494
15937643
17556680
17652167
209609077
7895882
31478255
24729747
28631981
462390468
48048211
497349782
34079088
376374060
22539801
51168671
390897470
1222266583
86465297
19539068
30094094
110860964
484752998
31441113
53454177
5797922
33918666
36769407
512200588
19155938
1214646240
21591143
1266414320
16511030
222128283
32610616
60962349
137798540
103805607
146070007
594790880
360935779
137807559
116325175
321348568
15172905
5004281
208319445
654403
39652420
16283513
23830754
15468338
5444852
18916233
16268181
194190511
76069567
789281
17101948
14296866
1115294550
136709880
1069599206
18254256
40892332
2227377439
7986142
30736991
19690710
81426378
16396125
1441561524
743553133
2318422604
16630502
18468338
12667332
9811342
143734295
17057237
1507563510
21651074
144876529
200655127
19035372
150971457
8408342
102026971
22950455
16303389
735442483
137124622
20513456
16600816
12133692
2302043897
1198171232
240693563
1700426708
68496927
58569413
399827111
1634544032
1949509010
1623268278
52237823
100336296
22302151
1159539416
982748196
61215815
42103712
716096336
2351822558
2326198314
18190654
29303338
75232748
16479158
242598676
526863194
2347317560
80352638
58713678
193855898
201458111
1677202320
396555342
16928210
317851447
429406274
1295849263
622384988
19636666
2317099230
70726695
23859312
1970955721
582796615
614776741
263080682
144618940
2236841599
59029629
208832026
14179964
1162062120
17004344
2167359634
27025359
1079889530
40911368
2342895086
35293052
159403446
205427322
14372597
13543232
34004175
132840161
370630718
2353912704
204837210
2279772847
828536874
28777022
394349797
474651213
31090365
1205529355
42602780
591314908
19951419
27413705
17925141
1145491831
82134350
18322904
2315714022
1482249577
352059794
273159953
14519349
14400622
2159199870
194398391
831878540
17615315
12910912
46792844
121603482
2285574386
455128199
100178804
921271916
14814133
473287722
16512353
21110060
125579170
945271118
33521670
74098451
574982798
978297979
1615108285
18801318
774683335
2299408928
26169762
14752405
1470280310
60452124
22586384
517610442
282676100
2291204564
2255164800
161271265
158438055
2247934453
16226484
73116914
2195101868
18087347
226206373
14403673
573990588
2284638217
2259509922
1188945642
2284209834
2297394577
61886315
44317484
44892237
151422913
262516377
351591261
1697177598
1222802623
2321295800
26348534
82508615
1660602775
201345140
369237228
328209091
166394493
20213746
541662500
27474851
2320664660
334109552
620317675
1882236110
201056197
132353765
37321863
314110666
1296498703
134570133
2251011888
318863979
922972304
208462103
1667531
1543452506
137121911
1021795998
34942588
15980361
324030360
22543714
106595027
1689133100
2319354504
1252191
1708460947
61697546
2283518634
142662250
495032753
2318386849
44090257
14346116
51295767
38477396
34879802
1110111193
25677795
2277939018
954634339
611917197
2207601321
117560864
1960063141
248589937
35837509
67647587
18682950
77315019
133232715
1134405042
110814205
558067166
292169513
1444227289
101179612
15836013
41438120
24220305
21083191
628511350
65851601
2268795083
2241521
140135876
241790125
2283989407
1619975563
2282599692
332748354
198543148
89551852
2277117163
18486995
52134574
14643505
8200352
104450201
20789583
14525516
21384126
23116060
1203662544
1114347072
75214763
246670578
2222043637
26633226
1398057072
2220818696
1269613160
31429657
550433975
2292034799
2227970078
585384112
33681935
46691793
2308085534
1282093464
18037367
15923639
276033225
32560887
840725370
1250565020
252878543
16611252
2223763694
1126452882
2292179365
21832263
10397092
2304810961
16196915
63480377
243848799
429603654
1082745968
609786967
253818031
394240127
90520740
2315190110
38946349
52324245
2317644949
16385117
275007415
2294978946
299642754
14265482
53628368
23945407
35422774
347586885
272151043
33101859
2262386899
158465214
49008938
45593971
1299800582
57448189
815229260
17713359
15163658
1394121248
10190282
189458283
48189976
2273623626
155293467
2263404678
2252700769
1925304871
1897479146
181386091
2248966518
5723862
178860021
138621383
454064867
15582699
1596040729
624865844
572265354
23074651
240437320
1010137759
346101677
154286890
239609988
20156224
2282069083
993282120
386148278
23051792
92415827
711030151
1298503830
254183117
332939414
1633561777
18404681
52794123
2278614402
37966313
236982845
537806799
1516174651
1629321318
22334667
35839075
10418112
1701077246
2179189124
521361322
80441410
430956193
445874578
1627565449
233507101
818615000
1060751642
38949981
377637541
72134424
17160563
2196204973
2194992915
1535373300
2167864406
19273945
1630028599
167597868
122764900
61162209
95398042
37045669
400285959
523595992
220465641
21037978
2152628101
435911622
2216485952
450949425
2207393504
16958783
2176685102
1650837481
57275091
1128423138
114617660
239745518
8900062
852128070
1164430124
38262906
56028868
163838387
24035721
266669765
524666254
2203413638
275344099
2223950835
1310952061
1286576780
576171525
266549274
527963329
160511913
2204411858
1516787449
335244470
2226335882
2180969400
564595812
2184275786
136122116
40994435
2202734682
413180382
132011358
2229126048
10782182
817402238
40012095
604051910
125082569
838852608
553136515
152439328
2226175759
448283829
1578262742
719217354
1525037066
35551807
573980796
165764341
1962017492
1756369050
64737751
264164324
221858613
103188447
855852230
400707321
816056466
1449766904
416525658
263291812
121315031
1963226821
2212550510
17001967
1471019761
19501132
2200532316
1143978050
1735183674
60061575
36819717
1553409943
18073898
24578776
1262892630
8729822
2257455272
278737049
77793655
16479595
760498248
115945112
34562057
112634362
2245584183
284538419
371197496
59370788
31477316
17567817
50285003
39185614
1386860126
53431734
16147157
205091830
17142492
561838441
16030897
1672861830
32420989
97011046
25435869
1343407910
1345647810
1441837116
215616672
419734592
469821053
19246034
2149759345
18937024
18310029
2264818784
604320195
191961877
179631919
213067275
2208485077
43366970
976301496
1349697074
357653600
176321570
2243478374
1349677171
1483138080
32002818
17965834
605851636
133439163
1726502102
13848622
2211308294
234356511
1695788256
224459051
308254197
914402370
524642920
1355936010
325285007
994078544
373867930
289892439
2247585763
2247067268
44610597
64172982
345458994
2201700176
53293254
338670712
433482970
87224889
2490801
55659987
1585651400
324449501
39327630
16254215
2203505359
15039551
44941231
92343345
22020236
1920964998
26953663
37085348
222939169
28480634
1317763788
18810005
954577352
246006928
1937670589
15824817
1157591702
117831869
155836991
2213354401
92632726
36092483
95715732
927148429
141820884
2170438011
72415728
28989277
612857929
62453962
2277760687
561172973
15344509
316745486
18795950
1447599738
20155642
1426054256
375532217
20992724
1633524530
21372665
139163550
14795485
1601701830
305556001
2268159996
463798958
1516724623
266315980
27486297
1917694267
14620049
454100141
45224234
153186638
1228995708
755492502
15065025
28367333
436863582
146196394
994974607
293160592
1672959278
72956382
490936567
1499394673
2203553041
16719995
318355215
379028242
99938300
758054047
1969521079
1883378468
90312813
51972459
17161562
17831639
17766908
25622848
8287602
64877714
20921683
1048489956
122141756
2233379238
492724616
78940833
1706371818
2229055189
34288632
1336522430
2182960532
188102437
14926378
33312307
141390763
15606511
2238090860
619493801
909150942
29469953
2200997815
1291990441
237895679
2253375060
14843626
27402234
78996531
17803009
16493439
27516019
317134238
32639070
360415157
2259457309
72743396
25988864
2255185376
1311827298
128563091
54824777
1425027655
1709597965
29604019
295055854
17953538
30610955
1420871130
937690902
2227177417
19374938
62986072
6814792
995955974
55415178
2247656652
20789200
561503745
558934972
20116438
583994119
19137574
297168625
235706649
140635519
56408065
159674775
2223376344
15381013
311828453
28496958
2201098261
1472639058
14898946
83680757
29280012
48557141
18300322
17437807
337778997
1961102485
1464385740
151990447
384964099
197483627
336800166
17808744
19149360
21367183
490456901
14627490
2227558880
55868317
549676104
1403195856
11600492
39332432
219973580
18909056
44803633
17922355
18539995
616653132
91061567
2214367359
1338654812
547357407
21679998
45223492
60223424
126306005
41990594
29354154
1383075996
36655195
30275161
209653980
712454833
263473398
2217917017
515715744
1726353176
74482020
2212909338
16323684
32223556
130233241
1702093213
17462501
2194379418
230064704
563241799
39349215
17601554
95416154
77818657
2238690114
243234674
377565147
225915896
16359390
125588565
294784306
89606091
100836874
158793088
2161921518
19549035
1875068947
19677395
29712020
410035820
24808842
233471145
1673527268
2237974386
22660732
21444191
2233281235
18123965
1556616564
78863134
220169418
1290128712
261345742
484978063
107475363
218471943
2161123546
22854837
108543301
480440617
1628651196
69308140
115046621
271288002
454048990
57546514
376889357
836413566
861766435
498415670
75049621
1279566205
2203878362
24357823
17528523
38790830
15258479
31243516
8273062
1465069364
522375838
188043928
69236176
32896052
132508716
1977079896
165228644
18587604
568633934
17116690
223558681
15147261
1414064203
631948054
1912888987
574031104
39677323
122999955
20022054
427671097
39371291
20117361
52128301
115575220
20799421
855791893
94016365
388388380
554508569
48991234
935229134
9986712
43643295
66830261
513039720
151194209
25165065
145305040
24719097
237600180
112432279
32746100
286352631
24716475
19784548
763289996
27808472
25528922
637342236
112717095
19520006
15841258
110897594
87724275
17059420
946291398
384006832
14362061
25219509
127019644
713246582
14645807
1975566224
24051331
82188484
117579332
267894935
130866926
22544614
1316951
315912185
29460705
1929405620
35523686
213032631
80530081
88534252
282557450
493609953
41947564
12759102
1048931
473316619
566476995
314686291
228962137
48638152
21710260
472829432
127978583
28837683
9175912
211063953
725445786
1098960854
49229910
67588801
18194990
42029871
87071775
21759021
30752050
39005130
84393244
232871769
1918574402
32856634
33784263
41607282
37021391
15003228
17237716
74820717
17827446
34963344
14951992
15680614
98425584
42728966
156656964
15114206
14563223
11245502
499334480
612931307
24134009
216791415
17367875
1411890770
237854027
568686161
415601652
200230533
251525022
15040988
21750314
21320368
70781207
1237776576
624282852
16816972
609614956
15953961
2296271
53468696
40481050
5479802
25103742
354582942
61242633
113082123
15178914
365614254
238763412
85676775
97435920
39731567
14675206
22673266
856432218
41453909
1451492454
19073546
433426506
46476526
15624338
353269230
259619814
1158787386
162375459
68587855
1173617815
17543438
1489188906
440791063
1166656939
15565825
91519214
85970738
115253191
784413355
37245962
735206173
7155582
19771162
113200456
340349625
86597156
314517042
1606623798
118824010
17059422
103714777
443033558
595288415
208421488
265817405
255649628
225000561
192588383
39809446
154258124
1585786518
1546339063
109343358
1314218250
42907543
211579978
186373021
29335563
234479101
15184929
450234591
11164352
241893323
275226714
372624306
1402261230
447823654
212565473
105140237
550156032
106216968
147635101
14550222
388988439
292019753
1343191892
16254146
913290918
132214887
17008104
319843484
236489012
79469151
10983182
241148588
260340277
413483863
119507069
30831557
28082897
19719273
32367324
286630480
281369025
1370927258
1658507059
1435203883
31161498
250364382
134003500
18327213
94927860
57562040
24822544
992670709
170060641
16953251
207392880
19571813
19449236
110751871
17216418
845720863
513152211
1483746703
1476116586
217906833
216408616
27844669
28166558
79064234
26137875
98024588
353078737
8960172
1209633786
268349016
133886230
66695246
547725807
22295962
218038197
137036008
285296335
219937434
35270314
22863723
15071649
11095682
27934808
251448065
354863991
153179454
14231246
524715560
16212161
18623957
1319092224
234483393
450728404
1032952651
18495683
86820878
216040632
45777323
19209769
19515084
16513931
17883984
115915750
76274563
818614
735944840
31587111
98253098
26756907
16127048
900218953
945122066
223726908
232966858
16438898
35067421
86649170
119100938
17090308
15203144
235821079
1165834957
1262776610
55031637
20187037
93296984
23664028
480476197
1601087846
262899624
1615406107
208117925
57957831
398923720
27832762
1616212962
215166566
128011156
14799178
10697172
1072225812
1160987281
599304793
225886699
82464779
1554031903
151064919
592190750
12464382
588674102
1505954880
331646803
827832122
579090833
1231182812
281507986
363805752
571388421
8417802
37446680
353452049
195577454
273540783
322744388
1634201312
22219345
236179794
1639358672
1639745384
54354251
552891144
19912720
24097634
260958617
166259921
21525466
961026824
214052827
260034012
535696122
21942617
73703
1517756774
130555494
227459170
1318307264
437164356
63312519
23717397
1648012633
49451814
775047
63598847
1538793338
1138410188
293852054
1629080588
23227515
311997100
205565893
554156935
14263405
827897730
106864455
920110158
832813118
104858605
1295746568
309814458
34360917
1532473448
308212939
487316730
18450245
325548141
314591349
602515694
527957349
597859212
949266192
449002854
238449375
125333652
589262903
263871685
862783735
76758916
20458103
321355222
43169031
1006615872
1649027947
1638387920
441658450
119476650
121085582
13154262
33057154
477666334
633813853
829416721
89962967
106834295
179565511
24500370
114612989
19536422
9159682
18448384
37781898
16144895
110525248
538159066
59454488
350849784
43843015
270949079
343293926
276200953
157106041
95307406
1589233718
21817105
27457454
398882841
16186656
1485170784
262391125
238664986
14517838
45879513
844631
49546535
950194226
195685789
28588467
636429601
611635687
403571887
390189407
387181116
359515879
254672811
225209208
174350413
156020838
135462498
130060771
121821055
115827236
98691135
87500545
43983691
37877645
37205183
35120520
32559327
27769716
24430413
23274866
20212858
20120523
19796978
19749610
19511034
19348087
18743082
15507344
15393687
15196427
15154258
14516922
14238738
12651592
11401572
2390651
82210443
48997022
338550530
19711718
371091452
987401
16115742
11550302
53600222
49964589
1560841578
124586238
16297495
14853999
37786203
29085908
185790151
177672524
602000681
182105176
188459540
92088940
731578202
361726712
470362670
378544628
37922666
41792496
201438561
16586944
19341833
1589310888
24913154
174467933
416674657
623560938
1177578607
27747893
622265129
42616120
15176161
1541097205
216591674
469853803
14263820
296674306
8097702
1590335162
5628022
6746322
886758140
985606346
297984061
56141542
75102544
198710847
14763044
561211119
53746526
17007924
56735987
439848726
373660820
1538295068
864673370
245944016
19364675
43814267
15983400
95369847
440287004
134837837
157430117
557373422
25199993
106899623
14545455
836305999
1462988828
21767419
39892170
123087976
471993505
369523719
466255592
201113281
47494634
76698951
1242358904
58152567
11567972
14164297
104093689
123329878
99981284
221123293
125601099
10284192
603962861
346762328
19910740
895201531
14355826
435099091
41361984
252864944
185792414
1536593533
902338051
267426570
495171802
17074315
5942832
87223505
94633147
129849874
621891219
112541770
1324526112
141041057
18985080
88752466
19353475
51220493
14129317
45424276
15283659
15110769
328673299
346908191
189550243
123536646
1072166671
14842636
14468598
82192659
25707834
213646047
127296937
1457256890
180819401
497505801
241288147
16646918
215633415
450696249
280826651
25058557
275765686
34343816
127541467
333024506
256611307
33229568
394134197
5870932
408480730
267721016
1331938596
612851172
14144238
24841698
18034656
104567451
69734136
22709289
116000428
298819531
1100085714
112550509
18863694
28601983
61608747
348663646
1301397690
35767916
16784095
20414217
809515854
275714999
44824928
472132412
309642648
18274846
18150701
7095492
14801984
401000355
17754586
65487224
853668180
398879351
241327561
342864030
235664324
78702265
726369337
33174947
16151935
32650360
376302246
1342528956
77040973
46026410
171119403
26554000
17214303
34717352
201531255
108108824
610130745
34916292
60280111
40620196
75327299
32836548
217531831
20819652
1428537438
105810697
409572255
157119965
43938158
1093530661
21356531
16875231
9158962
14827011
915569102
633109842
16499130
361278957
22701957
17880018
496131170
18907630
124329690
12161222
14334725
115184787
17986973
36242707
110631887
264380332
113979106
1163444551
275694184
83815314
29271228
17021082
120036324
36225621
35823189
249946651
109237155
1062469904
201980592
18087450
119767502
469742158
325108698
974351618
776230308
11503282
410555080
391295235
341096384
91794368
131646552
16222574
1273651585
28865471
14566445
22925291
212387572
51167726
85734225
55329265
25738274
46360075
232890989
205385325
211213112
1093727426
29807370
39517318
89255229
1276844432
35068546
29287875
431747132
99329327
210886071
95762193
1301173033
819284
1019091
232693493
25736364
17890550
16116412
1966141
17601203
13045482
245012016
569914838
19738063
1054614390
519628272
17821567
17083396
348014692
25358701
2608911
132038130
18460854
15063178
224074946
61014037
35577793
15412070
56254907
459147423
603378164
14910806
162252203
807184478
106794068
11073902
210173966
15121972
385125725
452237689
807163934
22770373
1242545282
17535421
95943762
16339845
60630907
95824538
35631507
813797431
1022811763
822253471
33040458
522432725
98176195
452758894
108816775
48969390
544446943
333945928
14187645
38285441
910937514
17420951
22638858
573873330
27418630
424278571
107870614
89321843
83311506
304943558
19206811
203815855
40930985
590745933
121437473
389573876
23055566
1092734400
973940563
15302201
414519192
16422305
461096266
164219026
38253379
946160468
34706860
226329409
40886778
451057581
266013989
19994647
21759531
108312406
69682148
1069351
65740151
20803640
807206965
195778256
42414060
171869993
622235246
460113792
21016825
386343661
280315897
22041124
32358164
18350887
42677603
21220289
32934781
566398115
176605257
14262772
446719282
977560796
1095909739
17089843
89459735
46672361
17400407
109489161
100608911
29974662
534253525
16846221
1021357434
110570717
790046
112516277
14803587
992033371
1087609376
274851574
94648246
208317924
39719815
409006765
384433511
17783611
48058627
41848906
849479006
35567185
200247912
622824858
200404352
38454900
1074799963
31611282
277398416
416919891
256783503
92503762
14866087
15689313
168340488
17879144
863634182
18441550
396631317
29816054
837132552
509345118
425564544
1093110396
23729800
357540688
374250483
372131355
191009343
210649473
230756630
149554115
114776751
95867028
87010499
78706788
75333572
75306666
29472800
24212627
22830278
22699315
20823162
18234841
17788508
17644108
17595289
17486092
17463660
17199560
16438743
16392208
15018422
14513049
11855222
5820022
1111821
920675120
827269981
167988953
744723510
54473923
404920070
1080404161
25343598
259371777
113799598
16156833
96196608
798647330
23300815
47714847
34518565
562207567
14287637
515543909
269716394
409488006
632355616
1010025344
14328042
17530562
389297073
786022
17156646
20566418
20449790
85032311
86007399
716561233
15287589
64699939
273738127
1061632994
161081060
49920951
582396258
410597953
96445203
48673684
191449581
16631675
408628823
1122707671
1143923870
1064936330
200454974
102825668
135912242
288168152
14287538
361969138
2066761
883910881
185107683
10946942
101551148
14590607
54191083
22166120
15018932
8079322
840979123
28676128
28572556
22862294
68587568
107423035
756580478
482481033
794287616
45940831
1201848121
96463996
111089718
20813935
632355795
16123107
19031919
48147773
106865578
39422117
16581857
282150261
15139036
331722880
550348829
229545374
550934078
319246523
297092906
558309827
26593506
380811421
409701978
337096663
98926312
271411469
898985305
308237490
1219157821
770078377
17343167
148903087
27824074
317438763
54606306
254848319
10158362
86613328
1163083219
15705058
23145109
399583158
24672668
707714036
284764300
17801805
282539104
15709754
174239288
123362478
130404468
310514803
399518901
326925785
18441621
19180653
1100310133
594832303
596855095
50407194
317952981
120835200
817673516
1167483493
1157143663
95965625
240463693
183549331
956752980
29595882
306252802
134342678
436058303
14296387
1110768056
371859588
215967770
23148563
15442435
41670928
72644391
526507682
22975125
928728312
19777264
96775435
358642795
17366090
66492642
16187516
497325072
112808368
378223877
14276017
362986770
388055242
36837349
13399422
44856252
589101710
17144971
15219770
90195306
458996016
15763428
927875424
211114980
488615004
94853648
25351387
178931725
153892829
19722703
224090784
57334102
11922532
513934990
186101501
66733579
34787657
124674713
112470045
1093261778
82693647
20530471
14163777
146395819
447141413
18671932
15434035
65790578
41405597
84344247
292203335
17370737
1013575290
581414468
34262175
541131205
16560398
330509397
23117282
27560369
285458712
59913286
20377010
44406858
74285874
459985247
1139962050
259347326
347391235
154175356
260286064
617843149
1139767664
15822446
89790402
302077603
263818866
18687892
622246328
955730328
76431458
30623162
1063815823
317853635
84868717
47628531
55873397
633949251
405080059
17497708
1017832740
53415478
48443722
356318643
490661916
172443746
757142983
369879984
361682738
87475277
223325701
938644290
55410182
613583868
1055931984
84591920
353074176
940188822
215432638
550052676
64433803
15113529
111317067
18998480
75663755
176989072
161662230
14320310
17188950
16199577
67711582
200058417
21772531
25503051
568973787
3445071
175147334
21369847
95206745
739113690
499081370
203745475
41062445
68181626
58241437
744460782
10203812
76927895
15225658
304743399
93734432
30481442
91311855
7583152
993201
40686477
8300802
21458923
70791707
19056786
14682454
2301051
20018012
22200898
14139349
15524195
318661601
25089992
15661929
15679116
17461935
31174064
24922963
1122596634
82625703
17189365
1101460760
17259081
601270110
19442182
18499680
65822267
15326324
16894720
10738922
27609588
14625051
19743954
55778390
95443152
483646741
16851009
22993563
14307325
21777762
45548084
21495457
25008625
34386433
444378105
433530146
25927769
874691250
884679158
49147523
16076796
114744695
39611411
113539216
17482125
308049589
47063999
125536787
169031915
318178780
16753226
36563254
16874942
317914503
344729723
596569701
519984122
258845968
1136130536
24468364
18785084
14645490
16493868
606584112
603379166
16192261
220633093
18943879
18486852
24057178
50823554
104997163
21450333
220202692
41306341
19029306
15788550
12001912
228810384
17579253
1002331710
39930469
89081091
281151291
25287077
13881572
582259354
390858322
569062771
14290896
378497486
324168482
238269593
808498777
233711528
550343318
11054182
145317952
341900216
359423177
463237485
37726731
787215218
170155228
219377914
19331859
228107273
111312458
605025484
47313818
515217273
21159398
27802889
24348660
900095719
19539314
501382726
241006357
611053667
17987125
14837928
457584498
42903387
25523948
38772730
228123648
820872926
536678963
18196721
633062193
153136930
43471549
23899935
20481058
18234651
537158174
162033248
122759220
7943872
55854192
457581431
159534035
60391325
16337797
17536486
604842194
15457462
16257080
360915142
26929655
634094567
863741954
21458912
234421919
1033331624
284845965
26010935
355488062
794866412
437610089
18539631
39429943
37118138
1004203578
19370052
111274182
191598808
353201629
422216482
143142973
491703274
827821645
67229847
602938269
317575089
580694055
243554613
706781642
859508930
859487269
467662174
494187504
492048212
534663827
551930905
113361405
519651644
6288762
87321877
1032886015
924475351
429110739
146768539
534535047
260686956
36475258
595794692
109777402
28882626
187681033
329177586
273964705
125154671
406278786
370579709
16259623
38610108
21138717
16438469
14590120
382047920
44751109
303770331
43329360
406829217
85115857
249050393
174248376
200849650
441627544
318917821
369423908
337927382
115945502
256922229
290395188
363955510
773976486
445878930
618211236
775065714
46100777
77423114
35563232
36405978
73986605
36301444
17564690
20267571
400083653
165924892
139337323
741632462
536860519
816012728
590400055
94744051
249347915
732922034
737537966
365860306
50118140
309282648
225553867
221991414
165563781
93472873
936106514
1006004190
983822269
961011192
1001242970
990297350
985213015
1037083154
988866175
959812513
834313615
966726846
985901078
112879065
592414983
564790315
633359261
720116054
468948166
546068459
90403542
103561964
293771208
558912111
187516348
505149970
250913358
17592581
333556443
252890019
22272296
568022627
38570287
58409223
37881407
459616023
250924787
53473187
347136137
102259952
218277172
217102136
191587186
17525291
53502657
175576848
44578134
89663825
311993113
384569679
473563170
404325676
397057016
201804709
475477073
375195439
357807891
69068372
313046212
347807101
140228770
283660297
158805719
376706694
301413969
323892028
388564468
78712735
305018584
376986411
204867328
75051887
125551327
227544435
16506571
97290931
48012801
208646122
115373502
87980532
283301071
48000162
56116936
30207068
48161653
75583402
20524256
16979597
28566021
28588451
51629376
51483382
41803859
19894984
40429764
40241992
33815995
40607615
23962922
26025988
39047949
41140566
15951741
31199839
34022297
18853350
16359321
15767236
33371149
15940736
25539759
18312678
23979865
24181060
16196962
18879847
1384531
2361121
13475382
15225331
14323769
8299792
10716072
10369892
15365959
777560
1072348382
121456633
635505751
457808035
170479423
41611404
484109859
14579415
398984366
380991543
1000820161
24731231
184476781
918563172
336312576
445432520
89610927
1038098664
26158489
363730925
117040707
562961259
729707569
23100166
43964510
16421106
249961399
253950036
154647635
382685052
512016335
22651499
567478341
39395795
117771014
28085941
15643653
385241957
28920339
17567616
167832157
20501113
57380008
159535431
187138574
396159453
498881787
17061976
282097654
156438137
171467584
747753560
481247668
39976530
363265288
316281665
98760915
218596881
463128459
1002624038
547096037
898463623
130696800
32699412
383564827
547643603
254336430
19682704
21894696
571054710
48567260
23364927
128674809
607720297
42300159
1042304659
194699143
343254281
1051071715
767601
66919943
176191546
8958152
1038921661
1060924849
988644780
944487265
20546889
48424805
29733577
156756206
35756239
125760224
18495076
14573916
289798964
95370082
938518482
450575384
235124903
18087697
21004449
206513733
96972239
262433345
729801260
217141519
431983412
77311397
293982788
1064423906
1065916344
501406692
38190691
405533299
9196392
354502336
605498481
14834941
42243166
38560234
25216751
415530800
43073420
151007448
864154501
389442320
20589548
87314098
170158801
29521350
15295686
432902441
380372485
222277151
17869087
14141562
24340371
468947659
29530419
956313348
19053307
152535443
14864218
339489919
19611937
117541829
951581268
811437421
1020148603
466666000
615279230
27385374
30947684
862188242
1011349687
250896922
76671522
730771496
75894143
390714905
81258833
842250709
61878556
957285660
18831788
248409820
315911896
333717506
278211206
30248571
921886004
25273253
15384727
14943307
166130070
905357238
286747821
461686252
869513210
19600921
118234835
67722941
16392328
1016030420
15863528
861329136
702904304
29915767
558131066
69526952
70873438
10457742
175400915
39789011
85648707
1037212118
886021212
423461605
497495168
24256596
14255263
257712246
35741626
477957487
49662919
465805881
26344642
218132338
250418422
432084985
24887083
145329050
60213983
277114098
18993161
271287176
211544178
146060152
545815324
28967984
18138592
19280846
563575876
756238236
120242491
20255460
318558574
23074847
358279737
422205439
563443401
557388198
756010327
232627033
427867773
114250917
31715918
385663524
146326644
30822016
18635755
36880462
18584841
18188365
959629970
257139650
371772599
224827646
16900850
24132192
710984599
81223775
79758012
375520102
545941026
17985597
21252507
297024359
18596388
334506717
968856324
916868652
71382964
8477872
359504960
187937620
795942570
122178376
367271278
444024803
134430981
24057232
1020641210
141710499
26443493
369248599
112742783
277082488
119692584
128560722
777065708
33606273
53575727
15314791
70666827
924611377
1017684924
11252582
47687563
1001579588
245419380
527577897
376106333
258466192
449851043
16592657
330344586
581191553
574231624
199809826
24233835
237493897
974157799
21699748
178851102
1018682370
15232881
300775327
18452881
1028282166
1039591783
255539583
1045259418
38012474
501723187
52074780
128947971
14626222
343539661
14399183
920554381
168723622
290675971
574087320
23876361
155004292
992530688
805111094
1045161235
55387864
18854728
171112832
88535193
838487845
865462717
283709498
38150665
36593310
142031780
294406579
1053276624
18565896
1023810902
97300546
264325500
379448460
93590235
985561255
20710292
58502212
989688036
260766816
514832687
35516695
15296258
20029084
443845325
991856911
831702553
123416986
143029386
556101220
19289652
988844568
64302040
140070085
386360204
318833169
926433266
830428026
19664652
313860537
19720474
809662933
334416579
35045870
133128555
142472141
757200852
28630523
328737379
384705781
35803593
225298709
49606083
224876901
32841299
273186326
16173327
62709340
15970392
74961080
17628633
443738609
837259182
44672556
21507298
74239682
325768802
427505132
375186516
41152055
46199230
960766556
187716395
241078057
356192504
138555043
223462401
772886724
35301479
5909832
17687179
3533231
20292065
16126957
79930408
47479695
165116548
8038602
18572616
904565252
71843252
97147249
8776962
16877999
96564060
289325124
18195939
932957318
101088509
69086414
984040200
17927796
19289178
143908204
15958265
83296294
66324812
67987813
45765510
434987814
24471199
468946418
417048949
23769251
194433813
869909455
318947682
199730433
1003825982
510052779
437607784
323394303
575195826
119560939
273603872
133554680
210289143
550588348
406385793
454455754
137796394
85164028
339262486
20528216
1033796346
478097100
435856557
12649642
179054464
1017701257
13426
93692695
259839167
901233684
770339118
457582505
34263183
172139360
559006230
211879564
535989169
60163986
564662174
47341896
99041652
913946875
89021449
507159812
976465658
455114459
468948518
6476932
144934037
166866262
31019981
16317041
31334194
249728498
11432562
37422735
379907365
241494182
77644880
16079357
225173051
287078825
132193299
15581690
378616246
420264148
19660739
16849637
321051940
193024833
93166214
340813612
297294383
43318365
747793082
15169405
127232264
79364585
897480625
229549854
19233327
564036702
120599907
54541587
237844583
110225096
724069404
913596516
997690369
117338738
22927345
27715689
238181153
24752138
463099932
300443391
105875204
1025925860
27852137
594802902
537040047
369715385
104180334
976225106
255236261
258650244
969145778
383480102
1005577465
58596161
846759104
1024522375
21105586
264962685
602980093
869878332
18364226
1003393316
625886368
19929489
602095419
19765302
136863374
16621626
398185846
587186308
1029018061
346393666
910974529
142787431
5660312
1021837315
76603172
1009337048
901865827
503115934
115359268
455045698
745339254
864766069
196972887
634481604
540686506
791650104
717867517
93466806
885489810
247867014
616735355
146807460
46686141
115499095
17075530
31463279
32915701
22518226
268568413
92229888
464017799
781333609
541558328
160224943
1007360112
301382032
19263533
135857334
322009882
142488867
994062956
981021114
330579186
701825964
388966462
16972940
264193813
1020073970
279761098
351877010
237806701
97631854
911510846
237508280
890192844
110491005
470740219
42769499
246103
981567516
38596022
17929724
547232187
136785713
16545730
17050642
77347405
120538744
40224452
510696547
56470763
14803387
54714317
8727812
16404939
360303258
241136232
70740437
247551379
25203646
460433112
386102917
227773009
477839941
44134279
382826406
882898152
415065724
414076297
19914997
14643825
65331285
18954425
40592495
21837533
595133874
74193143
15614959
19061844
460545121
906366504
559622104
464780665
17572219
80263650
44422479
16601312
195173057
17132768
586755311
587455652
617259829
22018780
905073708
31463707
16543944
25206720
43786290
104628727
137229094
21321407
836618977
15515753
125326260
44567281
474352036
14476694
162006072
923212814
82046896
197873657
20024274
447736985
99591679
44651055
79699269
231023430
149297955
76457492
595911845
20382652
343633893
94376561
81146932
21160051
15857858
63739173
90520990
22739313
21368238
332511619
19843308
47202256
84253390
347457565
237267520
16343608
22967832
194185569
43798814
735425738
257452661
470602290
502731244
728938712
123537502
44923800
574980179
28433939
550481992
519060196
572658047
90930299
593225096
21137962
544489333
89856317
798557834
867186397
984537955
821581406
105289947
183002674
47105678
41145831
45958932
218762331
102341579
991272362
211768490
56070628
156303065
594069871
351460596
120074649
257205745
839007428
49005422
93704537
136622509
39661496
18867844
76492334
23852368
130379574
91146650
363798176
39525706
381032464
18896484
79321815
370913256
948057966
96919983
3224441
994171153
476813459
21527136
234907944
408143265
498787330
463334406
23219969
22069613
490509135
15302447
398551881
30045890
203288947
1007163528
1010018395
22411342
358906545
22003783
22418885
23185924
310531362
65912191
624970490
117152071
990407329
347241491
323950204
171399983
15068664
491206525
593853922
8880632
860726383
315894538
1002527809
22740299
940111112
908412746
106491694
49705578
127937077
33888583
401904349
146588560
631047170
248695720
15462554
166239938
394302445
882123518
172846897
45824900
38450387
185653071
246770040
996194875
15893738
19508175
216347182
366775011
784446902
72350525
495445648
51312326
913012872
25877735
448117931
119802433
18278007
109000088
374184800
547000044
871097119
626094328
268607705
552194172
287191424
435550205
915031562
544574200
15539481
552802343
546878724
216994584
834806485
165429225
779111586
23220437
477323507
424591710
401889869
485217729
16544734
277724793
236614300
70628137
900662724
80976653
948315882
54424724
26190863
54435077
919329373
388668583
132047589
15032604
39986961
75541607
946861435
961708214
18990233
83463817
127426856
820733569
414854314
315131211
59146070
619327867
64426415
333500258
41758363
421128841
331317907
705109970
18616085
860249479
294074025
145369094
24619939
66919726
531291518
94481367
76624704
356635345
39279644
950018534
15979132
801202158
6231202
169163221
83349915
968328944
919553893
318761637
181310907
42455722
301903156
167844493
39912925
85021241
30475328
16536804
21648449
73131133
266804460
878119700
246462166
88457313
763735826
41211760
964186927
163869974
631867898
380655897
152772098
66998229
19775344
564633451
257668322
13093882
94413076
80651997
768487489
916960706
296914951
618518031
15817991
320308113
401922047
69080516
74495819
105043544
461368399
27006883
115705144
347687286
137535387
357544862
413507633
401594262
57497901
118276661
972785941
17806489
989162082
57541504
17565087
608425321
460309504
36142470
989212632
24361955
223527899
50148848
14071045
112242470
77777677
562258236
218740507
35684543
226773907
562654080
23500948
247458375
159968414
189080555
993278155
221569781
30048364
116001485
771805506
40741781
26735842
950685901
634755406
570982718
599444146
544730926
20452591
212787244
252276047
770324107
28330686
366775316
45751516
53000951
894830365
27502620
54277544
33664798
14870599
913110499
961134356
17365231
717596040
884702833
16261638
45027041
395501029
277026475
15171870
198483889
581214967
272118519
25281063
15605803
75712842
209692535
102152641
16908775
15014747
26023283
110231235
453867163
286770020
34997226
16956952
618409202
191349533
498724504
19208042
31406096
167180768
34361968
24911491
14448173
626818321
387267524
194566346
15928027
76014392
59444397
188167730
46524038
65034820
450789926
14884037
19154824
34951366
77550851
29538460
381013983
399619997
377391079
79082352
345847865
626712432
388331907
211634299
57556377
20491412
411845007
16441439
595687514
18620978
17820390
34414801
21703120
576862764
69535755
16294267
144996115
19774034
130974356
47162492
19841754
257656344
204032180
202595945
70553564
352617860
30457059
15496291
90313639
391187977
314612349
483130044
598839302
55550370
19921914
260848555
17041106
507106121
369308089
569462028
127215328
29250725
902085038
257073153
63008770
90776145
76404659
14686291
809481859
67034141
123997236
427317401
50034655
19921382
539286281
176212395
738170995
18638007
13768662
14547574
17520649
311741175
132062287
199270546
14216353
752284656
14217862
510189745
18507464
437925620
39179240
265113723
944960635
20781546
476172132
971091289
24436600
50742877
40272515
16430446
410209506
325617537
237034291
18772471
199373219
390218199
348651440
959607812
183144124
24683316
365657523
27022403
444940567
160441409
172899613
206358757
55476938
152138582
23661767
16856622
46096376
243285792
71555146
30249176
148418872
35741196
14870804
64482376
48935222
18921376
167589549
113593801
18940364
54733346
18294521
12798112
22635958
90716248
109517849
19848777
56800772
47607255
23271911
9082652
148416446
43155565
21279340
16127669
15464038
19023804
23934151
393456367
69604874
720575610
179159787
878114606
315944461
385484516
75393921
794402372
34963808
414768153
547076409
326966254
239622428
250743015
376470804
47319840
17788702
441426087
762961417
913714302
225677067
538865389
307879668
25683213
538408639
534559503
332707419
263854566
54317319
543544343
17934899
121217432
799948370
362052474
18770451
127600524
111312329
91474307
193273402
32620919
20372292
214531717
365759909
17846500
27618218
603041261
13354002
16202842
867028730
24164141
544654257
443885914
226264192
293338829
459643323
33030221
16920563
801402512
29298467
954790472
56357254
29645285
411045050
39641810
43156991
33872578
207323988
369534486
162861021
18147592
77317204
149933401
17788275
12230532
15057327
161415195
157572769
45048249
23596556
116273688
17671910
22404495
605009731
23665261
215309395
336190254
236054764
115123902
328176828
48225663
160754843
16903138
429106183
395137993
204857110
533323881
750607596
97928416
381014278
12299472
17353481
541847469
46281453
53032546
13464742
23057238
4078411
18778921
216776772
266138619
340279071
181319629
57330145
19031450
269023982
18149467
475738255
613853847
795074664
623075007
574469836
468947565
23055971
326190627
34282709
827673948
881962412
484966191
914009203
40118343
16795558
600255008
858515335
913122259
807530598
26249875
891030895
195144299
14299641
909294757
361378681
45129227
192576405
34657291
32393957
709776930
360727035
158821146
320807417
8780662
28118348
222479693
520926087
19806516
85144671
718410253
159546333
605521557
21358975
91895921
487554748
628954484
382904013
190255531
18156400
45817377
133420690
847505418
251253798
386872518
167855478
109892803
92823418
83679311
786865334
60349138
22611722
605833764
183044000
360452552
184517281
895530955
928767600
19976769
7858782
516742141
812857
632583630
15067623
120158304
482211758
187729681
388946585
81849288
31536253
102663839
40218214
33554020
283606537
380073036
364535528
182421263
278855754
91608553
183847401
851647592
330622798
574247852
21216917
145600904
455902834
14540228
16984020
43237308
565789964
316467516
17413777
70820216
14252911
273239599
729691412
261736294
361468994
728863610
229272300
22986573
803969761
15503968
380920794
14292815
474447588
97151748
575873284
14432539
457488372
36380407
140315418
26977937
112485376
246317530
14263801
761104752
27541522
539893964
569991546
337832942
84109634
582382133
67868746
538809608
312979063
543829544
41127367
65548091
19488976
25613978
205478130
551134408
21736216
52108154
60630437
182571290
637207637
100272410
175621601
14999007
414361273
84691166
153091481
761688139
412891607
501160458
731007504
582079150
36403966
84268496
371268445
32895270
291001461
50601230
65936384
373853797
620005686
844557601
541103501
22772648
548946765
229607058
571156140
27078067
18072090
532958198
607862781
588196356
842642004
212294751
403942389
43635444
777026798
33973024
97923403
124384379
792706658
781815793
371091541
587240287
575975039
96157789
91420904
24336673
70651221
488380977
581977191
492134497
250631969
566323969
560638523
43683724
68228987
381106653
785217961
20847286
426222205
455342457
28838093
122457950
277713096
22450414
18808940
39995132
875624516
45442434
243317260
768177350
55900131
409170437
557514264
568866223
15533902
574949817
216146031
50395675
37332714
822349753
267874197
36280345
68938804
341717776
830218544
563894228
46466608
199530047
252105705
873592230
491113531
95809937
35177082
156268914
258672224
282172026
261220922
129880223
717127514
183785121
266779800
744496686
839956477
243156517
187216589
807941414
107960690
220009145
555871343
208060998
598518137
428269622
191572788
83138959
72169850
239870254
445064835
601909615
61998432
45612156
23007195
35763112
395397483
16261315
34105442
127758293
20874877
19605809
20795979
60986359
14975085
344467847
776969840
36873044
386231590
14434096
312176237
235832287
552094012
146219033
703209524
30978913
369366919
245345372
90379747
100297951
52860452
613827225
21168184
577874328
14354767
44990269
845805318
148493990
800479513
208568172
878491501
525067907
323225866
74820262
191755740
843239173
615500149
98647298
232644888
31301038
102608242
793219586
14324330
879424908
173495708
873046532
381706610
867759596
16909272
28748641
196386596
22396556
214098842
277339765
21892584
524092193
19410251
22643696
17973137
207561542
259269999
49472317
10441
196676305
331138589
16653788
390505064
163487713
124822549
177675414
272061781
110608493
365129009
323340802
792706634
132641598
547633764
98311292
374882865
479917625
479912124
15508743
525506671
554597324
56311778
546368967
20596616
331228169
570269303
192931378
577978472
625081943
25927720
154981289
437716131
18049840
41089612
38169939
520674076
764478415
189833027
808346666
758279420
738282031
69422442
118772698
360698800
176837160
129297691
21982526
108309819
3709051
180798188
208773297
29523307
17722477
6469092
337628703
406211514
459854857
507938035
15445270
18079917
30484294
727548044
15726264
165170875
260411966
14099516
468949266
9248492
199503098
20100378
317378810
57806173
468947228
35745598
369682404
14445775
578426665
597687249
70765095
773695788
129003301
142991370
18299096
257082496
27874776
40337688
413248044
552801976
766672626
387031322
24280709
214318986
235474064
555352362
631997125
174683456
29685204
460547128
586751828
92114601
153739409
154556605
495416475
545715431
1428101
484639511
54924882
611442871
376383419
836562037
14126986
168579162
16211069
634820150
205881318
367798778
133413846
196639197
37367785
393414519
633743059
858959694
862046316
15771563
29010023
25397844
15274074
59249619
42660725
292948120
72919045
98675652
318429721
29876242
410906699
103037650
95244577
136232425
143388872
374002848
199665449
94850548
51633093
16275559
17680088
409518033
434282447
22634164
106368459
14800619
473130929
15706633
16672252
769851157
15353236
210423504
12566322
97487983
476149277
9180092
37726956
161281886
210193862
41153837
767012258
62762736
217159694
214372723
18583464
402158345
24107514
247370719
423730210
516116140
76686993
161128380
41900795
82987130
52911590
21990854
485860918
622073561
119822879
799608878
814124760
331998094
587714983
40926194
48689179
60955130
101428157
274790721
28023529
270279341
827851530
83915793
827681820
43846234
828200936
548690681
186781244
804868982
393981816
827293352
589412169
16011163
256613900
799306794
757243910
830681892
125517500
487663939
29726487
353129727
568430114
65589261
22982991
18142980
36848341
618791062
616312469
382082040
782190498
67465573
403492059
715484844
70722919
198699773
77178874
126903716
366625965
17060501
515715413
391121876
27835080
774587875
379213966
223348978
35443436
629528977
609644778
15841925
309882244
614075198
97931428
556325178
75235342
96171219
37905113
15299135
54555594
635200167
15036387
16158176
19461828
22995753
33522487
33902257
586600762
22824243
745428649
31522641
40423671
202072400
16205613
44525199
13499152
65034339
475432404
183093848
41101290
313853976
111603007
51730007
595098698
134802688
489274551
31173167
14522889
70220263
376633919
15081182
97530747
421187117
44645013
348212671
18346101
36861893
15471976
106183572
29738466
29384627
26480356
19904067
168708565
9543092
441208401
331534154
251829046
38458747
38139626
132723853
563252253
489894332
280398961
67554832
14447152
407473142
65580211
122004066
8402052
41218186
369588994
35176496
269358967
234857289
73769463
18181812
10334352
34000178
17971670
492039848
161463174
16787126
83236323
19713521
18628181
166209572
16874917
25057241
16546592
17986014
227768703
66758100
211847949
17006500
15836440
28062456
22976694
47507850
119466953
313354652
129296528
26688109
187239556
5338802
6435542
35610820
18239795
361573212
24282405
26391721
11148342
19273104
24212007
6446772
133975702
28703779
15678167
16580053
38473414
15912508
14433007
15854078
27216496
17641457
32800371
23405905
243502211
66350411
17766365
18814878
451331603
235317040
18185124
219184382
19684844
29072106
136081168
133001563
12078522
15582157
28194552
81689994
16897314
49404066
24027953
16681091
305214357
119773042
43952827
37353865
113619900
26920678
361520287
13396002
113474113
65589378
15559831
284467349
32324459
44171091
12874852
65577676
23135992
19478383
15274836
70461418
16248319
19218664
105305259
38804737
16897237
84699037
15076292
41410482
424814885
16934205
5417132
481050175
509047504
53264596
140984625
47528565
