2829794723
3460000642
3666314595
3252743546
2875947273
3431834487
3366439036
2886511048
3441330741
3066107518
2533415712
16320083
3394798869
546407506
3393849719
2871480346
2896190159
2239488992
2730710702
2710365386
2269523263
3439427537
2276192604
3394677533
4463427976
23940762
2813266536
65391718
268825229
1689210726
1323470846
28581895
1428960679
24087998
3910095929
3305124363
792398899
2416691852
18949451
1155985159
1767350778
245374510
1933216873
1683393990
1286273636
1275057848
1531889910
2935344764
2355919591
3018082713
2343970081
2835424928
2915757084
110437732
2984617177
371089723
2984875662
533330431
1295991500
3047884188
2631932092
2540062238
2935463437
896014218
39385531
701537100
113787132
619574126
28168909
1887607297
278272341
1177374158
454350902
1352167405
390306162
1601704885
1962846384
1650901898
366964319
22197119
631271526
123565032
363900787
469637791
599324814
109328493
296288727
26103389
1670764033
48420522
1737369164
621178432
1928511974
2409431994
274052942
3022097806
3312559304
57499225
1272627031
764165490
69675852
1640686358
34112195
44977883
3090707622
58468359
17207024
3300584317
124529561
455524335
29578815
116589820
201083453
2837513305
2360363808
14872526
3352831984
345938495
3349584551
1702889282
387122889
173892345
48853001
1705407180
3166838148
327326387
345377766
29769484
352526493
1704940519
1670676696
3133469167
1609351609
3311469708
3285478404
329167373
741014736
785239502
3104836568
70261310
3104876696
25292376
261517358
540022094
16377817
23626248
582338302
10683392
15825051
1374799134
978889837
87269548
1881304950
2491309992
21903605
141706548
8341772
115084390
1733796918
83196461
196790724
210897561
348441871
565519162
2481105272
308149975
2656765699
2813358962
2781240970
326811102
1650665562
1851815508
15969896
49864060
607782222
3301029022
102793280
335512912
53978268
2482795874
2991817806
569184073
12742932
23976408
2832091845
195702287
95733257
50418887
849462913
248980329
574899294
2319334357
417455401
13209262
3167278203
1534869510
327523551
8505142
239861412
3649953920
1339620404
354138353
2194745196
3105861474
956818178
20251622
22812987
741534235
2321156095
1527848845
2875792159
1499337944
468741560
2495265601
316905992
3271304000
112795483
3045626468
348724168
250333772
277894778
36217526
601554635
716818530
1102347902
384028016
3119272871
170906723
325835055
16783014
121898996
2786848362
70674403
186059273
772379148
43388176
3840457874
1519538238
47356178
2341601635
210979398
564276809
69628379
735034375
26159450
747896383
29970142
2785407057
29281264
347532969
2783173695
30197836
1648278583
472246425
25602418
1647650990
70461418
60349138
2921153262
1553546712
140980226
283284649
1385844786
1652541
243711836
66485419
14298099
1252562360
216900952
713567406
374031987
26809616
74483604
552084378
2533311350
321716217
22634164
3075614696
2586135432
2655061483
726486469
57020496
1665904176
619101692
12656552
309740877
484073600
937935762
2303931553
749523404
14334328
44860776
84906249
1426901946
1418365818
361257577
343149864
22503475
6351742
153546520
66898871
15922751
15922744
249789776
729241291
271083760
2391616154
1336674794
2527530847
1676010805
50650920
2540442840
143662611
979109413
218881944
834290622
620627019
1536969096
21762142
925590350
761929993
551291607
414837136
1620210632
176514109
54962590
772046786
160945420
831798650
2444153780
90708900
76386268
259993532
1620616525
14347296
1714109682
234014087
16463452
415796145
53087774
258169256
1883317981
2266045439
714553022
2371227638
557411141
12118732
1623298393
42534046
1172431153
1613486077
488783300
353414062
216215913
1099352796
2294898582
1700689742
550466004
212331265
42621950
895536794
442900877
1630534464
2278092252
2589837120
45893826
634292143
215895074
130891558
1120723626
91152350
1168974307
1904527183
2349528632
2361607832
61503302
91236886
85492768
33371149
570842804
2314074014
475974231
1546262760
104291848
1149138878
22037098
1281649184
61213618
701089416
80338216
375430967
3341266451
133819989
2731509408
330615869
563312042
751205671
910955382
28808383
288898882
357903652
253217032
402890332
207591971
425898381
26814748
2980101801
327918869
2817853394
127602869
268518686
177602518
1458590755
208734811
947879785
1658066588
584080110
30991361
303396634
85863469
719531433
6538722
14310068
14103572
355132478
2710674356
38491570
96855393
247973894
180190197
269116561
618561152
28264562
67075609
3078385817
180130665
1182833323
1170280729
595062333
1550880932
7999392
271915137
280846415
98012335
176725653
14084352
23959413
70464696
1601300468
23045066
55345974
102691613
31739657
59178942
369003132
2964849219
2727759108
26778923
40136599
22330615
14126464
14868444
97046068
353173124
1708013180
433031216
48564048
164133291
29331255
16046535
19097572
517746486
3316497857
1561454792
68303081
1554301147
282519443
63497206
14328783
190305650
89227489
22649271
97046536
2709534236
34744037
5508982
154361018
174478275
3316272579
1708063970
95273568
49300368
28594864
469747977
33862906
267929743
537440181
1080415087
18062123
2568091634
432160574
168776368
2535192050
334849970
3133237663
128599139
160630206
577426947
577431912
16248319
2398427842
2279647570
116845074
232569441
461186441
240314301
277666153
85948014
563920902
622843260
249932812
453452589
118110201
188995213
537347762
937469736
374486696
314408213
40577439
270091427
357807352
17762722
314786172
703751286
1022719302
429609327
94910107
787430336
469248069
379847497
802786597
277059520
294061731
19366726
2341887112
607280726
33996276
2535377402
621593769
562315974
275666129
19491160
1413671046
338750855
2920258663
2352517638
1213836745
33207582
111701670
20333570
260322213
2611539822
847846718
1231133785
59134765
456943088
2189126438
1561297867
3077798016
577794054
611686294
974093442
402753348
134870150
316611103
315617667
1632870468
274793711
158084514
1575296096
1672952066
2714755514
875971610
506698654
242461736
562299510
1325360094
409545330
787492490
410848415
1090653553
2955131865
258788418
23618466
486147375
353176791
1633495358
747137624
226015911
244664982
757811329
1098816649
620322332
60904027
1702883054
2338694154
495371455
2894079059
2771382629
288171349
1592139283
1541564984
426765358
3096689557
886950444
205831992
27060970
344799641
2320619324
25765905
374121142
605064733
16581956
446646800
3131275143
140334048
34342722
352686077
259605010
20621109
2838283974
105180501
791646674
932883583
20719692
757254793
1241601396
631950739
498475455
119557737
51714568
757493893
449761364
245248046
2962747029
2810401531
2810439823
132359339
261422415
79202946
3106069400
14926485
38595856
30959623
39545828
474164031
2964613894
3054721848
286814110
1221588884
1596759650
1328488572
2179518673
2867269647
3092855362
1954681291
2279160510
1602311292
2828930324
155942845
3012749899
67747952
64570444
759773384
2912817584
783190416
1418568367
154889475
28808058
121580249
1241554662
31494228
1230094194
52139374
3002363266
1583132274
1154682121
22809165
3073466863
2375593394
608294578
2678031427
203944813
39769648
69291324
469418885
24252117
2562043520
1134295093
1703371836
40957401
41180674
769602992
2365863685
782984858
1944264126
36737274
499923364
470715251
2732294497
861808549
2628943962
34403882
158048404
32280500
158484128
362639975
8071902
72672017
143449957
7145552
221833048
87570330
2815408383
119784462
989093120
10219982
1224006829
519848827
1660441278
317439923
624897703
2704548373
14122652
228732765
28755136
78037412
113713370
54285168
100252554
130596686
41619146
1615699639
36370126
70388600
24933219
22982114
119766595
94012974
583805349
73910310
1360307114
594503585
121524470
166866262
22922551
2747041080
153925839
546033286
1278971846
60410587
69666312
2733451219
3038664619
2342466584
61017110
32896052
94119449
1382736973
342259402
116493726
215621428
14774443
624785514
37957453
2862543173
57124991
112266869
377384425
571772991
2767526102
114863307
108735495
1873014781
382321438
1887720595
188361460
41869067
14345137
624704722
1668318475
807184478
1705317355
904540502
27721736
1325102628
1561336867
1013373314
2327147648
1148341153
137435775
733493808
2353430341
868286450
449420995
143601214
15223901
156719832
369048273
312254125
76040790
394057069
50422718
50072390
92119863
104677976
1858109934
247354615
8080942
290158385
612273777
745744458
6511252
2535314220
34732107
327385337
1528679936
1668411158
21432249
987054780
74305288
1592025308
2824876176
322859309
34956641
21915917
2818645657
15021469
2678071074
457575853
2409334200
2680243875
2743096164
2584467272
262538803
35724914
2230188942
71213588
417628109
1638425779
15209135
236592462
16664871
35521941
29783198
342284128
2433562598
37776670
2437127024
33967342
21415215
2239556203
472083144
524401684
455192741
18765257
21277182
15754281
342137740
2323104439
17363767
1955264192
250386727
426307530
15797425
493380127
13035082
19834403
164270744
564194409
8205582
171504932
576620348
31114116
904053752
1555633807
100305220
17082177
338607997
274076026
129833118
776581394
48783951
37000413
74279050
176878617
21900832
834083150
121291606
1910771
47620533
62991122
17087744
704966810
19062569
579421017
481545373
304630649
274182742
54246125
836939947
297550039
339099750
408123282
298064617
488444259
81191957
39548538
26629194
117427875
465832178
202457126
209762463
773844720
335318064
64825228
68964248
340068820
240682181
438594996
23722402
22394535
51083762
370275631
369264303
209181846
25022251
629651306
1098816787
1299890100
102122832
346336234
22234524
52089472
75628243
378638900
132273592
425166856
743762756
83504629
45675507
237021515
508755971
10859662
351098881
470629970
16952065
258081318
705143863
202930971
68598054
59850402
15445203
7661122
8846192
172410705
109681713
8940392
200571518
21402800
1169185746
1112505199
256622782
33882442
216812400
115941650
10308892
15460980
3335531
18826873
15249553
50447280
18656914
14091545
42399260
356626702
202747301
620549982
104817124
37686140
20083388
168309239
459600684
91016955
22626333
790868
22636092
417935994
347476630
3559921
458878524
454040102
47976998
454187457
318809852
355521624
461175175
460472347
336542193
166392788
462941537
370979664
321111449
438876643
466496828
26553033
426248658
466283235
402756395
200903903
449259882
358850879
33545569
289130452
469404317
37741147
424775282
167085051
420794907
205739788
431798304
481762364
242102715
220575171
456986459
58859645
487842180
250781165
484723886
58355185
33729855
489508442
27424061
12757832
51957977
439247586
160931126
377993563
18295888
268492918
479620118
502727499
502042631
48188827
264352876
414269627
33105501
471510480
436761894
505895877
203391471
513472102
19431169
63471960
177428256
230949593
20903505
352388589
5977852
31081345
399457127
522640661
128330515
97575030
520904035
21060650
361978172
520903820
390462535
520605849
470375717
49694997
266904291
9890872
403400630
330434087
413864466
476070851
503610316
525817926
94252345
423150386
90019285
257609601
15070083
246610446
300977642
408143
13016822
112315372
6572512
350987862
493703502
164735921
524901606
539574630
259054660
345136871
531912195
176815849
377655670
206184544
334686240
423407238
140123021
396889418
533129093
460802648
519154744
22887272
516625895
19148636
545602514
47441066
465912025
27986621
550350270
535464201
546190209
339676135
284820849
152436965
552905214
54081373
495455725
396639651
40729162
81807962
338523018
136638934
16292332
390467143
33739549
15595635
45738984
290863301
572213932
570508308
358302507
236030791
248063141
113378607
178060539
574746911
52878836
539345070
17846892
372346931
30167925
82680593
548045526
263728106
562297722
552365888
49204838
601958952
600949696
263831119
172959839
41543040
605490858
48915898
63647196
574810696
345609477
22435141
42628874
608780837
189357384
609148895
610094577
531554569
39119456
345161196
466017826
7760072
618318863
410025395
15882002
329363410
543713772
57053430
411967532
213166497
453290788
135338904
618555497
77254344
233349852
43955810
619953607
619404584
357306093
512009050
619385108
572761799
620969696
228436085
568798452
605656475
212475360
607419116
124690651
113958115
357571554
416519154
627365354
546028817
289435462
631315475
19974704
630992324
259127403
404402650
54783262
45266000
612318216
231611940
289124184
702926874
714462606
716235967
388916348
714459054
248249394
92320043
5296862
158776094
25515212
566513901
616573888
400437681
376539531
720073321
632189928
718532184
718491062
434617618
724461092
12618612
561236886
729378276
732871746
720798877
618563130
731122076
416394473
386870610
705470162
29251282
738492751
370344681
19994144
260487737
39552236
744883386
9914412
746299598
116196753
736921202
317370687
741141163
769419936
595707494
474490419
528016807
732809780
348754769
280772407
775075795
548862678
26793911
344196130
603036960
524273902
216833536
746174803
24005901
291415674
349611776
42786134
357032329
730874480
571924392
757355420
755259188
88499336
256804972
53259186
823752564
27332610
22019324
12309212
313970859
177793897
26928955
47027451
553751617
182768077
54203405
33241884
348211958
224045834
330008233
331037353
335016370
64811992
408306356
65436506
101582049
466061403
101214835
96194888
249890757
124028667
175035786
731162456
55131466
33125629
18487101
813807829
41425441
231686550
37506613
288984597
771561534
10314482
143564855
333613533
47959295
456224410
547725807
95488919
56725219
68285955
757303975
55362999
64945120
55118251
69304018
87873439
9736372
41117538
93658557
5120231
34714088
423747281
377588870
256800921
326429120
90427009
492355851
554474111
738679400
543878308
194671206
195478542
13499532
18195547
274555327
14262947
17123109
44368414
109688724
87602014
29447358
345696646
20706235
622190341
370267894
353901802
525454648
135964369
83698945
601991657
353167751
57412831
619415970
17759066
16857683
142916303
14509625
234012238
199316558
218969801
307907300
12723102
28101965
15441380
17049666
19304974
16712361
16626603
17369110
14884486
16134525
33474655
21226678
15585350
16743256
19037859
16582975
16635405
17087295
48289662
14534931
15946645
17468189
19608551
16132544
16931656
24894213
28140707
27706377
18143537
18058364
46751066
105235530
106832630
64397992
31947242
63143087
15168790
23787909
75098975
22985149
80048596
27687783
104561488
5694822
263275709
16311710
26282561
22671375
30231500
34727375
139828538
47482115
5972532
26759755
26603866
74732805
56879674
20272531
87500947
27076996
624003256
186176221
261311337
182100138
114533908
170058894
555326322
16914099
110658037
94847792
188598234
124540289
73935908
577189852
156417523
135921801
421976210
552703082
426123233
435890182
101294519
68728013
411807845
119564381
136375335
131243655
3268881
623137925
66447837
312384751
19546529
17374481
212590832
2327681
60603744
346914772
49686679
59531850
14632172
357651783
415662786
119397675
16679681
16695534
240417109
608349304
214333756
16145875
50100228
5743632
44742298
250884927
14527970
10099802
148808814
102847779
448996977
600934496
130169835
76376525
399209289
179973018
76965946
629575609
523437559
41628166
263363120
45955381
46132618
14999824
10686772
216928966
234992909
279773670
15589945
37425288
16296332
52183156
30313925
26926819
56108954
172072327
57457257
195864514
232268199
376388445
255059151
188001904
335399984
296351449
267918244
248764142
624870435
121472294
44892096
50337811
16045066
21431993
455198171
154653153
10775082
12975072
493753755
241646553
368630343
379892534
460522453
148380916
107838891
503908132
351038546
487659100
280693341
19278408
284464997
28177507
14135814
199527789
487586238
408975545
293766302
16669817
310087456
164021663
479021511
398157436
377709679
315418325
252724101
483125298
9158962
354644137
124631973
334100750
26752156
18552938
362619896
17521673
218370341
90888493
67323968
97724027
52260516
163969788
201533243
73542602
200122451
20738917
16430798
183689782
11137092
15108962
8559342
222427814
32175189
38977191
57167311
92875674
317292258
194528418
235735123
9891222
597430862
110505017
106837463
14152685
602197455
336855639
350249267
70000599
27879454
20196266
221209467
10645702
552054081
80849661
14420319
85906395
14734445
54730838
30869541
275121838
329535928
127544605
14044702
197275917
130675726
277633753
114756045
119835682
199355478
424532635
178169678
68223886
14800270
284978414
185479189
34755840
25175961
24816848
163500221
15222806
28178127
503394729
58302648
125513610
131978071
14420566
242454014
114249564
14594777
40484425
113075535
13221302
149162374
355769657
98408598
126791708
184852821
20542307
16221481
61762853
14124059
37687633
56810507
104184216
23595586
150334831
15279192
17964793
81921745
87798068
420919183
327739724
16930507
39982242
22718568
75298786
14364489
37271471
505931116
66528500
18416783
21941112
335086122
486046003
534311081
353613040
166182879
56699763
257680378
184806415
32945918
460426869
86520446
321098680
328876977
122363484
39886178
247357875
176286001
109021706
260891849
68590876
11113922
164098238
11875682
18037371
243642023
160582455
109345610
21235440
119491728
89059221
63469545
107807155
32859361
334992610
46655490
38527499
11260392
16226427
82176564
392742140
14642816
61530523
25388528
17341872
218497564
91264050
38281798
15343439
177617094
58563977
152288132
21717358
15046088
87360128
14096276
17188440
34478747
79293989
102562306
21822780
62860824
233574957
31236449
18278454
35821820
14078718
8809582
45982162
44610712
516639587
3110991
246339818
316902815
136097532
14261858
33405778
108369378
7700432
549056169
16651632
45946939
217076406
60713068
59110488
37003924
27081981
191675244
9885022
294184038
1692171
7123302
14962086
17768742
59332039
16893338
70544251
8431872
19861414
19633805
19982044
290878199
175054800
108469463
338650873
148854951
183420588
14253265
22859457
182539117
110755856
23702106
80366398
113452966
88816329
52541153
25307583
15136391
105810697
217882720
18482570
239171734
15785650
21330866
534731140
351148348
9884192
221961841
110201688
18677526
101569095
14065793
36101852
7099712
18389166
133875756
19199868
90310043
5813462
123310100
15485844
203106676
154309049
421406565
264393948
282745210
392442761
125396735
450776559
101348982
22798591
30478476
16310349
18966481
7032662
334348129
133809842
52192850
214170631
14149679
22182297
6066612
20224512
40843622
351626350
72565813
461949091
55049166
342875564
19451118
19398441
351995076
111074937
217508992
37091773
9152952
18308959
16824867
34011379
16857936
33235204
21685295
15883826
107188521
37722843
28876670
282873686
179248364
22858243
16005270
93914412
263960977
215017305
17100825
390334223
334721230
8476962
265012754
76449921
205432313
456883859
305885080
30886968
14157887
7612982
67028416
16890148
67919877
6567132
15281135
31433664
7717612
29394035
5550062
14075928
313686729
17297654
17087753
140964213
16570094
8861182
29994840
399750286
14528703
114074980
51080125
6859152
344256688
673153
122520644
15808765
24515472
19460691
122999170
2803191
154580463
8555232
16713720
13657922
29861580
19646364
15066958
97527474
192483829
42957536
174389364
260926130
360159910
83645894
47839624
241195957
171996976
46038835
182005056
277563320
253656616
21083557
287803967
16436569
16664872
15723732
55708554
14055103
32259829
16530785
159546498
19608995
19113367
25458792
10001492
429506704
15865878
122265201
119235720
70506536
12413032
18983600
18344090
53612301
264655509
39434512
389617759
67600528
90961345
280678008
57126323
9447792
271459142
17888058
15953397
18195050
35321993
88041228
149162497
48073135
87008467
5634392
19360809
57522800
49800299
154126936
331293347
256181091
69628492
305018584
21575175
369645053
243625914
435069875
71796222
426167673
490119029
246555931
16914644
41273696
135364091
18991192
9812242
66430391
22833062
346872011
15233889
21982720
134583863
156681476
25117735
23364243
18189603
20109089
55338739
196060943
35449630
50084378
36580937
44450972
34798164
289041652
117627664
6212782
226691677
13651112
100818837
16396585
103983157
120859242
10973442
408104549
22423902
15381715
36804418
25432174
104327247
17826187
52533447
359740229
296594626
18090647
18137777
3108351
282280747
14706139
7712452
8383592
287924441
61561912
64860140
10033402
55356932
18839276
27918230
138530974
63232868
13557092
4932131
101896529
160354526
277758349
247025917
69497528
17099813
252040223
297154702
19380267
246476120
26744205
23389629
7576162
610803
13205262
28836450
221067564
14208182
434984155
432807972
47416519
324376264
125784229
392900865
92313190
435823024
29139553
19021132
363938226
461476017
111053392
25154564
49025026
14293310
67351514
611823
11518842
2890961
14372486
161801527
12798452
24550900
14777405
121500845
65410718
34787513
5392522
9499032
22794388
2467791
327003627
87940762
191295190
16869351
823905
164691705
22052172
28622763
8727082
280650303
437823977
43940235
15866383
14369901
82963512
15807502
7004782
175034682
432594549
20531221
61948793
1739541
246466350
6299522
2072571
17223098
205456633
173844265
191737686
51721835
106809095
5401372
38665478
14554874
386689111
40199035
94191559
247371207
386251435
174401018
299386375
336185619
205882519
171733309
5763052
1336231
7982802
16405372
253651945
97342868
237416568
35219966
39694394
138138029
197126443
18777269
48900286
156394917
15893354
16800811
86431522
156815686
130711148
257595988
25780371
190615483
110862938
55448714
16358930
469450660
33412966
226260695
90484508
131035262
67700256
122462898
330726368
21827584
16724364
39755719
17870480
86366560
88760553
87815582
345064138
18906872
2902901
78964429
90026555
15651429
417932871
234896532
51239727
41169223
20202335
19048537
243727456
229380911
305074377
19402345
20870495
15637375
18532233
43229249
12401432
7486272
37016299
82993609
18036441
91384350
21908405
14188487
350938720
19034576
33409352
80151950
18376500
65704592
74508260
45889088
17004618
19784927
335546422
56680434
283493104
434222879
35199423
113102632
193382379
310050530
467016866
214527337
243675897
154722761
272561168
248469714
40361953
24560882
370808273
75069067
104267638
202790178
37710752
95486467
33205305
86138712
15335662
118530377
22060843
20801548
46686860
245424983
48056950
20249683
58607988
94394860
67012353
28108599
82155158
7494332
20544118
288033484
23161126
168658738
29863318
252291982
252687783
252334408
176491829
204555364
210892941
15256595
193010471
174771061
9831372
29428390
48627481
176422304
20412898
360006331
351208990
23450247
386761122
12828932
21948904
81859396
15836441
339289291
360167211
38160516
388240767
184514043
42540779
96138639
289397145
446807890
14243886
197549211
90279049
19135505
170061000
32970465
28328685
21303154
141179009
309591843
14309941
374418115
291385410
15652662
425035532
322631740
257045747
30109799
262846430
20316250
14641821
49650110
89714440
104653872
103309310
19664869
213414358
80599205
5415412
26530560
20079307
9971712
16454384
30096634
17190232
21118985
169588096
95742510
16530641
11694492
130513307
220294413
54662755
89017579
61321048
34674857
18958185
17025399
18506515
203168280
1331091
158450010
190366630
65141161
30968032
277314325
18966365
20770215
93448034
24172912
316404414
16174972
61297162
30088894
27989791
342345319
33552794
194633748
101066383
14569056
14511951
15948437
409486555
22331865
40124188
11058912
135337873
29725730
20691360
7004382
89711324
18049891
22689879
47348884
19164725
48913018
144272227
22528070
16045268
45690330
59238436
22880438
17045694
259829282
43196431
161698693
33982105
16453846
366046659
356548371
128535697
247822828
29506694
28155795
15449147
21890719
40358092
16689804
377348069
20784617
316664169
407801837
203405087
195989122
389690725
11442512
54231056
17237540
19358830
27767737
14114564
39522742
34360132
34913862
20080721
22495620
9459222
5261231
16872904
439514931
452389719
424860626
29287545
18009561
49045315
19272796
30223211
292470022
83750321
122543458
69127494
305067455
391581600
7477882
17132452
17687179
39585367
248795646
19679993
438609321
203096957
5695032
54555881
33588988
161158222
19403608
213478678
44971573
90438475
21870192
292857573
165712062
372995700
34471579
21385026
177081110
372983000
816653
78554033
133020661
63879018
44351168
36192085
49650512
212986232
80612932
385584766
259335294
44169939
66466964
12739092
18414849
22987905
17564715
7108702
19432206
221068485
19404618
19002707
14661947
21816707
15270027
50480441
156373353
17502369
185397767
217537932
50391450
198200087
15594313
111100622
137340182
368419463
20437704
30020321
16581604
37683414
14407823
9696142
9984302
19918047
11112092
40319517
27864285
5141841
84406725
30315497
16243405
231558945
113150099
29706318
84697957
73727968
107016843
46469313
52068247
63788128
132621511
824214
137540792
12165362
112286603
17446188
18807121
10334132
49127759
138874165
678403
7882162
15907720
115501905
62830609
54212456
57443656
15940915
37564255
26299078
121537720
52844632
16885945
7008972
82440270
50164427
112471133
103866096
9534522
1024471
111090778
43142448
6221802
15982308
8374722
772097
108655263
16307712
40046044
807095
157064188
29696170
29863827
17277340
7458942
16610165
8730182
79011908
169083205
10678032
160072738
18119242
65195586
219343929
65720956
15086530
355426860
146569971
114936629
215417336
7095342
21897392
60995819
70729494
36750478
39244148
10115872
1349941
15853787
30910422
15636502
59507002
253271821
261738691
274581410
421235239
17843439
50106103
47734384
41020872
29655018
15400119
10713592
27081171
17919269
20649815
34626287
739293
23236909
19551063
29128874
11342502
1665531
38297358
225905233
17762060
14147479
19632704
24820565
17899109
5753742
43023252
23258726
80559938
172779883
14416109
35258207
16028750
44342085
21764343
23278238
18662816
18107749
118413810
47968639
332275556
14494254
110206012
56541108
226857179
63261171
7381972
20032100
67727882
16999307
41569128
226684446
19730151
128162589
129091175
14440613
16824201
23326769
377657249
2056741
46303852
19636366
106767257
25137855
20830627
21465848
14324350
27817293
159582860
39993708
45962278
41644309
100333116
18491626
34334267
89056307
45573874
12733532
33684829
22487278
22485885
19253485
219036241
790852
67920826
36971606
44350303
72100567
21318607
90447157
27774996
82867291
30913636
38500966
17876481
19616718
194136096
26521535
143978961
16887543
21786831
16868887
35935643
15458461
71292505
22789766
20196909
191891492
190908895
41966069
52897023
36123878
14283956
277467988
40544928
218720224
28011915
78774519
44873497
115911638
15743206
34659789
56461930
12363792
48706317
188505163
221898508
16989993
18551586
34610152
25357355
17619722
44131087
35330981
22688989
20235614
813286
20437286
15704582
40557902
288376962
35515622
59010637
18368680
50393960
20408570
15492359
35415477
26546403
194748737
54289785
19074827
31424980
18825537
71594443
8870632
15894074
15147042
26774382
352557959
101858228
90831403
291926120
22049097
201882918
17964863
375269157
314675885
36467279
24812228
3397151
14151115
15705814
105357322
77084909
26659065
17264661
22016217
35042478
17034653
26038103
52832793
217039686
113784064
27965145
35904232
17443728
53431200
270112074
38087609
80370013
16806391
18323793
37241820
15466915
101034789
66008474
96157871
154579480
5417412
22438988
169921166
45899918
41967463
14336780
64629326
14231626
28507649
230246807
77333455
73309088
18590869
