236872980
19988832
126989814
44454246
3270622363
2531925656
2884502310
2452058995
1581978865
84830575
297698310
1933042237
33587536
249409119
281021483
121463257
209791029
22771961
27455517
4166641835
33513533
2468174872
3235521842
3038837785
417139950
2970067275
33952833
15649433
551105333
208273358
35125663
401675584
1420037221
2495139440
27260086
21055570
4003116346
33650159
394359359
1436555834
18294521
2293759616
50776601
277806330
478924464
17614200
16403943
135981624
1129303165
15138411
3274584823
1129325431
57782489
742143
1652541
6017542
236487888
15949157
27075032
53689588
933693476
17971747
198533289
22075828
101333534
279260482
14828860
481506761
15400055
41346792
18622869
18882555
2413245824
1428434406
2209230415
60784269
1895334788
86177206
97721879
112789392
134879335
44914646
3427200023
306562191
17652408
2205087476
2381518728
2279339120
85985754
70424767
2504558349
24155296
15138829
35695176
320670448
49783954
3210141
22225649
40711814
19042958
20518405
2669657311
111832673
2882331822
25101996
469194846
118845216
28628850
374138602
457984599
27311044
78523300
462104542
14669951
10774652
237403203
17454769
22047070
196168350
21360280
16518900
24276699
342814879
77128292
3235112292
631686353
15164565
151227268
2378333144
35366143
15086185
550568816
76966092
79807791
3364328584
13737002
64461771
17657184
233281931
1540996322
25385821
21816149
120263072
246425824
113047940
241139667
174099215
270901919
15126399
568728453
237768420
74712538
402944504
756075224
115699045
1477314200
568721818
1336806692
152817518
12031062
64579750
1968638208
365004530
20867468
54300515
348428543
1918695416
379962842
118756393
3198794045
70739402
1513328430
3396323782
199542521
467876704
3434136921
508900672
757365218
123268092
544591363
255396387
64586891
21233472
169203819
16850409
69390342
21665034
15041098
2838146513
339832905
19306857
33080497
19623009
167180752
323305899
467929694
18073211
157451621
134576644
3208376097
16183690
599110041
40297195
22948692
196877666
338006806
860552796
3232774856
588331322
240777626
321562928
606936168
245822213
2828728339
26511472
3219764693
2966266239
299364430
53210455
30122222
124319542
2893560635
2171098140
17628168
1446382514
2541470767
403760493
3296743561
1335002192
561690670
233552806
319207370
619101692
3330265215
44144385
556405737
28102563
69431084
19257632
189865434
1900254343
32198841
1677048979
554495273
62079775
4898091
21323268
7702542
2812073995
292777349
3310615973
1337785291
52040398
52492321
1972759723
561346340
174626045
29028725
2847962439
3048109580
245802466
3227291832
62997156
3012645578
415980691
1904253714
489879335
125986004
2381310606
2927883645
31277677
2944325218
37963098
266676668
2743288367
301598109
18735431
38495835
113758100
36715003
241382835
14114866
556168181
182885716
236489012
601018903
18173624
15687962
47786101
210813009
315589267
511310470
25122107
126162786
22209201
51883798
798967789
3055857760
3098120643
15875119
232008701
583873487
88807263
1500129642
1025541841
1689150900
216755741
2789708493
2662406503
1875775386
3303293865
11254702
3098325271
23106700
45202028
2382666296
36079140
2959186488
2333761920
473544930
19341224
492613995
284682595
2996493962
2203761264
3227792828
109038192
377520542
825387276
17738678
3194601574
214169085
3113057050
41404136
18914460
182384817
17881816
90697395
1230447259
33014441
370320559
88734180
1066586328
2467791
178393668
1239620390
2789764117
3222586801
476042834
3085628363
29003939
1815971
1552065584
1493337128
261375804
42796397
365823722
361532760
28381862
14645160
34802008
2560215367
1937532769
496608682
784533228
1939761
64624652
882398317
1961373842
369341304
1945570652
15149901
57833379
171076401
1536791610
14744553
347312497
106105369
19557225
932768563
65003619
263403738
3178034742
139974630
1244521669
24598659
155581583
42330573
22799750
42154568
391493439
127716939
389190472
3246677075
27108406
2316452604
18934559
57304456
1343380548
17367683
1623499152
106139532
545273920
2437238072
825626581
122396513
41374504
24020586
454214206
19083676
190730968
26302394
3237497439
573964812
3178655736
214115793
1222348183
3181261812
106936889
3228954167
2688446539
69885274
317627320
503580426
18460588
188711116
2684409717
437716854
37529220
2944298652
2277114984
384407542
1050539640
2693069553
634598384
475988505
435351024
212297304
557250354
2559111110
99453073
14934818
38550675
3171871285
3189915688
1321237544
1718948880
451815639
517800690
2344113829
335882797
1051653565
263787236
24295283
394416833
280621850
473329098
168542410
366242134
43141008
195203803
34632392
24429174
162093803
1652954358
25313984
135004730
879045121
25669413
255235191
14075928
3096883264
347233328
240092012
36139166
85497331
3188743137
1282343856
3080359378
766747098
2847481325
3030833657
1588687915
3154631530
18198032
443954629
3074807843
226585259
227114036
71438077
25207736
3035461637
11377472
124287124
402884773
16996970
3152566832
248052290
219639041
3040335862
244666416
2950717732
2940545469
3133958007
2783142168
39522396
3149459015
20015311
17629860
183233772
242822343
1898872286
3141917042
23967190
394808479
522971184
47426539
552904853
34746072
128714055
3055271537
2835552942
97525080
3103242459
2994916294
3068680649
316349386
2525106410
16667912
2574321799
212290239
20762463
98687810
23545095
16214875
14342564
735625202
299146920
487736815
17468189
1177092132
460216620
390912315
443249564
3098037592
439696954
222660767
243358293
28785486
296623811
13023332
1018894987
119491006
1632772304
589233680
23310112
14719837
3083461471
3067253603
19329393
3114876021
2511541668
385351884
324024846
1356013837
607659322
131011385
19037728
73986605
1131644978
1249394263
18245078
16017475
2303751216
633980404
59145948
2281220347
600083177
95439867
18299237
374731886
1633898635
63456144
196044877
1593735296
89766737
32397502
48128492
19072472
14761891
380679343
262355899
15814879
16597676
51263592
3085097183
448839940
278041414
2784820064
18216558
30704079
595552176
21825193
16796839
21054720
87272842
3072853157
38518356
2248827656
2848628547
2846040954
2674252405
59247894
2289922932
97383592
312230865
3003807528
2595303872
400077630
232430064
398879636
20212452
387250527
245632655
2546363749
38052547
114565934
533706399
2872603008
2864573061
86140576
937371366
13463862
26688109
34047021
142342983
2850824285
32659683
1369686798
124335068
75415912
217435993
193030139
200709036
23066012
36529565
32438964
1222985341
1278123914
21655767
21735948
20764535
217196240
3004221184
1537636615
2396592470
296384413
1687146278
27042513
121626258
98809456
32058661
2983201179
240944468
19675644
552257146
270377944
2863006655
211918431
109025212
2964753454
56004995
2451173628
2986731495
988851984
2961351730
2969121689
15367660
844062906
35069304
20173383
14271230
39881649
1714815229
119116956
77512461
285320551
32964857
635807498
263188404
381117888
48432316
621718991
23943194
31771574
847166966
19303228
22280208
1263107750
789493188
46760519
2563658946
586136477
486211365
26943572
28011915
70390220
22849278
69059958
44351168
19770949
135277152
537198374
19316448
25573732
22151638
188877228
282754128
2194370513
16826656
495192718
373080354
16806391
88819630
864074346
785147515
2330656537
23225040
36056971
277315686
14955908
596912223
343171266
1180379185
735643603
2896307753
506838625
61029937
114782468
860747808
110884162
28856177
239609988
22685200
121820614
2736266578
2955596087
227538614
16307039
32043233
1219824320
77024182
14781155
32676857
1081127556
2613869898
715711729
9857052
41119709
175520749
21096675
919596510
41523902
42948216
2871661250
212747787
1069246160
2390163222
21499556
78183672
71318216
424287022
737589126
2148980884
405930235
27902825
22937750
13784832
67370542
17164016
2325482388
24176078
2944331246
29480939
18479513
28370738
890891
21583826
236548150
17130917
871021394
19653125
24357823
458655536
264201557
2916424631
2892134774
2923165013
1950213560
2709341725
1486663045
2921451196
293687738
2915676166
550350350
25276610
29209404
57338289
16878724
27059356
33721766
122464633
16688226
10285432
24771871
16985818
15754281
2209517088
280476848
407306601
15432119
253125279
14665169
14637718
49677298
370848388
18049891
23487907
12117252
30289355
372671058
496180300
159084106
20926802
393541673
506652594
535412258
247613403
21328820
531788784
14323188
12952842
17849234
28842244
59206574
19477758
15291042
19778050
20090273
15160137
19274269
2382172728
130952621
856618064
172385895
19777398
216366580
1582853809
2778239236
34644891
2288717138
25575465
27036172
568388949
43206031
1336906862
751887276
26257166
2557521
1283190926
490991627
2544250500
602746575
76951476
376949684
1401009632
1305995330
1302211662
241835746
33254915
285039441
15583501
258559785
27681687
1375244702
32277979
47336979
20545055
182856529
807095
465123413
822713107
1023096199
47939924
10168082
11134252
27457788
2275245422
2800286264
61696497
108637586
553873181
249302944
86135319
27085218
1345775251
176599521
37347753
131877198
155994114
65664308
44432523
44666348
22891320
384172230
30008146
419735656
293306688
23193243
35777226
492742094
38435380
15063139
15137847
39993489
61270808
2333580176
227220377
381520155
116544702
231746892
334739729
361925347
177927463
20506396
263147662
56693003
1252182254
301214130
30575036
1076209057
1686421297
17659670
194575920
2840565032
22061678
101822770
22642626
39302767
24922704
89038127
22102293
31174225
2755226490
551108155
14283508
240859293
2259341119
21155483
1858005134
92879011
262140711
16868787
544845927
2315756460
1631685948
190472338
286645276
321412491
110686784
1483303028
35935945
2788231453
249157678
19716549
43382551
16082637
18045966
538193943
17446621
17837463
87403396
1410545208
15653527
65691824
623836793
1374736112
522333733
128956175
90420314
15227791
17017636
330921167
89539134
2516614945
847517948
2654112097
14215609
126082864
248715444
1135784310
19777534
29655016
21702363
5988062
468766262
26009126
88750743
2687567065
25996603
192991908
557610799
735833689
2359517153
72892290
301244128
177842596
2439852909
2380453706
2150072851
2739240467
2348656812
2547003223
91882544
1383097530
2597323075
1004115162
13754892
2555860309
2172583326
37599351
29398764
2565909604
2200401781
15456271
16328038
39738857
48551786
220336959
2358554334
205413446
243681555
253177112
2577610902
37824706
2571934520
16320596
29547807
205915163
2582718222
2433914972
87178949
490655481
23597870
37066879
1354863037
257700363
210858874
35247380
518510715
15548531
27368162
190061591
583004237
89829800
378670867
66415679
17411500
46374755
32550671
1618558825
25767670
911740645
285549372
2632346278
2496714332
16514549
21400091
26000577
26137542
23577166
18734017
48410093
122957660
599644531
39104833
38937071
24958655
398031903
197477697
2419370472
1722881942
15740491
24026035
19658936
56756943
16331010
269937240
27358316
25717815
596770522
211530940
34441731
102385954
16650198
572271029
163875170
15344545
420088358
618284718
2424537474
330573646
359428706
1625689932
14192589
630499555
552053081
965223408
47387749
16303106
1468026620
267719395
454313925
433952536
176617047
252264686
44030071
203226736
122474769
27355297
202195283
389634508
20105348
1113138325
165153530
22447425
2382123708
2319123949
263292498
221880379
178056592
27074714
113036476
378667212
1642610598
16543775
8795772
240234721
25129665
256667671
46112754
19988708
481468399
531354965
16889498
1655760078
22940219
1881357866
71980259
20657448
887280978
1482219588
185465709
265710379
18235902
178672456
20072697
178835600
299373263
16546189
492399548
260293048
250205792
54259847
134213823
106136961
25672675
352115554
329807741
417265667
111017967
22289209
23001423
282695161
25133737
21666701
33625320
227391677
1339840286
167780737
241302205
1465054356
21887802
208600977
481477639
448229925
1536360950
179208227
26781189
435697606
1205323670
131293090
45372053
60932278
19834630
551078878
95193899
1467809412
179912967
22782749
218523764
204186813
23502700
1418336918
38326474
135127952
19409373
234007768
18300792
1035491
40852968
35116297
250736720
388013412
347258474
189832643
27907112
19307259
18458365
37481100
851562637
57788099
22812208
30350275
74550604
114476181
19401702
15012486
1280620687
171268315
41833995
292393101
35098990
51241574
549237649
52289067
1277536440
87732473
13160892
28163473
47392385
49789185
19930211
181946453
39148571
163738577
21094636
194180566
108343240
29343781
16017265
28073139
157112097
26565946
18228898
19542638
18736652
23962323
14505838
11348282
372575989
1367531
18128265
17444573
30973
15693493
18948541
25589776
3108351
443944804
1171685065
77510703
23216694
168295477
315231687
429014580
47739450
9763482
69773058
24295482
17469289
90484508
451586190
252597927
24917191
500042487
184910040
14529929
238319766
50575314
19553409
15846407
23970102
25073877
18646108
110445334
50055701
14839147
26923995
32723188
508693239
397430199
278047096
107123483
23976386
17339714
14971865
15258190
14126638
50393960
26053643
115485051
112508240
119227556
15485441
38536306
19659605
56405314
139700784
