778414063
4427819899
3559432221
363125699
157140968
711360740
476199422
3590183723
3071421843
2573271489
3639294318
913875721
2864968280
64964279
2600568907
843112550
3978987136
3392706903
1117957238
3307702197
1625877355
3327715346
552360891
433964753
2538220347
2411035964
3293839581
164450990
2487966482
3690988695
3850226477
3973230436
3348463767
834500911
2468417128
3926526853
3833603313
3980688923
3410539594
1064666400
3430825522
73429830
436408460
258175185
1612954993
3044755683
1327723807
1072437343
2247878281
334035703
2191502353
3122735603
2485169447
3864274879
429134902
494746755
3276085530
475289450
1093679149
535061652
1574496289
2915917980
748668096
100935182
903193586
572186555
2152358133
2848066273
1078019239
722672078
373680618
1026135044
398081114
2899999958
47275502
504501209
889643202
2696274842
565524040
322363576
737668819
1488658722
1215407432
3192359732
3033092186
2833003777
3958707435
2482918759
1613469600
3880083377
1114779582
1272872762
2161794780
192929416
1497725328
53303328
1055209796
2901850663
3973234341
2655830472
3315070206
775559492
3467876175
1541025062
20839914
19028953
758543612
366232557
219049532
27195114
576688051
908673156
258415552
853014146
385155605
23617610
1007608482
34507480
601298466
1301154212
98288395
1928808733
330580745
111931751
2274924564
524657792
1107613844
2188114869
61003804
32959253
278834304
324111234
21025042
1689155598
2480850072
2568121877
2247884886
2326271890
488242107
2329323541
1141461181
543088386
1132734320
485854360
2623247074
2365014763
2242915207
44473103
1925157330
154048214
2471925444
166747718
44084633
326359913
2339789275
2620038301
1256006101
490945690
1120561555
255388236
335599653
2782910431
2788509997
785238434
2285692231
2548698163
37912007
596804879
2584522964
189258194
2368289594
2839665431
272660716
862069657
22733444
2871524242
2855097053
25365536
2316464970
2200634694
2554110254
1261249778
403246803
2906008822
1547513437
321108172
340230457
272158504
456825963
358506847
574726427
1618387652
1145662760
562381032
35787166
33660389
2575349449
457554412
2874402233
392742140
2972662888
2335849027
2602708329
66339576
798078170
56405314
50184013
340431323
3228530166
2419231592
2189273077
2828887829
3248123172
3060079391
2423027420
3306484243
1395188652
514397514
2866802493
395927808
3076595087
155620016
1935365047
16358930
749952350
353805820
2937555538
1549304935
2845524491
3400552906
149760844
2889474187
2864365036
2865675665
2520275782
2507275083
2457224491
2935297408
211413954
2545211525
2956001422
2874741140
2310511498
133044732
3022624827
242986192
357399009
2858145327
151984072
2197384078
3125440937
3138708101
2940893963
3013915105
3195818425
928520490
2905881219
2883586863
525728747
3359358376
3359507350
3188751959
2759460706
993703824
1040135803
2177485984
552040861
2823491487
443199626
2996005414
2941750432
336052152
3322303875
2398849093
391766759
403804246
458859577
622430764
408181104
1911535782
1455645780
2390089871
1031305693
31428361
2646944334
2719327570
629515210
2847167471
927703177
329314181
486335905
3105886590
726393985
3549807797
747674406
2883404224
2409101913
3335378025
580014477
2302070534
1706148260
1261811234
1918655311
268643952
375930722
471556149
3160651989
2229607090
232923110
1096842120
2324819703
20567939
2323944025
2766057507
3068312266
1508545334
3070349592
262296279
1562192868
2788391152
921709441
2513205787
3303315021
36980342
23151437
20978103
16900536
14920785
55117855
23375688
148496087
26527812
293850289
148781366
27260086
2246341620
30364057
268414482
176566242
19519252
25521487
14230524
65733755
21447363
44039298
15485441
21506437
6480682
17919972
18948541
336116660
15693493
24581397
17074714
169686021
14353392
20322929
16145224
17019152
