491435122
74789785
27056744
13673422
169711325
296578529
189701703
26648856
271202842
53268370
40672070
290738036
438410840
345071362
55610804
197878057
75556706
35228386
163292008
20376385
29649973
67317910
65467375
126508402
233770763
301188029
236645515
51221284
358929813
60740751
141402880
28785487
342527665
214107326
25071814
15996663
219847310
284388493
17852045
125954711
248343655
20987308
116908489
18089641
28126921
61758278
7715522
349321662
79013080
178166097
46506220
110735635
41167700
384089398
56579376
262219438
367142124
258949752
34947497
208772152
466586278
343667700
20211144
308184363
361611200
46211065
215175771
196283181
119590746
137084885
426857211
22112285
98955453
270366671
19060438
389544646
130946133
137542150
271966200
11620272
143443198
114255340
96660797
12413042
454370431
100112433
447490093
103989293
18637377
34144677
87012156
18307952
427132895
188482607
21351261
458018654
272275768
105310764
28452899
26516793
25638875
38325400
23388784
465062141
256691314
19715178
17311799
230035594
18459141
18067358
14813060
56069572
54678732
36574774
504971539
15018030
78930516
117620701
52218283
303750059
59648065
16552958
67403651
115771900
137850473
182584207
482594957
67160079
96512789
222307703
33014161
16206860
155024868
285972718
145479750
283836658
171796509
418822773
18865635
71922270
233384793
16403510
309306825
435527961
227705583
57652284
413967513
18481646
40753694
316517921
50741551
51302513
527901933
337295014
22654089
28378783
26105645
437672656
478295007
32207183
242966621
346143977
67101205
77636043
170826916
302307818
547918821
15342493
518448659
272230279
28375773
167485734
95770647
17241189
555286900
529069995
392912193
382192474
390266122
47664508
326793495
27727345
63630036
128421576
172321326
34129909
261799950
38084788
61419130
541131184
28398124
177812275
182399969
580547186
597836140
44524262
33584195
100038533
15366177
430264503
21127189
157411991
403477537
52498149
737862258
739327946
582599936
741082602
741365335
168996198
85213460
119457028
24945695
355054018
90906944
222601798
758170884
629473376
227670986
397352130
408002330
119982117
14236712
418424717
753650624
87036974
74452220
472267667
751872320
41819294
60473859
108033685
19947404
82623361
636618313
267383267
17340439
33923227
232049684
79027838
279636451
195750280
549823072
57400735
623433048
195594923
24792301
15538425
600395997
41784867
762256548
961501496
282609601
73556746
248433980
81398120
540330816
63319872
308821519
1035325464
37570453
17288304
19021008
415628651
1029673916
519638478
19139479
602903229
904484233
1102596169
346884187
906342198
350157272
35483695
67245484
567118139
63489843
420882172
274253464
75443711
339235655
41557259
33759187
275290128
67161598
520764544
174267475
263815776
436151675
45936896
522768922
41513126
15429651
103911914
19548801
160988871
32898961
29894825
15906258
264039629
750440137
36260094
1172926940
333468236
398989949
121861158
425958111
413685289
778309536
810042158
372467058
484195208
36494299
465239598
66048323
1087975322
61552546
19739357
29875524
36139280
254158305
292884822
247492297
111971527
614083617
505030299
874355659
94487116
320964807
318054045
434398279
575540566
738321192
275301575
827423491
906145208
106015251
30004698
68290414
454231985
1218934100
559940128
79827093
93468128
448957216
1255131588
127022168
413386810
1242221706
36776359
27897029
68719789
187718576
783019788
99029249
1320913507
349981896
35658148
1074016165
1278570884
355900854
96181618
95053673
25122722
27271913
142457821
165782748
719056602
556839677
480016995
28253404
273994979
1327420380
161684466
37794071
534550485
339885121
145761676
494594822
18094402
407402158
194325577
362214661
88834304
350032685
621174346
703182589
869087983
375861815
21837605
532618978
1093444471
1357299428
785348718
1322954714
101876459
214075458
192743337
45847175
331679197
1382767112
554161311
1392483433
560430656
1395647250
590481172
396267561
135686039
255753144
509041868
69310069
262451808
414463873
356390636
569613008
362848596
455197931
14278802
4662571
357821077
1323613422
595060936
277363174
377532765
185525084
496268288
316597958
441048976
396797150
1818841
103988625
218599844
31477855
446304615
1575554678
126316387
467882974
298329483
159862679
64602948
352068427
1725955285
110590687
186626963
36385351
179583043
601167231
284133223
528032528
1851648236
1525667455
1869708140
562476824
249969140
11538382
1852884522
91430960
438573405
1621725474
88107387
12505422
1873742670
304537671
1654127863
480919453
306040774
454046536
478629723
370645323
877013143
76053521
93695964
1558138172
358180102
701031982
597958706
1306813152
187208169
631312309
203299357
1605332310
1880816708
1229093611
1948349282
44223016
29831183
589182656
1327597794
1558420639
1682026495
45127291
1663386349
274221066
1393124294
412780142
1708493258
727170697
1965518275
613050527
1965968324
595064344
260892963
251192251
433042854
1967085212
313545467
423014823
1947362970
1161788028
1689126164
39862341
249939065
1739489820
283660297
441153344
1618213843
2149936862
14312155
854154852
624975082
1225098367
84751736
248967008
1476997723
390282186
2174159634
112815183
335609854
2192229622
1433208422
795866594
54041387
2151756578
2170289695
9744472
1227464414
1911995461
414157941
574457648
240849597
2288986884
211713351
2278187879
335007606
2270682828
2290163773
2209271941
1021099232
971012582
2291358331
146218037
443105859
832223665
307677499
189388958
595826214
235414043
1027113150
420640557
780419
307636674
2168872029
1191017946
405284803
113531123
1909478005
189626767
2281421646
268034143
269074584
2232785111
437591867
52860325
49046830
166008999
2306774663
2181109652
250960618
1036042045
760120892
236598396
341875055
180182734
309833414
2179065551
1708282364
1564885464
2325686929
2326171327
575636794
24778756
2322692535
834563544
223271665
86937582
20787333
546186864
203614578
2363178782
24368098
49197514
498365686
133244438
152447758
2364808238
17323295
729331038
547163750
112280805
325768308
96028498
510699510
2353252381
65562086
546364699
227058012
293322923
493448052
608401898
1451217516
603646548
61564504
935929249
36676385
1598661414
22444108
24319502
766864832
17160178
343769038
2371931053
715567279
2364952063
1328036642
766314493
751889142
209218225
2375828935
714146220
1358322336
304441672
411788654
87101934
495490313
1880725716
164671116
114339203
577357696
474318916
40416582
23672694
237809752
215864266
356019402
759610591
373095036
258438634
510523851
112814906
172176348
270400933
229656018
80597105
436178071
231487085
605786399
44861228
73137493
2259511507
711303065
266175041
606032721
2191118797
551993549
257041344
213471256
2391667385
509392745
1666438267
23453460
716602718
2250674013
946637336
22057831
246037178
268556565
2338728350
516031566
2424665451
1713686154
52101385
1765771202
508955321
393707691
1244098603
92078199
180758839
461643865
570231193
125480975
8883992
422261553
1223408606
253315391
1338062252
461777650
2460176373
594961779
220756450
2389739232
1046449832
2407497554
1347393876
312163663
281861941
577328270
727529502
26932579
2363291568
368795992
2483828742
2233813698
126929666
898355684
2484648517
2536014899
866807970
142683977
549891773
271133818
437458829
38717962
462311962
240843438
36715640
766767973
211306236
553233103
18594777
1035901088
634333254
2367702043
433815775
507808975
202387918
27920572
415824988
211413777
429412156
42882880
2716811926
1098506448
25563025
1567028113
2717329529
61295399
76513403
2610883688
482559446
318248858
497374323
2362132816
559824986
2667449730
944574192
2491594856
478429106
629443128
115200118
167509862
1927471436
1266864013
23782932
2724749223
2405013390
2574505335
2581125811
633963564
2675259992
2615706554
249920321
769556172
446631842
562203343
1564390544
479315412
964863751
2750671993
350508914
1865700684
2198749906
1395102673
337967168
423497122
384038888
86826399
595705780
45580509
119420811
749262020
270621969
2325014927
315259475
27051177
1345704181
969285961
1645902608
179722639
417638659
141547746
606558408
1737257251
2413422619
54932291
2265465730
2330943939
636381429
2321591406
1418923357
1932197072
1583564959
2487238599
260970713
438904072
393500831
353503049
403637364
494466210
366148148
520768112
27219391
447701821
1677116929
718515084
1703011165
108940412
369491578
1105461782
453408373
417744238
425434166
244061314
2691082320
274042974
546935125
422952507
379730720
593925106
1673234983
1406096731
619753884
626054968
187357464
1701928434
1002002366
2359943347
2693257089
1064385132
2564415110
2766811410
489796808
246607970
159955067
154347403
26381717
49974916
30391971
566964237
272451163
2337355796
590013800
308851457
2190663676
447364743
233105915
150592136
2571431389
574511639
186863700
1666147141
47472473
2346049083
2801139106
760456920
384672197
2841688116
14896295
1537049209
113243221
2824456549
557242416
2866329307
1268044459
2834201967
2874412212
291533134
633912048
441999293
19293541
2677403078
1089770382
1946815273
117046413
2847444172
2872614755
2466014189
1007589222
401146166
1016489810
1371697921
928365696
1138429770
2902990294
2876949719
415147733
851660815
16616349
73481510
1036065295
34856122
2866536219
31197738
38904547
959986405
164017790
981495421
40669385
487713054
875634888
495371843
848749807
237447964
1043194262
1421842674
379465555
298901386
333782268
2732054158
748447130
2934373509
2413181798
331633605
521637978
571005690
766213316
250448565
740914171
525795592
333192648
173445809
388480101
474607805
2159653958
735829417
545547861
214109246
1894735813
98907040
2925884398
2264519135
2949768634
2374677647
2445944578
2464981939
2481039126
2596646751
2871165270
2968854814
2175026832
402396681
25860109
19673794
928850335
2732090789
279839523
363950461
1523436222
2284801427
151566942
302186311
805395366
625049000
242920708
1398739622
49789568
246946304
229491117
1661493470
370375252
22255139
399731586
787118749
1038003541
2415926620
249485420
2449356254
81968874
14384575
2502454651
2976665920
372465017
2740033389
1671773022
2977084067
143452159
2977539453
248486369
518074770
2795646749
2159946446
2869762678
247377981
213549784
2930948799
152224000
16641528
421219593
222322306
2980735005
812398472
132363340
2987982341
1544611214
364656704
2358241015
1067016372
66981836
2228466170
226279708
1436232596
2927488500
116532846
3032044889
3033381453
105178956
3034975521
2321287656
2533932049
46789233
232674157
1390821402
2941548442
428563282
3006254878
1120235088
1353068971
1421666664
457128299
28296570
2956704296
1010019530
615622346
812011158
520898846
39692094
255157105
2446219362
320521629
201440846
3027775861
391677276
2280776718
2252664073
281568633
1584450930
373696968
229661311
262891322
539644099
550560509
47254147
239628365
26381063
1979580338
398312484
239072033
55464447
320036446
740865924
21922029
47682765
128658153
512615071
387972559
946933034
313753639
2314903719
2262281175
34120245
1367353010
366006614
1713365762
509407693
547951283
227093747
13817822
2269735301
214714059
15240242
163598371
135971257
224917206
476481937
304449264
327099161
190325509
107241276
2260024894
350912420
812413045
59400315
329194756
317561213
398394469
333772555
322172915
2744867574
39607477
80126331
141371079
363827372
1643960257
283191583
2867557198
2975152785
1242656659
14483949
137535403
142109885
603935579
518576852
2338718372
3101923241
1026901418
358477178
1940165612
2855854903
3031407359
2612604458
1074095701
1511438594
1157149519
3102967193
408218859
1430931523
1382220152
557175861
357878597
2551028334
31634211
338787896
3141887739
391076039
954134616
2540020140
1110477534
2764719613
112310484
39249846
97097235
497022773
415932864
463328346
326877175
2835739857
3142886616
18190712
618188874
441010626
31333952
3125061479
2755438913
558393869
537044625
547846889
2741166561
102853235
128201254
2348654020
3025733793
247348721
155562484
184529630
455881599
29862054
2893724398
2190682956
517786294
2838571003
160975253
2726400967
3151611250
2615676428
3139569258
559611215
2764883411
214491019
45242899
2750460328
2696164310
2371226726
356661122
493038560
2751163978
2149568742
176673228
817482366
735111840
35783329
547266768
514619198
1016486509
1355522792
3095194719
67102602
21295820
1027514515
267902507
2205477474
3241349031
3242674733
3191398542
110280522
136500408
2558080401
251834984
1939371247
483885627
16134763
3068984385
2873824421
25372538
3198296688
3018081860
702435488
58646968
619511438
86409101
2731947625
257025440
293280075
60331529
552377471
2626452016
594178082
1924925053
1066615363
1602466315
51731701
614377744
27699009
14314961
409352596
106566283
2494763451
296431311
340521396
926285844
378521327
49756909
3131420187
452708820
400638434
3299744669
1433686176
2248104576
3229300250
1206918686
2982757565
3317527481
2696224998
3223689108
469282552
244155243
2618833569
2379470093
80621436
816304854
348085660
2497211533
32261842
2560110840
1222722234
2777196209
57480017
607533171
503963653
3070294206
526824633
1296830233
2167318131
3361386687
2302386513
470685876
215204463
946841826
180394318
3312567046
182696626
500213398
2670272359
546171248
2426063606
25590483
2811761706
3317877229
2939221058
73006981
228898890
2357556857
2536331656
2788295661
2282965288
383266573
704131393
2837452843
365277536
1034269304
1478761051
393662701
28465371
3356556084
760614103
590061238
2826714322
15385928
324539790
1584468151
449286485
3580621157
3003944590
55950552
339269557
622399067
2962333355
27771957
26322167
21404418
43852989
938170122
1403969504
581184406
1265677921
3291951171
390065224
379953885
60342903
2733017062
1084529966
1862157482
1212960295
722569620
757278702
1081285248
3167077474
313570514
733228717
282301999
103057840
330780550
4277340275
158831568
23887324
2418983237
98013563
494536622
1015658000
288974148
547908062
437149281
40254965
1384428457
29505227
508049341
187803622
819460224
363284894
193507878
2599964574
472504348
370574106
465999379
1409263454
2532717974
2981620576
193647170
577627597
2817945680
52093196
1223059184
92104366
634761403
3313870472
2598898628
1624026806
2614384572
2474174695
618575262
23649732
45329103
495226464
15281067
367142110
2632113432
2303703817
3996921929
1691420486
330075363
18311726
154393042
124644480
43030659
19069605
436860778
21110355
15415328
236079533
218601517
39365799
35311860
18298104
20940965
151140427
67409590
135706874
33324270
14312220
122641496
21346618
77277719
362087550
229574833
17156729
121805977
104534730
200340295
214635879
243635081
292361268
368057329
41008963
359111150
129648554
348649626
54368246
46103575
110823864
352289530
49493193
376194083
23836230
14128748
114597561
87362821
245590874
211626658
108207906
73145059
494787241
343534011
473529534
277737531
271094960
28155549
233787725
15696472
506911814
44427667
108449120
8105192
350329689
14595881
66580259
160190461
412597301
16786157
386112202
35837330
248156418
116620529
41679857
304684088
384843082
219560518
412668157
163744704
95821073
81242656
190071695
416078052
329307905
40771452
527947231
19102101
215033227
275086590
33914411
280146661
31330890
15231855
243804816
49220585
317882356
401133692
529569836
254213243
279085431
39849936
516950010
525766167
14749220
179277317
363208744
533528427
142389482
244223322
42873361
240953151
101402102
469583450
75941311
355699058
107203703
80160265
34408525
274785068
74287341
236245591
354429658
281289459
99624795
377604222
484890157
372045166
299948781
230522286
82672213
20749177
392099932
65367846
20450211
34268448
134933167
578389442
474413020
16522797
173219087
453484553
187240774
575628626
28647248
131323700
291930095
25822445
577569913
583456788
51934868
26256775
202479601
573141847
45637642
215811848
25508247
18215417
388036035
60450833
484909817
48618233
218738039
28781557
530968782
84868935
67415402
29713847
60474019
258615071
388472248
563991577
116454390
79977320
28613361
48705572
284625217
630527152
21970335
334793908
575111574
22303420
20791787
416800021
106824207
37946310
36393615
478929975
237504708
258493106
635158380
460780203
20444379
72235030
446502976
332592524
431290602
99551573
272461432
453891225
56762593
306038843
121868158
596475497
543695035
377103299
29995672
145591497
705942170
627800336
33296443
216262499
47029094
96420297
199400333
17367580
20462493
423971249
259932559
22495603
719589896
475446864
57860909
18718665
345181890
200714284
390822905
45579703
463088570
82788093
142480823
455954752
28322565
16249007
770819737
405661661
626149434
30582345
47284797
19557207
404524276
72155301
804705608
59514446
701723107
209514962
334225659
628942333
401073147
137155734
721522242
636491792
733498591
620784459
513590900
31014488
31523076
811390548
31484315
808038722
203643089
113138357
231675228
118482051
355195511
166816465
109989788
411076535
297681589
193164536
388515422
523478019
480861276
361397888
538256339
96830589
50895798
121909143
262220566
61692946
22277724
29707749
270167819
344881752
799248481
131663541
159080805
23158698
472570327
20940766
557332631
117089732
853705826
588695689
26941210
298574523
17100257
870418992
234673056
776650495
893578405
870427921
31535107
222924613
39341353
251464292
565484537
167932747
898606195
340971322
886892762
362727933
457112748
874430276
1160431
247359968
93131704
54311130
167122560
425985973
309586236
744397172
259830574
78697854
32267125
382111938
315225639
513879197
32189072
124194503
177427906
913410414
35894271
849483259
145074829
122230572
364879564
155789797
348051144
311596134
903078140
839422747
184913140
474197872
480038256
931036662
512661077
362810452
326708461
633092417
272356504
343595856
464368723
56107913
803463812
547161962
34975236
445231951
77308187
24111051
312279075
857001588
34009143
227822727
164733115
283277520
330504601
618336184
921710042
994773074
498553270
278275748
565445257
419298469
791898584
517865607
265525782
605568293
506859586
33609439
77946240
21126635
39146829
256584955
1023401174
1035187106
52307118
796995492
523474838
1051918682
1053363114
37805886
438949224
1020496039
36841461
244352968
807899227
516289357
284183622
68005886
307561755
348203668
23647420
854256612
15663912
486334399
1069129226
1051008870
772478018
69098924
346154089
31326051
311622436
38266009
189315822
41443367
29492103
105444584
735390637
1108520515
18942603
36720015
1113069733
350493724
45353423
373033094
521723014
133315191
151096831
248648003
14928531
69586006
148962007
557225097
71814299
1011270596
242466665
17534697
1285902726
183230183
30687496
727307388
16877574
50094299
169951180
188325274
40518645
40467471
535409544
1096343664
22291805
331375081
25419762
1033385209
608273824
201258445
595629787
455121984
320877635
240857838
474991233
30373681
23878731
556432108
482426359
423022360
599679347
927883416
151257090
1305474290
18220259
755544726
606422473
237073078
329873924
28974325
10689892
36383668
58050302
259455091
196216569
62600069
321376406
497347576
18327202
777404054
481673468
16501110
62509944
57092631
569257702
346354025
1342110548
1304740128
222240771
470648273
1074186565
532698803
370721120
44145969
481258335
119955439
297484010
48544112
250385751
427108986
219859285
1331765340
273136044
82674136
157430505
342328865
335723779
22143169
350324747
17354408
371326598
290000695
263683844
336810955
420834554
68454504
34638551
398158874
44229076
1359781214
41953937
387913488
1368273379
1367125892
1359645866
569985893
64701444
20173939
182147733
176117489
1377209209
48759697
259584161
355670428
216061839
150445910
17670878
44645418
1213612310
565625635
23651451
1209926696
22926751
103900634
1385971171
284824532
998528192
256677482
465210187
571258966
1375525933
149921126
1392587172
328566084
170320458
253790959
963114572
53198629
1375331780
60128211
22667102
153479686
263706803
313322878
126759145
278121381
61826536
900323568
1190170206
262341611
400458165
329262255
330402419
393154571
298317818
1170117770
1395482352
292067321
562554409
398465202
578621338
1350206748
148052795
1410953606
1262576952
262635670
345803952
137316420
136006861
1403767232
1114609562
388410860
148848461
743576462
7978002
414315883
1406432262
45755242
231038772
722881027
1261679052
186098777
113112026
864285475
16369818
622094370
19313133
15788693
557333468
145543989
252617095
34733487
431433260
192424732
1265613115
634785186
1458592592
535502040
867378632
255794086
1413308400
1451046457
722304739
1462461559
1452795486
443952369
37187600
1009016857
118580717
1469648784
624104204
509507495
9953262
498409266
264760877
17504647
1367826217
360359542
1305018055
412748529
408905931
597118057
1494514722
77132883
262235056
537323883
538935262
627191146
327734853
1431352022
417523976
316784721
168804200
26553088
341723422
365571924
981100428
1149591841
809749382
1029720055
26851353
61573873
1523538942
309186258
65474988
448209651
514520567
22524032
1554287316
103135757
1254908412
76795466
37941383
172857787
63896558
446565449
401542807
1565439104
368497168
293261905
524372430
1051259616
713590328
926085937
19111057
161012465
1583900336
21414896
23630145
513690230
386665221
5769792
595260699
369868394
1584652477
605142292
43186042
320002279
1379769757
1595999558
754077336
872564923
33996172
180521779
22567287
37695657
491173451
22703963
29296273
17513730
562005905
410426368
758161926
367425085
605639568
123670033
115775682
1392479690
149524915
540212243
547130702
15367997
796260330
402409337
58499763
2439021193
327822714
1066802360
1228216124
1258350756
2266396534
594779503
18138325
145557085
2465441815
96230598
405607941
705540230
29999716
2472834853
2453822591
838698169
1235370458
2479128476
437043966
319473639
134656529
2535194847
2524433409
1584420860
627536547
2291570545
31002591
76866278
2406355786
383539787
2545864839
2486052102
2487453843
584490900
1035877921
2185398377
2389632239
1593835986
489163766
2497041528
778896625
287744103
2223842814
35356162
393508260
315216809
915490680
229734927
475883698
583215364
371054025
2510619667
353808886
256307659
2511068642
575010004
204208011
799177574
867038912
2520966230
1488863328
2338642311
885315432
481491165
1496017272
850950420
2564646058
766872876
303493948
2525703505
581375074
161763418
387924469
2371191506
1576642519
1275892482
2420760763
2571369933
532459191
2358620755
575745240
2542084945
1602432595
1418741852
933032047
497328701
485401248
2174331481
2203872430
789485516
1081183687
2337708397
275814488
125696096
2565374465
2551031606
235805024
17941792
357062946
32940035
2524785683
278026903
351378245
217998516
504073506
1963273753
18723669
589394082
1011955921
1041054210
1339229988
1914240961
622184630
457839342
480842242
1729175982
357481370
60278805
764548861
1000040660
146751993
573579972
1596499700
32305405
1978789435
2209901580
28830032
2147628014
10365752
67440182
2212194091
787332606
393095763
2214502465
2168852512
2215274071
121197268
51196549
2196530544
41603381
517695062
2200604084
2199708592
544793172
1908241154
1499809783
2200738202
1096578666
206416066
323347153
1887455803
2227225854
2205168346
284329014
2227592402
1666006088
266656880
383854504
1350632438
1149021540
785989916
2230213105
618749901
1520322312
47155992
1905257736
110726799
181165775
2212414107
750907250
1170113844
1243764986
1883237270
535967187
2194443337
12947112
1010000312
18869483
739506007
578456999
403943468
2208131714
1623545539
2179144091
396785397
173656831
2248814174
2230474360
1230043196
2255313398
1660925222
303536737
325954746
1692583412
447586646
2242027965
2264396323
39346309
578269700
2150355257
570940382
588374151
417527433
1092652819
1069234638
519600333
857380098
1110591146
54898429
148083977
239888839
2296434271
456991124
2150199724
160703875
331391528
41051119
233418237
2307076940
513601032
299841088
34805274
491881941
89035263
559679428
128468810
245155811
1699217604
549675021
105371833
103667302
968276736
54106963
543622212
2310907744
100116630
333196152
69878323
23081003
734806458
161089884
190495283
37828075
725418072
201980063
104817218
266290907
293905880
377981543
125348888
101377340
305300427
456297192
269339882
450881739
1944408476
251882027
333011459
441177507
248044772
297574629
627974211
2313012917
89201178
823700096
23757335
26679011
540079714
1043544420
425901753
789291038
1895970276
2172331938
258537374
594084711
1548853981
1656124212
789793825
1199099378
76091835
598640174
2157701698
1494655939
17494907
512701053
2325656034
264940634
598020364
523718039
389861886
58286682
124564351
26631082
520568512
300863522
50364061
65959207
259386673
311785656
2300296746
550208873
1257371695
1494005304
2319230053
2148878016
964286540
2342483060
2332420999
2222680333
2334575456
173898161
792178268
1574905021
2167192482
95365122
390211947
2359413697
25273720
131335828
733037190
339803192
1491813068
550187161
248392243
847909326
23230819
213424724
787597639
2279872633
1692427994
38431126
2360637472
182621272
839697044
57838352
360699061
153202376
403545497
374398840
2335727334
451723666
5610072
18544393
1373359752
110795827
98739923
206305239
1714029860
333615261
2350251055
73899704
456848227
595485026
1316447683
433873685
590359185
2388772400
547410004
942587797
305918477
2391122815
408118181
615681032
168775141
573114158
1081305530
1888817161
2416120895
505220145
2342529438
39871746
857337073
214513644
1027513339
2330844312
130960802
2414597769
1955280582
1187255336
2208281097
474478012
21098088
185023213
1193688366
458739752
348013959
2395514952
2419003071
368741011
202452751
230636203
1143189228
795137887
700046116
302965080
95964308
1883775691
289480939
366849639
235247347
67869826
2421040905
68816962
1129729572
2381097013
47529068
790759892
73116809
823406076
378326709
1348246069
374243423
25357874
317479283
2247469680
30500021
70352598
1382687431
1320114116
138110872
43370020
192446822
14362760
1335528673
130975611
1330415749
840993216
993848455
15239958
2161895767
607270677
1284382836
2400341934
2372053322
222675792
1177250214
2364394921
2409630992
2420378213
205944076
262219922
2398257516
1531872692
613427711
489388122
1361710362
103058785
2419853418
2420761212
865334354
634116165
2182377007
2331231840
606318193
33728681
347695335
182945673
18677920
255329423
115816708
1544325361
562035315
2332391490
477166229
333797325
722953440
1634934806
2423287639
2423277906
947110484
2413694822
860455926
381925281
438063109
211220879
26928955
187064063
129040177
2406443033
1726953451
100285913
1909023924
427201611
2400665282
290630722
121200413
2301786066
2267860937
2285416838
18311031
1286815574
1707831703
1458558098
338399326
2413357665
392940591
2441883613
2416317926
531257747
27657270
735078416
503913532
2184908128
450816554
130147245
2302327426
1387322016
68021980
1651954220
12830402
90993355
365076081
316496181
237563855
231251194
2308638652
262951312
133450372
320746424
206503709
22443178
468747540
414065883
2447370312
72908252
574738814
2329196525
147778262
961503734
22174339
383982432
2468482632
2461407210
56392581
116914280
2239934805
947085608
378201615
429535912
27975100
488745590
119444578
883481082
360817580
250782699
162839098
243314482
750471914
340178340
253315433
47400547
72843868
2296767824
278636637
245499504
852525098
2492208307
46386116
260611015
2493213547
83375613
2274969494
456112709
76976745
67181766
789660384
1477567062
2506077848
832119104
2512580011
97095138
284881123
2512534322
1232300810
185339122
2516387498
184595083
27523390
72740030
2430851268
324728477
1616690252
130230778
2528270947
16116241
2529424741
250198038
1858581344
53192631
2529926058
408981403
107422625
35151677
35471948
522509705
1949885245
764923549
1300808270
273774148
377658941
2245599718
30893957
2541926060
1652954726
573227518
273502693
497557082
2583329068
510500925
2338705812
610996340
571021249
754240232
2245814494
774729949
176961365
2491616702
36955745
461338611
381866382
345018482
862422666
815871685
490988327
1113397009
2349245450
379372262
118921490
150339181
101913628
783199392
2788219914
2788447454
2202572939
562555451
331691079
521741215
600353140
1035250848
900585930
2350335842
411197720
120222157
2381191704
68360216
425391714
333187311
1860670734
2811553181
2802611068
2228643722
1411358016
1454866710
2470059084
871079905
2873810602
1603668055
2725436362
304800494
44887951
2860845802
16384043
475182694
49077206
44764731
1921748869
477210992
575585769
17268454
2616046756
3056873967
1576484659
541922421
1247582790
18189986
2446062230
347627614
3252940262
3253811000
2908293645
3023291293
57381744
2624423301
3031034586
401488645
2729140132
342859963
867281144
1239107234
2507576905
4198609216
743509334
2432762556
325659294
379869831
496492596
309299322
72920041
98998298
317851268
330137637
2755466438
2326568232
1689337388
1651568706
2468333485
2802059238
2544704570
2811834277
2818277018
2753943724
615625070
2317100746
48123769
1063397498
1884341456
2298539018
1714601742
1398634914
1271024316
601116972
1315474105
153799196
2680449901
248397116
754077673
203220558
2845717357
1661101544
2858042399
2890422014
145867754
77309888
609647140
2305619029
18194376
295402842
2337549990
410450199
105343190
277279215
1468307190
566772961
2866787139
170406995
1375847059
223188714
2921534116
2928497771
1018519032
451743023
1113080857
75283755
493465765
2967103511
232936334
950905165
102488596
2933931761
450133670
863490781
628891754
1043593723
310681900
1449602215
359717842
3022461675
956406842
3031814829
494480469
482522057
29462424
2738583814
3051204171
469938824
3054542374
2411555130
809411412
114606082
454483637
2490230563
1308467172
3036111101
2872894624
3081935375
2809278274
2381112657
366855498
486765965
381062286
413026770
3178619136
2879789728
224930234
1549512115
2890231775
3344858188
3183581994
2182331092
171656208
3372729573
1033753867
28868296
56579432
214651028
1540853394
3039681610
408262674
50000452
2765602929
1698078266
2723422703
3411509506
478012913
3589805603
341834660
899052050
2304123273
38321357
2906632256
490353628
1160479380
3101188587
1710800299
2508736265
393610043
3150484644
472156215
1442140086
3376007314
900975152
1861887595
744110538
756340236
339170133
22637813
298911918
2330306296
445579858
3895404792
454097211
475358991
1600902667
2937195231
612586538
194789711
181032620
4077336760
270442151
220461825
2261141211
780511982
1705769941
1382942142
213797573
3309262365
49742642
170439495
2974952205
795146778
2279798534
2151457877
2710837327
597415920
2993077575
237642902
463122734
170547896
435520091
36526682
274355656
285995223
563933831
18225468
23602223
132028544
34556649
343349760
605063211
365519021
613963855
630585043
37206835
364359831
344133845
538501409
47142617
30269689
378647637
99559585
581773321
23933337
760325942
586131599
702124729
42729974
350306758
852029276
18768472
162409976
304687249
608281857
260980623
485093410
31004895
26030172
21271783
266688908
364570229
702287964
524819507
335410613
111384497
45961174
858983485
993540606
509641420
565621306
858315764
480390808
102456517
504912990
445107676
37047560
708211206
481797582
37980078
122676969
274290774
34288476
762900258
35509000
913138063
1134859796
455182772
18697070
593021074
466718831
53167839
149325884
86917100
319871580
25232048
450794480
37309478
235296356
69142740
796978416
1674561577
82156075
57735986
1708089481
1223009827
2164967726
582072711
893598493
1551852084
407914034
443532181
880950858
787290692
2260300014
1198106604
614738355
930930098
1547131806
168895386
792057300
42501088
709784396
1566523472
805522548
33670180
865530355
1954454084
1231494890
2374341164
2178456641
350950232
1141053781
2274237959
300958454
2321538152
1849327249
1146609722
2260998243
1920379495
2204051718
29488585
592314268
17553635
2536320809
928467895
316832593
496054455
421436219
322617992
279303125
71305880
193350473
1571323538
580284090
24788976
463790698
519109369
871011007
1271136260
398341457
2641039209
1335329072
40354301
2696470756
604243016
2420612613
1677257162
1593916976
2396339862
2711783797
2721688526
1158378806
240444602
41504498
938393791
2244799259
1112751974
37741265
82970595
558790404
2728357069
2864117520
2862524078
1029231996
2255110646
1097178524
2885248988
852222049
944728016
739770787
2306137905
57169441
715534390
2863802399
256104797
2475411701
139273204
1280968734
2243998649
2869056040
57471954
2653369637
1970313469
700712337
2831579624
2303908592
443797474
221771459
2885672583
2520122639
1724086388
2435604650
566996829
961239066
1081268486
31150990
39391231
826233996
1887782173
495569078
1247657119
546977376
1660831416
2927847186
1382762720
625169519
2485533464
610480831
263448769
2943157805
370396950
2887924157
2943102035
64194333
627965797
2949831887
118252850
1624366194
1301814253
34949502
836716639
1385715414
2967894177
35482204
2970171568
2574980298
14341495
124279767
2382853022
273279433
219720353
2906223049
109344331
449205433
2982175079
1491435044
2987551270
2886220996
2830295765
2988444951
1480869912
353456324
1045950524
528544168
969422412
457009545
3010626028
3013728915
409468842
355334850
513293437
1420317866
860429719
813437886
1102203649
23597456
2824452856
2357275148
792518966
28233725
548774450
577618033
2771704583
2779785972
146635069
77531425
270675608
243464196
3043721063
278257451
35450143
30324088
564268296
355943935
1018363795
3056979610
2175934716
2858705108
415317706
145496956
3048391948
2945758359
803565948
208281053
368713381
2157871397
3062025438
1496712307
214479906
326337632
133972730
1214123346
467387055
2273828157
2717650609
10824132
510878505
491257930
3077254134
1972439556
3091048165
16671869
3098119691
631125854
2676175441
1336725175
67417616
3073853007
29287049
160218662
1210148298
54715159
2178318238
632308954
3038342884
3107572433
879069228
474516452
3116182661
1703194189
1003078638
3112000935
2886962502
32374384
2382819786
3139182379
1198654146
380056688
1602100572
616589272
2472984115
747513553
310613533
561698351
256115133
2961448480
2902142492
713136746
585921528
3195997541
2616273919
1208183785
2232118535
556429956
726028008
3068897240
2759956312
524556398
2817162835
834343831
2413332121
221936471
779478162
560563862
2978001973
3062037944
250956189
2842594811
1390951316
851401610
1239920977
16307303
1538742625
3229011055
405151026
147404136
1071260306
420131384
3321724155
2921192564
378046193
2608829491
2202654694
340768030
25096188
2902190218
389427058
3335324147
233658533
3039357845
2908256801
61563902
1023054524
3306360728
1121033743
3315599826
2492805432
413833941
448506452
1591570975
2219890784
567772659
3401474879
856847912
36164168
584384191
700276312
597053705
747808866
505076952
3026335364
3033220512
3094720265
436960377
167059374
385143745
102162383
1858916179
2800052220
3429394198
205281881
3652385962
2300564162
3013497425
989595908
1281558145
2387461947
2897088873
3185212870
2847601661
409545800
2991845515
605634737
1226676553
3765865221
279263387
1587570168
2740432552
301203387
1260365400
1206154471
138453571
44550718
478961690
2489313962
2882674296
506669526
2567947943
975228444
3889645817
336716513
193080187
355891195
558774382
2501946602
2924895030
269216293
1686206046
2178057378
1711491168
3361423631
25570463
3974316255
327101501
43218175
826135723
3890837362
1911124195
12158972
400850208
4091511856
774777169
1066522670
2494377217
1115365472
35023639
620404322
2687374143
4001774233
3599909608
1960900610
2415510762
2294809750
583337455
1260316788
