298435174
387592429
197333353
3160625328
145148870
479573272
863292746
91062399
3165200389
2998377836
3169328550
3312483914
3346184659
3357574032
473672590
2751831314
216657440
81766794
129510291
3448804343
3326273502
790954530
1613184630
3361904059
3139364383
1663050841
3300633006
2874695358
100929534
108038935
1328499763
105516994
76108689
3366172284
126886427
87756662
315254671
574223452
2580641270
3093865677
1566334225
3377112494
3279845563
2390946492
139780435
1449484819
3119551806
1403772566
3300398286
152696009
111511422
162656129
3383204954
3370520540
109573021
3320250427
631199580
2992906970
2390856535
294987897
3353435159
553245969
1123920590
2413464138
2922736315
1038441426
2188538544
149783854
3253666933
3401986753
2878433790
215694302
3003548990
2593233582
146007540
1068311095
204611054
202311252
3415635732
3417102434
3071684844
3195850609
47267459
3147460931
2227836396
98892852
132992990
52021453
2230932656
1363805132
3303842526
3169040743
46424619
1055599886
1313354240
3224738276
3305960322
3337878073
129430716
3443529133
141208543
130879308
461791059
3037728372
136166442
501848763
553648911
2910762696
213157586
2289140814
3266990695
128821826
428032551
180362755
539227576
3178572864
734935128
2988170720
560388109
2445302532
142511085
843825714
3261673584
3964892720
3888096862
3277714393
3699424939
108767430
114971164
3994439385
2309917261
149524090
497007639
431493488
3998869213
164539843
2185106742
1432773380
2231195959
2860964280
261100629
507754618
536980234
432336655
3313071914
2402328584
3460549152
1732657218
3461470153
3310677054
89408513
3548145083
2165138995
3320994019
717446511
77731941
269844160
3104407934
355957405
3029663669
3379294640
2203467733
2614964515
175694235
962772523
88671669
3257166061
2899013646
1008387258
299029528
1063590960
1136422454
3420787394
3322813843
149079826
3312959882
1678416956
128958979
1351114123
259339520
414595922
1409935976
544127854
437255609
2634888703
375114294
3314507432
1513009363
140646784
278499540
3507272419
945181927
534872569
344086429
3272597384
2769209047
88371199
73281900
3384327064
3514213992
557718180
3516330433
3312724771
1061027550
90129464
3525373765
110404502
2913753780
309144423
89663703
1027909753
3369035314
2855732473
114785874
548496567
621814352
72194166
3261071954
2186083596
2572217130
395790739
1513040726
118162352
111944501
305575938
176854280
3283601713
2608042362
3432467777
3425016014
182022941
3288828336
132050616
3461301674
2472095826
3559871059
20923603
120700662
3551645234
3234924122
101020919
541816066
809081407
3275328865
1642779168
229099414
129156072
217727329
544553121
1244344398
451310245
107045454
463843729
273950545
416382318
3660295996
3242170076
2703953468
962819930
127484567
3568728374
3344027358
71258352
157302262
599442036
3660883223
3244453423
2694344545
2814027403
2889647221
555404640
3403430652
2610694219
81356419
3299299819
1031104532
369172939
216380636
1372262816
3233552755
189483779
3504262040
2887179476
3522179112
170912635
452126701
3579772458
3541243452
105089794
362543925
3666748097
196178198
789155700
3317626392
2493212190
83079488
3528801914
2415581331
3458825714
3139536870
100938148
3591466934
212855782
2586114782
3284152650
3591434773
2936249292
2238793172
350378935
240242961
71861518
347754276
3596861060
121889456
56985259
2477120053
3241935979
143697176
3600803592
3667073896
624806614
409460086
849066906
560370119
1861091660
1132921874
3604511418
142833718
2534723959
3304533134
771171852
179841137
564860013
395833644
3302505542
86694752
2372947171
3118980499
340227701
370167435
322145283
2320542995
153103134
3431951812
3614283312
133955750
2263552231
918267847
112734241
988725008
3614019792
3611978005
70104518
3619260434
2852061510
141804318
1577770735
1246766299
365036991
287792626
119713356
3626125994
405429350
3626457972
439678334
193180570
3314618539
106006919
326241563
94103914
3342209894
3053252461
202066791
2663598338
3616714412
3628634954
3606651678
1964439553
52378495
1383757471
2518168405
3606054373
330872961
1267517569
1699614770
183957721
3582674060
3566571553
3282478836
115877442
84534601
3240009482
479339015
3011224249
3263192377
2460114319
171436898
57172756
32818707
2713245529
2409229423
2448868693
148596344
181431748
139037785
2731566349
2908755648
3558114734
4020962540
2473898684
1861208646
3307174329
3196525465
4060708453
135981987
272789566
4065107352
2328626725
3314876768
4067097198
4067904138
3525621618
299610904
470975374
2207161956
4070197334
3150051132
3986342807
3410160680
4080979592
304998953
1437434737
4066607777
297589646
141575696
4010389032
147521545
4011363192
380731170
2953264364
3933560898
3460629853
97648226
3129703441
166478660
467174513
2251823888
756533269
340361111
153425121
99717528
3223721022
3644120832
2918000236
1014004586
3538647200
3569442073
282516950
182470108
90915388
3647262432
3647643571
127920194
491568455
3650843834
395446352
3646523966
3739338016
3650215992
276501713
319697226
126029945
998775558
171418668
24852495
1946029987
149381791
2152146624
251947624
3658342872
491229565
2311783849
3309151547
2417183412
61730512
3500985672
65613857
982037317
3262839432
3109453885
1943620309
3668374392
2217708944
3448556954
1945961047
119880098
1095224142
3655585814
3748702095
233192969
3425545992
3168940692
3242510454
3063262886
498930935
312000349
2665463209
105421393
543251880
3329024870
2893745486
111329200
141945988
119256467
17785798
187135611
433529587
3234040417
3693928694
196551048
3697414572
2294497681
802361076
3066615187
130606990
3195468001
2342939199
2282494800
336370065
2830020925
3713030053
3740263276
2600491402
629972887
218117187
3448637596
3096598357
895437920
3094425342
1018970240
182731584
1467000158
3256518145
163596179
2596244370
184506293
3271913012
3256716577
100534623
3605988732
1876334684
3146357517
2875271925
3119496192
3735915498
2433763112
96087399
254394989
3483046514
1197009643
2572421269
908508457
3739882632
3743143520
383261061
1582729992
334421968
3654621315
247249668
1258645128
229936438
404910631
3750512000
2477086616
832903501
3755336660
133170757
3693257118
631174114
2379260816
3630396270
3494293813
3759115213
2856388142
3844701087
1400136450
2823823465
1498664748
355968353
241273663
213552526
2978696328
2204615552
964424930
1512623766
86676576
145344012
2774340513
2392451275
3270965160
181575585
3228792931
3680494392
3505628233
592670365
992505788
1611161382
564573131
372199066
220643598
95651915
17670880
155264638
3634469652
3823434014
3822623473
3824800886
3897960293
3840487761
2787113304
2174590255
195676565
3891291377
262228859
429010191
3252528078
3834127632
3199999943
219963234
1513314991
3909194656
2186375084
3804484933
2543074421
2564839051
238874215
383622186
467422886
3321208950
397784575
151991337
575498400
3843924800
3845671692
1306492975
386993524
3813621854
3838426579
3339044832
3912001930
3871024540
1550460092
3260589416
411734258
509033663
3856258272
3036117810
129405681
3925925723
3927142876
3140025858
413871905
3258449330
3857870898
3929876253
3312303277
3680244492
310064792
118564941
345972777
2409375913
3940430177
147760458
3877692072
102654655
82619481
1629370322
188357144
1621017080
152552000
161115801
488165489
207542884
3892868244
153361870
201278007
3299099496
4029924920
3283895934
2266060602
211074244
141723614
358820681
593998083
16917064
1906912238
2429032550
3545576186
2959046256
376131507
50258452
60335355
3883840032
2356062072
100792892
53087257
345290100
451442022
2955843288
78304420
811488931
3856120339
3037293834
2278843657
93448149
3259912531
303357825
3126364926
2643853309
165019075
51460941
288071871
3954965374
3954860529
3954945137
156206306
3954938535
321953313
273784910
3954964635
3890601132
3890705186
3955166836
3955142123
3955226728
133694254
3955222161
1622348449
3744984133
3250410542
1162025384
2459096102
3730497373
3858897312
3870705026
3648330738
146462016
3017441353
3505493915
157354460
3171785390
2612603684
1537982257
3314667528
3758279532
2671835256
583910643
3223614355
1934218872
2306414094
2957999360
3950625856
2543928188
2430421848
158791148
2913921139
3838631473
3682506738
3850470316
397196580
2540326884
3314568553
100671817
259249482
3715760233
3928974147
3421575314
3969445037
2309721714
82340055
223773809
3889984280
143772379
3953787915
3287168004
1030390321
147110656
2391907880
3047573614
3854872825
3833772734
478896787
3146220758
2736982292
2657040198
2298119761
3113298180
3789554598
998896717
3281368795
313256819
2801351526
1348884678
2212076966
3740850919
244180217
3678258913
3047016518
819761748
154096748
511708537
3965052680
433865933
1019663876
2185663734
4016001506
302618435
371892647
500554698
526235373
2737167134
136560062
1160719453
3924570433
2443331957
2673000140
574411011
114013830
905245200
23405812
209726851
546976770
3892965854
3936841033
3886784720
3279615577
3227221243
560012015
3680859133
100458115
197266489
3284558695
134764252
3821940793
3883193479
2734666471
3525916399
102674441
398466867
2898385999
147610189
3956874556
3307319906
99453864
3572301913
2627946006
176452172
621827589
78250646
3908093900
70071054
144792184
3089923986
2195340774
1459383625
738150428
479668327
110657588
3326610720
3925753094
20833409
3944192472
504476005
1550639648
197742996
3312352172
177533049
3996026895
3323272818
2918155064
2348900089
248116558
3996560729
2795762104
3222117530
3902524896
1577562534
89218667
418670518
3116236722
3107762797
3835906338
3304812978
266378503
3298191301
2868924368
138639387
602688445
3956139372
3235001568
3282111644
1854079776
3316808142
1102925833
2520828480
1862503374
4002794373
3320378468
2918719129
400860305
3960132973
1238033797
3960218592
1870148288
3298032792
1916916835
2739873433
36965615
3252376538
174196888
2252677941
899352350
75065261
399286215
220968733
532150706
4007885235
240246330
3900654612
2939195358
2552193876
3964644913
3944418612
351363834
2389585170
3294992736
92694758
755214961
331641339
427437367
3975775399
2678972940
149461937
580563931
597348667
3672910034
2755132178
3317455016
3808288756
14582574
3703390760
3970356078
3471255434
3933366192
3987412158
3988660698
60039263
143398077
883620744
3297396031
148050897
2613681722
3992945894
3981957552
4026195507
63945111
3956186060
2206608644
3311338058
543207920
395207006
3855962173
144215057
3936047292
4005414014
94370279
3759076032
415116301
3384403865
3629171774
2920948622
165710435
4013670852
3955057812
138721002
171075033
