1129373401
201227984
2849713467
3491038637
792207762
1592393389
4362643217
1275881450
2322740839
2176882421
3223124996
1069351868
2601002234
2830148851
3722486422
6513182
3974989869
3783707418
3468342260
2737153398
396160194
872362608
2724118423
250786140
3730009273
24451303
2354236884
631044400
53768033
2314055778
57784592
887663203
2341103677
3325506849
2219316421
80969397
2884961907
1449695503
135940948
1188478008
2971715922
40806703
27538091
2538445363
379212272
30023575
2460184969
3111997073
2308852326
35808246
3214426925
90914051
3086959251
1862817806
931010953
3139277792
132624246
137111403
1158548215
401121234
390376405
2153818969
1459972722
2841669297
2733066031
2820410185
2189415306
618555873
140952982
27131030
613109559
725374226
216520258
3044070395
2844316402
3011714923
2353660656
3064410082
172912319
162427753
3067064131
3070494774
2508631603
2856779867
739961828
2331135222
22181465
2765652955
2798950835
2693969274
12723182
14461297
43949093
1717680980
33913270
1091017710
92295330
2785687178
2790930764
2785855029
21762372
2896472267
1313645881
929575676
18031710
760129214
27987595
484291819
1177044559
2458461853
36826383
2716977655
450719700
1280975238
2875309265
219483348
13568992
2173004028
312280550
23561994
27101279
2282081641
2341352653
2751341391
581778557
3041212253
2561394523
2784160830
1334418193
4219507659
127183517
363823043
315868883
2464662349
1451773004
65647594
1515400597
1670548938
1395923928
1964253914
3696812721
3122187911
2757492331
3068697328
2803680925
1849628756
264334276
2877572414
2346112418
1916611662
1170664297
983784050
990462859
1053794125
983581778
300199138
2999574020
3325662049
2309219017
488818847
2955609245
502175235
83553300
2839094501
1963664575
232364329
461145224
4171537095
1350251394
3064751278
4126112057
1369936273
36958530
3087669129
4365818896
4405253535
3741517522
3833869818
4429469593
928860343
1051295658
863393130
149760844
240734425
3304831828
4028744412
142889259
95386370
4427637381
1072736816
59247894
3883831636
262359713
185260477
214791922
205915163
26570717
172118221
327444664
256551680
337994904
308716304
251716551
288254260
4349048241
28412286
34572451
551177934
575492930
280582344
141052723
16193578
3370492965
212226110
5940642
385177795
3301204460
21759021
220630118
908824225
2851476698
211071459
910736832
2834301327
170199036
4261026253
2786918026
2190623134
858459883
80884881
25298842
2750338102
4135012158
2545630868
3311124451
3328663348
1058745907
95777654
33585235
54194878
3215753568
996046590
232597189
1729925556
3398529079
2965925561
367738357
3304373073
3347372500
2341534106
3161640836
3367589889
94182233
4135225812
2299889061
1179843871
1015029619
529661389
3137248338
75644502
2935517399
3222667285
2391164419
209383326
85172622
2739059557
433888526
2934349584
624036196
849929838
28978104
2978093553
3300000440
319158393
3875503343
2250643207
626448830
2825873853
1707830166
3063755097
2728381904
3438463271
4052900277
1120534615
1928707944
244069247
482158094
1697686430
2672514997
2271555821
2560365084
1064868066
3361100560
4322250493
2873340029
198263966
3028279978
18407249
2829428812
1521899299
333336403
172524524
3091099176
2406610484
3351170201
823756465
14906561
4110923597
2707317398
154395570
3321012887
1721787120
2276897740
2920234311
3309721344
2366063815
2862389285
14420053
103913301
1368231499
402797867
2938856039
3485030835
3382180097
305961039
3342223449
3282576150
1540636933
2967774660
2881861835
3313722211
3181752082
1559206704
256012485
1272282368
1658960929
2546561838
2153380147
3437141542
3150343247
274135402
463824316
1266487363
247043181
1130192869
15263106
482457738
2208320018
1569144055
3326675165
2193102741
1257169495
130678087
3007821621
338911190
1882348909
390251902
1423997096
77177270
3669796996
2323092421
3202414287
3236696602
3318274448
139257223
2693417498
2701993620
1964256596
2308217783
1292486401
3361466597
306359603
478409132
1585423860
43627955
126257198
3434346568
2931182735
2597933305
2623373627
1416335574
2939053689
380897286
1634484986
246106610
2279320206
2588449338
2814033253
2485444069
713258378
3413118238
157257876
2451211718
2550199736
2896625957
2460047262
1573560576
1320883860
1287168115
28507777
52430112
1404532987
3187269939
757052810
426373417
2423805865
3435511391
2508772427
2830516740
4154070747
3357277319
1460831929
157067309
3395093021
80681427
742394118
1328091984
1602171240
1520360084
517238337
3035130915
3100006245
3161207813
2375374745
420482706
2514476635
147239533
3838874951
336696207
3257143569
3424617113
2181832418
503484846
187700144
1434828373
3028909913
2718726695
2860739274
2916889175
491437072
65877129
1317278070
370366433
2258432940
4106107394
320399808
3150546424
335541042
3240223393
2867018512
62135803
183381709
3390620025
2575641482
1358961302
2704643442
893765648
2988838128
3489595452
2869402520
143497743
634217901
1013504090
729062130
366433859
2567781402
3017337736
3370122083
612931307
24287320
1385280757
3976761559
1461262015
1444905954
2677568048
23636912
1869571626
149625237
2474339160
406773334
380290791
1340648970
2978073791
18376481
2546303992
2905437382
33733378
351768198
3007130552
2536222658
2944199913
1027304984
448598494
2272303454
977968436
2426201857
34065444
3239836115
160047813
172619329
3618468314
3350338769
3682033517
3322190234
2357453804
3345263662
3538789038
3698453653
1905473694
2607392729
3156038290
2757103963
325895731
171331846
72656559
2467459435
47571378
3193531956
2987328773
3244132535
417966375
2732848786
3250903705
3655826422
3099851470
2960098647
3092894686
2867552297
3310513096
536855580
1110181345
592408814
895661047
1408901814
216629030
2302025406
1183964376
141372963
827120832
3070234727
3000523623
40297195
2233679033
1466009443
3039159118
3030091137
4032274462
222496990
2689369640
3552521121
3244646871
262681461
38142442
272175633
320951958
3410692023
2451821426
3930793649
412914400
2348568897
1122451272
2935990297
1025938698
2177421912
118429464
1596924096
2577943753
3292368563
269488377
258834617
221190401
1613604739
3093128133
2562753420
3253804041
1964213526
45168108
3120947029
575301584
2345670036
2802113611
19207278
2206797331
2741758937
370685230
2548288656
3742190895
916117838
184107522
3154289615
715014035
2339624436
537331773
2232136901
20516504
2846884924
2734973747
2457875956
24910075
2946014878
1860260125
2766768008
2794415206
3035648591
476642851
2478211514
2542375713
3196292605
3555727397
257199184
153874480
2465656149
3429800602
621189480
984859898
2901802971
3258976195
2731722817
2802032329
2927429247
2355119947
34990709
1711607786
2916220633
2203660326
2377627562
2862364198
1864556497
2979860989
3214736175
4165092261
3061693648
3012340185
487006853
2920310998
3253527275
148063723
70889396
2572893432
2699102198
3415692063
90645586
577146465
1924501530
2206192680
2291428702
2541034862
226295119
485097047
2241882249
3244161676
2809006311
2335954407
37490586
119419042
222470743
245863046
2438815604
3900482844
2486841155
1654320608
2427055435
1618094941
34915251
538034806
2750799059
2655397910
134200319
2903140654
3220504684
156750788
465901733
2160288413
93241616
18011588
1225786286
318383192
2177915840
2707417676
2568345620
1177084819
3015031480
131520340
770235012
4114892986
2387991079
95590606
2545494020
3783822793
2704217691
1964217900
247378651
279943716
571558226
498903705
3317397266
471590513
909458028
2775804053
2920048708
2902471426
3420123297
880667568
1194174638
2430564295
233558469
2823220901
1324987854
925717644
2416390579
4068163708
372693900
3253149247
1611736848
331129107
2698185847
2753032146
977587092
2810103041
613726715
2842299934
613445169
554332042
3289547052
350532373
370768720
2973202383
2390673414
2872620538
313311607
1340773891
3193805921
3243037931
3070748229
1692753570
2942323255
96083324
627099060
700371019
503760508
1116492955
718400590
2889338488
2322482449
522622704
3130816282
600018032
25700362
2435745097
2208984262
3358554952
1090314169
2839653968
3472261573
236556613
2508001525
277538877
103037383
382316825
2437454604
2172209722
3415197532
15358794
16283204
46896227
415699842
2387577077
3066240334
123184926
1527698995
2722009729
196355566
2611334140
2979505643
504371890
249914753
88265548
2774062997
2202380756
82535965
2591353949
75477790
2236416063
973651716
581714410
2909052618
88210310
3958691501
365128333
23110709
291294116
254246782
1655073500
2254927123
518738040
1704950851
233045991
2415264847
1008606445
122564274
17175855
4161801672
78672318
2764805655
2584393508
1672277690
2488237273
2207677915
2906870551
458084183
2414973067
139155431
3226711764
742378218
4004133634
3708316097
1702575888
767381952
3010841003
76697329
251826168
3240666865
2732515745
2834266464
4150406103
2754927434
2739660739
3293794476
1103028620
406550735
399790225
65048786
553856324
99408003
214058099
3309005596
38405291
3798110447
2155608631
129052056
2880297388
921948216
2368884577
48531274
3761143462
3599446816
19975147
269391673
197972234
3048290854
3765974494
3311194702
46464878
53862782
19975050
3016681148
241787677
309635884
2704018706
487606459
84190574
517558367
2708033720
143377881
436395705
286300041
211154075
2853149679
2850977643
325404381
15484732
12088232
368810196
443045230
2409313706
20190266
3792290725
3543864074
2613143381
2240685549
1694425855
1236205945
836705539
3222668702
1145969250
3336698031
980855064
387930902
2873650007
2948580435
172967676
24530836
205183383
20963273
353875427
3416165445
15862038
47765612
2996093368
2870376958
3097309481
611977298
945573422
2358424808
2903140171
839896928
1484891485
28875939
3024354159
2572844671
2473107576
3241369799
271735273
723314886
91273583
2385538538
3082962471
2880781278
397862686
2566135201
2828019577
3195644821
2557037323
1951551835
16881266
3920859322
1733477690
197509169
2151209162
1700426708
15435346
2261885623
15987497
555116944
819643836
3261453233
227115346
132951057
2835995552
3296918558
1107457585
398925441
3043688018
3299749796
22997517
1126288909
452401621
17910440
2981416481
36699856
155141245
532238441
276038746
789438164
785071134
244233874
3233236457
3892157895
2416373276
165144989
2935453127
487675790
581291182
77099241
514838295
2870395647
764337427
247744426
77040973
216449581
2488347152
3253719961
626550086
225132088
12759152
15268363
2203525395
124389556
2763786177
3064946405
3150341879
744037315
3185406570
2648689091
2458526748
2282603005
78423851
2763468435
816136958
294698088
3111541030
65525881
47797211
42936819
1326475243
568328635
2358066762
2956193787
3249466425
106318760
953292674
96863903
17471979
117662694
102080005
1113400556
2924931380
413989063
240884123
2327030616
473179309
38059979
4039669813
2902157714
3186199357
1143773466
400872693
392142875
1452076014
922678242
35871684
2739878010
1689606158
3025126395
1516211281
2396977412
16518900
3184583839
465114154
1540698246
1336485932
432847459
16500685
464837727
133923294
2371481706
277909707
23094714
3496373185
2270502656
304841678
46721461
2886253155
2340396023
765077886
337905091
36961559
104631611
280806132
3093986252
104305729
45268364
309578164
2730388045
3244876738
114495996
609261426
3384369003
1396623950
16828262
1883934115
344820262
733598480
339194379
974643721
2422840075
3147560658
2444494470
622579794
268241967
2543593783
2879876670
1507372220
94621265
2566775324
293089350
