4211806041
390973130
3091500756
118874901
1483408502
29914579
31012002
30439072
77795720
1103949703
58154023
2559113064
1236204709
51721173
2521169100
3222549962
17977954
298553834
248928750
261372728
2495151914
3893499258
23027081
4197848177
2516400152
2746527196
3299629766
156045533
38338390
2670074030
34882632
26076633
37321863
520828025
1350245088
78157748
705679820
126050099
17494745
27080345
26938676
572278319
42996274
1628782262
241658111
3085797841
899271805
3390101548
2306529214
191073732
18165103
563553055
9667082
325060004
981234032
24064187
18931823
254274323
57979429
465277591
1902224954
839148522
16703744
125622440
148738181
3541324692
40137632
62760327
110203696
20642645
17454419
1469062334
30972802
364312343
614693523
4193443953
398891702
40191145
449165121
248259397
162982106
2308886772
31431858
139769075
14746298
18258453
16189392
1009489969
17079233
1077214808
15160949
49773837
469737625
31198756
101043870
369068622
113222894
178065733
69684767
289630087
14481809
14074005
70732225
11178492
38429011
365539869
86346202
109944769
18983864
86005075
455677699
263009914
60277205
16331831
557366862
3060250335
17300741
6765892
2270467808
165177037
30088460
402558640
52572625
590632359
3196693999
33830333
32733098
18707866
307469967
24113240
485070770
989953208
151588192
39362298
374432453
15682552
369640709
2581965608
137471358
314769292
106236381
52833596
32647793
1692070933
95151515
2355718646
250271653
27149674
358482967
7356562
17379755
282909610
974813768
1894630837
625065527
3039475755
100089463
16101182
364451877
58949545
240808180
18191858
134551980
15499214
308580664
14156198
414214761
14187163
19940047
31202965
130277030
17178578
140198737
17067023
149857245
720633794
20241519
40844358
20416360
1426826424
20492613
14729398
554600140
5812042
34620910
49928915
153771389
2207482296
115039847
67601424
1227920058
44379025
51490904
113031277
78965628
34585361
61462274
166968535
126406010
62764759
14313332
25528029
3939131596
398817443
11740902
46043813
83563650
31469906
138424745
96585901
116644156
33258334
373563730
17872437
64215181
293399124
46635733
16304627
543216543
15209279
77942955
77536625
16408330
49306833
14810918
139508416
14145722
459466848
950563682
318057747
3100011
17306450
2175244272
2749249477
2908423338
478466744
1703102330
135711127
1489242751
308054751
3097046515
155997514
612204406
184476781
70359533
3171008707
308300287
41280985
56109373
23508523
24246864
15878814
245761207
23639318
20273815
45916696
251512901
102304495
50039497
78336420
2834316709
32575076
15125342
2957716683
198614361
237544428
23983093
3146256508
14243427
732257539
377363678
15673712
1401662586
97618796
113871297
46946127
111983155
72058743
743352108
534023591
1078595977
245423471
2188347194
99867669
117241461
1372483424
104071040
16016618
61359177
1086862950
409868810
196761869
117932428
83858580
365842002
80883533
923541
115145365
50035981
47534679
2801243229
2437986002
246302252
26754563
126903716
102415834
554519138
156959228
23828685
14072001
132997488
267674944
6392972
280697431
45624432
369594926
3089556625
91267688
3976766235
166246775
419068462
2799744921
52559650
111698159
88258912
172314205
38485326
37877645
17070787
15645871
71165327
15274836
65589378
3241559309
65577676
105305259
35767916
38804737
23135992
16248319
19478383
361468994
14262772
1684626314
381032464
572157338
44171091
114627120
16261638
162611402
161582767
3018970507
220064040
2263691198
4112342836
2464876464
125811621
2539288932
115766541
15582847
309582226
23481202
3895552127
2548598250
500929942
237453862
2767303416
3404355346
4221215533
500213678
1005316544
274759748
888986803
2807319442
1456938535
135762641
1081
3277010606
15320887
287026928
4136125935
22747624
14278978
1322691
3382
320241050
3412276763
388296115
1705885393
14426771
3306021437
1605891337
3233048224
2804304182
4137954713
3069226197
3853984394
166597521
110469678
170327617
531201141
4183926315
3319391184
3884236473
3193004597
3317157403
2775902326
2397181878
18240655
11073902
16934205
11489
4185181186
10202
14115587
2884912787
14454605
8596022
53925101
78387284
8820652
19713521
3048024870
707208587
18185124
65688441
328990309
513376667
1482726786
3404269593
4172400328
1549026217
51556323
73852742
1040818812
1424015407
169674025
14276261
15172933
97295283
15917819
286329909
36916995
17834408
32207623
14460241
178102538
19111507
2895251886
2317762652
231174810
249108849
65110914
337420296
898840009
19247055
219041762
105835920
339051617
47194325
237535350
26906039
151732212
30601585
17780804
15583715
477744137
19007763
1913108672
116622290
32535127
28369832
35175427
87532773
3044762741
23495222
89017635
20470318
181097250
86143723
2211200383
421894383
3312783443
391003723
95800962
56242706
1631030742
231175304
1254847656
265117977
1585952323
282949779
1665685874
18246149
24976353
1684427515
610733459
19800884
302790190
20597124
3242473818
3139349588
103346588
2812216897
40933275
310424310
74516561
30790848
157560341
29897188
17981654
135651509
227423496
227418209
589756336
245405938
1170206431
29484280
545739416
18994044
31831038
87222306
124528830
57530953
29747755
188050180
212228906
29933882
2239790779
163483088
15369265
159529230
50199247
435983610
243640262
16424912
85674084
1447003896
182059443
5692122
21688902
161319475
446657012
28044898
377949581
9589252
557392270
254106507
50917020
18363255
351065668
486698744
34042362
560057751
701236270
1132239944
3165941617
4265721
41273036
517997675
31101965
22899683
110213431
41789292
420389183
508178808
2221730400
20585596
15488482
420314328
24176860
358293294
19833813
15217457
64310338
440511021
27630044
125206577
17070745
1337228928
289437456
38745357
81810151
50251195
144748652
15224867
782358284
114011611
95984800
177307019
50627926
53122252
80465166
56358089
1918173254
1964998706
6623882
377634598
70260967
592294768
12143172
297226685
3308694881
2209052430
27905938
250684091
96426016
361003042
15169141
113177309
70548513
705065106
368482978
41089255
81984814
17300784
292915168
121328016
21352070
572581162
11564502
2376661764
114661133
2806281910
274644958
443152842
203126159
32327268
17643528
98256640
44777517
40020840
28467574
17397880
846250200
3239406169
20118348
2193047389
6022072
290012052
588828645
271765998
228872880
46159211
76344214
1357627424
78971808
32187820
75104429
765016290
238185675
28107510
18110989
245660513
44662278
17665855
65916862
33942999
17114811
175122509
272469786
29555356
14070248
17393352
25472235
21332817
340294601
67146890
64242630
18683506
36437175
2760741
30348830
358862100
95478388
24221478
16092374
19876658
11450112
1349963910
16925848
39928465
201394400
16470775
938389345
23478550
2418224863
46514886
1403463672
16251827
17627613
20337820
26261061
17783228
29540005
22920023
23123226
18057835
2450258251
15999286
14095706
17351940
90740353
290742349
76391289
132919845
26577377
18272321
1710937537
71904701
70245735
53922131
33231181
620147493
266787308
297934972
455154130
608178648
234459239
166598033
19932150
19092976
410727027
24538284
2661036854
19973059
157997965
16929396
82260233
473883012
330090245
356876249
70357829
228772684
138499496
2617325575
2529935784
96457134
3299715111
21901902
2927942882
19663059
25896050
3130997705
275686563
70352000
7144422
17455910
15956519
15012215
28174228
19712106
10977192
19722699
14647570
159588456
21325647
19661363
15492359
14790085
21272440
20536157
621583
14372486
816653
177880401
160907217
3028744834
14634257
26534759
98183142
248596575
25360913
2410821240
1161084158
16146667
292464330
205884687
16958125
113914074
2179375243
26006577
44994215
21365185
2918873504
3046577589
138072063
35664799
343127682
60083429
9917652
1488034860
17598047
23367568
4767021
69309431
18041284
408956460
71141734
165807088
275686954
823709287
40119615
22049155
138830042
2243091
122260903
34021299
59104908
193451283
41175698
19771204
3092428917
264290441
26592195
179765449
83955846
341074891
68884712
96617313
356226639
15282316
88041331
22270213
309178614
564690640
867306697
179288122
46751590
43134134
22640681
2462127504
40302336
383506859
574594762
225953949
73929597
169354994
26783343
18083519
2444065238
931076616
3532033572
4118401702
3230823918
52742515
13936852
42421523
2985981651
851561936
9917512
41058500
3003195712
186209816
2797532982
3031594623
29822855
3077663609
2216182507
468855449
2989187339
383286715
583856966
756524623
43985307
371295853
180507788
148023569
16819961
26025885
167573321
20366622
59107849
3067566414
205096697
278988015
270451875
1148758476
283337818
1612619004
15875557
3152449968
840749564
422507090
1404251394
19349744
2305978154
3265628953
14407114
4044895753
1187866916
2595106602
110284737
18618298
73403162
10822612
12543
2559176390
618351461
1033121952
23011353
14794188
10887
2559189452
490666354
3325292425
3917341
376920151
239213594
141303405
18217304
1397446718
37347206
106575148
53078343
993315024
496541843
574731054
60600106
25056239
342897880
902392915
156024731
49793110
40396157
14054158
570241737
77528520
1228052930
121833630
15153477
119736037
57142355
30934646
177966443
1964890550
399118792
162116161
68198046
1665319609
14096212
1332261
30217291
20253808
29242152
374687222
401625957
57779415
17091068
22516671
40707335
37435137
288286101
29216764
34930912
522282462
43404609
139847909
1413698887
46975839
16397306
244957467
150145086
398742811
36452050
578687327
18622869
275097031
73728922
22307921
282100036
417793855
460949389
18101713
50374439
26053643
23151437
106735437
122805866
45325214
3686999062
77530642
3957435561
3195812401
3293340778
273950962
407343132
39466871
217096068
2888109667
15935549
927562764
21392359
533677735
387259900
486996954
15770852
259358078
14217022
2172
149180925
41814169
4207961
46213956
2962357090
169243528
169740780
2218267860
68792381
3435551824
281766200
17243213
2367911
2168572334
9695312
10228272
1952340558
783214
13058772
106837463
192749697
17093617
1933042237
175293304
37263791
14645160
12945402
108113524
197687134
94262891
2813612226
379028519
1286590622
14503196
20729766
599806679
69773203
613626869
21861282
114785416
16130403
19670686
404946626
818711
89820928
16129920
17074440
11856892
50325797
22492588
20608910
35521695
40087869
52658717
563157887
422059877
545155616
36487406
823863216
24582482
385895615
26285079
1949856373
144569635
65047629
78944268
17004139
2964411531
551391489
13018112
22454370
2317592929
519047070
12708622
2345408545
230449986
3272212236
856618064
263918540
118269391
2389760154
2453492954
261493704
4127683648
3409993127
17758578
3071009390
2610771553
4142841267
83254797
17339508
2171644664
74384327
22411342
112258462
166221719
48516633
732759260
26391721
58816328
16262688
128263500
67132107
164122774
18128265
27083523
36980342
20661539
293850289
30855079
148496087
66244710
17008726
14837962
14353392
949793708
457122858
25705930
50626884
238983569
187678749
414173519
31538484
543152776
29728454
116869992
19995507
106241054
2230816533
175998631
11891992
322159861
14426857
516866942
15781619
29801278
8687802
24309613
25912985
22971271
20551989
18077460
476967074
254721603
171822100
33365043
25896611
350603126
106280565
242459748
14492813
436819265
70890854
257274595
337012980
3385005315
1512748512
402065126
18008050
291755203
68859619
17808814
16511325
46395065
15971207
26936423
14326309
22818620
75289067
23953239
110290990
198341140
455867311
586969334
32769646
45568738
38147137
424595791
101870982
385988663
16276131
27578060
164019534
22630217
18932416
56880978
211663708
144557763
22024913
30189894
58686597
26479289
38880034
56860245
381401457
36482000
117514737
1470546726
2364709086
15945818
52263047
552760098
140139501
40368792
608029956
17735424
22856697
230618065
278289847
8624752
12958582
18365936
21459453
170905926
16006223
21414990
14448470
16503944
265483661
511273965
957614977
126974017
163323000
169845203
14862077
27388221
15065434
66025575
190318706
232268199
51909152
41905057
35216864
18179554
15441074
2226557318
3676524496
726819613
1526563489
1458873074
24154369
1112713423
19793067
1222143320
1661629903
235135667
24851771
48697005
50794629
272453035
109326674
158609072
1112386699
39992975
2872269174
101263487
634202743
15713583
98949891
38144356
2331044984
114484969
331300392
311495160
307827915
798085404
513688332
208271517
32583477
878648784
152493391
182461277
181107202
603269472
48215042
1089675264
1536457290
216912903
5958062
299873174
863448655
2352161514
94713472
536664411
30726383
19233045
917205913
286138824
14428043
30279765
29739285
16687581
23401067
247618932
17035836
31258463
1491469584
379408088
52187083
313525912
336015206
50540226
57600173
296813328
127398704
328820699
132307213
25715727
529555345
1322526859
1098850820
18725026
76598783
16348376
15429316
332079975
202896262
127714077
3477214994
1583323124
82047959
976041738
59628963
151511356
9247252
35775044
394162076
25102365
386795391
18138172
115713519
153976531
234941536
241188551
19276082
1284413826
688583
53275601
487071815
2684876396
9636292
3071108320
21308648
25830909
78242874
446166265
574611669
89812721
183388542
2414500886
83932327
19606266
1576090578
19728386
2276917291
21279456
33944867
48172596
551079787
18690698
1276183345
22838300
4158450153
1047324295
110981879
3763851554
2793134507
34977164
18953708
2885102343
3040365789
3192618635
2933693255
856723315
323918881
78409654
2975436551
35831704
342799616
20515090
2867181859
32789366
218634414
1390094640
256628776
44945327
274155651
38058034
17059802
48940828
1963491806
1075780507
46499643
115293252
25672348
196630113
16827333
53853197
20567939
413487212
20571756
1636590253
1394399438
2997776167
19687157
9045232
2494549495
33044601
17499310
220833967
414493779
63448094
220770102
20335422
32017303
54854090
29936404
1651290145
562143544
2274055982
25064115
46034298
1229231053
64899063
270635479
189427379
390927411
748418870
67532810
2340044012
3104450686
23831906
18715086
26155758
211306509
402826154
85657578
3301029022
56026433
75610842
52092687
161368008
2912297375
89156494
154099451
2342274829
15679942
708003858
198740942
219645179
103677343
43887243
133947893
807868454
312607657
51627748
205521327
2409029959
3318629423
2310470888
2350787934
97245884
5601642
3265730424
632595335
14983059
356433170
41587384
21327697
106878438
181561712
400848027
528
182398325
434501062
26213879
9074242
14155052
13298
657863
52596376
845786930
753524839
16379018
274056163
716988980
254672632
2364208508
64893886
110692863
64892732
29577786
1183074854
2653790514
3003422255
303800471
132279870
95965098
15418412
105162866
24911506
498393368
2367470008
495660523
1031517068
2849974951
18578905
2587477320
44039439
567188122
176463545
47336979
3296340995
55074948
587569008
179998182
380478666
152242120
1256237300
2365377655
71330454
237682259
338911190
2337323300
2824792399
147737857
2258262637
2868779870
735605719
231505530
1421340528
363403196
855465590
985093387
734132792
1112606420
1104993516
290568938
1053789554
557228570
374746670
1329438223
49840755
81478344
7830772
90737894
25284675
20487729
20314629
118106590
241492269
39838112
48674889
38477459
23088361
14499920
134118047
102228683
96909259
24409282
233334177
123003291
117198655
130239137
129274940
27156342
35961441
14248002
69402186
52198300
89390495
38843284
47897905
20555201
26502853
60052018
24958798
15448778
20993726
20240214
52788040
122486098
20602337
19108742
44782160
32201563
92152838
117650835
51031411
11270742
170404126
81343525
14532620
15575630
129816301
15379178
15430849
36114716
38734554
20765559
2654928327
3515903423
3807000498
1311326846
3420709288
3409500819
2782551663
1227812124
16387432
21284918
14842523
226731715
1093535743
13365392
62541535
26901046
19740370
2393713374
17529632
967817432
276479273
6529172
48793622
242172989
153422104
3265818440
184548196
801864548
964950847
181642672
3131794853
90488105
41165127
67866205
2457541818
239527574
202283938
11094282
22578221
80027306
16295749
509051536
148513987
23989387
519632400
1669212408
1385779194
42209362
450580834
795193
15903869
244265061
1284257000
159125272
16087279
16200080
134959580
6359662
132228274
130744371
1244230662
466541950
16589148
2759317462
125463397
248383265
608214556
165537160
2800292898
27801361
15327565
179723977
35638433
34443296
16327858
468583731
32002507
36728196
16225240
39275966
314274906
314751651
31869934
320823798
15601811
3423307996
314277422
17923938
185781582
151261352
172422937
23040133
2291323974
22947767
32500817
81867082
272208075
58742577
17167045
8408102
15960386
409493
17800205
3418122935
69169204
62354323
32240333
97750576
2293006225
86840596
17667219
14329701
21587731
18728945
21541215
243020454
428660135
26536415
37643657
22154953
146262207
17190352
228151095
35783337
17469959
17997368
213521384
57086895
359418477
60573055
57536613
30296953
430771913
13040142
63758833
20546552
16474853
27767674
17789918
1578573349
17079324
159138859
14836282
64836625
45847908
40248863
180884863
188867478
92895322
461782277
230873115
980232524
30540758
93469766
37580575
619340149
19208726
23229520
14791212
418774148
43974654
76476048
30111710
26773953
442206056
27006463
151677633
68897788
3308171
19837966
67014475
179340633
29010051
348906661
14891953
10184532
37347834
237142227
27385059
2250910622
160840578
24582340
711010712
16090230
53448757
241729891
50364945
10383342
22166727
26321943
19241571
18499369
287453334
219173620
36516110
236585755
357667547
101842264
778970833
2803563314
32648209
114773910
34563857
52245007
27322611
772919532
15631851
19097138
44887715
240509290
48546154
15695630
34830003
27982729
113125683
72814773
895708068
60403222
19306790
97979912
375677402
385917798
369427837
20814016
91853893
17981089
18775271
52414127
126482319
281775795
27414181
29183527
14982694
797399
269021816
113376489
150017775
443431604
55534836
14515835
216247727
125805614
25540290
367263377
34130969
236946013
23097068
148922035
140329685
192334099
91919470
85374469
404108672
178218286
79635728
249057913
532041967
389974129
45001636
70722499
19789893
369681401
53556894
221062149
1330377727
14039452
193704159
15962096
29813218
20115499
265505721
604804771
47333726
117177584
107795399
8205892
147729196
845866170
411966875
991119145
628888794
1202579912
327643012
571259605
558055525
558205155
45785155
1553761368
1286335424
211637334
1668320539
232172727
2195591628
138980504
2716921284
1286950501
109328908
44058395
267339923
162432541
14190812
575911720
815077
7301802
15761891
312228522
3008561838
2983865902
2319028694
15504365
14478645
44993
3431502973
13980622
48424371
2432811
19405164
18269444
14320484
14062527
1088022822
3031939820
1579376390
238764032
30402214
30893470
212082610
290085065
3154000873
16153562
14159148
33933259
18681867
15181324
1727262870
1349693587
18631451
94527023
910495040
170193432
29654469
475744504
32558736
15913300
1675124996
90404595
586138753
25858236
14353822
14516332
209931202
24358923
47343402
2416397773
556154434
426843786
102212610
28126009
3483558438
243296100
2588449338
221234625
167174361
2255227182
117124765
16162012
21808525
25433459
162084958
28024932
213593462
17159228
2258967630
2594636114
2646758670
2393245560
51046555
29947127
72800021
484347275
1603669640
33637597
168226016
16107695
168240973
17169012
15581696
34633008
18619607
434029043
21776428
142762470
27001746
8337502
89421335
45320710
592199046
1407210769
17491002
60629531
305175973
2644870678
162613740
621979115
160679826
162984436
1204815968
325061859
425312776
237796424
426042970
452430004
28570808
68641025
374237051
110353473
167218486
48370864
346557225
254735279
353983297
505841184
163335400
250274325
64767273
546746359
507860498
1182604945
1665250459
370056930
309188647
199047282
160544630
263937835
260414096
162483014
33866397
262820132
158994908
55313116
36667524
212053710
145718668
1511814127
460307714
177818504
226087776
175479505
131099395
1577662069
27092557
581079856
153848738
17540485
213042644
24191809
34504249
85618893
432570065
124946102
23929244
112893693
243058696
48919526
100248967
343549833
31160404
51510080
480710374
25960119
23364984
46347958
882396870
23956006
20818507
566925582
199817303
453211484
499890058
137511672
27061438
20114229
109602157
37510794
23645049
271556955
41487562
2193683860
1086774672
207685483
2970206963
15097597
21605242
37289924
14765605
20745188
595819399
30096713
88666244
34267202
1710888816
200160820
367190578
319202818
26972770
1490617584
36908384
2332443733
5645542
17971768
27349913
357016979
27970832
16213013
14321959
190817371
68219213
231345264
16366471
44135635
110899711
31464977
84183248
18271625
28739612
6751502
27078238
15529670
15900384
16795212
60718655
14291684
844695818
16397147
120287326
17954157
23822694
82974357
976893912
32883773
76892643
19551376
18558635
20100415
709278470
57435514
1555925022
121214570
208566585
19512237
427672860
22051272
719965685
45003565
14631598
21665565
130804789
164491938
605971921
237222020
100141652
41090634
58823749
198911524
130268681
48485632
26813659
2177218392
300427341
55256893
44462409
522205115
580164989
1690834458
1514094120
69797010
190343865
620043805
306310090
198489320
17447650
293676512
1948334042
113679862
524727876
2992537113
547034245
3140460805
1216627195
85324803
1449990728
80549724
112649480
1690889071
61446954
17244426
102424155
28185903
196363236
18949896
17290350
3424368129
249499254
1688891360
400051029
88784440
216881337
1074480192
23022687
203192992
1330457336
1180379185
119387897
453065563
16581604
123289066
130238521
75791162
2218426218
226631680
255169584
46598192
55338739
216387646
15723732
16145875
14197626
215619779
433635047
57263991
38628843
40771213
361670499
485482039
17499852
117019506
30075442
1444543764
395617464
23556171
270208725
14286177
7988302
13522242
66210699
71064568
16158421
55107456
2893498684
18982302
113186938
2656298912
25953710
100641747
6085412
616497298
2217125934
26910377
2873108366
2759564890
14228991
2409633253
19208951
399737059
947086620
18082299
18222963
282654020
16034461
26258904
143211067
21003752
271537503
16188256
9075292
133770062
116023738
77895801
687473
58527525
138281719
44382726
233113050
24089432
149934516
741293
65300878
374009523
93328954
11922432
420907650
41023115
17548429
51705649
32313218
66705231
80872149
374661638
14292207
5500972
19948294
103344758
366638467
179720914
161035866
127514266
16811461
14174793
2280797659
17934155
68062698
20067935
331828653
109009486
495149375
21267989
21441552
1848893316
61957870
2407687593
14133834
31880298
65397045
343718538
2367505753
18442610
15917346
31245432
67912391
70435204
32922143
24028983
742684680
122197763
35054949
18856298
1901727529
49698225
22527970
2484810531
319157057
208128460
25584255
488811490
9798902
16373206
17858340
104523440
17035693
168693162
40940236
17234495
240711094
26119668
91689722
51483337
23828666
379850459
19492320
186863396
17226622
39360665
298351176
946581511
17968486
247782366
831289964
21704478
1390501
87068004
195731544
34400096
317330792
386168676
628416424
92217710
276667512
15410022
93830725
399616747
14861530
40129986
11382652
43731219
26835741
123360148
476193064
2412937759
581103936
1332630055
274263703
40375110
188346011
215710558
1609228604
7162952
50893831
42340329
19216635
317633426
15999521
34888175
302088372
33323771
2561384380
16801039
630613
8363752
50286477
15947626
102535078
107773189
102905443
127514052
23192987
146875185
138827604
80686496
126385271
106812206
104299877
113138488
162464526
26538972
165907598
38237330
31187903
30031547
66528154
19373710
96795310
1156058316
618141932
550096115
70909715
128643394
87512185
43629028
220785578
1516311932
20525769
266649814
88068553
34377408
388643923
124313412
164283980
3351110325
20763038
568242968
30651101
168728442
27657771
1461133825
122054210
25085215
1027463178
70505077
240607130
33945730
29229823
158449956
69941209
15576487
65389944
119294338
23234658
63546615
1965843630
209668637
608595550
356018232
154190724
38452733
557195769
28454994
27043533
16532192
17900130
29433614
59890647
16727535
53473610
39529149
19368361
55250476
366631688
17131042
771833052
23587906
23202992
157217115
25741706
135812289
19076199
201971306
18690342
119491006
248519276
76023925
26675743
88587402
357057238
16935292
837908598
55117855
20677073
27148700
290499422
2993128558
55033682
59557446
3874977225
72587317
76133464
494414941
23484510
410068429
16373216
19583836
19604703
201543585
323821508
330790736
84184467
94107477
158103672
34876611
20962380
202317111
23973944
19438195
257566445
15519196
234963422
87566329
212421378
16207941
274136212
856544179
26262074
53184837
24720318
250613814
114830609
41776732
26659703
83341373
46531435
74796612
71150341
46908732
31425901
68829053
282247925
54140185
28665225
35188724
14270422
46317726
19342998
316608577
15991396
28163747
15633759
30182732
72735877
152783167
182125579
304911045
190853781
115891629
41996784
25979882
44437051
1114912496
40418655
61325416
68482130
20695603
59503541
28116276
14446803
27781725
2364356149
23947219
9767422
22230021
21850078
14494677
20802277
22997517
65525881
105358412
22184271
18665800
15275022
35114229
17241895
20431922
14305530
10422602
18138971
2521001
8637672
37971731
16065736
22411875
117662694
351001143
14270329
267785647
20790174
17501266
334746113
19184417
3065695967
19598552
38190358
198261539
25552931
3065415714
459534627
462179067
1249812116
52080266
364980034
589269098
333495253
104955744
253616392
109606312
281093646
161093510
24661082
130160106
140928543
16651754
17954954
28571218
1909212133
224123298
26696841
54421463
216220109
9236022
88039534
281157202
121625417
111125565
366322245
23786152
84884489
65733755
227068738
202448064
18045489
14880616
552957408
28164096
23080244
80943051
121489873
18913827
34781488
25170188
20436059
122467856
111337233
15707600
25282025
21841796
17590815
17060787
2349156823
3078193659
3140114522
210228568
234124538
1668
234072378
308146760
243990455
1431732938
15693261
307960175
244217996
308146299
14966751
457305883
1724976974
308149455
308143679
1577205343
253823729
626753504
308144360
838673862
231272389
2250829826
242849646
457306830
2241419394
1731291000
1583388824
11417802
1599888830
2688148651
1302341971
1683077954
12901712
2516599999
47698966
17416571
245094196
358349397
29829049
82191248
66280742
32144007
253277076
234448268
30502115
35762475
16550965
43411725
20484899
473469791
15852417
90933125
3086605763
115663436
18863815
119511875
22940219
373471064
24903227
5135521
21216996
1452151952
39930294
15891115
19788277
978195788
14230524
14780915
74580436
1381211
14089195
29677700
17645899
21388225
204910575
30695352
16621413
33921555
22409047
24094501
22854333
558368157
35518234
94360081
22971743
34951789
28696793
171337448
27673684
21787625
19575977
43045920
22219807
23708368
180233954
23976386
579888104
29604036
18776605
20566864
255182895
40101400
25211425
17023637
29752713
17373011
239928639
19478160
30161833
96113158
2517229461
87520535
2757551920
841463106
1593832022
880560426
141723395
2977486179
48606100
2248961094
2479758373
218558380
3008044151
20581664
2388444259
2248065990
2248208616
2305260306
36075739
14487765
19578598
61371461
122176257
360357227
34248783
41502303
62832611
835855994
455325575
1138180352
7514802
14654965
18654391
54964162
92423860
69314352
14745823
37340424
20805720
12369372
57755131
212076446
313472488
8516122
94513741
37483793
31219593
24254832
79797834
22207520
9866582
36381677
29695131
13992132
52175920
46195370
20798630
18800265
19678610
28223477
16000318
17388955
17483878
547238244
298811002
21419212
36502387
18438754
87238982
113052023
33981587
3904388066
197084649
347922038
111190898
10039472
219644020
93878072
15803856
230089143
39241609
191870456
28628913
284969224
98783278
216447874
172086938
74824396
35502248
949132650
91017365
390020527
114294419
147589161
36383320
24216951
22034409
15057943
87410067
57013363
16312576
1561206282
46400289
861893406
2894791493
748026295
435926182
197764197
180538357
80868060
532638292
256596567
16643111
214136594
172768169
114046234
28182280
512339437
19826509
14677919
129051309
72618381
18369265
36375662
3723360435
3374765393
3073500223
3395931509
2915815089
173435015
296520276
16403943
17442357
35017255
272250951
135249573
31126587
367158308
26559586
2371041
19426551
51263592
16672159
713993413
55333704
403503621
16516414
19751206
41545005
253151693
21547756
2282945443
233926533
353318426
70194576
19367669
16254381
76499157
21828264
5972752
383288767
34352270
40838461
2205796684
119430288
25415300
55268667
21476242
2364636504
40383726
14163834
32041470
35646454
14457479
3016787605
134049154
19682757
393296096
34713040
27741614
182430132
16279401
315700536
17143900
112465688
96088715
246732771
145726193
25120644
19669161
15539668
21464305
297697764
21899121
334692748
176941049
173355140
2569844741
2227724701
158817498
88822794
545599267
51595061
143988282
19491657
2365911708
41963023
16252233
9501812
869952378
142966873
26500071
59031043
307331617
16716726
26131483
17365848
163482900
69480815
13368342
117840639
21377288
42286738
14616050
24932612
111978077
749790140
126639076
1072070094
225027345
99545496
124260212
21209480
42671864
1426556875
20586600
273557443
3060022713
58638631
16649424
115768325
60940842
165967038
15193328
284360365
18041870
10371312
2857395653
42810094
7651292
21917202
43924482
628065220
84896373
216743036
136136550
103960576
478989907
24754921
2751511346
1323217154
25032102
418833948
13206842
415608466
113089254
119993319
537218617
137792126
19409405
2514451069
328652639
39358333
44373112
1240491098
70403330
1244413682
138471877
15513987
1241860968
21209392
19025197
2226277283
159385177
22739949
234431677
937072735
17195879
14514739
748315734
33257115
29170229
25148293
28008058
23096405
34702832
326517183
316439112
41713399
14787088
286771954
29124917
352861657
731580643
98727938
2708025230
308420780
285877073
2805366541
2382895326
1377908208
16125331
17346483
1073755904
38195114
169024514
98092540
64430927
318788616
9208552
24244326
12636412
2742864013
666633
67340741
21459908
2382531457
2574000637
2243180995
837135684
14475646
68687685
1912427275
3351751744
2867774368
154718843
253667880
53838241
331485473
1010774096
1552325060
2430564295
59839929
42547761
22730752
440211079
70767613
1889925978
65477046
617964864
903539845
145799458
24569636
2847904431
18992582
1057958635
30145166
16379952
3362097952
275270011
2409352734
2153784242
813213
29990600
95638917
236372649
287757072
339287184
151167760
38256164
25626894
20639141
16899081
14682820
1107428419
78999701
102508723
39938254
2316901927
408406116
3064393055
255009815
96151052
1226157888
2485993345
119132556
587814568
2306999773
473058661
82063758
172265560
30212908
26761757
1402370131
456513921
37050650
355243066
55700969
1118321
2499255331
39813393
6571822
6174712
34638308
18599793
493247661
337328830
26584068
49979936
469643385
9251682
209154676
217060061
190691067
24189159
2360796132
321433711
62522718
170774815
1550154775
34181239
72584896
115417962
603344194
516459827
194028448
2695341188
17289165
27015294
35686218
595369851
373908507
106371754
135470230
22027300
66439234
75079703
85338860
38076735
70640352
24234143
27710842
19606528
29974801
1060581655
123640181
242688430
274024406
85339677
164257019
108669948
18183005
142019458
50135718
187875014
80662831
72242891
896287621
55542834
124029860
26986103
204274844
25002538
259363858
7717612
96138777
24225070
16664989
16949403
164247384
45909796
44152214
14345108
20666174
19313840
35759396
17131852
73393349
19705130
18083786
325652151
44916025
32440356
47105207
16736241
82927482
20067949
133768213
47676841
47949944
253946394
49868788
21472320
25999803
15255087
87926726
89462071
31959001
58771579
30121042
29771443
172814714
21497284
14812581
213966188
45688342
14981888
67292705
27961300
1688544218
11954772
96583226
34550473
2492714095
17198839
28074295
21007962
16546180
417797740
406433616
24569387
28138596
74278710
19791423
16135039
212768922
29197424
26759989
49024120
50725548
26337285
1136216353
432860324
342758395
26548162
194712295
17810333
22756336
19409006
884501785
26869635
15169927
89492524
24749103
48151578
15629573
19791190
23280947
56517028
31468295
36664840
16588737
73194353
15896538
44677845
22829097
189981223
923783779
322044736
97501736
88928734
16465501
17953904
14427372
156807281
34951906
16357142
96657535
1004108492
2198632446
21898577
151564641
25590780
51132893
17844641
22224654
156808729
233623395
16843806
15572044
16797675
79298514
21440620
70902633
27922543
22321539
26029336
51405063
15313250
16119772
30612633
29224563
57720206
23956363
38463707
260714359
836145468
16401786
222629673
701451044
266209696
205920326
37818014
106738012
27870527
284710812
352317501
370284436
169281615
375432473
197079610
34245862
790602984
238031236
2381375016
467726691
762061190
41565803
78357555
19786829
17849766
164291336
788280852
18061931
993970105
41820784
94357329
70648965
246764115
15117711
1002198822
366721494
167580587
1536116233
8453452
368502588
701625216
5520332
833612402
506259280
1398190537
16067651
5768872
1723346863
2346579980
414825929
8161232
31471175
48715979
48794931
21754623
2735591
633757427
14402248
46704460
987304010
18081751
315002750
2285728958
2341993490
95694922
278691695
16896485
19407053
219126735
179944945
1362149521
33786727
175322690
22460643
15896752
19595859
342177581
44446988
38535159
78987619
906852535
32078122
233918521
231753473
1949322061
55246492
248763215
19980499
2696428417
153829234
14063426
153403071
148115885
215103276
29812418
17503591
1435654993
713355577
95417805
884647236
985947319
104793207
50711511
958847473
391057700
33975844
103806523
1400519414
280057163
1544787823
18353147
107628257
3016041541
108983207
168730037
155704541
80558445
54377889
2994547918
243951685
21737590
499682832
14951902
2147685480
46042578
479451230
16675107
34687493
92791146
7573792
2285625787
16191793
3278855394
632072717
66430922
737704297
33967994
381619197
12354832
417575056
213805215
267793354
145106042
591324048
69318947
481431845
30485701
15692778
156716117
194093485
241958170
52855383
545416888
580221979
82447152
60483082
345488279
254711077
2910012928
373598508
15607538
37663645
34106126
978577388
491511349
15701942
22553169
276537736
20447988
18485546
21122387
353383003
1954975183
285237699
26756200
162031341
14376953
2160598791
49113686
2462881220
24938348
14871264
1361837880
1148
1337865794
70312712
60395840
391645094
93634024
28279637
2291644771
382134097
340596341
1393748359
18197498
3170987736
607678429
116475370
373708936
28869806
1323044726
17884196
1483186814
10399302
1576604677
278621162
16512569
69055096
402319980
22843068
1272775200
57006760
29774570
273417431
13603232
104237269
19153549
42458882
402894252
33537384
78104712
19365523
400210040
17395766
14319693
130951023
510770821
2379277350
39879948
15783111
15008497
21447447
363228039
22608639
127503320
30311607
15861946
94242483
42824096
116700914
22800659
384029204
18322981
19425809
103101931
64489409
47332830
273095762
112509021
16696296
123807813
57164144
14778255
24943780
16650816
17184065
13599812
24840714
14513937
17967491
23796427
51768731
30973
2148759362
2221785596
590265451
113113428
42897539
387162197
1850024006
270090568
87967983
86799413
91622452
29799070
25586943
241938601
55536783
432916434
244349980
535627227
538751543
1239468572
47727377
136271289
286420092
3644898327
79133309
1107501518
2650916602
2430796532
110799784
2391308402
1513907942
757712755
805320056
329737792
75368800
580248887
32627702
253322962
17290577
47053512
45625558
264422571
47477155
61619315
30946715
137562290
43107585
47938303
3183527153
890591
15738210
312790033
14463927
52792313
119295390
544449301
19649450
16002397
380507848
78830783
19679615
19262614
121983536
33935729
29385204
19097164
18783973
209819458
22842193
15889481
284791743
83902836
34868161
183232282
21235708
33986777
21634211
34450600
82148276
380171382
23278139
31514722
1452901
25155195
56352445
18068734
32333586
9867582
15639527
146624315
49558100
24815379
130668680
78175453
14377563
27039668
23180682
28174342
16004470
22571216
34973485
29312953
22449367
78699094
196793532
1584500023
279101558
1374926329
23783028
18887735
27686091
212364827
15189463
19081671
175145606
87211174
73143907
18915579
24939832
17602348
90416226
16633816
552151606
2216381
16381558
5654712
53197137
16830572
15032862
18148466
14957318
17028405
16225445
16104602
14498484
47964412
12838532
12811952
41144996
16212685
7313362
21839072
78960399
128277516
36933718
72338082
37839912
199060782
14800962
15694788
19347315
10076782
8521542
18644245
2163400502
43024351
17298532
79129156
16437867
183320631
36511031
585167005
30343716
15458277
43403778
16318114
263283850
1111766498
208635813
238228778
1173828638
214024891
107229916
2223504194
966847082
191186153
363811006
76968577
17504895
2360096179
1581439873
735543932
112500084
47417395
36771256
423779892
29828364
474397311
2462695028
156678673
33647227
1324690370
238256412
14083211
17546747
269880828
2820462948
16913253
31207463
33558897
185222729
26534343
16188231
14209619
16429768
15770531
20496846
38808088
71311419
24962893
22983193
17350019
16831192
135265376
156771786
15736836
2154821396
17931773
84373134
1468124436
173179903
756466
40713842
2960994568
33788766
123421615
28869692
47869696
253141747
24215388
53160925
2932654700
14690233
15766731
27702860
32415155
1730412992
23572199
21224881
8819042
76327162
16653885
77227696
28588292
18340908
20142400
16207185
98299129
77910830
34389455
36863562
376715200
16318844
23016245
390375783
18512478
47612430
15065316
436447945
37032524
17797448
20579022
17334356
17821361
18399263
11279172
14769365
60727036
116108411
360213157
21743205
70430551
2281187732
30205586
858488030
520035115
849709124
63170371
2321288150
130570965
1617787723
743029754
21113849
163908940
15367370
557061935
32489333
871771958
2204466550
23538477
31507429
611625406
424401528
256371548
243457219
313555854
392817754
19725660
1286039442
73238422
1264564686
975371966
80500654
1356836395
61254828
36740407
133027929
15895661
231582289
2859264276
158429303
1324747338
15340496
97071323
80885066
78620078
2919651995
51217222
1969534376
132577409
102167281
117133358
28205458
20108950
208019751
71283756
68791096
17330459
44423684
22272550
69296910
44979650
234392296
55060406
24994219
38191437
20690658
7586362
14360757
23588843
599514399
176453742
19896810
20109614
921423120
397637025
119875220
70392251
583377732
2190547982
19961215
37660453
2496768932
90656694
43561687
14385869
85413569
17192212
1076696222
3055890069
2202027932
20282348
22207564
259854981
413912302
212699600
35232826
10680
46854762
44413412
63810242
241625233
13452672
200599952
95696143
365263552
159074179
50802489
450728319
1297409071
21892486
2465941447
96443814
47107118
1359939823
305277457
15487165
2942673551
88672145
819814
12459932
335473717
851530128
2478280556
14312659
22022087
20182700
94620521
1454708497
181429924
713625182
2189382607
23366085
246492299
108341414
111470837
701576760
301626740
17651315
252139141
108761259
17339689
392734708
603992232
539185361
266647336
952706196
43787294
185796472
50364202
197652854
2432832212
150767403
560326939
32793437
882999972
42713919
22406497
1720438226
28728482
2353321536
24461289
59173915
78966181
3066050823
30084312
79553385
351817445
2376767246
257293632
227762392
319726996
460271192
94037158
177466445
325841842
15146882
67631479
46973394
182509356
22980786
57447623
86868454
376435589
35810531
65568744
1345580348
613280139
221875895
167518667
338875694
4898091
962085350
39743812
306189055
102700680
32359921
49510088
234904720
14514804
59736898
59486068
5120691
16334857
19224439
17006157
17293897
337745603
948527498
27091468
26511898
16436551
81382474
146994810
211033052
41120320
21423475
60619955
36848195
155792265
582317702
114589771
21445545
17796018
18676177
24626969
390396137
774187063
30278532
15131310
18129528
20710809
21769127
1775731
88367755
834316544
595182521
44299459
16365676
16215964
21591378
1620785924
45950796
109480724
517856980
30158455
59204471
376907631
48689686
109336404
25439353
2927867132
2855398159
19789960
420123345
116644001
64538511
133672196
221431505
44942521
526511666
213448862
65444298
490801720
41146653
61602375
270364004
237773936
183784679
35779803
1543552550
19432118
29081858
10976592
215373024
1312279146
19864217
263686354
38275064
42321535
22190193
19208542
109677987
19993233
67795337
300144530
858001394
175962254
2446428226
1399701036
218182256
342137425
512301104
983015491
1238535314
51553564
43187059
279957665
22839972
31413157
106198382
51052826
1575690727
739888626
48448039
148782230
396934810
106310014
36268604
287680197
412886625
941825233
226293436
1322949564
1114718942
1089899366
239832435
296540043
116705146
76141518
538650561
3177603349
3028135053
301967234
25353641
2793029604
280800349
96938919
243115650
274330618
209872460
28025355
20905868
1108761086
91517091
32523690
38288105
248351186
245047824
26749457
280329108
68900608
1514555737
2534061685
589232147
1242035864
987493855
1965126038
35772336
55570537
932482567
571112364
1896657458
31192926
20909996
90800092
158521778
27464445
635257852
24082588
3293399929
1605
44196397
183749519
113130846
52176118
6475722
139796803
36158848
768632
112815157
143151472
50319756
746649829
833564204
40103485
135649087
224163866
26214070
88963078
70697846
181943068
193870085
21368689
102278356
82939583
23413363
22919665
318439665
17055388
19106719
21964954
20626359
58913244
260907612
14172570
821045162
253340062
34720571
18332190
54149214
12101862
18909186
13192972
407156894
21764143
7212562
6449282
56377143
22536055
128614814
122745508
151099524
297556877
249784991
863596874
102707504
121165704
141361855
30948168
188478027
27655610
17023277
203355262
16956234
16929559
78714922
6107422
42513771
807512228
242000213
239106146
1088751512
217641008
20620751
14438148
33716964
634957956
53280144
14738000
204058851
21041611
24780105
17425114
62156911
46444397
17190362
14051090
19186486
13411472
14336082
11403462
17312175
36999884
633225884
520930945
18395993
823759
55401333
42696269
18993631
20072808
13527672
331806368
424348798
70683270
82744491
745271544
88021387
15673837
49842790
106529788
60983046
20933649
14522828
14602930
440959097
8965932
20785093
15635413
30950136
115814829
24126361
18057459
16376711
15042296
31423761
271907645
17904776
34323617
16331259
16721886
15205798
971122537
59688885
348022121
154956974
2796839189
31163539
162820418
125714336
96914824
42454408
432899767
718038637
2940038881
125104160
15299419
264443116
225965472
2821403505
703271328
446143407
69686262
25027360
73223898
242525195
61507052
1376316782
50986418
34988300
28370877
19666000
44901046
162981667
180010964
20523304
22017925
21425517
54911186
21664546
19399778
34377456
466017455
21351987
111645857
145558590
15987016
83002087
57080571
16003092
22614124
20634618
1066064184
15957636
40494558
229660972
19334474
7113852
44781185
87453990
130187048
71064895
46791391
16685639
80298043
48054535
40918282
33861425
17328492
491236060
761149154
35249138
32589145
93969270
48103665
408843906
461681102
38250495
17872898
20734503
65108529
15652984
18634578
93655497
362228966
400361537
116424752
297065337
254834175
286864293
151990865
1969502005
3865479802
480916685
205401870
1396108610
158937052
55608779
122142922
425162527
314722322
2469868339
1123596530
16018133
381607791
1305285270
69404126
169273650
28713992
18546303
139119220
112739649
580582767
15091857
201472735
44550460
174097463
19750845
190418975
192216314
133765630
96175683
57141263
1964971663
61535727
212784439
97516303
21842239
286537848
2264799067
28379114
1300678026
117767701
16928338
170804897
4254301
378167577
15864144
52784912
193813055
25550748
45277734
58375783
15697559
82687299
70801597
16972068
18725659
16244978
19563712
436888973
76493480
219417123
7614292
123564459
106673610
18141295
23819454
64400465
29141019
18444468
23314335
22047181
18552281
2242121
16548119
245498430
15930000
31540671
16715398
28140646
86141342
43425975
7309052
612473
8839632
28785486
14511951
51241574
14293310
742143
14173315
1652541
6017542
5402612
15012486
428333
411848320
27708142
125401786
79397304
132895927
172787253
51198161
99532765
211466733
1438389025
812721949
26812899
164280716
47393392
18201801
46191974
92580704
2681169091
14946614
44969641
1000591
19494411
112741931
285917234
41044925
18535258
267171658
18539631
2360769247
529464901
86066569
462775249
182055312
432022976
1109129574
262652556
2699196049
151242944
1901084142
792268640
168857946
287894093
2384595168
353808751
15797245
537334456
1141510609
1528558014
1113426913
60349138
1979169158
218272382
2905737098
22874758
59079741
43149222
10282842
125688706
40940457
31947242
21000110
84321709
104561488
23450421
100367386
19341622
1528233787
14884486
27147528
12134862
21904217
15290441
18783501
1168011583
1451713728
19679993
17237540
14049061
18458348
5694822
67103966
5695032
57400495
33474655
18036441
15245617
248795646
39585367
5141841
19730865
23787909
1665823832
411807923
24988610
14433891
43095861
24707301
3243466440
303048990
1096125360
244192073
594364959
18168629
20439252
151887995
33279121
22350306
43043584
15665394
341276543
191542050
35616203
211612781
24174895
18504804
275537135
1066322592
19185745
18996684
123576946
25100819
44129619
39983824
54536477
27117365
21597815
83945491
29824455
46125832
34950070
8862532
48893889
73129083
28421825
1158638582
30434892
18995454
127621803
1440641
16299627
15727578
323468251
16929520
15072071
64574086
39601084
37683414
20264905
15864446
1877831
250884927
40927173
19955482
20265254
17076218
20962674
9763482
17469289
45564482
46164502
1159633375
17810254
583337258
25761653
19206196
615085932
19357237
31051633
2214613904
297036190
48030882
16583846
456760820
56836811
133349793
34351226
109041907
77596530
34937589
144841605
32625314
135459409
3112227351
1560491976
408177579
2575690472
69165787
16912794
20485094
14654552
159179153
75647352
22752559
111704438
1459630634
18557253
49708713
2336006322
45937003
86090217
2817831323
17192352
18815810
189248614
40105401
28834570
35821471
28329367
365815201
759251
16051471
271033494
51330888
165172075
125838944
64436878
17168416
19414742
136433098
32277498
47706580
23797662
2398076060
308140547
17969837
18737859
41913272
175162506
21321620
81081881
74377194
57683365
70176620
1086628740
26234343
19789299
1443473256
5920532
19029224
13450132
22595388
181268935
130407488
10937622
15667505
17471979
21662482
14132853
16434105
355994177
14226495
28058514
22951341
60187616
55163258
82141171
57046177
17158559
43137410
244291358
174345677
51064786
29685225
3092848174
28430414
284441324
174377718
97694415
69072737
15649433
21622756
17415011
11856482
12397052
25354439
14237001
20071863
36065771
24016767
10933662
9676212
44886859
173992307
14825399
19110632
21887420
46207622
16031536
16365636
14363353
17219108
1774391
36184220
15066760
1399071
16211434
259739702
17057248
566406774
810424
3066015585
2263437272
168576040
181840455
452814414
456852439
48977743
2301384882
30133564
153873366
79543
2905278595
57949239
13126722
2769370665
3028042235
134908142
3156984193
1428357889
15220543
2916106794
11004492
521593453
220800387
2303373241
25970331
14984726
2480282341
117208829
69373980
807095
19725644
2303751216
85603854
1536791610
59632108
3221856687
196795202
79650494
3683210843
34507480
27260086
66379182
23375688
94129050
813286
775373851
3701865741
26565946
59821189
145520181
35183515
34443464
2467791
32364350
101640876
47393252
26257166
3401671115
2332586494
16017475
280292349
2861784344
66174440
1917403795
27868617
50393960
3108351
17461978
15846407
91478624
18893825
17086831
2252207765
19397785
300392950
16145224
11348282
5988062
49061402
205891548
29730065
17919972
427475002
35094637
136361303
10671602
1367531
5392522
15693493
15485441
17544803
586198217
2832453310
1434251
21278412
245904130
129988132
30704824
153230217
30313925
23083404
21254264
16228398
24742040
21447363
