4218586798
493292457
281613543
3839975993
1729628239
4310202634
3420787454
4310009602
181717038
339832905
272025166
3288270087
4382041222
109447876
2828068783
150155350
155965672
2792870993
126115211
2945862486
4387728808
873135589
4469790140
3360233925
4382296821
4122017654
406043318
30636468
168996912
4475019254
4474747394
3766489095
385975746
61658962
1064441131
4393994122
4393397621
4393857443
467929694
272940811
4392519634
2389646936
4347283953
233288673
3158087719
599110041
4382322221
4462075399
2819276699
4373592940
4463588779
4269630619
901758908
68173937
4111162394
2829725940
4254927318
1099104852
2941179805
481531888
39224148
4220118581
618438838
325062176
3546863059
4324177396
21564143
1189628401
4094985406
3316863997
430977669
532478924
65073830
54322036
1888804657
2360052623
1206040658
403887048
175711277
468863638
4367014882
4367081127
3276735775
230420298
37599351
2955204006
2906036025
3239304792
4365590597
4365590854
4203637773
4259249053
2909455204
4202477512
325071164
174953869
904346720
2535601194
4357738456
21837967
18468749
431559802
885105865
4121070972
22321731
1305414031
2423927500
4088292790
2706009970
3429505989
3057090346
594581380
3254868756
1223721638
3712288516
2420657738
2190490488
116999916
28453451
19019652
195822259
633235941
1683529369
1019965158
281548015
1377965276
633923770
2942436744
2893576943
2228789155
3858779775
493409485
1676073186
1453787888
2157687902
3887937380
73006981
2252787085
575131465
342601720
532716571
5940642
301367500
277354109
2459169013
3288869062
2970619443
201671003
420301496
504148172
15491724
3033117675
14729674
1431168336
3118788281
126434587
4005985935
168826960
66780587
15813140
31925790
30315557
37060788
17003765
25412522
91220126
51263711
33838201
50090898
23000450
41865658
31285982
31311757
32468665
56505125
38679388
20536157
3403314244
588630461
2859970402
36761958
245577025
3742558889
2896225725
3843666674
52937593
2784105531
30487333
22686121
194252968
452742477
2444566933
42141096
150736441
18871237
442485176
29293625
559612765
3599923638
3928710614
268868393
30223152
706201082
3858238877
1871844386
4311234927
2806625118
3351947511
35354684
3922477333
63796828
126172193
301403178
4369747879
114316031
360216529
21619573
460774476
249397563
2995281577
2792344340
4380536833
4286402789
1963133534
2722235962
2205261256
2912690232
1266323203
755751559
1616425044
1365808872
603758566
423168084
2240033851
45140165
440391967
2728564708
3388843947
493185954
1101265219
2433585404
2588109960
2481937027
14112563
239638812
758285982
2958529515
390380189
2949827728
4191570562
1105226556
2805729158
461576749
578718399
389602116
2393063119
2458477031
3007008598
3045367151
126327063
280172596
3250745418
314016613
25207921
3366589623
571410560
4090560321
360262161
208083510
2938984233
2497942933
3072050108
4199596828
3386156854
2363213410
2412560557
226227962
29226033
4268561255
4299613702
150430393
2417986559
3903786323
2555789280
578202060
4293278057
29799216
984291804
3470996714
3326084063
61242633
1378546849
102862980
1613080579
1899763290
2770737081
2762855068
2731193290
605077270
2849333152
336671505
3690598037
69011562
2156719503
162473937
1374933014
3063743146
358168754
952718436
200936661
3689710635
119725855
2925005718
2449273856
4216047203
2216774501
2376799482
3517733540
1311326846
2448826015
4072015419
235452944
4280137109
3158124000
26005385
4278560843
1270659943
26900055
1465338450
3714335239
3239167077
545556451
3417165439
162114552
3233655642
3152079301
3830506634
452951939
2990075992
109018771
401358648
922155594
38447326
161020623
2732901125
1480403934
246014521
3042269027
23075577
3915791472
1604645041
3040531843
231700753
433952383
2455403346
918121718
3118422443
227019532
855237595
16067067
214089179
465158270
1187483222
2315053109
3600222856
3774374115
46987312
98233664
3533801776
2994484785
4178614514
329661778
547327123
3300893244
359950567
2147605631
2734967765
4207294396
325123441
3241848557
2164126967
2796494006
2951851984
2730738069
2518200911
2495498935
3017491219
1030752361
1701864847
446749208
824307240
58619336
52447979
14413870
385066086
3268496599
2483407210
181859696
2198752551
50086593
3991287579
499331218
2370121007
126427361
2322880258
313675516
462906157
3472150516
411218731
4217252007
3092762421
728173712
470847932
2872797250
187781080
485878045
3289746167
562301100
2839519532
51495302
4259836474
1430791057
3022889689
4219870535
2296225874
275400224
169740780
281766200
2920814423
1469101932
858826550
3397357383
1322692267
141010019
221521280
541274088
154086147
349318164
108383425
15640950
821400552
547943760
260954365
3767336292
2429060390
35305559
1572680328
502313818
19121955
1066076850
172208473
23153001
2436903521
411843105
2914023112
4212040420
161296741
3228670299
340953904
224204845
2817167640
1624440619
747713042
615616692
351500707
2732701882
188714259
3328747450
582757842
3350800655
1694166721
333577020
613879407
4255542977
247511526
2192495738
3368649063
3898713135
438973836
913647816
3239482963
476998836
4026761363
3226350692
1097852275
277280188
1952600288
234632265
65073896
270435439
3290210384
297624084
1442863730
122241689
410743103
427168308
1875803929
3390261399
1397549077
76376862
492573438
552131179
301078247
1541371236
171154131
306295556
28601983
1239871513
2416680750
383832318
1284644802
401648339
2860777924
929751728
34507480
19955482
3963115572
535987852
495547357
2990632949
3290469155
720886044
2981450061
2232790629
27737968
182890780
64488804
24585498
117652722
63485337
5162861
10671602
24742040
17220934
451586190
321970500
44196397
23818581
23544596
32453930
15846407
17461978
50393960
906782533
59145948
5392522
2515379612
976411680
69417164
2305561735
3014744098
2278191302
2729220243
159259276
2437511700
50375693
1491614166
230837637
41371217
2296643833
3268898389
1180474610
252158401
577110140
2824964809
2314639212
2214546650
2290091744
404219500
302617334
193745508
91393318
29098984
3057895606
1140067934
426163612
3290145263
2499194840
182033366
2765232208
65028062
2895308676
2203215556
3313088479
4150389671
2185375457
542273613
19969728
2307103920
2664307046
2577592370
2821984455
16313297
322456929
1649241614
4245364654
803616056
2932324859
345717694
23340010
4236373121
2495488976
33347477
42774099
2971986082
1485321924
2733696162
2569872863
3085494124
599727568
1569516072
543015366
313344689
91130111
60652726
1157861690
2230358466
974467291
340424512
34624133
62165876
22860615
15466121
427859548
3432883588
516019589
2833077452
3938646075
124455872
61916766
309110839
1693782354
23008510
18943141
364477412
182831456
185258770
151887424
755256391
361875262
1855134482
339441835
37882458
4049008703
434568798
331435751
3905419396
2894261653
2487221479
3910409914
2626816487
137021205
2896685322
3840997274
998060454
2600684701
3881601501
3395900836
3301748554
4120636887
4232606434
4210250300
3304872975
223735958
2524257139
4219055593
2850665555
47474634
2391349244
1864419620
4190360445
303434870
431300232
4071173658
3353471532
103120236
1551537386
214775934
150754142
582137869
260002426
418038453
58815774
3078458810
360272584
287441349
44154197
3951343458
4210458112
1571390268
3110552033
1858232023
75334417
3898546154
19521747
25471424
32517283
23803042
40486747
233483807
3913111514
3075707887
23697292
23436748
82120760
20380619
38241194
34461255
18452449
19877692
25916320
28804883
18296950
19579607
27834261
38162917
222881714
2274295728
192325188
61187517
29604036
19720022
24245922
16109866
17756168
62351643
17023637
17373011
20509353
104395831
27899836
146468644
41529550
18785600
155516708
20696985
28987332
19478160
24719760
16136553
19711049
19575977
23976386
40101400
30161833
317255693
27673684
42051140
34836489
21907142
20596281
27830610
33933259
19013044
787631173
161801527
15007149
17899109
325830217
6519522
1093090866
42797629
75069067
17997467
19476016
757303975
1111880882
1339835893
351900962
1330457336
278675092
375721095
351897105
866581567
1536791610
349137313
19658936
347505959
394797701
190087184
9542972
2730911397
489073015
354999251
2838136708
87963509
2458596354
4227022401
228285342
3101892192
111832673
390517851
396870684
2821219193
33160996
4290248359
152692762
25063422
2857488395
1710343536
4122161652
558070522
2877209271
4192336017
2569716767
2889902012
375676603
606768960
2192869975
122226401
91478624
121291606
150248263
90540262
302986546
3103570448
1322964260
135923648
2661437820
2186041726
155789642
64857296
4140388811
24661082
172244796
87257462
196257417
2491352727
4077749897
459534627
798939654
2902245915
2432054283
291862734
37801344
64028436
2781108805
49374935
317180563
30804488
3119891441
2941144378
18955573
123933605
1375015963
529478973
46769876
437559414
1195027566
2303215476
37677907
3166623503
570885725
3401469891
299857375
337742544
14625398
347737337
16613128
39384517
40487736
184548837
15224867
400194194
2467791
98169863
2359926157
1398649160
15754281
428333
28785486
14173315
116835825
14278708
260063750
379979363
314565953
272527212
115483185
24737303
28975902
6663882
32632088
21925679
17912982
73181712
171103729
93673775
18590012
3236243105
34927152
37074061
66858922
17143007
23220889
65719510
507624664
19170880
16376937
186552980
1101827358
133445591
45724974
27487492
85107516
1604038718
509749785
197144780
390828876
111122177
28345779
1247612029
314797639
321416352
15663169
36978467
792323869
236061421
36745613
166286545
574688373
319785911
37055926
2586867338
1022551224
2260527270
257302726
496375356
22524908
177719616
223903173
16489259
48737907
515655160
229580248
1287928974
63525003
2965204000
1159688618
20714248
398158438
383530135
16256297
2097571
63821681
196003183
2484040159
44948899
1886508500
107102609
2561597334
229189737
2434728197
246442240
2626941027
2347336859
1351027891
543047336
3000693274
1129659068
3100814872
816099193
913024854
37470785
3142446708
2754498273
276720785
883334629
1913240486
3308817563
7116362
139857661
2534665018
34211133
378704980
538190025
372330587
18484987
119616821
346811803
601524632
3011382946
3968839107
3819088282
31330499
3846360862
161450622
3419379399
955439449
766763269
305400267
22872768
91923745
222288561
583119789
214085948
130915241
494210841
3385467862
329709377
3440275697
2991564699
3434768675
74196146
242209874
171418285
2435495792
1895962765
2363503500
2877266553
360962605
72428525
2447958174
568720213
3416964455
30304085
3301745637
73986605
296948075
37961059
2666379323
1428621626
1255809560
3434758475
2448339704
4283311
3435138316
403739215
3298326291
2815012067
1514337120
2919921202
244785301
20598720
420501297
2816335072
2645837572
53817185
95995411
579298181
252239965
478151401
281136269
2396727296
3312497469
366614172
377152908
4033441095
60678524
23223192
100030015
81924800
886841173
17594206
2343865944
2342996958
2327960348
2332292216
2289935816
16107045
3578665155
796180178
26409209
19158440
146010810
20270651
2646365804
273483641
36498980
19238073
66368876
40927173
16669075
37989554
2969690827
294902433
3010958799
153802121
526787104
1967991931
240700617
492263490
26303146
2308476803
783214
24252468
728673283
21980439
16020435
23592155
16760131
1674319488
1835272843
29843820
305331089
1077604196
3361436973
17579312
82945896
180815351
2178282644
1364834630
796716343
429865254
234603857
351157948
2418052321
251892709
44934361
44177383
253150854
65707359
2205051914
2343850970
1546617025
93766096
2756502825
1398331244
66967746
1124375143
133756191
249844732
2601895080
14700117
369245377
246933017
1394931649
31583642
499135393
2738885067
22799750
6449282
1655528832
95453782
3018904891
2874018764
2295044238
3290070855
3201363028
808089037
1429224204
137739385
988900345
3195687596
574834272
113478497
2559580619
577240122
1711965342
39302177
2555601991
1589063965
2871822907
2624923126
4114279175
2477720490
48785721
2319881557
3054682084
423426270
2263946910
491595433
238880142
85861034
1265935764
44664733
1597061419
1276332788
2806072505
128737343
1158503647
3819025162
2960421952
3045402448
2662119209
107807091
531608127
22551133
232601683
3196543310
3433084187
481668700
1560464414
1007427595
48451261
1462135453
524632033
1550729527
1009008704
2232274033
980947681
1152267792
1728756464
3143031091
63506866
1967156994
2358133878
1944948205
2252429317
219331597
317563396
2205590196
2384025175
1790953508
247333432
2171098234
1242538758
198916337
2360426665
2941088702
41759643
1529383075
16151892
143664456
72694909
2438895772
1419047340
3487621935
239644799
68530022
3316165248
1199198228
46616912
231814036
718125330
1858492807
93900749
15714417
263803845
79904240
140902689
1570358808
43430441
22542292
429389807
2349144403
44993658
617394574
3045415568
237325888
2282187428
51217222
37029006
16494015
2601785128
143132365
2374286618
10126672
47454443
607867793
2844062399
3335457856
258655334
353689448
15113565
19611483
31310158
54885400
8775672
24112747
1243042520
326231868
778352911
2381518728
301536843
67143433
770263321
2460371845
769138068
82223702
64791926
3527526263
1880291017
1096655058
410040855
826856694
133022865
144843079
1635847478
920425531
569637479
901947188
1411540952
483822424
582677288
778929750
143890340
2814131617
1428703674
2834251281
5402612
237432055
1852386540
189695665
1846436268
123108222
1426006800
885112070
595874756
460342590
29760007
460312699
280984871
81713828
625780784
404289435
42081904
400272855
2916376923
24906749
3047758347
2279369412
3116133433
907470974
500704345
25101704
30370105
30372490
19915329
114679360
2326398028
271053360
2326045797
14955908
710863367
2905615978
488626886
2585762489
2306746573
304094406
270403166
52463008
288286255
90705616
7590112
142466307
19604705
454611362
48783951
1907931691
716812878
16548119
1532655349
280754018
422204418
2593789027
8505142
16174575
22763447
160630206
117096653
372904944
18777302
170699708
1850112632
39279014
40886069
19166981
11348282
181195091
2214265807
306328018
76348185
164299225
454943339
16072676
3169953256
2241667004
1630633530
42145896
460506743
339086502
757862089
258900199
625858607
637280001
163607034
258458683
360200084
2203145442
2160972596
252217122
282653145
2381408192
114542875
2555696948
453548361
17885166
1138610984
317987681
1252676388
1040650812
16704463
2409464407
108427276
1872999342
16429768
1311417344
30724162
2599874856
1673697758
29734444
614429399
713509467
91279476
883394264
83396249
370386848
1317665767
520893612
1332691850
385638487
2338594132
280557854
26158560
1035716796
3079799655
2477244825
118845216
3270403836
1969401638
100349032
24094444
3038532840
104589290
263414131
3393124312
54981205
856364922
24700690
2992437029
1668870834
40805404
212638721
135678842
148625138
23457956
571200736
558958287
253563556
2675003611
3903272853
117118416
2154925141
842613728
370998018
567523972
8839632
399701666
2838337486
390295802
234997523
256655026
436911040
555254717
321120635
437092941
8598682
2420082354
419704452
444007700
2252439278
115705583
1691583926
1311901574
562135257
426330720
381443589
177555127
957805050
63228925
69796507
80454366
2577852536
1482930300
66726492
15857971
37683289
49827406
44195418
39799109
482407375
293111734
169586790
2883234899
2337014022
14333333
27099407
2412667392
18195463
33777700
3294673335
2286653016
18655484
858933979
468162418
2306076785
384457134
255585354
1267169112
3392149451
58267691
286209959
3903514515
250261534
1012749108
21915917
46627530
26207922
181064692
52850138
49775279
230748033
222177780
24749214
2497525429
1940585892
964927566
1408532930
138556313
205803403
599506936
3026617140
1170861877
917879935
3639495854
1944517550
2244287766
3601566802
1964883842
507948658
277508241
1408307905
66459257
262680071
986712913
14759640
3097264282
2561878688
1673388918
919910923
109038717
792559470
2228594203
1118414119
462994804
34936339
112789392
119469995
224699725
25168897
1669771668
1684110091
19759749
2207783353
1479821732
24058116
1963954674
70736850
2249392172
1934646979
242756726
1949973488
2325498194
2279490224
1455081787
431838042
964365972
2344490839
43266010
1976242820
1287543859
121922561
1116681984
459362054
732965606
430190945
583142443
519796681
799458720
873594720
260570041
2321429772
1852883048
898762112
445493373
891887924
383566622
74816208
80686496
480767942
16247494
231662809
404827347
127975950
38022489
3222315911
190719403
353735108
74762800
2670313442
38512770
3529302689
65565106
78620078
401422951
1345422468
2560109335
389557471
411110279
389812363
73145176
389609128
389611526
389606376
122657422
22762908
260266028
28729277
18770777
404542595
414068542
389565872
31460850
28435333
2447195767
258113996
36931424
402794026
1069176127
66381461
16725620
18358270
245224684
579260424
30434892
37970314
143713251
15353981
20962674
286901222
281093646
868647822
1415791555
2609514594
1347041407
1267784136
257003374
426734276
606501349
159124234
2166745466
2212935307
594094393
400437790
506295537
1130761418
2414504598
2361933847
613590554
337987655
621938031
351049111
102697302
2606556046
874067958
3699355996
169675319
759252643
545298054
1393313738
431876463
3139522358
2605558027
2281281115
2577318578
1479784177
126723605
2983365676
1871359261
3105434269
764467596
185655836
1871869182
3164164953
2587258554
1682209052
21096041
1020277135
21174438
2813901697
2445700405
91581445
2445698600
1000318321
314690368
704069096
1325182002
2820008595
69125412
3004214926
69141559
299879612
369560707
288903036
1952839604
350492510
346707432
3430990721
305586753
2715503508
986938272
771149112
1205489934
2416673137
128710292
39260864
1413515046
892967197
1163522910
31128222
107337721
2482676948
390228900
233006447
596914028
185680688
466730681
420019218
1484470440
890704514
306218806
2310468990
366622038
564413109
29445654
23372055
2882990466
2562068725
3027583267
710720436
2733200336
2592135974
3236612704
1952016487
1292291197
1288780753
2991368128
32669249
1959593917
145549432
1418702618
38923913
2252387923
369592558
1278718118
455374196
2243084035
2598619825
2473106340
1618784660
202717291
2858300678
2572727825
2596713746
532587490
405511999
1049377051
3065622331
41217722
1219112359
550183537
43212847
31267413
62629930
2776720978
52444473
102807312
104041551
318182056
90709608
32477835
844486393
16219206
942098814
1261219380
772143068
459304843
104274122
595627468
606675722
1009843730
24936235
24207733
73422598
20717556
1488865435
15902845
76388667
61374047
46470122
2507751643
2808141652
1600788660
295729475
2730299965
134888965
62912620
2350534855
36646722
2770362314
1408640053
333389115
29589768
2353641362
455940846
338472765
40284445
2609690137
945215209
243885262
595269414
117746855
188877180
48648934
282690020
270085078
297523134
301467503
21812273
25747617
355874208
1158620276
1194983826
28623021
23587825
407754153
368097046
34933715
2169003205
1580277662
285699664
253721794
1267602756
2233369806
2176415954
2904655614
404376584
1415706415
2939571115
1880011837
35312082
2433601897
198594006
87621365
29558960
537229280
745583292
14882388
19326297
206909408
59234117
1363127011
41136370
314698168
125777239
795109046
148560786
24175660
1151251177
1367308980
18775270
211582394
494342350
23310853
1952789886
24546890
196340807
78728861
72487558
17288150
3075153792
63778937
197360155
2742691382
36183636
73491087
22197119
16806352
269829588
144636479
28758060
193368357
747289772
285198536
79201121
102795582
7614292
104263696
8861182
16543760
138208383
950592782
82423741
278144816
265270727
41406594
381033578
27002777
71028439
376335087
161038210
2563787802
143136519
919755206
262428696
747164209
22859855
239874171
745682490
714488126
1707949134
745695680
747167612
745657676
2174659446
741355574
747156782
22575307
24795163
4151228776
3085181668
911657834
815382030
2573446417
635925133
526922859
1696080840
24017531
1637151067
26928071
580227669
2273887166
2800953394
2986130235
364621861
1043503382
2551733888
19123045
630400187
296430814
2800839809
404532969
3041236197
2318128927
2592286880
2873529942
219536706
2865719498
2961310179
57652284
272949500
31115794
2239130866
619187526
2386261494
548355274
3040495358
3060551283
1551133039
505137516
3185629982
14604442
3064817585
3248335258
122296435
3290100513
21781549
3082740461
157078744
3151995730
897831188
104265378
3308321165
51815545
1666837926
716120941
3217243395
315402523
2871856121
474584925
199451056
264592938
1534801405
493619938
115163988
2236957436
3237119941
377176400
3468868887
3855474916
271723158
3914806395
17566437
138499929
109494832
2955230850
3581297541
154513556
2662109151
3092430995
3328465449
20458064
3180849246
3402786220
901294976
44488446
3463506866
631668034
109435092
3493896994
26526395
2239440498
3833078613
3959032343
3379209717
811643503
2353820372
1683198530
302798601
3947356337
4077764327
3093624837
4170372138
2920134957
937262191
2706554929
2884771
6017542
14293310
14511951
1652541
89084561
10228272
759251
30313925
87946729
46177695
240734425
16145875
399679253
8862532
66379182
121598314
21921531
599514399
15222806
16299627
15723732
195864514
104267638
43435902
20419776
94163495
260433309
1877590980
96846955
25110374
99865860
2193140837
227837742
2712612551
94129050
231600492
44491388
356834376
214976391
113468433
72198806
253754688
527123802
463298892
424229046
161734884
102535078
308114599
2372560356
2376448993
264380714
187894360
280827689
253346542
1695588134
2903370366
3053570126
2571984037
2175833505
2320134985
437708833
2444294096
2602335144
381152708
17076218
16651754
39367703
2669454431
18377027
125773186
3020782245
3863782593
2742356767
431201321
550673260
260124136
556890374
368770318
831641257
2326644771
2513345393
27023705
2315329354
2564363661
16715398
203192992
50065821
339370688
1108413505
1353237373
817518270
581147148
27655610
71510115
123289066
418996024
130238521
46598192
2275890783
26794363
198567904
1361349590
3054873274
38769433
2926232572
2509253884
1871983586
17425181
2572612077
850972447
1011733298
2413329865
3398920078
2512684981
2432202335
18483886
88847806
101444258
2974090403
18552281
18725659
264174173
3056852879
2986384276
18170890
373564005
2314741479
2938863207
3410281865
63500429
1633863746
2807384226
2863726155
40086636
2968192469
68470587
2529737499
274723544
26996018
4098564209
14159148
9624742
260308303
102775218
495314272
2750137002
22049097
96795310
606443380
18740765
113765167
526427575
64397992
63167459
53484257
36118658
389582305
24992877
326399268
885525680
709318854
563356392
2704334640
2242638794
549473161
351790095
17629860
1175125711
15647676
126511890
51241574
2752850627
115749048
66369181
343452680
19026815
43464013
37687633
78087055
30031547
35660141
102730533
919944079
3196438629
2257780272
212987271
18634578
135938051
372811943
93039123
1517197129
815872909
113444653
147071542
27995424
15264675
213720685
2689507912
2315645918
1289815244
404926927
2364601483
2370590556
138041894
627416210
617747602
1367531
15012486
9229672
911284130
2385353648
2320987874
2321599592
2411819202
2332046212
2342197136
2347275882
343728565
2353285944
2345624612
2315141177
1532453328
14142059
2342970913
2190685427
2320076592
19185333
255128448
2543806644
19258235
2537508468
2406545480
714556220
432858816
21087771
1018630074
44917831
134846593
176103747
215550532
1198467090
609129573
2758734250
125820115
2756053812
94013297
2786275863
2875886411
43763852
592302319
2839298909
111544255
2382679615
2382583488
564090181
2382584994
2382591092
2382591565
2382680767
2382597272
254116889
119829799
205392468
18767699
17134268
182164838
3018208787
49381961
3302064965
2792929858
3341561926
972976033
3304076206
211635204
435978700
435128656
555246978
17494010
549521962
38259234
1321353271
237294480
1371193747
203179306
164369297
13296612
283830150
226631680
2298135984
2264799067
1281124513
18906097
435094186
905096208
95950056
1328212934
249644040
1177746079
460051837
473513339
38421062
996083906
2836421
45564482
37683414
55338739
807095
20265254
3108351
106673610
15864446
810424
9763482
43425975
17469289
22059385
467823431
309178614
93655497
22956207
182398325
258885469
5770442
133464702
132496568
240812994
487198119
2981183247
24126361
34919745
22105535
64400465
232268199
250884927
19834403
975398646
18444468
40071129
378167577
76493480
357092583
28502793
38452560
17393196
449120897
2255430668
2255440370
2255445182
2255449866
2255453407
2255455914
2305428572
2319193123
2370756398
2370994818
2371000898
2371009099
2371009784
2371010514
2371011834
2371017301
2371019606
2371021244
2371029505
2372064108
2372068237
2372071453
2372075479
2372077236
2372084323
2372087346
2372088146
2372090335
2372092723
2372135702
2372137848
2372139020
2372140824
2372140909
2372141510
2372143789
2372144636
2372153383
2372219922
2372221230
2372223306
2372224094
2372226198
2372227009
2372227094
2372228598
2372229720
2372236465
2372501918
2372655728
2372660000
2372663528
2372667008
2372668956
2372672790
2372693094
2372714718
2372720023
2372720630
2374058516
2374064551
2374065986
2374067010
2374067540
2374069603
2374071080
2374079065
2374081531
2374137654
2374138884
2374139634
2374143192
2374144134
2374145184
2374150320
2374145329
2374150435
2374155547
2374243554
2383841178
2383845300
2383848030
2383849596
2383854913
2383857037
2586249666
2383863246
2383864862
2383865184
2491561290
2573501755
2600492695
2743183980
2795809854
2795834466
2801780500
2826399295
2826792011
2829949518
2862787737
2884353550
2904367545
3108716961
3130711503
3156236822
3212207649
3367969618
3427205007
3611455888
20558567
