522089205
143710878
3617265494
721370467
1315437480
711680060
242816864
272019676
130159846
1320350810
373586752
300162606
397089994
1041453240
799202126
599113396
2494810368
152797988
1208631468
62710586
624896628
102753335
306422689
2439990679
1061359813
17965523
17469492
21114659
15462819
64206175
127059347
14437914
87818409
218443914
62030459
2214112296
24902941
23115658
70162470
26688378
34141121
52487389
61275359
80473367
468625663
137207244
57288354
54311364
263083479
38630618
19387696
2803191
48989557
40247252
236393137
1616039276
1702902050
735122173
411303993
2165159820
2979272898
291960419
559817795
16542390
177547780
212162328
586857455
137289189
39927901
589921934
28985686
405667557
3131973711
357141831
34409839
2988035299
319504569
36140582
618096867
150931204
2559561218
2773125205
1520756652
2445278440
179470857
122948963
114182503
3165824401
3448716797
191511134
2827377226
25482776
617812352
1316811403
429992065
339824133
518544225
168053944
14877389
84352985
104141949
75218496
34351681
26637348
47056923
518531914
17870903
1466758298
841937574
92503159
339040963
1661452320
2344810351
2592000774
2428796856
447728696
15903919
36327407
301309289
1391932442
436383630
3071775482
2707085628
1509442818
221288530
2439614112
64639742
1371528422
2279257843
429893561
826988587
1568127072
301382741
2199647016
2390738005
463541394
2338521698
18239249
615005597
74105075
57671815
60247413
312790865
107168854
2289628938
58819367
298625735
188377127
7401202
15762708
1929523326
715662259
2418827840
69544220
2265535795
79986603
17676349
300755895
18016782
2511019243
2395561572
28634438
62491692
50338130
44565895
2443766456
2187698958
1540532730
901132112
135782269
71201743
121046433
361315016
52812096
15469101
176295495
118024094
920488039
76994022
62499610
185142711
750836323
109823938
44196397
13298072
336611577
93123575
173453684
45570321
386445382
2668845174
294090531
4440922273
140366976
1003722079
560049385
4440884593
4440436219
3170506873
4440892932
2995026168
1642975208
4377304453
1307947530
2923636776
4441049592
103843087
4441180417
4360550236
4441102338
4441177406
2280364350
4441253954
4263227799
4305609322
2989401067
4441423333
2911128487
177856469
2879720186
4441474814
4441379664
4441465880
758731297
4242149234
3513918200
4437136278
1582341876
103002099
151609258
194653745
164263382
980186342
16589206
2856535585
2498929388
3037799054
340977290
4428417560
1373620088
407071846
4428026202
2858147486
221263762
2987881484
2603311364
4428608298
3301173174
4379140273
4419183498
295672880
4363323798
4430345774
447338618
4430236272
3789248293
2578638614
4431221054
4200010637
3054956066
4350840256
4351774997
292094860
4432347794
4389212352
4432143434
4367692572
1411004113
4422997634
1927493912
459206760
2649467972
632572143
45289506
17010913
136889439
1913668759
2501386681
3314102676
2298771270
3390342519
4341351323
3250295814
2944991324
2773099947
2848796468
3849754697
179051898
4073654559
2855654882
4359755794
4124768786
554676231
4134756794
4417935074
4309497734
1632426716
82721258
1228278002
814968864
3838552034
3639789619
2893605530
355784391
3145959379
350703026
2597664301
3003198583
399428588
4300723514
200785205
232497897
2899074639
2713478598
225112639
317799926
3176998784
1425451896
249520655
105503455
3294434054
521503154
245751500
445425584
14251801
105039807
126283787
136633548
375174819
3004521955
274586920
2515419996
4036792219
4168723093
231794194
3684355848
4176977425
614062888
4310925020
4112323753
4351403912
4336954153
614889521
404963238
4175580072
3734295192
80883533
119621958
85089837
1030493862
1379946168
104805411
2916299274
1375661370
2342294443
3156998462
861103902
2228551975
578133119
400223205
333821837
635466990
2464271844
779809399
2527805598
3038389584
1065917636
1875982992
85289485
119997122
225775547
306407686
2441854915
95584923
3237156828
158267078
1857833808
409218445
531082540
587183273
3236719564
3163588453
2457767556
602569722
2731344702
3164401010
2266407967
2801802584
3229477032
449554621
2313733796
1705230554
622072913
59393919
2826671244
3253469312
3843927264
3037549938
2213874211
425973946
573588598
1644275809
305603067
477869359
431469382
55624368
224119031
627355202
2918270202
1594079784
285101065
85550416
432697203
76269509
117672538
1309861544
584152700
800711749
2466467903
4231081383
4266335926
3047218039
3139413272
3318368861
4427183234
2493228985
477809514
1898416603
3394480348
3887949732
1651734031
4346038097
8736882
29186269
95652758
17142046
1305556297
234409558
1424643271
291690583
214641138
245031486
47543773
26579339
927783252
12594872
32493647
128356652
29710508
1487070804
22263651
2833839019
64498695
19364366
14800270
22179561
153149305
19959268
74270510
2679347852
2930538686
2570642840
1709284712
1170885648
2616994128
2883337135
2543217782
68911475
25098482
1066064184
2645220206
761738419
24752484
1922195198
544938944
83895276
213954036
992474456
367809724
86479411
2765974980
859471621
2913585501
163817624
19897138
2509549135
178672036
456729830
323839489
113850440
496105656
1487123594
363692837
3268055755
767689688
2897186950
15912890
77692601
2579957281
31501423
226140741
305355763
16404141
291606578
459471970
231029978
153503737
53414786
2296549249
462431689
71048726
3272713844
1868401428
3066794588
195184319
2524265943
35343837
3130350369
3723660440
3900349035
4040185995
1967891030
414167797
3304849376
977285472
167876413
349377257
244524350
3956555860
267298684
4352733077
271943182
718285294
62142918
2542256271
506788504
538440204
356624309
604038924
266353798
633420927
303102448
232364409
387486186
317190073
176620954
295410302
487946550
112180812
623776507
526035546
1275729643
197825767
83446133
316066472
170726444
31095945
2515743673
111179190
379537044
114823679
185807856
1614208890
512762275
2837582335
68484068
2786192283
21090027
405080059
4298701754
2604215131
198030688
241977141
4120697176
18639738
105998402
17337231
4047721
46003622
451215777
41048052
46704429
49578370
1409687894
458992712
901789430
723504510
484522355
527366699
129712840
56760430
71251611
30616006
322005131
420178940
58137095
6534742
109264549
1322319715
2411578471
2234185627
1019563982
2187790560
965718980
37408240
359323848
2273523122
1866160063
166207562
55608836
2744334058
170038903
15188940
3240137694
141876361
121163552
594337281
234559391
1935001141
2380655382
2440189589
13058772
21562331
2163114691
1076820176
2789355877
2908058659
1335987062
1248054686
15210670
3118186316
1351091941
923444960
761673086
2766929145
1377648546
1673387724
320215180
2445200844
2439512882
75039503
3061743709
1467192294
1021672196
541790875
1378842606
38475547
1655674705
27450189
1090948867
18857913
28689319
3221876142
3482422753
2323982664
594586761
57380825
59705943
168100032
269619580
613585172
86315135
1515441404
2438225413
339108013
96704053
1456085383
1516231519
308329253
95437288
201184868
3906572352
15405421
2489350513
2856340524
1698836990
396485112
267520865
266525276
451533548
2496647126
47300062
100960520
224227159
92733057
188248582
14281647
3409844026
32899719
113578227
444654776
4079102893
2846995754
358040422
570204029
1498384819
4155103822
3318841190
2959531273
4067733372
4145403133
3062275866
4043619499
2563920152
2775909595
3769962853
2900070884
554588894
394211749
259725229
489582081
3310295431
2183396222
15168150
1922154000
32403343
481376138
79120620
438200180
338676832
89533710
3047348556
2852953338
485789161
3650713572
2248655422
1361599669
60070357
578397615
3025754858
2656039566
2238821107
16293020
22240612
2778537414
3217287939
3259080762
465389168
1062946286
75758473
308602769
52347438
2571321612
242204358
6134882
4108380559
2437910136
1124217643
3272856252
19915362
78824180
243236419
1206780888
2901692485
2950519471
1073091163
97174265
1609634336
2968786411
556944335
196484915
204883873
746252012
382399233
482481076
4308511462
4390618580
3164451793
3110644354
2675377603
4111858405
4389987314
4226447661
1901936815
3004925416
1227424626
3266199950
4298476834
3760242854
2277873036
2782469221
498699242
3274223053
38647512
2270583548
301895554
33852649
340395827
2371525856
64986155
246247956
430725435
470029227
1215623780
120017968
400873511
2829447181
95830743
75823330
71462527
141552061
2599507171
225331935
316171817
17715247
17737602
316146881
1499136511
2303907637
117656296
580751461
2412580496
56304983
119364863
3140047248
69516253
75603588
1601512224
2567455537
3000623616
2315460752
11763982
466324475
3868049113
41092712
2556516433
16863007
3908996909
4091984473
1142131626
81384065
423362558
166506094
3526160300
228080902
3316531760
221635675
1492538024
132824099
2309662015
3317569988
890370344
1045090213
379499913
2743900712
113419517
1483810650
2350444772
3226909004
3316965816
56962203
3229055137
2346358854
2497601503
4222975038
14537202
1644335880
69915754
372251333
1619917496
4389386412
1056850669
35703081
2191374346
1678137901
23304078
317099357
38742134
15271141
51310666
2438170112
575011946
2280889831
2940633428
3200531468
37956365
68493508
3057521125
91025370
1306900542
3292358994
2571019987
2572925208
2585154385
2597544577
2599639430
2607377034
2697904302
2705792582
2718718802
2744594077
2751734180
2853011412
2844149048
2849900018
2857624531
2972122956
3062657725
3064289467
3068574116
3145138417
3071302639
3213974053
3280364354
3251395849
3254280750
3265746289
3282045398
3253564662
3296711510
3299302664
3316765075
3334180454
3318461749
3340882282
3349739905
3398451371
3437894854
3556291753
3843480916
3823678333
3868797132
3936516982
3905159533
4076775134
4079657725
4209987013
4126637299
1392101881
2952904269
2172087701
2812377188
2602973341
2869951502
2471781446
85657578
23190207
17553400
254957731
75460717
2477890369
1422472682
775415430
595890990
233557996
3309721344
3235066404
292685667
358358638
162784593
557538968
2917251019
2698602856
3949360154
942799489
425650169
2462787336
2342050278
1176135546
1418662837
36144455
82130535
2850069908
43077446
2550018541
15143478
2842434988
2845309930
2894042366
68386022
237851661
335891957
3079568327
71487564
34743251
3857996234
3016344894
118787224
2253665018
7788062
2530476919
126030065
75713796
17705856
2348042388
625760052
2592926754
17673635
56929170
274606076
484470171
2532884354
139897603
44305587
602865727
99642673
1008176113
87484569
98581590
450647388
27425218
134780799
2380697317
23818581
22205952
143579325
22397136
18886271
62911603
357638981
66364807
46092251
557899028
2766346050
115341081
525821517
3305780538
136479128
110365748
846897578
1641150530
1571270053
65851020
58214898
3308051342
634467805
17525171
3165290299
286036879
127245578
8963722
63662120
351392903
947192262
2775979578
70939654
44595330
59808841
109275593
51690631
21447363
184910040
605275372
38398783
360680552
411280775
3004231
88931860
2743917936
92726549
31348594
70903729
75854417
66306024
116677732
219980050
109280936
854741305
42197010
1525187353
1664343276
2805445225
3754244655
1141694100
351082638
2940409224
15199818
17251657
20329672
787300813
44369267
52129399
37710752
20633239
221041703
1324999118
2478779029
99934590
522969041
295032345
586671909
501973262
5953552
1467082177
2885489051
523318427
116114711
1601354894
2522735215
1714955306
1730387946
1205354364
206717989
210402450
196562544
79320096
749710777
261588025
292691834
3168353852
15222806
18083519
44587376
825934369
264153788
3162438018
589133589
354993695
313131020
247507699
406367592
2965707337
296807678
169971571
3320199715
4323261018
3825116655
48101151
3189852283
3315740113
4256011264
113568623
2870644445
2276953075
18940861
4235535616
2752078213
19747371
219294652
242051004
2987883989
1015029619
34768176
274905020
35104711
3148037869
40616820
117041743
3608390593
2220775046
132842939
132911028
196968486
2821378861
109779429
2816792450
1953786792
1535840222
440577060
4021746013
2346267264
359882500
368638768
2996427618
126957734
3104882750
2655911689
2695009326
241789230
4002680189
134804098
244471108
77238337
584706609
3857108353
169500356
448744998
2156942012
1497534816
2904490232
253167239
738149822
24692676
312373111
1413416460
1663806595
2317926254
2312845759
52583181
2604245467
2746128745
51552352
884023094
3281804137
3687876073
243016719
2387991079
514838295
298692018
2248557414
93353890
240668053
2256063139
2272872421
1021795789
2268247584
168358574
1926312553
2265774914
1148861749
2246823764
268167328
239050110
185510896
2264661360
118612178
1914072414
2252142480
1725328742
1674987757
273862207
623057848
103239006
1929633230
2181875654
270806903
1925757180
2206819934
1724983051
90201678
2190359162
1571101322
404514179
2249832259
1694478954
39240673
333888813
321271735
372754427
807095
63796828
17874544
123171317
42606652
6509832
240649814
2535455623
501968170
1004614770
117396160
713802337
769920
874955365
81054471
2516018504
267861878
500154447
140032483
116009193
4170504922
14116807
2542758117
2339400998
3780315496
56969826
625576412
3195729053
524308156
38834516
3114942631
1668370314
1130162562
610567637
582131948
611275903
1658745768
109579523
1503230466
2440300927
2490068635
2478095203
1663811646
2304720642
205622130
2273683294
1336970263
2358256949
2175560370
4089578352
1490985685
2666121367
1543269824
2814512137
2265545852
3307024831
742944799
172267875
2391014700
3385625596
2598828991
3011895854
3337610481
3551204240
365495044
26244629
4262773214
4265448394
2862314552
4349897714
328820879
1405552147
2625176466
2746182964
2729223054
365398076
3006989562
68705908
3861540203
3900682159
18909186
2262318122
380
12831
3145272501
2253319807
1259590976
1688355752
1656577136
1653129655
2260365156
509996415
2371681183
538645119
1728311480
1901686087
1637350274
376872534
1960276484
2225723400
2774660632
2823192415
780862693
3270841453
3268901430
3255124994
3254764004
122959195
23918402
1667122507
2766625136
2766671418
471489217
1889316805
1332272064
2563727017
3311239807
2333150096
87711057
48914489
2851445178
2250820957
3672172394
704084328
2684410256
527436141
136262895
3047013572
105374325
66695578
63200558
43895374
58730264
66782978
94317776
3064533207
1916366497
1049542560
1065103710
2513780629
4356324440
3306738583
4357020374
2415674455
3281000341
3796376833
355504893
149084128
4269131713
283543540
419331966
2799676560
1284922063
3312174680
3003193930
113810443
1277020178
415860281
4221082572
19578082
294356617
3602244433
22260176
3295743787
3242759826
3223261524
83422835
400754829
3729342612
851670937
14431400
3194559142
18403300
3247784948
1471557410
127863830
2263851657
1189205972
2491362781
2876141178
233153266
2475872178
22129677
160136283
102364880
1195971133
17539984
2181398659
3150940290
29489572
3769060167
993001615
124650263
2410373155
1379030108
108577950
52379173
82151473
3890285054
3524808074
3869367623
18210579
167296050
94775494
83773894
13017862
18538525
990610388
50201737
49869921
4277359043
4276881795
31080039
51458804
87143470
822071580
779766458
93665089
3290213661
3054890419
2915432514
2326787936
100157763
1615556958
2391222146
101189388
1415232392
850854618
745026025
180321446
2812768561
16820696
848699666
17037001
62438757
254124909
419146155
607247244
2386859796
21769127
62228827
22843068
21295141
117357898
899756972
90565865
30278532
219273338
82133893
3268462754
21753919
27312017
20974120
18676177
15030179
523418080
970016257
15881010
1227681864
3076878878
22848269
18447238
267088951
1617300961
2468865211
557956253
902534288
30837666
463766394
2868556909
213894104
201770128
3196324087
272974932
2487413491
22653968
22905611
26511660
7901872
15307727
360831528
1305940272
17809159
103625781
42573217
14278893
291912369
1277857231
310322078
607678429
106062176
482170802
1491438217
2835320294
2289934136
15300300
57267301
17239667
402561634
2836381430
3036475046
2862241190
55498831
3096383096
1943894047
1567813080
3270087739
59740725
72917035
30820751
52171246
29130296
280826651
2966852869
17674644
38841519
44323005
113130846
16438959
15120414
195698947
478817194
228461821
75575731
3037879094
154483035
2359961220
90091802
400354200
117982523
44926391
381483082
35237683
601563484
312555513
95349884
335903685
294465903
771400850
63752206
145931959
25967276
183230213
337552244
886557108
714003800
428333
25053299
2097571
8161232
15110357
5520952
15285543
150666503
100681561
2840974083
19190337
2449232761
524032727
356907970
629558842
76780580
93824989
86853497
272679009
597245700
16017475
25341604
14952077
43464013
4272316636
465403720
332921290
325483190
319593936
289578684
275024798
263160998
229957245
2303538841
72268187
3907577966
2150650094
3653881586
247818489
461542610
799257912
23700187
379408088
43473560
326275134
589973682
115446992
2381012246
233722289
17493933
1333239852
2577567523
625322954
21221126
292398011
39965262
1452502411
310679156
2241671037
44155599
2866837339
2210895456
2254824186
2446752721
2266117968
2276959447
2524608300
2789231484
2275985124
2332799101
2342313379
2415362684
1610086892
2368591777
517212123
2245236883
2288951642
2541478369
165635124
2266211342
2254481479
2252492970
2818104212
2311890038
2250310495
2780490986
2662951986
2607325747
2466156830
2359762165
2906989688
2516857830
2907928104
1196004842
2250251281
2721217544
2267363443
1855003476
1916564341
1287883189
2306682276
2480000532
2493893395
213638757
2219014945
2194880430
2231527315
2383363362
2276242970
1270150182
103770785
256495314
1243982952
1088114466
2321859666
816126229
729394004
3249481424
3249443270
2393385188
3024835907
2864465251
2433417260
2852770686
2258575220
954170455
1923448202
2343398838
3304341259
2883195818
3105124080
2901439974
1419020654
1920445682
594284261
2283670806
2247054350
2298790746
2266239509
2253081680
2232830601
2802135584
1917463430
727973347
417060768
1294214149
1383788941
2335354471
926981586
2349602936
2271311730
2250442764
2273927623
2928178152
2265297933
2341577930
2872758829
2277236864
2892075896
328613917
1497563707
78513180
3436650678
195453684
2324696851
2613926054
116746970
99254880
102700680
169963553
414946220
46408217
17710740
130743819
14405191
233631354
2325038912
3070686383
3014014382
2558252576
1207648771
54095114
30417501
3099852940
3119443181
1117632589
1443025242
76642278
832917920
215905007
3097602442
2405325950
358276025
102903525
350188849
25974040
99886725
2976261534
3246786975
3290076495
384924894
405899703
3316069385
109001646
344613908
75695920
124056683
2338072806
270426592
2218274526
2280590918
3033530164
159154309
2923724679
2321891696
48693594
2573006412
116763916
347257032
807992641
239074267
40425262
3114313702
1374565094
45961660
1450205844
3002789437
17463923
129811172
138814032
131574396
3872945417
2617471956
3844392447
1491066691
48705707
897457670
388121398
4040145166
3387911098
4074425351
2207167747
189090262
2982269822
57107167
2264849412
2237652775
1475013896
107927797
524473474
948648084
3459051
11695472
14361155
16029780
17137628
14700316
820674420
41509378
14055301
769965025
1100927498
571878474
113352671
67111838
321178562
69279164
191849753
37926315
210230657
28421825
16736241
15921173
49988851
20182642
16036960
84351228
78896077
1216864178
364947550
3327357911
67242892
598524600
15234407
153154765
83039166
103644973
1612504999
4203635352
17463140
105543248
41364508
61278755
3189609924
2745005713
101182155
2864138856
1363993652
87233065
77789948
14918367
1712795095
33904848
849841172
164347967
199043613
18717518
119694155
31690585
162382820
223110908
171009315
2835498294
2182438333
4346921300
331413167
67871788
39761300
121209486
146081388
350110563
618042112
83651498
2178100506
2317228892
136703915
4271800815
2681528593
4199734589
4346800093
3020972287
4352386944
17281303
4021714934
1055689357
36152638
87126628
522553222
3392299104
69337887
3333859218
148275530
57235218
37190860
66571920
41083513
135455934
393983435
20683879
4311102799
2363760630
3184454384
1617468091
290452792
134546153
505694805
3219484033
1677713378
2856691075
100872779
3107206090
91835479
2839745816
374932935
2884492296
2792894052
2852808734
2895925532
2916225752
2796106327
2827830097
57587879
4238229259
3042192906
24691883
355989081
1549698013
1516758181
14499829
287602729
66935683
2673476378
3238874432
297437558
2198269460
90672407
75555664
4089988514
2255434795
63959573
227241182
28149588
1597860398
379606326
1655890716
80529367
74935953
2545279945
101200455
16425793
263532959
317832990
2855442949
20197308
47574581
141041200
250677217
532895350
1630397047
283410655
1429618490
18388325
804051589
77913591
2995425812
1073181793
111550816
194017030
2596143056
53075131
19438384
541511214
831242948
572464261
252018855
340840894
841116259
849405134
228302615
572883437
2537680387
24107523
2334473967
82044278
258037543
1568616944
3141748286
23343328
44638576
582088512
15521075
3033693676
2862675317
37034483
759251
1073676020
2467791
208417986
177829660
2280243374
4176707120
100721196
2343776005
3919408453
110384388
302564919
2530276088
180674424
1728597720
17537467
111944435
2904420607
3678265754
74433034
108900981
80270208
79671917
2650295678
87174678
2720868859
17205415
378015672
104454186
134758540
60532319
733281091
18073623
15954704
121407739
86390214
124379145
40044280
2832987127
2248381677
49881357
38146999
18186549
112667784
3241214268
726748106
2926595984
2964950313
1905475310
351363210
3255964705
865342447
2374149744
465867490
339465480
1949140645
1705133024
3980772021
2748498740
3281306976
588199697
2222206525
4110750737
2412401900
17907265
1964255318
4271939475
2911284567
1184750520
98210147
1530795570
21186231
15330829
82069046
124115301
17039599
1582524750
3187258932
99649065
86006284
24668049
68636682
3231853381
537556433
63921811
2911704498
335907019
3162014286
3539094319
31049163
33529092
2438641974
104782572
3226286761
30035108
1605274585
135469159
184241959
241900976
1046762808
252413942
1565422694
195056833
2779129998
2781619724
1501605756
50585550
55517349
115743045
1710461845
185555270
39211877
3274656362
151386994
121790884
2954357876
128497383
357840387
4325623993
857777888
4322700493
4053544342
4012678634
3062108029
187447051
70862409
2585979517
3310234314
228362847
142379064
459936806
778113528
50254699
2270416014
87674757
272021624
2991758393
2401189777
562372370
3102530401
2594282460
1184534749
2315474990
267319334
3228297098
85462891
309652252
115465399
459668832
2896746001
1730506304
2161435357
4333352000
4343907673
4262313856
1567367989
1741967130
872060292
2725537075
2307712298
109650948
141274460
546556305
1963231764
125286461
355874903
918471330
116385866
474658977
880037035
96566011
1889086548
2635723913
3329775433
3254403711
2906727114
84316208
2935748226
250027003
363610712
2541254510
949042609
3180568170
45570481
2228308454
1274129538
3915819793
4344224478
242676567
148250373
2862121752
270717413
140778373
2532890035
419330130
3261176196
315623881
4344176954
83531741
2826529099
515171731
148658143
39213003
180215963
366687234
494305648
82429497
29456137
53880693
386137123
42351951
18284523
131755120
338366234
69825140
91748215
108910143
47273646
149090469
135464477
112143051
50243741
104521047
53581322
142257829
75233270
87417964
994708670
80626496
74541345
129145854
20963854
346067781
228180034
98667396
18136711
18837791
18131765
488251621
52092687
351568421
56321146
775379648
17754768
69541557
54463072
22355311
450577886
44366594
2561076330
17702442
36614524
59177377
45914458
18304860
71587940
74480424
75491740
76950830
88593181
88972614
98612074
105189186
113392058
121026704
122317608
141117921
141196866
146814364
140471114
278399437
303783976
218141673
404044528
335767716
590623474
955921351
438136576
1086090908
2258494366
2678848784
1968398454
1141637624
2311557998
2394858182
2942398595
3031019546
406713814
2572315144
297053549
167452533
306320074
114431792
68399705
2532657452
85303665
1498332403
17175213
16742053
113062227
329913473
143678754
162114001
26250595
122445177
535785575
291557277
459951829
26775859
2304274585
76858507
2228360576
552741802
136419711
47065380
631232364
1609748304
1874246395
40444160
2489431314
927137894
1153107433
2532459042
2378710598
38751529
199069043
67031169
14135350
89856037
110025421
52382278
283916211
14534827
2720767431
140469448
132191576
490442018
179449138
60023642
453403955
1344897174
2284802828
1342161517
545821453
78970057
65897503
451869617
34275139
344437989
2874557485
1651739562
3268991696
21080743
312517209
17554459
25443588
3271242104
379217753
207888272
97618213
17243582
1062476016
40619423
21375278
2229800610
135227064
3371139261
107474787
3268810441
366155841
2927156971
86613184
2739140528
23061619
2833723424
596181092
2411943208
2766064128
289820335
46755034
1106803026
2896033506
96187076
90327731
1270022540
112236745
135414635
18393986
2497243160
3238768825
865005462
61448421
3245135844
30163077
68497896
1598094566
180505807
2588841246
16220136
2290244552
118989667
101695592
152601415
14546061
310239584
81662868
67378160
439154852
3115368822
20816572
30699754
4053162792
4255658358
237742285
163752397
46611706
43568964
451586190
105783183
418586806
42783427
297616599
96709645
42043572
448634500
570601541
191806940
123587424
513412159
1512202530
1871602675
143426568
3106694948
2408615534
2897558648
286257840
117473093
2835099636
100363256
1153045459
132817648
51241574
14293310
18949452
62762183
169018518
41814169
1963312058
523058589
21565678
1380986642
93835214
116276599
43855487
3233590338
207906489
1693069363
344328721
1168771934
378984391
980619276
197784002
815033868
18358458
2955876798
3767513598
1963328965
49511619
104876117
99287337
2598258590
2398071829
2862110518
1054143836
1077447043
115622213
2944274856
3254045385
1344536893
83586157
268676434
347129707
2399785500
59023329
775061238
2335279854
1439046398
223563741
17734669
3629572694
831106190
2386415119
318673863
60737306
43017766
6864742
56026433
2320539146
2870570160
132076995
91115833
149642665
2554906754
2762169181
3258563167
159540538
108668795
482761624
761638963
3274149036
18418353
2510620610
2944090044
606307360
1351175460
115332967
147622442
17964981
135103621
113608783
3313376743
3279117342
198060394
17986699
28075840
311601261
614156493
2791245386
614134623
80664593
1372184863
1374608696
3269120029
1015002308
3140173574
3273031393
3277243807
712030506
37666984
18906561
56301146
17078632
213795411
2938409899
90151312
1097553362
4126501
1111282716
3391510032
64363795
184725734
99964903
3307088970
41994925
1598644159
1241726634
14175873
4154788518
77727532
143766231
90576278
165787065
4318759340
108355157
1330427022
3180870068
1948902912
128479646
1616916198
3170521344
3966015679
2455275793
17180384
415553048
3279782448
62802866
203333954
634903914
397691002
126131839
484746660
2578357951
56631494
1321898108
76220006
222363598
2397405540
3659180246
3457983319
22347088
1979555574
297169759
34675715
2609379660
17789291
2949514189
90959399
15486235
6611482
199766003
21491091
17261311
127062637
37861681
1111063441
10078
37290907
254218142
17997789
42559115
144408677
1605
13242422
40273
1536811
12901712
1629336979
29079189
21872269
2652536876
144002577
17503180
207773069
382267114
1324040280
197505545
56505125
3186408612
2502055411
2907342637
339172099
116980892
37873618
1851545900
65025162
4011239174
2335560870
98354773
343447873
2913830408
19596849
1409971956
3241053882
2744537905
3104473008
3066016678
135514272
3489768920
14260960
183165874
3222505627
2936714848
1629852061
126955629
40839292
16734909
3606504676
1088422554
1856588299
2656599733
3534907093
2613904818
2583530442
1221365126
2541673915
2583583465
2595957175
335192881
231033118
2686834802
62780688
2597494213
2558684335
2687516120
2599676406
2622070200
439341474
2835276183
1586567048
7768402
2549190026
301948403
442905095
143568410
236421892
2397642349
3094225255
19611483
94532626
546430284
1115348904
916875770
1683287516
95588504
194859342
148517828
222106205
81299137
1664992976
75610842
189035181
38516483
4023057436
3646077798
319207684
254726762
2958698701
4199000594
4235598492
4287800360
732822949
47443693
318195157
2827539768
636350901
2597666894
1897514666
144191791
1357567292
70511174
214831987
72539202
636276877
76921131
119491006
38403110
114453333
2912894647
375756472
1086642313
302136938
581579728
2835841370
345218389
73334533
134369482
51645472
1591419488
429864309
1021419306
2337875256
285475285
2590310630
1188429721
395814095
49649077
1572472460
2992983350
2176047085
156609745
263236469
75748544
45265976
52340477
113859460
27602873
4157876593
4080382872
1856536704
75548811
1189980018
1725262658
3849544284
114946762
1336750632
491874324
4077212599
4156974672
246216859
4213407020
854451600
142326764
4109774234
2598058284
379655729
3236011789
24885281
2251461926
1527024211
61180382
176355348
103323813
400843355
24671016
119808146
377270868
4076779752
75825485
4078121358
39495487
45800443
53097744
73068368
717710654
69288359
303633122
236387330
3032283636
75801567
229057363
68599747
2157523428
83873808
128439269
4083234082
4184250081
2594636114
87299367
386040209
11399812
71815077
108538423
11530262
66111769
27860681
245218929
2866875204
101215084
377353680
424484966
132385468
55178896
101311381
2568513332
43900671
2537031961
2377964923
1606048885
45823720
83795852
298328694
2506662439
42115323
2534310320
384721399
93640341
165506153
312558905
262508502
24353544
169599273
1923373933
2392049335
42917001
348988523
946041348
559345507
3227060365
85768153
1978942939
114970050
627617991
43718422
189627097
57854585
1431751957
11695892
139189823
50944856
20609518
19329136
524262813
92708272
293063175
56627441
140047339
109930762
90628174
107855819
613321095
1191912552
72034591
445475869
38639460
83663427
119456978
170396389
114955836
66932802
135791254
362506755
75309647
39241648
57947582
114991258
75033337
26157608
2477802067
988858957
1338414690
2312262702
98815583
1288139546
59420593
14204007
111962216
70179948
281902422
1019469630
3277696381
40673794
83587056
3287800219
102646919
2338104343
135092917
14905139
14186393
83444662
3243903512
2779057352
89713893
1387173836
3936463583
414648609
75816710
541818082
85808309
80107297
479459331
480457324
170013467
107734460
64432167
24059402
2785480981
2686770528
2547339931
4023551893
170637208
1547746405
120393444
4025926093
2476582710
4036733353
4044393973
384513500
3595961779
3266857099
1171787990
2754426228
1337269760
4122343513
114381154
1484037511
181309855
4185593352
4190147054
4223701279
877365601
161655952
5120691
1109129574
86295503
95568364
3070025839
51006240
354929088
17659982
417653378
19066082
40855809
24497454
142748050
57303648
50770883
246646217
636379742
21021490
3581811079
265814274
54606267
10561
114623114
29133952
2665238888
4191909259
74505701
166524637
151424630
3604399754
3645861312
2832907952
3658701912
3888348016
139030771
2990700450
2597420953
1600383362
3197316643
125921330
75312606
13508182
444568008
185097402
198549232
129598727
249524839
2160653996
1199802600
229684109
2651029910
551528689
103849564
100174414
152719505
18373968
459849561
76558553
362054834
67852897
1456179320
173802789
230856076
225011237
285101810
57136449
216291655
70234076
12782122
287260294
55222123
2393674370
23766957
1119384594
288623057
385926583
1906974517
1367063252
1516683008
20427494
57649619
2295930900
3066787711
62101279
4230590654
79716117
111645779
898058054
151432737
419298953
4198748778
1004719717
815007986
2251588934
1274690550
380974022
142551737
326041545
145607857
240572515
107872957
103245739
233924133
102276574
122025193
21853673
1252450974
2437226598
59422512
136267178
124830132
140896649
83778308
104584321
2465954575
108384295
50901265
134455655
113655965
49757966
3280725152
1343263699
3018225020
22091029
3871032133
1842694152
89732309
582653236
47055387
1588390411
238479980
78259714
141633175
113425681
2151474931
41766099
480506865
2222755940
21002587
361110153
1746784693
3241853886
220972363
1058415288
54300358
613537399
1549631191
376914643
628615518
371873553
516357627
2657256608
48726258
1394485897
2668899240
86036943
17837817
3801199098
2549576851
140487432
268035727
2958227671
1943733722
1853680447
1124064192
625739552
1351170073
1681010874
601687920
1582447969
54200821
98659965
2481626522
107680763
721990123
160509668
2989893645
3921072374
2445680719
190351028
2270469355
127227732
783986540
2323772125
44356836
2495851705
481132718
2438096377
399988209
2201291034
1423114544
3198742209
119710203
392773603
416542960
1574811721
161631977
1921946424
245769423
146360682
861656581
187638674
578202060
537465783
391901721
391210974
14162012
31746297
2347300981
302699373
28082599
110051475
2966532212
3123339037
3242054785
3177530305
3023296998
46035907
26197815
54873839
450507166
3317068454
24706006
41127954
2944537686
20123671
118107819
113888852
58173133
115954077
614459741
90867476
75237089
527390188
797430883
39196736
36049467
205150914
123231276
52344823
757230012
131882590
250367135
122838436
63331722
464490533
60443813
102719975
586361294
945774577
161264819
2213867754
15623536
937197662
518195601
55478609
265178794
47657891
110087484
279131898
167391195
85221650
51376979
2572981626
2781923376
49269407
480525355
61755650
475811035
536664411
28369203
32372255
563554331
2812347375
27346547
20834675
22606604
1652526218
297905417
39488770
113072221
103087049
14224719
17940246
380969847
435107849
34568673
18681139
220228167
155561448
588200177
795566162
99034397
3280463970
196579666
1632837320
2253148681
47595335
21995200
2296634287
85023712
161801527
925094390
2587240482
493275793
2729506932
2805358944
17249208
253512688
1572648817
140442253
48906364
324897050
57948579
2526794479
786958314
2777727034
459065716
2420837792
1358917686
3162357032
234087403
246416643
94516227
3229081904
2908308958
236826818
3659766140
1951047080
181892157
2533102244
927977196
132480999
141084952
1100658816
2985699090
242253020
3113836655
25099252
145603832
103293847
622868850
2425075166
80330381
177886974
89673430
76724591
1446783193
141470251
171355391
1466172404
16388470
2220938808
735095544
542428403
243249906
61126132
870366536
124204931
18455744
1241083111
143776014
1617123242
2213932272
44667113
798135834
2467109848
92945681
2268748494
137288990
254937160
121044171
2763344636
1649603582
1290988321
44693532
343600927
1922754072
2930806028
295833852
97913631
378056166
137780376
86535708
249722522
19674502
369245377
1615463502
369505837
1967216306
2382117350
635716830
932303468
2650689531
16832632
28181835
204250309
159714480
14529929
402064518
58743813
846784656
37869117
47685065
475210759
44396229
89820928
588551732
2395280820
79169144
757372008
106021590
172858784
48144950
43996908
19417969
849697668
294728278
58550415
46376581
37432982
1244957214
414869332
50393960
220009727
168674628
402888514
195826487
17107182
1072993274
56164952
121208305
28403766
741520723
1552045182
40180002
1401726968
1671848557
382728892
2826743402
369680637
17850606
207809313
58243368
478432912
296612629
16789970
15764644
2547533580
2892809359
14130366
343958195
300837591
4101274452
4145727498
4173948853
2784451830
4145861933
4174211234
2328708410
245687754
37629039
56312411
2602959463
122658025
118757160
2253142422
936695288
41898533
16237067
292906969
374526155
291585081
28800934
2407125014
301398093
143168042
143409075
2808893696
2279135690
185741961
3010110978
250495841
39778096
147493686
17797666
21014078
1317076194
458451038
260251320
68977380
1368737382
46791411
2914194020
2558019330
2534825004
2259182946
2231338957
2201641562
1694885089
1548355052
1396623188
1111367492
1056208680
877337100
811276070
543428326
479775933
369369184
273310244
190198721
255146572
192465316
213592442
309676988
2916470293
299565628
39219035
41533816
416857073
11656112
255873659
3186652501
3013368448
3288027513
723503317
548116457
620761610
127011210
243624075
200516176
111316603
96533351
73863773
86672152
57323574
58481624
58162682
47569170
46469920
40276045
24665440
44425241
20454711
2990611686
3302038338
48940193
48431938
76681099
3338814837
417994076
2589318188
615073714
2583806562
155572501
164213375
1244137812
2383466154
3016185331
2574232910
1227253801
609244611
236456554
19640082
129057534
2574088589
135108603
3158668484
56324276
336088096
2430174896
22796933
1542902203
16906470
75311070
2426298181
366747020
49375859
358136545
332188446
78941611
388272261
88856792
1867843520
1657730988
87942403
50973651
17482727
42226885
94022742
67243846
19760270
50943008
764334150
2597413135
2574072036
331136088
120965579
25966181
15093629
231422245
90404595
1464785833
51695213
120348779
304971850
923971573
53313935
6431582
59103510
243584516
346316391
23719690
169058509
31135086
75246346
706378819
56685329
32843303
73043514
42350663
33464913
3097503906
330913410
362973399
2549477317
163428743
371730289
59983585
2800562658
1128995864
76134964
1910442534
2251592568
113568312
1898086008
2208395131
494057994
376848688
133644968
68069915
347102273
1927604004
39462584
2560695510
1057360502
2855255702
2299677025
3171712086
1624707968
67577895
2304243678
3021179515
1196254680
14201574
2955928989
2678801520
2801017914
29366406
3171992131
2808950060
2809085970
2809106252
2809059636
2809170487
2809110948
2809184100
2809220184
2809260752
2805676519
2819388560
2989342715
3029601274
3041294294
106948477
3235683981
3254709521
152915042
964134330
1363838328
775646892
52053338
338908002
4143938120
3873197020
16065347
4105183872
1943028217
324345297
1385015701
44566855
35035937
147534145
14624064
1196530862
67557021
2885586924
44917831
2556450324
258912808
52378823
2808997472
2473963993
51022422
46415919
71551170
14297050
17945705
258697110
1446076927
130368147
352902900
46383492
3402443823
3569750413
3639398598
134492570
33866039
91581445
17097223
19929890
96087281
165388575
20571756
75471327
3804914834
3194342171
2836161235
3305761934
1447973666
3302483862
2713703797
2809049605
1159597478
2809099129
775296019
2808911126
2809245697
2809164276
2808828342
2808980918
2687852605
2808935744
406403115
258283931
883883034
75989138
17717614
36052760
303059786
1339835893
83529586
15044593
40400019
813286
111615736
156618227
93581874
46723855
102594253
239267224
43861246
109241992
57188977
124258971
122928781
155151279
66334209
107318424
53555106
94163409
105710210
62047622
168093372
195703895
87170183
56913467
37168231
53556894
122995784
24705126
52339151
145125358
1687554950
63073975
138822469
1545120092
54829997
57998991
57928790
113278275
1288175774
243023355
128155589
97865628
1669854782
347035710
75509967
61458407
441636351
1642669674
373280952
21551205
751400048
166665752
65659343
19895282
56304605
1251083774
381949397
295251095
141208596
2541363451
170202785
34197952
2381667174
287156977
97217966
76294950
1856414335
135421739
2222673457
130104041
44588485
277434037
2183816041
43663421
219617448
3101566842
405427035
1346439824
1324334436
77732185
350128848
2248670868
373410448
3049179318
3166556065
1447949844
60937837
193616873
2581990820
436680866
1052570492
1337015466
471741741
78242127
57881451
2248508895
18839785
1337785291
325830217
36042554
26257166
300392950
3108351
2194696542
19834403
92367751
30704824
21323268
1093090866
15007149
76348185
23083404
7713202
9624742
1581289837
5988062
19407053
98809456
1536791610
91478624
16228398
11134252
1636590253
21254264
624413
1330457336
25073877
1059194370
11348282
107146095
16581604
14159148
66369181
26589987
19397785
30313925
265483421
