29745014
12954062
568818502
15223619
23357795
415008745
1155099728
22536792
36857407
2364630750
284653927
2795481396
16334526
64368500
71156816
36537700
11842272
181583320
14666773
313257106
312468366
792338988
17055162
1609425811
1110960978
2238138392
29998130
2520999920
39465431
14782935
31016234
86019289
11409612
18772541
2306908339
97487983
2572186572
87475277
20174715
17288430
390095657
36634164
462991187
19680695
303750138
122122818
16262391
36773483
123145383
55717701
1370769402
235414297
56687920
69791520
2516072779
18910068
75443206
24436600
35015511
170492152
194241682
228918333
19316312
1169462148
142396796
1251411127
41074984
1451328511
45777323
609404817
243917945
977478084
2332530163
2541475338
30480695
2277728556
12776922
216646768
382574597
11667542
1914093253
1568176196
362669400
19517941
17642965
2835734064
396560365
2791747068
587946529
14060372
12705022
111713150
1031347856
135797778
14786851
14148587
18294737
2730524530
19075617
309399331
887115632
19313089
2497722217
145600904
2868167708
2598697764
84711241
14094882
15666700
5520332
14411053
435211378
71838594
2598162997
384549510
2833800857
71976109
2763552608
2250265428
258794201
1011121178
1668100142
163695938
471266378
915367896
2167079370
113201620
435197144
504018069
1635769368
1111677949
29658846
2413022749
390620083
26271994
162611402
986106360
886882542
317378810
308226281
47357671
340973398
395501029
2355749538
22375698
2864198024
70417852
27548944
14907517
2561816630
2822846800
551075574
614646192
2163070039
12161592
2492913368
2834228543
161808484
316360086
2797980684
55034136
14789506
2858221699
247815222
711859026
6806612
84273114
2225455051
2414164088
565757096
37707571
88108409
5559992
2393330749
288998203
26594968
16306600
2607123872
15120121
2857426909
15451549
2563659098
15396298
15076796
41910536
31257471
1887486780
773574270
39952775
50703
2400086725
1669007538
402410383
2649805555
23251100
74977654
327218437
79402488
1069351
985616545
14279577
14417215
22773313
531601248
15938910
2852986166
435111357
41814169
47914099
38456344
2564289037
349297532
149176270
252785226
822338022
2454651108
609087712
2829106983
2794768277
2692750262
1636340558
394578897
236915430
400283486
479619078
1480809193
93387486
2825084086
70774194
448640872
69153
2502969030
17686333
546412890
36711363
2834641994
2568235537
14737888
1445381814
271385968
15147261
259833705
103119389
2784974026
2821613441
34350951
2840447491
6486602
244097598
2258218458
156225514
2796117000
51370116
14635129
536343616
253663760
1157370846
400962072
593921333
1077241358
2341028970
134525639
165735673
431536205
1617459907
2696016510
411639520
17877122
15390530
15484076
12354252
989
14761795
2244340904
5763262
33098821
15109182
98715369
25390526
605754826
146614587
11388432
19887850
243465644
351151761
2835833288
290510877
15377115
535079487
863175240
62294711
2693513323
554508569
176067698
1704875497
236177562
39407892
53434947
178088717
411985525
24850912
399480083
860750905
376876280
17064562
2788904485
15119710
14518588
365453693
16027912
21982720
2538807746
155025235
16220463
41608591
2379724317
2396437530
98425584
107960690
1228501723
588559501
23648764
155184468
135150713
81640560
21485707
42948197
182049850
17251562
12922852
17032655
7630342
17248121
341643950
378941823
17379987
1059801
20555005
2824876176
16428614
167317261
446506935
15129104
561906900
82303907
38232570
12460982
9147682
39600478
485055264
74438542
2422098168
14755464
2217404372
18905392
2351875243
55360204
2615730968
41044925
944243718
2740306555
227584566
13205972
29649822
13616232
262756084
29752522
21922529
1039443116
372830727
612692093
221333493
19123248
49383389
18363361
14446488
125758783
97121776
2235560467
2351689033
1705567818
507415544
18914917
14434070
162039396
1617314359
480216435
2277632947
135945569
14457688
309425789
483607754
9231912
1931313248
169884526
2238853386
40116685
2785514976
22212407
50065957
19355455
424255902
309122688
20008017
19659995
35575567
17337907
18675241
18776078
19311403
176746568
54900089
14886596
15695513
250201826
31460245
214766956
22739051
104211492
65372996
1605969481
193034008
29277052
63109065
81155551
325166727
25389879
19639401
200312712
136367731
21401224
1504635740
252721424
220802118
29542637
208843362
46147447
16015503
228844611
2561611765
491668233
110742456
36104813
59083348
117376451
18205315
226902098
17510689
143257398
47304033
16605599
154728286
50195840
19419146
19728392
187897635
500465517
217294554
65645432
117372093
87057180
13703912
21128295
15302016
238196566
161239514
15669871
44182486
2308985215
26563886
16620407
250324898
36108397
12089572
19093904
9894242
10458822
163443926
245288478
13444872
17448591
20473524
44408295
17269284
19593673
148013824
871281378
14154386
42493376
32413902
39828781
78373037
128588055
3552731
28336576
34946075
14908977
14938842
10035182
188979834
15066594
18946913
17622219
67667675
16143817
27905703
27711234
218722099
55573320
36831893
116480454
1950129270
416955351
11272022
15679496
2445104401
156620627
168512243
330089128
365936025
328867995
368239116
203907298
13166032
75677655
101877478
16653708
714307909
22093847
229289670
210200700
1288520840
366136327
1151091528
323225866
187416277
1096618362
1454940944
250920189
1166299652
372107777
20922098
53257764
1054431
45438133
1674958105
64469497
1513973377
1874131148
14790085
949323715
133169256
28648345
1531544660
94426445
19388341
1673105138
159046030
2252442554
2209448029
937236649
2206128924
330129405
16056245
394543190
11448242
69666876
564809821
1486009790
855852230
2509620763
277546186
2494278415
626576358
892547226
24342398
2666682427
17090308
392906969
1542946087
2655380893
29336816
1878325560
16477506
18064228
120352687
412979342
29933091
23826088
402342251
772299
48263290
2535385314
2667823616
4366791
570519178
98818597
1241348886
510260802
63688760
49996749
67787633
2381901247
17845089
18793216
29419103
320645583
94703610
388427645
64783109
612720261
2174080741
115186691
2752807857
2610249673
2649792403
377018652
2698572752
2811323214
2556454496
19244961
1882976580
418733011
2494257565
2773464418
386218642
112148311
324500594
2258763582
2784321114
2607629539
470310936
182899840
18815708
2817310092
1381238306
2712738444
2484490634
1184856378
24714637
776540
2474957822
22482575
131904084
2552045108
82839225
45032015
252619002
57999520
151859139
70801352
19097519
2787365148
2479949263
526430249
2722103138
1857735248
26826801
257334566
160558701
185898176
2561043602
2707096166
2667096228
14984371
490376328
151111449
2525794453
2204834269
188352302
56128878
16688845
96203442
709955942
1152486902
255795343
2298720996
73724578
301244707
15800081
165760387
2548008390
1569421542
32541816
20533296
58631564
77810367
90394995
2724322608
25138288
18112076
21328599
255840475
2426586056
209300857
486731550
194187407
31571359
1284334951
950145470
14256759
21250803
227655564
19372721
1007377021
30628216
15374525
18482689
17904605
1861353632
47191293
2614410636
518294798
2687277979
2787846620
55933647
26243167
485114234
143170769
59682569
51070415
163401250
49036471
166962954
393822563
15786740
2559211
763929312
2260393860
567107863
821632580
1409954719
1271929657
127880619
16816193
32185619
2351745392
1397907127
595714013
467763980
137392810
46081994
29130296
395849879
1530115770
459672575
2412310874
486615643
15148392
2433609061
14801984
297156789
2449317138
187264520
3382
130866926
1140109411
2499138564
46096376
1262113447
223621270
214568255
1145499678
2168779482
1851914546
193030139
109842610
44514224
2519787397
2162697578
15847483
1039903501
28372486
111345440
34311883
458531681
146395819
757147261
224520317
581291646
2458860360
48739388
14865692
21539059
28610770
39286720
1001611381
287200524
341967746
196536337
156229364
153434741
2404778484
2272390310
2551198158
1734615434
28099518
402290531
2596476744
2435178565
82828644
1201475587
2597913606
6063202
2153251309
883057616
22691192
2609438486
568376812
38159167
1242019639
2506106744
2447485464
2478858318
2474396030
569311721
89964362
18316059
2385068665
408850518
2474592782
26461345
10070832
2796136566
1603927854
200780867
1869146083
74258050
2812877665
1904015258
2231957036
16528347
2830242306
2830362805
2830410906
2830413698
2830447050
2830456860
2610949490
1284257707
1896059930
14426771
24280451
427799256
2268465488
2475307580
17116521
2705794333
2493866012
20515090
91942071
50294938
188013000
928818668
58525147
32789366
1704858908
53112612
2335984534
31891798
34503804
125795296
39995364
1497655328
368458178
1510870393
2256400662
599767209
14524485
72249190
52675345
303940308
2613143647
1443780102
2433196682
352405236
449956694
32896052
2456240694
1122906733
6578032
17795259
27722013
30223334
16213093
119478559
33794734
1077710772
2587625091
6186692
9081272
22909745
845634024
265830955
55374240
16248319
248090088
23756352
27425218
441970965
511026754
383513910
273305895
322116425
490979555
199686619
2478826872
829554127
34629605
2820700596
827561155
284031415
935098086
191029020
2685261486
20501583
1048489956
98924112
331765022
402620376
1010416652
49269927
630578671
73478350
181816842
12962312
257188439
2811726506
2648967667
2412406063
2805516332
91121377
145662347
14251806
15075209
14785230
66951747
2784701202
399090280
2434150627
587313232
156361834
287873495
72842759
1099474928
25814570
21363752
699623
14446612
2367105482
163864880
903905400
64828599
79110034
500626804
2528164532
29966136
59755672
21509975
254773371
16672776
344914507
2255116122
54978453
54199447
55266924
1543880395
353197759
305991028
2760720284
516574032
157442008
55620007
344283812
994293373
152922907
9974322
134795760
15442689
403487741
5111511
16340571
10672402
8436422
101799023
9524692
1610981
1953648950
12793542
425963964
8162302
14885734
15867966
806297
12743832
18770237
284498017
18691802
894201
60776513
110170469
2750696598
14124965
53452040
106492455
34743353
1176836821
1533341258
408591168
1021148984
18257421
447891899
2726453581
20167623
131558161
20685772
17899663
164217471
22674817
2600455345
200909393
17936474
824776921
16935750
16345873
120877144
18318677
817540
70418674
15532983
20327119
349219449
75094908
13491082
15496407
289376224
172244363
17292434
482163835
18343072
54528491
20413553
130464212
110826956
250257799
17449590
15160685
334912047
77168190
1488322550
15585285
54265022
2817668521
92808495
230218871
137796394
1586838493
393792249
42898386
1578564090
6697972
621084525
24176996
15058596
17056057
272808014
1566340542
661613
493992242
2494646927
521794416
462273381
2674325750
495932716
259725229
46399500
958542607
2622477291
243698620
912603583
85344187
2797199022
223109312
410332040
2774423280
1416009702
43874512
2610280356
256900738
2239902488
18680330
1037087090
1311068438
861484488
9222092
33057154
2711996287
110783986
2214498254
2679471350
21241657
109813602
1571591964
84293701
1100185626
771698
163832769
29925866
1901459436
195457778
19558498
75476321
84536323
111991872
7659482
19851659
49662806
306148989
2361228463
1362109916
833565061
23987958
1193689536
169386565
7509972
342459272
91760390
348616402
95566127
104763522
549803985
185948982
87621022
97070991
1292408090
20508477
15203874
109486443
25192094
75024069
16025792
17624479
2505729253
107581713
534563976
2214285223
32187100
2751141833
371655167
387548592
387081366
374355277
385305897
373242993
390611737
374356999
387546819
373238880
10791942
23517111
212133242
15846420
18507464
1586501
12344722
451429617
42907871
355691370
2532981
1426385208
16672130
272442338
402146673
2417957102
26038427
133954572
116198126
319128572
95645954
1197710497
2235974518
2488716792
186211233
821970349
21991908
259674489
32040814
29538094
255973657
162905265
55898137
222070956
2725700478
46010237
1142915833
2464039092
388733279
391895017
387084835
390671100
387077724
388728871
390677382
150546196
336521048
2194032932
38543331
171567873
17823298
15163352
24914356
16273972
92415827
873592850
34713362
20476532
111413911
2574124848
29483796
23736330
18963870
333613533
1142461681
532814870
386977903
13492552
317005231
1270725133
80345328
894057794
950366748
614582375
1343934636
1138058293
365580459
631987447
393561134
31257972
15921123
734400151
2522654442
79125708
1699562564
1260176245
884830206
24736901
262390155
1251761732
25728571
16306578
70108868
983245148
2422257566
89266137
23865570
15536325
14679110
2543285882
2546668470
1428585601
120475223
5660312
34563430
374413055
390005877
90617507
387540934
383541230
12601142
2542127204
15882393
20881009
7978322
591248843
376745095
330321529
172846897
2494027879
38804737
1863312992
1439848124
1865529360
2694367339
156214500
2734386246
65061988
369635234
18525227
2192686129
30324494
99647150
108286674
50101725
15441074
80841549
408501650
2599436642
473831097
15482047
2318095867
18777518
29802504
247706926
421295817
178684802
470402184
53473586
14061771
1425295999
2542640070
2788289046
373398832
167169119
364963790
491335379
213339721
35767916
323800262
71165327
748625558
21773691
700223418
2590238544
235906777
166645292
156043377
2216325028
614437664
1227841561
49492914
122030129
241689056
589912224
336699210
33971020
14375294
2209606452
158583551
757726286
6040792
63873759
82343076
2613261414
2699269442
583907346
450029726
2346038562
21029768
19840758
57264296
180898368
99807930
414713877
554716085
437887673
2744212182
2800441922
1949945708
2793605046
2303358152
104941387
1008658832
1069222370
2797977690
81793585
38523355
296163138
133806972
2521139078
174687551
22169624
632072974
15764252
1292171586
1366210964
34374233
10849112
1660643695
19497181
2459801460
17993913
555478542
6603812
28220795
22411342
17997660
41175821
353531719
625924970
1549955077
18575995
2583710353
13658182
6356652
2517067684
23442383
1344159169
155080052
1549300710
1652434141
1267420255
17167392
224512789
136874249
1952694271
17412858
16798574
29637090
19904067
294107159
20305089
442920106
14110654
65674007
2390299932
5746452
915119508
299558731
349032165
281696047
2781026887
1549705375
11407622
1400072341
44171091
18510860
47443693
2291303186
17837158
633287684
111417386
1923709316
219993349
404376621
389199593
2397508176
22043170
383748997
148416446
20951572
212722019
14072398
120222726
2534480474
2800437553
2445802928
598047090
227353409
373620985
409341724
12952842
15024468
348127618
90719213
1077633912
2788153609
16392208
137455381
42703075
14372486
981501211
1512359820
1071596678
12640502
2471147682
1207667768
2427920617
2230485595
2608288363
126708720
15750362
20188554
64751473
176377992
17937393
34074726
9925732
67693464
16897125
833071
65480056
16500799
16183006
52195943
56433349
14689567
14921529
15698507
177110445
15103213
15199555
185808487
34731451
16341065
1945921
61414125
108394177
81224896
56341478
285561626
97509968
95768685
8167092
16615576
266953814
20014818
18369254
17195902
27940654
515616934
19506790
14689894
14295433
395141153
125407783
17396865
222046450
279188481
47715883
510893133
14691035
242859004
15457017
211921304
25372760
49044100
350188968
84014340
17161562
22035472
1877307192
1271310876
246994392
454208922
1115889296
541317875
279233486
62544862
24253207
44534577
34805512
17209144
10468292
1268343918
30252339
71340529
259855785
2677659114
2667699961
30295612
264915050
1543801578
601865268
69648081
1886483911
104286459
870082045
42886353
868637460
278520981
18947406
144972081
18735777
53560219
14130784
1004618815
61385901
1397129882
14074700
605602813
33951731
132173903
2462076860
2447547871
6040172
159488398
16584747
33933929
1244511145
194398552
331807857
26772018
84623395
69687111
621583
247237519
25531700
5807302
17025259
2467791
14062554
1388320520
60261918
43600330
14465386
16621606
538146217
1116126330
47963633
1587032220
25712530
117639849
17850785
24357823
1705885393
3819701
6070762
7905122
14511951
742143
5402612
807095
1652541
51241574
15290530
2587719469
9160872
1675881830
2248660566
373236704
1700426708
14699093
26484919
7535612
32856634
2182812798
2681169091
2295812502
77909615
125400714
68971853
979792040
240991194
1552213806
6280722
36652064
542707093
15108530
18534425
106855826
619483140
499107187
145338914
317150569
98588767
200142660
153875063
30044225
1808431
138435045
46174316
17463660
34851964
16401912
989198449
275686563
599542120
479758700
2495882089
2736421633
167871297
20806056
34146256
136904268
2754049826
2707436346
318424356
2510592962
32135630
1951872859
24227230
113435863
45388551
48144253
337843697
847391527
1318985240
29252554
104302719
37403686
2563074604
1389622123
193752493
598708369
2163358988
427958206
2247355933
225097272
2667793842
226662318
1248174408
133443632
2381845596
13431472
28727982
765080
93017945
349170833
24628379
473953020
21441630
116471139
22063434
245312303
14569227
44442335
230180013
801871428
74400226
442324462
20485465
1729893264
25722218
180933124
305277457
102488708
262964711
8399262
1613447581
1449000090
473183754
21360280
2755961237
2553844903
2305597843
125723797
141856231
1927258460
2585917969
717956449
2893971
15858658
1569410474
18994444
17455292
68449292
54680379
2170976690
53125772
155985029
40898793
20693776
44139201
2696235434
135412455
2450796835
152005487
7144422
2890961
168264219
30261067
33956270
2174357314
256903124
374415839
260120774
253397593
259603523
219992493
372193390
253394476
385285320
253404745
374351661
19354734
11069462
1262844692
476700973
393033324
26365670
15066271
280557152
16150688
60642052
168857946
14277276
499099364
46240925
246493616
13982132
33474655
17369110
15460048
248795646
48289662
39585367
5694822
5695032
54373762
18036441
84121002
19425169
17631078
432923076
19336500
19464428
14791918
18726666
23482357
95265217
727094240
25111672
14628959
70718986
35743357
95831545
41830628
15895180
20272531
26982121
30862829
40047360
56879674
115490380
270900518
15383592
383713849
14592723
14617444
14282672
158396052
38530021
22019881
15110357
125984385
172796045
261160864
81415447
322054944
233508221
16581604
5988062
154073751
159462573
18928144
185043343
203005791
107223740
39415410
81392690
106498703
21323268
14251443
25053299
67358777
845652691
79320096
18248403
161372707
137757247
2544019597
486645433
2516323530
173143507
280554295
180497628
595566707
9811692
216731170
2648438618
15729892
632101568
14936275
25702344
15991854
2711914992
2666654462
2755291435
18906040
2729233363
2318606822
2169783301
119802433
2438173117
49678771
2595962430
528177366
38559900
131609638
1288569937
14801804
839950376
1106559746
14760492
6629912
2660112860
15083850
408440808
1017468864
2281132316
1166864486
21333430
38670441
207505157
139146904
2704581690
14293310
2204839174
15692087
2177702702
156510376
262781315
153560687
227173908
767936412
111564784
2544544399
298663128
14157408
317005063
49413866
26879130
112243365
15808647
1326806048
201846344
8841372
30302528
15856164
485661489
18164662
73147282
97475199
191217076
140531987
28172926
141333525
17641457
129064482
24609329
2276760961
155904345
15812482
9885102
92037419
556650732
64732266
2413220330
15307727
2525490390
16896485
91478624
8633582
11104682
14174897
125485258
16319797
79543
17093617
819800
16435881
14590971
17503114
267283568
267908574
119710292
12615582
17872180
15426758
16562584
14326090
28163914
22873424
227423290
66124383
61233
13611
143883
1344951
972651
816653
14885549
15492359
14800270
2670321
7712452
15231287
1881191966
2384071
285775094
983179686
14065217
183287361
50246854
16362921
13334762
18697326
10689892
6271162
14618805
289502013
24537879
19041500
29735775
2336770008
2492724696
14055092
51038974
46443728
19083972
