508996837
1679094056
3342909449
19948675
16347115
4363002983
26019008
4242417093
268958664
2870749090
63311685
4032428559
4017596295
2903847147
3948474077
1368163220
125688706
1069654980
567532294
3022888378
39509054
106146988
389100044
3793069755
178730304
33417835
37832874
28384068
73539489
174803754
633735320
295116786
1325529324
367438436
229157307
281849185
316689025
278779644
2310471642
2381471500
21340801
2810291656
862114765
175863098
276969534
34111133
3313443312
17662845
3167645076
405806308
140879839
2845936162
3507079701
507579409
768001422
85948014
3033000907
237059433
3063824884
93546502
2155397910
3401651733
343611097
115641166
2191605715
39767661
42154568
218695213
19608351
3368450578
533314842
3377365019
2705031775
3353198339
19485876
139478841
568560201
499119623
28943578
3314645175
2792358054
43339418
52765074
130864557
2223779880
1011414026
369662939
131999354
24867854
2772920308
3131203036
3306228521
3153983266
465594772
328804701
33208396
3239625917
1602007538
479902610
3246649589
270676499
1944561427
73550762
2411853391
2398393345
353412335
3110813945
2698702506
1342478892
197278465
63732039
3128020880
186583216
230063229
3001706691
21077012
509251286
1170636272
2893560635
253196066
357225812
29908429
85451083
267494294
2216938854
1493384287
64724697
16471079
155988532
3081187216
3081871054
3079804637
2209311047
460274173
16582234
3073883572
3002247133
349106783
293778287
2189401459
185642684
2743475062
2688163184
19777398
15290543
61587403
1596516890
318683386
550481707
3041117789
2909310806
69780680
920136756
3024961041
58401308
219755830
966930084
3028803183
14216305
2182512787
21096001
495513064
15381827
386552394
22842014
488052474
62657108
26645186
2989896838
315387846
2168633959
904964984
184104171
2960452852
733796796
358388549
2975118374
27708781
2340770468
2895636339
185665438
509580685
2332160214
46742751
1492904874
2841494068
2991049468
323303818
2869344196
2838146513
392757594
108351020
19787505
24926288
605547972
177440360
1158955021
793597544
16209933
266781575
1465506056
94492568
16977333
161143649
2580725824
161186959
1272925471
332961120
1876099650
769840327
114679972
193072632
2922247569
267555477
452437830
238652963
2925652617
241595942
2925828611
44914646
63494041
466155023
2928812061
2930371767
2806270447
2443535166
2923120661
1917622057
106844913
75356276
2209847879
20484416
95206878
2394444996
593972609
887569766
63196271
35040537
2393400619
2344956608
492484042
29862247
47406408
182861945
106162321
44218447
15753347
1733143500
10143092
2411512039
17046349
54957046
264036381
189324498
231023341
24948626
162431426
863763559
83554234
36699791
534691099
2864727845
25790010
123373947
1941392228
2820343090
2187576925
16796658
2602362937
428264782
40516341
214950083
433654002
2377763680
525706591
2841797437
19870711
123709729
805513754
29063843
233077081
290885232
124047682
65637543
2194875194
2292740395
20285435
229211546
341261664
2459633936
16582872
39552438
2799712906
2388209383
14246001
418352000
1246209421
25754803
39603334
392761269
20913646
82179127
18216092
15607227
14519349
64208380
2375530778
423068943
2322656349
29826244
2803610443
16629256
2815429158
1062920449
16698637
788096408
471604356
309175898
17235003
2761679225
282366050
2790285905
2371054748
291840679
2754102568
299405491
2734697740
499048403
447131245
2727420055
198605059
2750897695
15457515
2333684802
1043369125
343559700
2411312780
30661281
2736419452
237449526
886993939
2757010262
2748921050
860000659
37169086
2662986955
450240511
240354679
538571667
726875816
2534022530
151521581
42660980
15635563
2603981743
26476986
185659744
1360103004
705412763
28779962
68014493
50324167
21715653
2528239026
2294837988
2474222567
1616011824
37018189
31297816
2508382792
2327952943
633777072
2391474546
217489910
186546339
1683722420
2472935281
2488568143
46209479
806828528
2532278804
1569248599
503267192
54555542
608339034
2284424917
125425879
16630098
270939624
16534038
22536055
410785974
1686832784
44183146
94594408
756182816
334907981
256149755
1009939860
747223825
2422150897
19044639
219734858
2389751870
20892534
2389218781
487938812
2407909868
46508878
2414915989
73780213
2416043041
2416139090
1071934880
2421015392
1069059476
1007010260
588751202
2292009007
2389031994
1601709542
2377549561
957827287
1962752900
227069185
2384429977
357633218
2241127644
92825246
22716276
193137844
873995270
22714513
18129366
67328110
1881276662
24493775
24096641
1287251342
728868217
2346107204
1248202922
2359722438
42720503
369626211
20654542
44039461
185396479
49485211
80672183
262580070
23448324
1854769591
1372694114
136851206
2332599744
17028451
2353568228
51217222
44199763
60684461
355628157
21266204
357142699
1236485252
14511005
2370436730
2370468926
67763888
516190864
36668700
2155451028
463638152
18676770
2350453652
394811281
432630764
119169975
231495855
238435340
153825226
19205956
17042797
34366340
29076057
17314943
587152115
544969117
834298736
189193922
711593220
2248999747
2165200033
25358893
385723860
418255085
2329269266
1918706263
740719255
344094717
20520708
36822495
84908030
402842842
126600041
16455324
888068268
885928171
1687138922
139134045
2247038695
485972627
403802230
21534575
2315866639
21127786
46002080
20216768
8418042
316555275
2293009039
29688409
28918812
128259160
21982732
901797504
484291291
17956397
13729222
38471123
14548978
736781838
363402909
2192863968
796235839
51100921
15337822
30227106
445694879
42262068
38583082
559045721
618302357
552763399
88254553
48834856
60079486
631686353
2301762222
71125560
39523210
2281028252
112929015
325054929
191337163
51167277
66721521
25924633
33204965
588776518
50497957
339350547
422055372
1158820843
25445946
31582223
178919244
47688636
1604008136
1262429072
46005923
14947053
14510426
65781389
414118534
1051310828
313717626
35507230
1215329665
50804041
1518224857
124766469
1343159430
743107483
126966713
19973028
152897220
15684468
414383917
43152365
1514107177
271239031
84633430
2275052396
1069662253
23446050
22390071
326703913
792275192
1664837670
217953937
2241816039
1207957068
30696757
2247315667
138530967
2262203359
1615469130
2264942382
1027838725
1884551826
735001015
288476229
2180471760
2272028498
601077574
2274391128
2263385401
2259654606
20883682
39960725
2272330814
93318173
20595739
52470116
2255051083
28201143
379567863
1875519415
245590842
2244314071
851600329
2229285976
28365823
15041321
16000015
16659317
2238492752
2196298386
1512008497
1496087156
22326704
1420783105
344207443
514855671
1715884406
978949950
2233337508
484827229
270727950
512728328
300424619
1976192269
61087015
462985480
443285083
83300544
271737920
88734982
227109926
2205066444
810035443
2213014818
1668873757
21314514
480067405
15738599
1373042150
432970323
405618068
1735327620
72901876
38269379
265049463
1636800930
1898405090
18234885
67615838
557794383
15390259
42217991
912944035
255345601
199322294
1877825652
133401180
919035998
168079124
21553104
22321753
16129673
51496698
105677153
365568369
58596500
47103959
1116957756
849302455
2184697140
582002086
38701334
635847957
15353425
1945160263
79167939
1930766551
1684216082
1941906390
83578860
12551072
452429524
933450512
69871276
418804833
270091427
809896518
16933750
387014084
208241902
242593159
313448181
72449009
2151951486
1604089440
1865578922
14730461
83598672
178406708
391417759
1093022958
2148178350
425366596
1446493604
287205057
249494471
1852087692
20166239
65193721
34301030
9960412
23853902
714775093
8682002
1908164671
19154547
520508325
348779533
1534819111
446557003
23116741
507505164
56812103
56982323
859698078
100500724
49841285
18352013
45044183
1661273432
128598862
15891841
14694961
1902562542
385209326
1281527341
310548636
86224324
28450246
426165648
1473176058
1658710218
17645774
1262000498
15562175
944689909
1869623035
1886682692
23013056
116353915
412529363
26595668
217054081
24619939
15505178
1879790450
601973292
1707864708
22978692
339956379
15811626
289499706
322899072
103123346
366128433
167202716
1712554290
919428654
240714875
1729696040
18515153
254963898
1728492613
877861676
28717540
1708905326
29524138
42697488
154229948
354167047
41646096
494407182
47824148
414481496
78416076
1085468527
184790457
1339907484
23359535
1099092907
30528835
111785360
202712012
114279260
371024923
33091906
80175526
7012902
1637019092
1246642832
16406442
102689238
89478112
1583506512
338028271
102085059
104532083
14632409
1381782889
1615999442
598723666
1628142715
737053417
1586565295
960533850
15778673
973184401
68161495
1616281346
54982058
21911284
1610531852
28361633
47475752
25611479
19885316
22015239
389429908
1117495225
1149128000
1099196328
334028125
1581587504
1387038102
1548176899
24299407
1588368908
1246582436
28552172
1597329427
1598429004
223991430
192966615
16546177
34083535
1565798791
312695915
1561154298
25524024
807568092
43444558
45485588
856910940
19477835
794564395
389851934
981102829
70523448
637235902
197153547
1077173984
181473542
95328324
54405764
582486039
65629723
1271230296
1431151556
1397916259
16086826
252323747
54996012
333435294
277646676
375325928
1035514075
39656388
390770334
1469997000
16484879
219321774
826680456
563206983
578037794
25915690
50551163
1468778232
407777206
550043881
1272139182
58578021
80881065
64591543
1096420230
1449836100
54876457
40527378
820777195
1361794274
1402321982
18689535
1062115818
76120509
432042094
24301095
293499623
490960106
113900533
65146567
22918485
109394049
257696123
18023257
523605815
1365097346
210454194
21244234
168131289
74627464
103625044
23813710
84655621
930654518
124727863
928631144
15769287
702085874
23071101
531291518
1242225343
1346817602
122766936
193906141
904536181
23391140
25999975
946184185
14445071
937624375
37014684
248789373
1128673398
22569505
76076836
85531970
890238445
1165180099
321564816
24606851
1325744905
1087218750
1256688294
17174879
27337647
19908128
1287235652
49863765
155925331
18163640
586047196
291473963
16242870
212945962
23006222
34316891
16918923
1160978376
292066099
385599716
228934489
429507715
1241565296
991859246
508447493
295910481
498109813
20403072
488651035
922023614
79522621
323418934
1172777114
226762735
16490204
93223598
146291689
123094657
110893301
98907116
852682554
355593565
418840272
21816802
127556843
238074466
1329544826
348023368
122264701
1264614650
1310552071
61223227
1327256222
1056023551
15995266
52494924
995849257
185704599
564506953
28453911
942535058
111650128
32447029
182384817
83155744
14164941
543661875
808884498
944329878
427017435
1099247035
295716032
467055661
184516497
482263905
501825992
90650079
22295473
43136502
1169950790
398901953
26145297
1239565297
608279502
18800384
365764743
415219751
17051093
54998288
18538273
22933155
259546992
563268173
1005198799
259387641
236915630
509040423
471208334
1202561168
353717474
108343699
17879492
46005772
221388541
1195081410
527887868
216732808
43351735
1169574456
238691718
568736405
118212582
5715902
14585515
16000210
106787853
42873272
545225857
193020583
1153864279
1155065029
19948105
16899135
196474807
1068986678
39984588
311087334
620560884
1143978931
134124005
1148287777
16331010
254277011
172372151
1137196969
131037151
213728947
1112135112
339116674
97304719
64700636
136496272
455380955
1119399530
20989194
31401842
476854786
234786902
1071378164
844162448
907085268
629063189
381669078
1101845852
1085403450
60700577
790284763
1119581299
72588672
32219939
54331470
87755129
8621042
28602472
35456423
49533967
197171800
19627002
88981023
300905016
27449498
28351412
27981328
563645191
269846689
46397611
20419776
18248638
558973548
25309658
977142788
540374794
385638735
1069232112
1092734221
48346395
33633540
364162617
57201987
119234601
380475827
441941157
312693091
518904359
431546127
48369423
543441292
495768307
551996109
561875477
394776489
26040780
565869218
45550356
267392809
21626267
587696018
301635279
140958793
176796221
630297688
65542751
636168361
20607052
705134096
261028695
247008705
20687458
594983428
801144086
29599571
355864744
33673433
447145296
729770257
386679249
514694282
15781536
758729989
28651221
856980720
450191546
821750533
757485272
858205663
902076673
335189616
923927552
56113974
498972035
865777974
910752600
1017658644
499800663
143194762
20729381
986638976
790844190
20567954
360967022
792233647
19741048
1025563976
1020637688
578079065
1004959860
1084291536
1077033458
1069149446
407985971
459547526
829588538
26768061
17521364
74116896
1068627486
1068449340
16450180
1071027804
376793353
848506699
27725571
389860681
35733687
196621851
1000262514
382765799
863988380
604727532
1045160629
66951419
1012724688
15377357
293177605
27106491
57336802
23202269
17312360
1004431201
36046325
22697256
62049972
24323776
168269062
46463896
43136437
601411082
745301970
261924497
430834339
351023318
151042399
114030020
15503755
18997111
237451946
615443591
292498016
204369111
278538771
52565062
633856546
1002035582
290059069
989030582
18676254
522845791
39811240
258500287
16321818
44181976
293502422
195457576
19068720
19344811
532515505
471598585
860101932
930612128
160262145
196104116
605647631
89157588
19886152
112805829
36260781
448105114
215713940
381189688
965365255
259923965
26544712
45304090
20105696
198964526
39914737
205942149
23777426
19406831
119405281
737717107
274252618
799097408
108944500
227130643
740012516
66994655
808827186
55093078
371299206
594936356
416465053
83730299
307623302
19671319
51872890
330423402
14787705
884686230
26028187
322671775
844076448
36452543
47648927
917013072
86987875
22163384
14470613
23617498
142050292
243896460
61633612
256769057
933110514
76124281
20161388
120142733
66735501
52112968
346617992
16664681
17899797
199334433
234017722
868179205
769450764
15751440
175201792
76486367
107734699
297405515
396805524
16321821
420306278
418392418
384125523
80671793
24007492
17278640
862295533
372543551
101528114
702233738
14716900
232388684
36486842
764770980
600533780
15659291
18514086
150781790
59151161
41815816
85564931
264366960
16156874
18614952
143874510
790163714
352405873
34413384
17581953
14621637
16074889
260226197
26248170
191551712
371914673
535580374
64736207
17816118
139686485
17006237
19258489
23709650
592763430
48477563
275767677
142320866
15412070
191278750
51425149
607152958
203406677
552713828
357490693
367494791
448357932
187019396
109411366
15785277
528906975
166235477
493178899
398795457
81246525
234374922
58269596
43199144
122849357
611659003
492333724
247420268
300071775
49487220
143204584
462030003
384343652
15426397
22806793
149142095
44800150
486246847
714348588
605746053
250714442
296837078
129359080
16226996
33444566
106818989
490888253
18487524
24953840
145815368
185038187
244630075
377137588
44463028
60088288
415681756
317459478
489955845
524780150
256685371
98994503
31564969
104538084
567445874
447525439
21621986
279680945
17339444
530926899
580304902
136337303
16385970
16101082
16786833
20047791
28358735
81988409
593953911
503034210
128438493
19404047
187192479
349231786
40506540
26766055
133447054
297156789
425974511
27155889
54016303
33569851
41138457
47813440
455979303
80858241
104545699
41512172
15730402
16252177
165650084
299780515
272898886
5500302
462629714
11102352
55020281
226428094
43904845
16386070
24644007
69436987
44181437
143870622
373400064
44212087
30644801
18918409
90471916
44185900
51652141
104936595
91628690
54204222
19123124
15991258
16059043
54923615
191612685
43902696
16366972
71300946
30146880
67402737
1386571
24739154
18903441
176827893
24010061
16724370
30476668
43172500
151151466
40006956
17627001
132588642
47204888
95121126
18611923
19238179
17231360
113722468
14354042
66482863
45891091
73001785
16579678
14190722
36478379
177680991
42955081
44209224
21129024
16560057
46252638
137843672
25763705
14590903
151504629
115099402
84337937
197981945
18634369
39399349
13837402
18145360
16698694
135601699
16520909
12101362
25034402
77885417
246393891
33537142
16788900
203377975
43889964
114291028
278060112
50320242
16698121
30258039
19747295
43897859
60721994
82972430
125767822
109981764
73260907
14252191
39220809
108669777
23823181
34554397
54715826
120791578
393471048
38263166
32107209
16061631
158960144
80897523
211878711
20167496
29638717
84399895
25089213
361339988
187478694
89572270
41230177
475836900
112923168
137398585
18291738
64448579
25883406
16802488
23450007
251844193
31430490
24375575
87059578
322799271
43125899
24254373
42612243
15142297
36508474
267283006
426265975
75238044
52095765
424722163
382252359
370807227
397421451
385222955
273445242
20425709
74223086
17492588
324302634
369697930
22928339
20434822
153522837
181584444
198923218
359967183
32291752
200213381
41257141
375761632
21783549
16525626
59193262
26717329
21234664
462030456
378743443
14219486
135941070
367184507
394185967
456923908
431864399
258156696
111890800
358356617
123450782
392841968
31485178
79344946
395044423
358321432
15086499
363850422
268421906
385463691
452195754
429798955
110468548
34719693
385025163
166606220
297776406
77234097
95710780
273622660
16086383
344669942
49203844
18137901
23977650
429885189
266599708
22645913
198132636
308592012
70371468
180094762
182060474
24673685
369347543
15364712
122075858
352464087
300964525
267184679
73745857
24891923
22941198
352416876
415833765
41137645
33201968
213867505
93251201
65038292
413592223
92147101
220804054
46894671
406673184
64720836
372105172
125654944
17345975
397238518
188427765
51312476
45613113
22975429
293918005
51820657
299444549
397713723
154823814
54065785
393545286
274358027
112190567
375427143
18046973
292277197
260746998
63749866
275769434
906471
79886824
319346163
196418938
353883569
365380943
392510436
84391351
49715798
393435072
46156529
46380990
239681047
388175612
32528116
23629036
237990326
276276390
390288536
390285374
64520158
16580452
375436253
387713995
19521422
63137085
173126421
34532256
338434321
45624930
216407505
317225601
385581985
203226736
113056785
83247172
15588465
20803402
17445382
241399474
47636289
376383619
159777642
253731243
17973508
17574188
281261897
336116660
19692538
300886696
22299703
371177477
16583846
77112966
369263590
95237525
278157531
198523583
370220916
15249785
305260824
43925391
74475778
97274155
157834152
266927510
346698524
366732086
342801209
260904856
169576285
40927935
19066288
26260188
334892648
65034820
15731080
69636842
354794890
308405974
30146941
115867277
326188064
19381957
16559793
281561831
79062763
33612317
46143795
20212609
51355271
37970553
62586443
18228555
33991263
216257196
19244932
11856932
26005969
14514587
193537965
56029726
18996424
20831107
16151587
16453340
16329426
16253146
274325818
20068130
15505945
43898890
25712048
20819469
81886814
51186631
24906790
5392522
36751628
26778367
160878604
16419681
76732240
39044492
310321391
16332651
20187873
234217352
21110117
293804054
54210578
237057786
276242121
106113406
173107067
55317776
16549925
41648722
63001279
16521513
17204797
196589491
43902370
19619325
18756512
43175111
56421846
40092076
17395700
233569290
211403157
131970490
232218775
239003959
268343190
5188741
48175267
20765706
35938676
35184346
88749392
18381853
37779442
259379883
30043495
14778548
24933315
18776942
42530037
154139430
9624742
34579494
18812572
190284248
20912136
76744539
18665800
105925698
165145192
254684032
90963750
224273937
4244091
26585095
247723476
49034122
33792634
16141413
16001827
247560045
218349372
163610064
216299334
12655722
232301180
25521487
242325955
97282451
9532402
9855382
128631032
46164502
26995837
28785486
14245378
26306934
15864626
21111896
23796696
24470282
135967684
86141342
16887184
112508240
145650278
45601352
20603314
17629860
42658415
70759937
232268199
60780178
46969390
63169388
27424407
26284001
30364057
2557521
19637934
14669951
62272224
17494010
6539592
43805270
2467791
25084916
20608910
14075928
103643796
27664084
63854790
16414197
205266100
72198806
46209505
23762849
16335333
99876454
15398076
20448858
20117923
8839632
37551548
23712842
97465315
40888151
84979573
85654279
16321813
121862966
28345527
29751930
36764315
42343110
15808604
428333
36399662
3108351
18938376
20689525
51771326
16365676
59886119
807095
15012486
21093350
132948271
56463517
59882609
56727950
18234041
62581962
115485051
16999360
25476115
20843894
14529929
38842009
49117250
52392194
16275936
43897616
16206646
43905007
43385043
26232828
45864246
45859901
14704448
14778782
19029537
27274884
23462117
16990802
19003372
17022537
12624712
17093617
44127922
16100860
22999569
23967578
16469116
16536023
