613848208
831805657
3702553881
2847433221
3923697136
4219677262
316711850
378974269
3430259488
2287436982
770426647
1868897917
839050550
276192047
355188957
1075354314
2195039112
1706159905
3784756835
1053998874
3593032222
2825176917
1653989654
505100183
629674492
3403599513
833952799
625017841
242182249
2956773881
3298597770
3312093724
607779622
2386019304
287998100
629640014
379204209
3087661681
3365166377
318157816
257799442
3246425757
2214883022
3317292634
790603788
2612457450
1559336797
776938597
1681837472
504695239
1274492916
1128184098
257741804
1020445832
320582935
459737616
1128587522
2193607094
386692483
507720321
586090543
552910347
3153943186
928891562
470227799
2680491208
3058115448
2859453478
411889946
746628498
497367885
403096835
71041197
349878340
859007628
954599730
275309931
457948503
320428912
1537908691
568825492
1554495379
1062000330
3084946401
874191524
3075300011
417539009
335029483
317471908
3052523419
3057581919
1046763600
1253004632
427783519
2371011912
3033534160
3027274633
2761013206
363438801
2330793222
573062406
2377927391
305851898
1587678775
836604979
2336666458
430295196
854962572
505088317
1016204528
2573901882
2235234381
1591614296
753658405
2484254961
1537723452
1321265732
326748964
567556747
500423123
2356308871
616695199
1093161222
451886009
2761345228
908234252
582058041
48383289
206740698
622034437
287333831
1214760890
2444299152
278208978
559843363
834370320
629452934
2486835189
437179667
736050199
841812955
2867473594
2922175312
778284918
272163903
379803250
2471025751
1032798199
1549283839
2230147233
457916767
2896248189
2293256700
1024609014
348247023
95326099
2398572998
420518598
310930484
341793847
1005289908
1155633482
626888623
1591980900
2745020416
1077376538
2374049290
630557051
1296664130
2705673908
1463677866
2332473540
1463880866
360120416
1062026371
2713896586
1357873230
1429145305
544018956
953720660
395639817
1252136556
596969233
576676261
2599031902
2388247868
917695212
575853361
2467057448
25705271
559130518
2515352463
306163866
2436320196
2366193950
1430981016
440540177
558299853
842619800
1683798985
349202751
411906609
373485848
234092838
2209008431
2375808913
2380164365
2369059602
357977465
2241891412
2352630524
2353743220
635065939
2157899092
318022600
478164671
2216722143
165522310
1884605521
563351651
1538757582
514339131
2305456182
285898938
2262088554
482976916
1939464290
2303729557
2284365391
562930070
783547880
1741794038
868039832
578499888
308490524
2269928830
2281516176
540481044
186586658
1918177837
2247247373
109563471
182906785
1621445046
276468400
2256887612
43741488
2225608810
1410737670
1881685748
2179220702
633081952
1616844962
1392913807
2235513217
1719567018
2227568240
198350207
148283549
614517870
348529158
892675814
25419649
1041346340
1391278070
1726645633
472578233
525821517
1627111242
28897857
748663778
65480115
384618440
711406555
573459961
468026042
176224244
573114906
1973990300
1023412512
379408088
376389147
1932245041
514783089
1599265964
286898208
1953070777
72882690
1942144921
785616230
738812089
789928002
458074708
1927235390
1916865258
286233279
263398964
1715677909
183887527
841969249
1093050920
380093255
1626194821
63890807
594915174
572150852
1493565050
1038242431
1855564586
366427048
1857934640
439663430
620111333
883163922
325887968
418336543
1611061292
783738979
600541352
332826665
839016919
95034198
351217775
413546521
1663755607
301508762
475247912
191957013
609693402
790201489
42522796
625353550
343439053
608090663
408956366
377738109
345032728
280836782
394991956
589503335
750487591
939177217
1046654046
948750714
1349831574
292048060
458043125
855560317
601066439
805333873
1478668260
1597283750
262917243
445862811
570112323
346941476
487021313
1117880694
353244519
1568702666
306312182
351987602
98864777
125786481
265696487
977598199
621364184
1213649816
467917456
1524076436
366330916
1398509916
300577354
1146596498
1468582914
257149150
1305995330
1163628794
120283468
963429432
1184518466
111449555
612009655
362189520
130734452
474545065
1263465577
492777436
369895910
626230881
915783068
336928985
417439815
480825123
1323753462
351951741
416654624
255682988
569545654
346908921
313015129
528971319
379288431
742006567
50944503
580510923
487843424
1115861821
118520078
568512097
1229945844
244321682
790016641
1194310279
428375391
605819866
996013243
1118129695
330424119
580304074
987779306
410005308
392146276
118573609
327172005
557258536
219049532
274550151
323883804
484331362
339292994
900667903
624257399
366214089
69080331
1059333404
419234698
363948300
1022794363
431839122
1049196242
587770470
346178149
353887341
775116396
1035277776
1024900861
1024901960
1022501768
543590731
36099219
473461264
958562756
785625966
605818298
441929460
293951696
568634009
87290324
617357809
578147279
539573208
458623440
944076944
897815112
415940636
149915877
788469931
788605818
717142644
744266480
907218266
891826837
896237845
876903918
589188158
857326634
297104442
535807127
396390805
329938684
625037172
300652734
295946075
53525552
403735180
279609393
327074292
624768403
371541087
636294316
30536777
112917989
19673745
538269372
291688087
417495602
507813128
319163102
212796711
404531298
380667360
425288382
126082608
770699114
396821859
437123346
502339965
597428473
478079811
377120545
749969310
558794395
513894040
581204902
127030735
739707894
350583567
405067914
32679276
616180060
351130310
445113905
414323219
371460524
542965434
609395614
377665560
281553587
274686184
590260935
559752535
301050716
446371505
450856694
475445264
590846353
565026344
346924502
186181153
467935064
429459730
416646159
481645415
578615764
568607581
556053479
519955595
544627903
540394858
269661382
227121370
303408872
416770203
348504601
456215404
415872785
305234021
302258815
521573688
379217488
503596796
415227414
383922604
419974328
393113040
246480659
396296884
386189099
265431145
413541053
