15452859
1862439649
40678250
1414258272
112009840
831500821
143930222
38596749
1423997096
18548253
3280427022
3718657036
3021910403
3406071671
255038606
66790848
176582754
2714713993
1654698733
2494115358
191546705
1374067430
234233286
130247304
17898127
361994967
3225702809
3368824703
109634296
4360626794
289754247
55659987
241818989
616573748
232183410
2445162480
2806233683
437982033
3908300049
956513474
3347595868
858913472
3477753613
4243165459
506758827
359472668
3072732077
3065982291
3036667612
2899074540
3100542069
233250616
3159590947
3300852484
2789586862
3153734138
2898258020
49053510
2899133017
500992923
737899747
106769801
1536399169
561655444
190032317
65258793
17993100
125975756
7872292
325311875
2329448268
123767543
14914938
619356684
1057736772
16039269
3272221508
1611669086
30349066
41922047
39779293
34794397
34797226
3556158914
969955542
2751104721
3002693975
3892607867
2814132798
4165145781
3730595055
157257876
16688896
183339534
433964452
398108378
3154415117
2428776326
29015085
15968674
607558430
19539314
366004669
180954109
39274022
3066013984
2681791447
3624599543
2470272254
3575955617
853075812
321002197
3479330479
23181999
59682569
3831370513
3318123242
1697472422
771136856
830379848
2490068635
2436468036
947359142
1328078114
2230710120
985186471
2878533622
526747419
98425584
3014436959
83254797
275043456
20434396
87346728
394415454
3440489113
1640775042
1735969248
95295063
991244886
71529047
299669965
2157412545
1089458634
1066435716
2235341471
82334413
291765168
3109940073
603151626
153868533
340252773
821785831
90379747
4120710035
403932208
61675887
1063486718
1247227722
1606572625
2157417348
3367956382
180653777
3948640959
2426630646
1250949122
308501672
222795096
3116239557
1533840589
620381863
401442464
1140274477
328695608
2981782721
3329918422
126592212
3302124063
3313792782
2898118440
4010261353
4110436300
346084664
457338834
244998644
182421263
225553867
1966921812
280255353
530030136
15560613
1284257707
19083212
2995259119
11238462
17224164
218024954
99561903
583383887
207301720
15674884
81998705
142342983
2957732800
29761740
114834031
404941821
80341335
21088417
314536798
119467859
2984078852
2873301816
1355218452
172867574
2447771113
16711026
319777415
459269265
3071942610
575925999
360285166
1389824197
156052545
16977308
604772054
590226096
20174852
3329834423
45571759
377775441
1010188849
3066027142
247354615
3369073839
346762457
72665635
90777425
540406534
191914406
32164801
1133129990
1449744306
139510761
631669280
2934078309
1693499504
1253468568
2558769558
3843032055
18305815
753854767
113875934
58569413
3612576323
3072307880
573210043
20525702
8813232
61149653
776130919
309679834
413888256
222469208
3071186284
603389573
54443091
1245001172
107237134
597014115
111690672
463689095
2387540659
21360280
1852942746
3242758916
590445567
2325929232
341759197
1205850001
3574710983
262425218
2963760103
196749708
3489365652
3296803880
3318391426
14645160
85370022
3029271993
309468702
757001646
145644493
3416995877
40200769
2604573128
3414935307
3585333735
2887188748
18025438
3416978769
218959798
2435583973
1469971507
3293828002
36132890
2458283886
354092535
19104067
116504478
2167399886
1703628108
21581475
856723315
33014441
3253883228
2464933328
3065507869
3028894198
3309943667
3298033561
259510943
2342954575
1471327753
1942470607
1703556368
1704942398
1703546276
18087450
3318368861
2781088076
204538077
288762472
3389093565
2437010239
2835482124
2982128894
243869940
222578391
3083330017
461034765
2979303019
60704215
3150730052
3311375141
2975362786
182384817
459051859
2651388596
765905275
587273126
588221354
487312107
459601671
43746845
3072762266
469766472
2826874020
1703570989
3066594399
1703495640
2536419440
3242786275
3243544364
1943695735
588559501
2739680245
301480654
425109762
18815657
259649352
2902150645
2841214245
105162179
112077439
108632347
492817168
1935977436
67709706
21567608
349581778
2902123382
141293475
27715547
2778608971
2902162645
762135818
583204110
3047254496
1967731878
2939967576
2361413834
3069721146
2855786751
561674923
2902030526
103683047
26113992
2161496167
2902033922
446506935
1345702129
2596712095
259689332
252694478
45931083
1123876268
253263664
124829064
2786140998
3222955321
3292188741
2443823527
16194080
427958206
2292972535
28207516
1187947322
78700308
403524014
60918418
3219986719
33631256
1456140842
18961384
542515221
153440886
2589729396
2891400481
256628776
2918997222
3080838972
2715586658
68971853
2218087658
197962366
3065818421
2900371521
2917887452
74484200
3118488990
2888253566
1703687731
763929312
2235577028
2502200664
226662318
2872661847
71554731
1633524530
316632855
73725383
547537854
312745095
2354393227
2281482438
18456013
18867844
16548435
2971298278
1364717372
256048309
851316548
35767916
32257770
808861362
71165327
183771147
2832982706
2931557582
14192558
2897881165
38804737
288859635
531162864
14524485
2407232898
31891798
32789366
2591961536
774336170
614646192
132206177
1391027346
91942071
2692602726
352405236
1350966122
20884843
116572493
13463862
15882393
16248319
2979511606
2295139584
2793900943
3016075704
1261139702
2849116094
73986605
3012839553
626757849
2880907521
788158068
479806408
253207647
15131814
3042191003
3119466822
437695069
110608919
1539077060
2903513619
494690818
6231202
1194863629
3020152475
27865633
987472982
860050922
18921488
121084615
273159953
262749118
1909502827
3120257528
226141243
2516072779
35120520
30948041
3568411
29886563
2562963808
187476053
182588086
25253084
2526053292
21182766
2446017219
388058359
9951012
103106691
3026249615
119792842
37391190
136346386
2391747056
292447074
2759465288
3062153582
3026636968
30249176
20515090
2916205321
2902154269
81126713
387181116
2433114481
15602190
2902106028
2350175905
3090934930
2902176931
3095046087
93111391
3093930190
438620210
2433086970
3007035695
2902135220
2902046294
32135630
305277457
2588541840
2409431994
39651447
2916153444
2357208152
19512908
3045989388
11780982
26037739
424711422
1656690139
15747743
135462498
552005607
1695981301
2958309957
2431583503
2869578485
211800056
28484970
279414166
989862912
132713392
198483889
169596158
2883439275
1227841561
19713521
1578830124
315766804
612985010
1120064580
2482100484
189474615
28654816
18239795
3034800490
2806008471
590271419
121020518
17478928
2857998672
14774443
417230660
3030249385
3018304064
2984050895
1453702609
2922015099
101107997
1944877176
2732309005
38052547
240527238
14486811
2999357826
371853781
2720755444
1513869698
203071766
2995590156
3010484663
1341832754
299207413
42571480
2786588258
20664279
114770455
2952573325
1355705796
97073640
316221193
2999291381
482133423
33906521
199757437
2874148960
117477071
1399504992
2346981779
29494126
401556419
1582451275
479575503
855827107
853900664
615927039
2883826904
46164938
2457474224
16175706
2841326331
866504532
25458378
424757138
16356730
612931307
2485343272
88515943
1110361406
176474993
344687656
23959413
2394933390
65589378
286233279
65577676
2214064319
417230650
633171850
14079421
243947869
2349042853
2753128826
2344211519
207392880
191160955
2273276602
2788225177
316162912
160047813
1634544032
185406577
2352282518
1855257258
783737245
1684816472
1656191366
16424132
292004928
985835772
145298319
22352647
316239944
87014167
2230170475
2178669595
463444791
297516412
1478646553
1667732179
1151462532
506692674
201433072
487600344
315562135
23028288
15209135
1633460532
1883843406
153492935
2320507177
2366181583
2565982656
805870615
44171091
2338492322
19494938
114574514
589431810
267603819
902343080
14540659
2579530693
88952191
1632220008
874100826
1954714663
200583835
1399542121
58572088
97317021
2577875580
16826425
19537177
224135053
16503460
159194894
476143435
254673177
28336115
2566064346
171468416
2295419677
74649939
155813585
2392863019
1126951250
2463573756
17343896
1240432927
2482080368
14245443
34113439
1526133972
634858804
145659451
283616325
1240212992
2367450896
2202594398
2434063224
1281387932
330843791
247685926
1126447134
1244549648
1541465154
15891061
844723476
32668142
10020462
86422875
15203806
197567344
1678742251
833449766
317189915
1132853984
463970663
34346792
119502317
2249643596
40002353
26962343
415669375
397240375
414880696
381032464
66278682
309188268
1193518524
2153758845
28927262
387186635
16807285
2281055232
1684626314
27778816
338162588
90547470
207323988
488779025
855333193
30331695
85914443
1464994718
175624431
29130296
280826651
257618318
134724634
16493868
54196391
50677180
552962730
939170306
414977064
14111534
16261638
723978146
17976577
148529707
67357449
52483
4807031
297659058
5025281
14130366
15008936
846294902
255041718
751549886
450367760
790098614
635686514
72893527
1278123914
18298910
16029780
14640695
1228398091
425593701
1244794334
1529469433
31454635
882539000
1320817519
1973187433
22220612
1430426018
14415783
83689705
587133048
29800901
46677768
745815792
1366973119
357950525
334439275
229599813
575264566
374605413
1293684018
102473290
574975193
18928492
77193640
26604509
285184877
18876464
19198598
304025954
285120256
546267471
279144265
537606561
548809794
73069159
580246749
556466588
255554036
273083169
137160613
830234714
148923418
266729570
21546134
543547801
720483601
735655638
585107537
554660758
85860474
121179433
344873257
1471112910
369020620
637151916
348166536
22770373
21961081
2231867316
28309881
1360889438
762404028
621295507
619319720
481588841
307826868
369602017
746022960
1176542370
163486896
768112597
39298589
14226882
1661367937
456065942
1617604284
1327401170
11763832
24955695
49512724
142849883
96695061
138142525
478669451
404399911
70851663
2196965126
409536938
150135224
367247994
1001954352
15014747
178892386
2190576288
185256682
320009655
31198377
88978705
2205286790
40281016
297981646
198339266
539417194
232366137
31260296
22308009
14292954
1369778576
15668356
32293658
16948890
455180889
28499193
580328342
366880078
29292846
218031500
351315146
947130085
1392927674
509119304
1938387151
1115633996
1118125297
1118123628
1107375859
1896975523
1087985372
1864351100
8854622
70667943
518892017
5990782
32304094
1695446328
1557290694
18916061
372583602
186160779
69373644
111746301
564284299
60624625
112005943
414056410
222587127
243489089
59027488
921394098
24294726
23327978
1444825729
1700550308
124179445
40500552
125993975
32501966
382239335
430980253
130195026
112856267
501898955
17998895
240342595
499188712
365640171
534650217
751444464
366169411
745946114
18539631
137802710
1621603364
532374319
1158134534
115483814
427765058
197851489
324439349
252273678
78632208
275089901
69117905
40025755
113083865
75407108
795147816
66984568
45841582
68179599
26512535
113714677
189918385
271761269
1309013773
77919706
1640652314
1161765600
1263000662
19074827
14147479
1472156598
52497147
15704582
1137178244
1362949514
84087294
950786630
954583674
1173074058
1163472235
834290622
620627019
925590350
9963832
1015537646
11969892
726610296
183813962
68564189
29798607
360723711
40979535
111690618
50666556
19261228
20107966
703529970
29205684
788511924
262709810
126751301
71045017
342210656
107887508
36673582
388653521
1900679336
497955544
22946948
1694067492
144503423
14339587
431965048
1023430351
1511440914
50371921
1676539080
90717594
102558193
1862192276
565626374
280745235
222466716
194321816
110189578
961164668
18089913
188199231
111218031
16547607
37668511
25125905
20108823
69027747
24723642
40383726
64484397
202802377
61226587
29507184
228019505
17870903
56484843
116529568
59467189
18326207
14708747
399028459
104576097
18877612
50870795
37388098
321003525
17478539
325830217
160999519
283614949
424731974
25435997
259899962
347603122
322570747
63723075
34403923
78208806
97025525
1176344360
609173372
1729477136
19068720
282346314
345115735
408687315
50702081
389512309
534389786
592180989
1068925411
1128761768
47409528
362130705
8817832
552091817
854695393
473393567
341307608
1452178896
998602357
1121712739
1129877262
260914963
587638728
1287003397
489743808
297195923
1316324766
943961304
1854709764
153539986
354079903
65388721
24939832
255059151
163576195
496364184
411275425
39500974
230777466
379615218
38590879
112532394
456975335
42939130
463382740
76027332
1911896468
1901523852
323234603
304953652
1606133088
266162675
33497105
512696125
537685313
22171584
319193332
268507973
623967449
362815804
262479609
28039532
578718047
1016665656
19418459
47732454
460457856
42819565
17453232
66158240
90230812
71046635
520959039
63211649
44732507
19509869
38290732
16877448
40265917
41629233
29510306
19269209
91177282
61260222
24705015
364972974
522814796
16092768
381942251
214941153
18925672
60999225
281647419
322033708
18819637
398151065
1235892295
429532993
564000560
267167803
359493485
366138692
127592126
17504549
227032210
20064655
136366013
76842661
107572393
1926073668
18749779
36872868
245406468
217155356
31404953
82709998
246473898
153538727
33627544
118269391
189182828
196769260
16186313
155622924
95205165
42478391
326192312
95709695
509002482
47454443
80346328
41830590
44235446
25138725
370503440
628787224
243033795
33525366
201792484
1682258246
16191487
49165567
825669912
335267485
201706497
45893294
573153653
1374945151
20267632
173537728
22391532
1322542609
453576865
564829143
80597268
20186661
26251566
23395068
390990648
18213299
492854858
276512206
11093162
164769842
37970632
89472181
408612922
12309212
86195901
25158901
862212176
17322802
18742705
17629045
516969711
86197473
27647884
190871636
249785227
18737279
17443560
937287434
49127759
87996799
122412318
496536270
7004782
380683944
43955240
17945104
319224033
66749632
40066316
76130913
9499032
480717421
19651133
118952409
5763052
119784462
243778027
499219983
16679681
1606535112
33552794
1154257218
1037839879
64830882
21773426
23163290
558997164
20071903
67700256
783697375
224391855
18119242
163711801
404945718
188995213
52743414
262857654
373071271
10830352
31194551
49653251
308865429
330447110
16453846
190784477
38022506
15138146
1470658777
76631165
8552842
1101885427
569269811
135885887
73406030
1536547981
34371133
1542322034
18216108
419139832
678403
370911790
27072006
17486040
45739862
47693780
33585708
16404980
290830853
397715818
14660824
35737995
259447917
541271822
54429399
741768626
46229272
198647482
74779799
52105542
19081488
22706629
241098173
19608995
501027434
40737025
17843439
510771528
335399984
196280955
86196259
371985841
466085354
15283836
24922208
40897443
593661028
235244786
22324772
278320071
469364182
18953012
38433200
127266143
214456875
289002998
23784237
279818975
35145796
22209822
20626800
353167751
235782032
107558436
128702411
18223433
16347533
91384350
17044530
17367091
874325978
23624067
27000383
493546708
14251225
1596155964
217472752
342419887
314699534
349633369
250769643
89059221
508755971
85948014
1245004236
26038103
553007233
911780719
444940567
18730816
19402345
273172140
229380911
730754114
18949390
22953058
52615738
26000266
516998543
392847346
170719390
272745207
82629663
18146214
460673176
172332935
872054940
372550482
17019529
29113317
75093861
148587486
27247847
232569441
1004635238
128599139
443235450
20866395
16130232
23170114
35547583
97670128
238179080
474944932
299475037
40254845
41619135
104495575
426316463
23644420
25530904
114528438
540487145
739499784
971014848
18686982
297247574
56369454
1655533933
165882442
1035692568
709024850
27642253
303905963
624986896
94012974
180893518
18805151
960881617
1063004551
23967005
476945396
65453528
4132841
16425087
636641242
35748059
316700452
28418614
123937140
41638204
56381987
34597632
35206757
37925443
46412181
16685452
82399286
72567512
18983932
333479211
1027143210
241711162
357723357
56844337
336026115
86196807
19396802
92405904
538373045
45007154
728504881
1262960972
250855987
981741242
820967142
1158827233
27945209
32522114
622442103
19310163
25380087
94628788
16483405
449864542
47715348
634898881
48834856
64462508
134583863
29699777
562099105
809429370
524216793
818365645
21410529
546034115
794387090
707379416
66490429
21190671
35724914
49300368
284292099
24754711
109079118
89188165
191960556
22688989
58302648
87500947
20196909
346534809
21800143
22849278
424498228
36680001
48343409
372347731
35845674
26966058
402890332
69093910
27081199
19369984
21109556
28194998
36737274
22191388
44351168
29751049
21762142
105162223
600253224
19774114
19720689
225485805
35345203
465767679
59123890
19195472
36233995
23439629
365480435
272561168
25205948
25555034
36491008
28594864
22637943
25428188
21140533
39981202
64470669
20977512
22001149
34948808
34024051
238653262
17492110
22495620
212765638
28755136
33675824
462059906
189239945
182918677
58839737
189681171
867170292
17108567
90559861
191931266
469046389
26051404
48210718
22182297
38157190
1420894620
350689879
77619314
822737299
1075886028
117636120
36132508
55651814
486410804
90310043
785408952
135245789
217463755
31608886
15940915
78424027
105291273
499400597
44725923
146914693
81094308
946497518
46227196
225905233
17297292
32882761
20408570
22649271
19020201
20323038
16689804
249850849
21431993
353050236
425410125
85013435
173806504
72425076
87462434
240848707
61227028
420921001
242784233
545595894
271263952
37935714
30268775
33427510
10329052
1002562542
373915171
870249500
33095159
17387359
36519386
114530470
994118718
115097756
141275637
549596335
119069582
83698945
227324696
57692852
224421524
109943649
78402897
32525034
43388176
17875770
261273969
454127584
87462014
459417610
576190757
466803288
110547002
87461330
17047759
14044702
156363528
300014213
20109639
177617094
364966006
364932288
552352939
311647973
257661903
57033388
374679433
204457289
80982512
61593128
353803986
356351932
631377837
215881910
396207585
572031173
57412831
174671240
157466667
269508617
7402662
9855382
21529143
234903540
285719916
19396614
229599399
242895470
123310100
33205305
21102126
2902901
17467699
17659498
15894074
22487278
108971057
29765773
37722843
87873439
263363120
269839741
17086831
16426694
39092982
20544118
56448752
603803238
5025941
39623231
818418566
39931984
90927878
770992687
172644668
5969792
67952444
48853184
18482570
100818837
830422669
21249567
18991192
63145883
272566480
160194838
354986863
336855639
825869748
42955087
270355878
39900954
70439853
115304519
627476297
95742510
349332884
207300125
602233594
555326322
128660352
144272227
80366398
41967463
91264050
392567266
528982090
524312198
529515881
134234059
15636502
168937851
172779883
601100427
496669960
57457257
41361120
26716518
164213375
47968639
18616313
57928655
251725501
598790857
316573626
37564255
56767953
50210851
90427009
296535271
264526052
47761088
89714294
19248709
55049166
87383607
17341872
196682443
372995700
179242012
15378238
575920734
16304083
64860140
101000656
467191118
251848509
37201960
15099539
40557902
625652365
18777269
75652787
335406433
15937883
61195390
91110112
140966649
100818788
312986142
245424983
415145054
28488647
122265201
52094034
46686860
70406994
70729494
126791708
17891203
30944769
221068485
78419512
21897392
19164725
53191371
7458942
90958042
43229249
22060843
28622763
52541153
82867291
18414849
146893595
431912922
167416380
431313176
579871658
532994667
608337748
277192116
523835312
108363530
624857952
239741209
79634715
24223402
473573370
215124530
333470140
77677540
387496630
482209995
104733268
33668432
245594272
227475474
233851815
45689248
487082545
253179633
342250041
28647586
124696740
53163820
254763715
44837475
156068710
161041951
239201199
113267303
48489760
14460611
18607997
449426621
22037098
24569220
36750478
14893211
69666312
59507002
121537720
21786831
16348549
20784063
82933637
10191
18983600
123565032
59010637
19780462
723031802
61305442
72649843
555392585
124218292
191891492
13289702
10642472
359132581
17022234
202790178
18049803
82963512
14693998
54212456
57103986
209632553
236841577
64945120
14416109
76449921
81191957
44169939
19802090
88816329
571020585
14995884
46414140
20552377
24515472
38213768
134054791
241967182
10104432
157064188
298193332
16687747
16365952
44131087
121159904
22528070
8994242
26926819
192125998
20202335
19366726
37915640
16781954
73543210
48765903
83890177
43959481
33748418
11342502
24374386
88310995
19979224
59238436
302816194
21764343
22049097
376887292
553107985
606467959
424654177
12447572
95310256
20249683
17446188
20691360
19048537
23372434
92875674
59110488
18150470
582829372
183310771
40334592
21312652
58523379
106220051
16132087
17104183
589410415
14369901
20437704
42422464
17207024
54646328
52844632
19097332
16932848
65451633
32530736
167552593
586770557
602197455
79011908
80375398
15878423
39244148
14986275
20172250
93914412
24560882
60784450
53293290
196305245
179600506
163561420
161382607
164691705
45690330
28972139
20098119
38500966
116324294
191675244
16243405
22789766
21118985
113645461
54635866
14298099
19918047
52969717
46038835
84653539
22982114
101582049
18615635
51293086
113324706
30913636
26513066
20196266
103662755
35415477
112038677
31114116
79725574
26009442
131552669
19360809
26299078
30088894
202747301
54624571
19617642
53786227
25850612
95486467
182482685
53374143
140964213
101583613
14206711
50372988
14142000
29730065
217076406
76469604
159567590
164769276
18978412
106512909
545469131
17766265
22928737
246939813
56929066
14650898
169600411
22717420
163572391
408723576
169896738
163578321
69497528
509008277
14310315
460206960
207699741
367385824
400321753
22152974
145744298
42954206
335070846
19768595
18050122
220742730
133733076
175157198
19163158
229656670
287859313
22302444
159204899
6325632
269317172
64308203
28005823
171708003
25987929
24245696
7004382
26546403
28428838
14348157
36743910
233737858
182725334
25397074
87481701
297408409
50744212
161329625
80057730
42956598
252835084
236901886
308230587
223300726
249668133
27830610
156373790
260774436
191104836
19878288
20100312
64029662
92182754
219762600
14678070
21308157
262015019
253566173
30022594
19295233
8431602
138770045
10983432
22975495
258975909
253158978
251815465
32611769
17888058
15179596
116816715
53409154
43907637
16113639
36363855
250188778
165770175
18737454
28108599
18584932
28657802
18875406
123593572
163568950
17220934
160619635
163518128
172043864
202374429
89422664
166317435
25767438
25914402
47489904
37669837
