174940760
436538901
775693212
76918188
292688989
1673883829
2153660083
834760442
1689851084
1722432259
325214285
520423956
112895496
262842124
892652916
49592867
1012034654
1654721695
103842040
2156081701
778976910
1113107354
1154400991
210661130
2157264012
78109350
557435921
101578418
1615728878
185792414
117864746
2158347752
618185562
724471807
466888475
1711305876
1949427211
1966951350
17397157
972838308
1348075693
931704901
532280979
25957093
594346331
1913343103
1675131668
316371580
843197916
1712007566
37859976
290966992
1156125038
802209
18916971
573078123
162722422
182017899
715103696
19125090
1112321636
2154989606
24498709
142235924
2161299384
1276677788
251816991
1689155755
18909792
552812045
1944268897
890193608
1625926016
1301245368
43686564
167483207
18539520
17326776
41827167
797942226
1427714923
238533148
303044431
1325674928
78460302
2159350698
234384019
2157298616
1961012094
1191888349
136952099
796277558
1933911078
1712437034
802547688
55323436
213671271
1886023536
1949096971
135913211
486072725
2160796481
249613529
269306647
922948218
21117572
386461335
13339272
133231374
2164553210
2156310264
65630309
1732656914
369570226
252240267
10566612
1154733044
1585429568
1962775129
409760877
164855249
1896397801
505522490
21359782
364343108
16103567
459680895
47017052
139852794
538381847
274223366
89429856
916907347
18124830
2164162821
150572246
1911124195
23244465
32833195
184340514
86649170
16503116
40162398
1251136386
618000102
588307960
1252075651
14625051
312938622
1353824670
265725355
1949021041
279701148
1414208461
1681427618
1876068794
20424954
1879392224
126265663
1670590483
276146209
2169962604
1893759409
1618847785
490581485
75820584
22012310
19459951
14100401
566142719
1074164642
15502274
307194696
987738859
342192493
126852942
193008183
209107057
60213983
1616059844
2168191538
377091665
2171327874
860817925
14456701
625562425
325455873
377965006
1637790571
48042597
1083716809
2172286548
591312808
2172031562
362661063
2172104732
142631605
2164289863
2151618126
1011751951
120141652
1873334036
277981213
845684755
33878886
548180469
374610760
12865852
1542371323
120265899
980926952
202619848
1913918600
109343797
601178321
37599351
990891973
580763836
215230948
1952624155
569070591
361813336
706178540
1531402692
377967256
80057255
1202364048
15683396
637157928
87724275
1841507412
1527054385
1978436942
224410857
897194714
402543772
1933955258
1970606802
557642646
50321733
70235481
2175511243
1654512660
29684876
2173841257
1914619908
466063095
882634688
554907516
316518993
208986110
1496880534
240005520
79116189
1307880038
26334970
300144803
956519551
468536802
14630904
308651858
407752556
14075441
1886000846
125648212
1963565101
2177802558
112720426
1904902512
1242436254
2177544066
235058339
2175374167
1729695584
45654795
1714276886
1657509432
14060968
2177213755
58265740
2178919634
32418779
8076872
1449005977
885003066
29535820
205001023
720579356
1697229462
471280137
234002733
1934800046
37467099
1552813723
1734697423
1379579598
424483187
353838102
329261434
1625677362
78370703
96834731
24302407
227088783
15903778
132062287
1494309638
1942387272
479669473
372497412
1035003619
333672355
774182582
1405193882
424482983
2152079730
1428152636
1973364966
56901237
16429431
51475851
123300331
19725705
889366856
312648240
532131438
1051356842
1508324364
1695627511
31199678
245408496
21582436
2157633978
23676863
1912742983
83438977
127661063
2155737110
39794354
334829119
811190078
1633523702
1872457182
1683163772
16046258
618823061
1656621062
364231146
399678040
1859869638
30117361
291760348
2161428470
1106293382
1878762438
1700087322
1517862080
366215724
1047314708
61404532
91891213
917075136
1833940346
940503344
2158046060
71907486
1901021028
20569550
1293429764
159369360
1628050747
283042592
293312276
1945251697
51062231
310824324
1733476135
1280299656
569067056
33342927
25391258
986782110
18349074
181803363
506161638
1198809380
165429225
400191789
577795812
497510245
1602036793
300628424
17973137
874573160
2162192128
39693451
874247082
163473702
992179981
1067789586
634672353
1113426913
207376264
450040374
950480636
266549274
27121691
624282852
22824435
711389800
39744403
1466241499
70532343
14670226
414328176
27563968
1248019112
1183643144
89514518
43035410
49492905
207323988
186935665
332600186
572271029
48935222
136336777
1972289586
2174592504
563139209
1560433134
1963423632
83678020
65269134
46000129
485970643
2169062362
32934781
317014952
1729827552
60190631
1954714663
477290094
248990521
324148078
2153376263
2170370432
16968801
147747555
228300826
16127048
856136617
1206617402
874139792
1392764078
63076177
506063166
71968141
118184524
1903079402
567527002
613077720
1923235272
404415725
1519609363
1265951599
1650497900
258438641
525044374
217464345
366672743
62554155
169701996
24086519
872618095
165563781
240693449
1377279919
124477480
1407349693
106501655
886396490
79051165
110622169
113712331
1661771898
199546327
1651572684
16612183
575364338
88941946
25707834
108176385
599733749
18867844
116983320
1198940708
1666925712
1399611666
16114141
1487477280
154913568
956696623
22981545
221164924
1361453994
183205786
170132491
23460741
46304356
245128640
1322467172
67940616
22760683
292927541
869264972
21854093
28057302
17266502
611031711
98898763
29015736
717633770
22380908
256388979
383504726
20485905
257096005
328990309
32863252
16261638
33255362
447141413
13314262
341958802
438569020
86987686
24027953
113413353
239529181
610413985
1666988124
71775169
180588890
379458502
1201893596
5820642
294426567
67447390
255680305
1753955168
66070863
8911432
769877220
1328934246
42300159
561455536
292229728
12379282
1677824442
446381063
1494094560
417389899
496168817
478194879
21011603
508859438
527799061
441671041
358279737
136890436
1628094290
395477325
1630543472
561172973
342262787
402036176
984011683
398750630
609906875
454100141
1723542349
329730798
22189646
408612336
96564060
1512029311
76977764
366176177
49872538
1207667768
1426881126
285358998
1610980800
1665515352
94544560
20481058
155128548
23155102
267426570
182300965
36926882
15014747
476813459
232082625
135308359
114391409
1588007180
936797544
211187850
273729767
35563232
20781546
1648578840
244381008
58759644
20573165
114863834
198664011
149209651
53522275
380576314
221048950
1652405395
255195358
68956545
1911615685
60349138
311876503
178206072
577282452
72833360
29917480
853668180
205210417
30760180
739968648
388668583
1737141865
923675701
280353435
46476526
64826685
105961520
1580021191
15778064
16819278
343341273
1125847579
609508809
102430572
14251373
413252813
24722401
374639707
273677482
27878891
622691885
292819455
202347992
120036324
15841538
244746802
193273402
41921077
101763806
16878100
995640979
211860892
119822879
4010411
274760028
110819754
15937883
15287589
1710746906
322470409
68587568
374691076
248619301
414498959
138024273
15807837
1267980138
1543803072
14480433
47982397
23502698
166584813
14905019
82550315
478671737
31270821
5660312
1930930904
40276553
16309969
914404903
152772098
19994494
21161888
365482758
44171091
36514727
1672798507
34000178
172846897
927148429
15680614
236054764
111625735
15302201
623614362
334232857
1727310553
18379568
17010904
540322428
407915212
228504688
283690686
189455963
507313149
874149284
108883312
61186472
351988271
175085210
34122289
253617729
409881214
477843780
283697180
170953425
270395926
436132986
1704651080
391571950
235344336
1553471588
175649025
348437376
477622822
1007938482
144511632
135348838
1620232580
203678121
1339504380
11307882
1292856452
164386441
47274709
72292595
281611673
397106661
631061143
53256210
199155913
330831697
14131683
26688109
1717717183
107764111
15706633
495485636
1569409483
14747706
190612652
487573098
1905184111
243368463
1879177363
27424866
19435072
276666579
1535373300
49943111
24335502
87032287
1169665609
194661889
99932683
50268350
1622790582
147917619
47334900
38263740
263347822
10621762
202198499
916292106
491377983
24872663
1650811279
17946923
90379747
111237104
265668224
83088434
444386815
17366090
157306495
204470766
311508067
96187083
14256073
221099559
261736294
1350806095
282042667
352660587
795712284
289302127
213334240
18806575
18839744
241932675
1247998430
71843252
156472342
38927392
27702107
119267472
350936512
17461911
418174658
520354682
180798188
884636311
360416598
1955624263
1022619726
373145425
15475558
911286224
301014653
30971863
465698208
14567295
1664755262
73263419
127112233
334147502
542962969
1877092202
176946754
792207762
460883224
331869431
1519622161
1540935192
587216696
40094781
320509890
1717323234
915186674
410987413
1594118672
1319489018
9263512
754258423
16175706
489785908
285128824
561547330
377842878
473972193
395773875
1720914914
183554816
22516489
45668374
151881920
265566129
13532012
415598454
39562794
1633355504
23255247
274189974
562261824
800575320
726818490
1427511434
195092201
1104124604
111966041
1273960022
403171779
137954423
500420347
65279376
741922790
66159921
1713794610
1691057221
22796398
1132793238
428081159
95740429
1517776542
1361163804
19957685
415755526
46064350
408552212
1702609358
592306490
275114342
215266178
54769979
211782456
380922487
872767488
543546901
74550877
1629479666
50130164
456895067
219031924
75127668
125638876
1638242742
1681094364
69002111
1668258294
1030968444
1454809452
1184220842
487578714
787343634
1700264934
14154581
1356559308
95466460
20567743
16227429
64844059
113022733
19659244
14120729
40867879
396767105
18007056
160872118
477485888
1367914675
35472084
52659564
1726845062
18485106
1342045722
926641609
1320141588
440116628
388897193
40689379
11778632
50528969
227501776
403482871
1653622020
409062401
71341002
1457256890
1706036671
1546059745
622192332
188599572
1340961295
1550202116
73900420
415601652
1733807712
975356430
1636035001
125326783
613003515
180445196
25197389
1143501522
18450405
1599416257
105111921
69014010
435807961
716894982
386472900
201351479
23302174
1219223484
182793089
142307817
477092593
373150038
185703325
626976785
1593769243
195825557
1370427096
1707504488
1666527380
35211037
222815079
153621694
177998249
1219890026
182944523
20276964
73774016
915830305
117570624
1733282636
274510502
937926337
790378387
598143669
491951036
68744582
1542026126
1061118968
32877629
985265377
15299697
576479131
814955365
510603289
1246014168
16421106
1244695921
518491716
1104158660
431754564
223742618
37957313
347957334
76020774
92118699
54244377
321111772
58538449
85647443
359381582
1435473282
370816258
52117188
1072146487
59238963
81824105
288369808
233215779
160951225
134055679
1259333234
261483151
32351881
1282934870
962725872
19943410
1089568735
1524637219
20169540
1343265024
389387956
1321310522
1087967562
497420742
294689136
12249902
18152647
40231043
1091001672
1856289019
31178084
96517795
345190071
113593801
327704647
306378465
252448338
26833923
383306220
17556680
873592850
576748344
569960469
1494399792
887587830
1183212812
291757367
27438645
1161396192
123536646
1535801017
15323148
287710011
574337904
1726378034
109017085
1667979704
1598095524
51013524
93820136
594835598
347586885
1723301096
423232609
1676476820
56058445
306010963
1866096541
1724807227
320327147
42709475
1480769245
1856275411
1541786880
839100079
1436896795
941380434
452171637
135170055
382684767
216015989
214193353
1539476550
606237986
154727114
334027259
1151368724
482775462
81187565
1262572063
1849705412
1662395875
292704252
1245314455
1444680812
312797440
92600536
1867863919
780848305
486880265
885488887
533408029
96752254
577501401
1046281237
75867240
1458629096
221189329
1082969472
1139033496
15503641
555689156
609760335
20741163
136554034
1687483400
17950779
1009009742
31120795
16963961
1280576904
22787397
515493659
1726084248
14114324
191938697
151387963
179577543
1393489393
79289712
1156832156
158897984
1461909308
18119748
1546208882
611957411
17888133
1558543645
1499587580
7057352
1694389921
1014309643
91513782
19057564
15434457
837943555
33248744
66306277
1634265962
1683965118
49492914
44006222
16580119
1142004818
118853353
41405861
966481057
14910788
1115359249
33924163
989082588
1673584248
1205313678
484701525
1577111168
613524503
36495769
17038146
1674906744
57373855
44499615
50005506
18182293
1698023234
17645774
398964949
1703504941
1370850966
362274799
96251852
1662742363
1172543071
534563976
1651216171
112250447
273679467
16031592
1359862118
936031255
18351859
421516842
91889544
1101175928
76320553
1618604414
1308643411
451652148
1679214828
283625509
23129722
531974168
1656448686
357608583
382636059
69664830
154959206
465836038
79754243
1658507059
1116795120
213878499
126751000
326846294
59727754
518940374
550842840
477095167
50677180
1397453540
578566255
1408632757
168320064
361985160
324328576
288807241
1409554081
349257315
46016631
326854113
160664621
22704405
132038045
1099240686
593235137
341682967
1426245522
186596722
1852182901
776919636
14057903
863610895
285640418
312224912
37435901
1602618696
16304230
543655470
1156602380
1185644378
563443401
122165973
600907502
304811867
1355094013
610828371
958078382
184477052
1755558162
16191487
15654865
1680363366
1402909867
174664243
568016916
144561529
20677277
1856788562
34124867
1860878900
14966750
326701539
89962967
31116314
1731802832
325465577
24688353
324992942
398495447
399163864
547399173
395704711
1089610734
287479451
407697368
368386947
423112332
33206195
1485568140
13939752
38221392
1733539536
22425260
19768331
14541237
1606338637
33623510
20732140
304141438
415270228
1468789046
326001724
1686677454
282829946
1348699597
1473221100
1340680711
828277747
479110841
32693404
1183095566
1669201674
425723509
176324487
1734184190
613827225
1523541841
190443558
380350582
1054614390
29751822
470565705
36043046
14922620
1053576792
10949262
476768773
1484558778
219733623
380399826
58993670
477189543
1388555755
1726310724
1854658530
249708783
1618539384
1303314522
26308161
1256196446
84394564
1666377756
916393699
62308704
601741414
196770958
1496659022
397899192
203025512
528654653
339145581
397721556
802803109
493355047
1359160512
186293774
507732316
1702253364
188537348
1021680804
1520732406
1260735830
721206522
538344906
1090554348
19177184
192557923
396182543
96463568
1297337876
127892857
635316553
709446086
557135875
544169858
131646429
8879212
955344055
1692830768
790909202
51377562
1673910577
1372140612
124880507
71738004
708724008
35139893
1543195278
1601804672
326654750
876447756
635134855
850673826
295691155
191428209
869365016
621902846
409256035
72395600
68703528
105865189
31257865
411636892
136794687
549660582
549587464
170577665
452464088
440075916
123661908
352144735
551062278
539763678
371093473
439128469
160573925
193181707
54038690
225642430
490964387
409971226
405956779
425024995
125316770
322649199
100352940
206414638
160449642
86610721
62173692
77173695
555271282
393732363
545060453
556490192
56116936
418775321
386208589
477632100
439381938
547199927
489926226
171236408
178868001
335040955
369220110
413410906
174597683
555924117
178502850
210820477
462040508
508144274
427702395
523492808
519365449
578433827
39910563
573109476
473311707
443442104
494440999
579556479
515217273
338428934
334483821
45209598
402092027
585110974
191841834
126181427
345748074
527151845
382439104
260660383
420141160
431909878
461589302
532373632
499801462
174736889
613917932
598601302
138939779
594728202
550731429
374806598
626150709
609770910
624461451
627214098
702058658
375831413
459508621
411621470
614585094
240448422
392672511
714656221
515679232
386467848
605567463
635878290
728310116
502899898
412432906
448094013
369611542
286809675
213495153
270823547
406232468
196336676
409154953
220107427
554305820
20130718
205025258
418220491
770354270
167288484
61668373
761899957
816776773
337850323
38554667
245955968
876776586
864771775
106765106
332046346
740554555
377467306
124373797
311728413
913780669
51678194
915214620
62421698
431800185
591265249
919082904
468825098
478931919
101069729
425172254
15910185
600351722
39214842
29497345
18836306
37227378
977348659
925619246
209448423
551464186
73982240
184132157
345184491
1014110880
1040967505
335070970
866699600
164388324
439432016
319144019
30123299
263142458
1103918808
352517318
89708332
1177046293
335598003
348921980
335596470
68794330
156738144
40423690
74456609
536354372
548114548
80022994
399746934
865875956
216238289
507005621
451765939
534773750
300606534
537168269
18860421
1257092706
132676757
59345516
227591938
580414511
285829960
1381795645
1324366548
397384405
167124372
502801326
473658791
160478502
1282901252
175030884
215765252
258540829
454923959
29262242
89787509
832798752
954008425
1471245734
152420548
603780048
16289206
1319172836
1461970866
43833485
1398634596
1476599287
1476056102
522334382
1477276753
1288290570
18286234
603492248
547594344
550461959
1378414232
18440597
1458840416
1477967881
1255407938
1288288734
25808386
236489012
1444779116
1478627089
1365821528
1478493427
1145920105
1477927914
1478965694
9244582
1478888100
1478866939
67603078
57219116
1390637497
168304931
1178720851
1479056802
156558092
1312307419
1478890711
1044104370
592591249
1479476982
1434904940
1467637658
1480077883
1479841536
810800743
1479691110
1479602382
583596101
1260540607
59191437
541135050
1480704571
1480582014
1332207482
1285498116
72555304
745078194
1478814829
1481346348
1481191855
1481180209
731313018
913041708
1019478636
1481811536
1481689285
1481686740
1481667080
312588886
1109727078
626363802
1482159962
102029494
1291135838
463737775
1481879328
52141978
62005069
1482455239
122278603
18496265
1473547152
539286281
1460594864
7350652
47754862
63538616
324716443
852858810
1380111428
527049368
490682216
276619800
62562873
1399739370
350234647
1355975191
111479575
373181758
176947107
1201316839
1393515158
453563565
99919383
1407877633
1407431610
1311894686
1412245938
1411918722
1393617667
1058559030
1407380744
1405658112
1414113013
1413839172
1413750774
72272893
1416721760
1416798613
1416768709
526259980
1158227431
1357512270
1422304602
745123477
1421931577
21177155
493357812
430708680
1420686895
1421505710
20762131
388716599
129119297
417509884
35463444
1426440697
1426820227
363108401
1375717560
1429473074
428476098
1039614956
1432311966
98935242
1424590688
1039132634
1431265178
1395621056
1432980498
802232726
1434310010
1424648029
89088237
1131316392
297785968
403287056
916916430
366709696
799410031
1443008090
1225606645
1442531286
473898784
1391165676
372591367
1444525844
16639213
1007232829
58963030
108956163
1448351346
71337900
1449254520
1291251475
54475598
1225806726
167729613
1456541160
1455619027
1110229586
1458949561
1457379265
1308425071
1457506434
1458865513
1458316388
18680442
929917339
1070213390
207456121
1462746961
1462484568
1469671680
701540137
1205646626
1468025184
1338446864
1323360968
242875337
215973602
1471192807
1470591961
1470033122
1094996496
766448070
1474345938
1475233364
1474829058
18762666
1478902544
498516944
1478787133
308343104
1479499808
16515638
366829263
36771253
132227807
15021556
125905975
1266788462
70309626
102758778
14529824
253207647
621834720
18429396
73255170
17246970
61434926
14205576
62313892
74049344
65580211
87397508
310870987
219149310
161128380
905960539
46549707
29648122
63437176
425326010
81404788
16845343
119289393
254136050
133117985
35120520
91267688
1248862590
71010692
151649194
85806857
92638580
91959873
15896304
16289622
34057913
426070957
28667639
35301479
90284324
19278179
59848482
111986177
209383326
14019992
24535773
41592455
334887459
453379933
29940235
421187117
184498297
5916662
103304695
263257134
12905202
24636191
546878724
67350721
430236037
54576963
15738051
333299368
61270691
19301701
1065631334
331748166
29547995
16621138
26501918
430202547
44672556
11891512
1404501547
15510756
75612668
236242525
124898189
808032660
632157129
69436887
18573674
26940998
9082652
80601437
18258178
51446354
611299674
14106348
104792299
15734380
77897410
7809522
14238762
19502588
113106870
78651626
30317314
19068720
324319014
112588866
17094485
32998543
96917829
40748716
574805281
1397599982
17077260
381651247
785203692
1449232398
115972090
53544402
29746428
1325371915
581998945
1449823094
21397946
28031609
15175819
21138026
19433195
16828265
1174847760
368314360
1422723600
1451095766
5683952
18680539
610086450
1244240899
123931003
14095856
71617159
141189815
37088719
130080368
26453625
20557204
1239950936
1379700499
371772599
23299568
138159605
30153501
19611293
127729131
1356259483
102363028
1361227507
131112017
119347211
118034801
555865638
293852054
120277868
437678228
21152997
17156646
70187733
77048862
122548925
437637182
111089718
22029942
82567766
22779417
25003106
823531458
525737703
61477304
73657657
15136395
22770373
1393173422
284706347
779047765
70791707
626364982
414222147
148187280
18345963
378937565
788379828
70740437
124747041
20789234
362528165
17078380
192703995
143086481
63598847
201760839
285458712
924125612
42985020
373834218
1333346917
1191779618
97931428
187331867
49532208
1340886356
73690963
1305387763
527887464
63878882
850338812
107782842
1388284490
524308600
16648909
338649483
221057287
63452215
15814166
302368622
1388288754
502884446
152705292
312981051
286695528
116012581
1361236344
1367757912
21051643
234323844
964391341
37330426
301349801
18262728
49652260
92642610
72126751
175620819
900346435
958894951
75051377
335778494
473846322
138221532
38067856
127550240
198901129
198935497
183734370
150232297
601123356
193733700
1391664860
156485634
1187009934
240273215
1076353195
103007139
235271455
193700932
1246834778
194211563
991283874
237462680
588978928
600202882
244311883
811522530
1284611761
719357168
943232276
1273481563
143215168
1198576688
749645798
503692949
562407090
354543543
537670698
972582932
586600762
151156781
1326866130
1009255598
326428784
15396289
62805982
546337445
531352011
478285314
22739196
190349396
280397852
932593916
636371321
257656344
1340792516
127136820
552951632
548409125
1336384598
1062023514
1380746065
85144671
62913492
930992095
574388881
235618480
1396130232
41048729
1372538010
42738712
488014046
18622121
24513134
78037670
617708900
1398816296
859216328
1259011730
308155020
45762150
1221283621
1210191488
363092269
1368633732
1257037046
34608345
376302246
1138717916
16668511
301424325
20338242
32620919
898675430
1079814078
110279113
1090304630
737379602
53114807
382913055
56911971
1405146692
848260219
296775134
810738978
1087920847
270812297
515447994
556116437
250638575
41961481
1413317862
86024710
1373665724
1406694169
110686609
1403854423
405460470
563252253
19013647
376823205
35045870
254421842
1336796563
490427252
1409028175
700447130
490621293
1246614978
75641535
68173937
303312642
590941566
421470427
190544965
1352401680
23773214
126903716
1416499668
183989550
22278135
1430280522
831317929
966359850
80351657
348937988
122581782
270993623
1285917961
883419818
976559988
29876242
1217320550
154238850
192796229
95230921
582873792
1446309504
866539351
805520977
903184266
843409856
886906244
1324678729
575672006
1373787440
1388239650
199685622
60018995
765859009
215897347
383959892
232158191
1276619076
353950339
165821487
375862319
365355764
1394512664
37296057
1346138245
400872693
17986014
880052366
1377658477
564754827
200617690
1400710214
29144368
1399051562
845170981
712353692
919572307
1373486395
69574753
70398612
61269661
1408395931
447572202
1269340993
26743316
16438898
16166208
17879004
1333574899
284920802
599951311
88782720
94614362
385253545
984202400
516823285
205063674
479046834
278855754
1400459641
150381151
304189857
41173439
294252815
22701957
802619358
60740289
1419005502
408569760
322267052
307627697
379759273
246362040
1329092300
265634707
21993071
1096928917
42459737
316955846
322038356
346446182
111035773
134303302
19220417
453869532
1298413915
16429144
380774049
227559345
219765121
101003511
178963654
15831483
1437183104
199561048
1248921829
702614563
14111373
41431123
926357071
1219408417
472954320
493380329
19894984
163881817
595126101
277789246
588004553
1247212214
10200532
271223889
1378130371
1081537232
141071919
366077053
254085598
305489250
15814417
17473289
24461721
1045932858
1447268881
93026402
20090845
368458354
1434521900
538659392
23722101
1053717816
1409085444
15701519
462228613
18602971
426063683
140781876
220792697
258404318
935854033
32584728
426069203
1373146416
63244598
55166712
1109484547
177983366
189139005
222074837
513824018
381468666
1067490559
186781244
88882302
765071010
33649426
771075786
245773149
16680673
39277310
170968479
353571576
910255878
178418174
227745880
244072302
537037717
246856547
587693480
46693153
920324426
71034426
571910356
325465461
44646146
296773084
290943041
79082352
21656253
479524195
288118913
891070962
445455787
408480730
106713613
904923854
14738420
618537777
490637859
169071915
159072025
22496078
332840991
635505751
188896604
51207445
561671315
931560564
367403952
902279142
68932089
144584427
365238821
113759261
277008844
251225816
361682738
88201488
16168763
27738231
323216502
173886368
226046980
476989964
807119130
798206689
241327561
360698800
481413470
487302289
62452156
226041750
34447042
160952882
1212585247
110798738
13970472
945217723
441990175
377577775
15202017
246302225
47083769
599028578
15475578
244703358
873298524
15191222
233403466
732946945
314165654
293688609
1087744789
25890393
19986088
312443183
1062868992
480870635
956007463
368843058
625913079
22504741
177544032
432189423
99915800
313839661
78199731
22887268
816725054
293167930
910369076
806851392
330393905
164250795
76016016
220835022
194327642
365618437
27471485
14209219
556056610
282955707
1195612621
1130815646
17425139
845392207
137986093
286258786
549385845
554517063
43721647
861304268
899684288
371902119
41410482
147427462
56358524
523920647
261013359
364623527
396914316
883889660
109560059
131614622
107799957
15366620
561963295
598547749
21089214
161736434
742335751
25538546
784979538
494343461
707105857
809868074
138083535
1053705415
607639570
236432232
23486959
622192607
1145580204
70761457
266381072
587168226
701523488
434282447
434292633
858964134
433516526
434229008
473956604
204920712
434265337
473443215
1061559295
155882289
533058170
432833082
894509954
5934972
468614056
1113736963
540803082
148411699
236540552
149531300
149469679
861823524
1106950236
19938966
84982640
127967328
1114981292
226038689
486169653
336548162
159567071
403489885
604143084
226053833
14616975
348523191
403287836
1164083450
340559842
542918259
156556591
18457487
57977654
15283659
409199111
373285289
1019403156
126141370
759425076
1026577092
954569005
1023810902
1028207521
938645736
360099705
630182554
919121586
461961195
990440521
548562625
969187800
357491339
994476487
1034932266
992902915
1035602838
972492000
159884174
1038671478
900451286
107599621
78099383
1037672040
126600791
771133489
977887117
1032375342
1035993600
778237633
277406508
50096394
390192329
1042588237
375992203
1043674164
899467736
378200591
1045161235
1041031212
444854054
856574665
1040339250
751731530
144256757
246966916
1042522789
1011275900
260587071
132065839
839983014
1048364917
184470467
805900074
17899712
561728954
1049702102
15218698
180733899
1045256652
919187682
561060501
152413894
325048904
97435982
550434441
746559140
1052064163
901568948
212141071
453244292
483409315
211852221
34642915
933791498
15470209
933805416
334755112
453871541
556173459
12181
828616189
231064023
461701169
423059478
240799187
882124777
28493748
404296430
52774665
628349851
18844790
20697857
870546763
152764267
157379461
209319823
275368586
69490214
48071417
883148767
331784035
906344900
774510553
898629133
87946359
435100575
259955796
433212472
118832667
914985121
88796038
19765302
484728094
491652787
42934078
102071469
930048032
144006880
633080732
253489767
16824146
602248344
455884576
232603412
428570320
260665389
489905767
188450555
29488039
447736985
2621461
138559327
914887476
66324812
108639183
406063791
500031491
735844855
38003948
625765593
444133833
836204977
587429576
77012503
364033523
776822798
960421026
507622851
895767170
948911431
277110209
868476397
482836203
80682373
411892248
362052474
919074487
560326556
366895473
69180673
575168331
556811932
461192933
469584240
803656513
159677043
13271022
38890018
538479501
361730834
631619017
266285077
789379266
234314821
840072158
414257037
410778280
63964057
238815943
847581524
475319623
219385114
150055237
500307496
263256160
90799194
755395453
75396921
452717283
626000505
286642007
375269020
83457731
173122580
756928836
395285046
421309515
569186380
828103512
852345468
839830362
92176177
546722437
433588512
44741434
530854435
731722369
36621722
34249311
221022758
833186011
33469845
269033875
20660609
24408609
114798287
832340414
39791158
829301005
47327823
810640046
851602254
564662174
847854259
18627722
138368440
43995588
871258598
329061409
160325695
97747334
474163533
396077169
451679567
14245572
35720628
112069427
480371809
15252137
98699088
17430698
174418695
107194153
524739817
39225721
755310019
359585165
761589481
773253050
764141184
118383902
748655047
776051130
778058221
161776429
579301122
68863913
809141912
806340427
14197836
172404140
77986218
496027603
634573466
479320249
106385666
785042605
840630571
574797676
819074610
843111588
815195827
856952881
63377234
846076129
311568963
801302922
24440532
717026695
199761674
787062164
54422096
263750230
862259414
146561937
516599968
495582902
42395082
8071902
31407357
104792879
44840742
563200835
19289178
256383675
51908250
84699037
81619592
148418872
33585006
545610986
572608042
569005981
17518269
327192621
422216482
361468994
529171924
573569276
280309465
496572121
726314161
233508221
258268495
627246739
619025066
361557129
51099353
284498084
524866605
262600977
195050157
577645587
479335545
305472388
581301286
68934146
473130929
584076398
94024077
570227081
111186001
14248093
78383733
16278934
143225768
362153603
438113719
63641417
384678558
190555198
559335559
97130309
133143713
163015081
42311412
206358757
349715177
397036775
393208845
278379665
431126814
24827928
30205949
65403789
280875098
225338427
189514411
16373550
120040232
94480587
546077811
46831674
81157679
568626992
405791857
323420093
60372759
91454746
233407832
284792744
115761707
312892072
151143842
138888418
225691041
109237155
19574047
360638045
226125058
155423223
377718470
358912617
221764024
201588868
344986345
191447300
161950376
27805007
226880185
191506261
32211120
17010074
194622473
141602712
124340424
318546639
176665793
91407090
162218004
15744924
457580768
31455922
478224362
21317728
187539186
204091736
24471683
280398961
101972485
452750911
94736921
146924173
18623453
38605624
468948669
126686543
36894359
123513942
313117488
68517440
30205483
69888266
20187037
542282760
113704148
407018419
571607735
483021522
569603048
212687768
25031490
478661334
531161677
229542005
15526533
151225430
481134197
537465081
46398762
17572219
56556294
562014716
62227075
99015385
51612526
13175072
489468133
188264495
353150110
113350301
27076855
437349888
470139804
16265869
47590480
18977068
425583936
95528862
18185124
14411485
60734999
92088330
15258479
40175561
362154367
70659614
70652931
46880758
564734727
528766844
565355887
104204460
16903239
14888727
47102743
207804052
9413982
508714498
251830886
247419708
495485996
217144272
427791523
66727982
72616265
468738254
457089149
144943686
916491
153739409
189833027
95713555
203327299
263201653
50246443
78957680
287284948
501471455
250044876
369463059
349712834
426525883
378406387
424298322
426700768
459341317
346438921
547066100
248842008
584436891
330249976
50006818
540262477
329178141
145976711
99628071
96751720
118143766
23306579
68269738
220122160
34433268
352877597
109078829
14398661
431235506
267124185
117557035
50064371
186962736
265986952
99253881
120312961
481502997
146137420
21334234
35772286
117131592
488428409
456118495
369571011
87886951
18660595
265973603
18929636
255335838
15810963
365130939
86124580
136019079
91130502
261562070
134617260
22996719
41152055
130551675
60401779
14216821
575249309
204856867
474169069
18872519
64462445
152055607
84631433
17867513
17527466
83867118
211631457
401450440
164166350
577635274
509566557
49307061
576391498
533869004
572514467
447222649
575208461
299836546
494772605
23097874
506437412
44252854
314114570
573795614
574178719
204614330
371604129
360304674
497484291
487135662
47453024
40657607
502202983
76443317
569110978
341719004
202942738
509597997
377490274
250621937
70772527
334559112
270253575
407229804
554103564
568928658
75098980
278746798
263857777
192808204
18237511
350624714
576448934
344782274
554668908
412619777
555004660
515989276
466175147
295103223
580975870
377565516
281717034
566977413
351316179
16337697
342099978
91830504
561260142
287840254
22883967
88088793
74876028
32800371
73203988
485243061
9144332
354741091
23513872
22422937
483447401
485628540
18635755
21812771
12861132
15913295
46511308
16425451
43987148
32899334
43755592
375076653
9175912
70786565
574832912
425552799
358716074
70579528
352389637
385021705
202002217
44834175
207764507
15203873
16166740
70507230
45786503
549613360
23593226
369995285
577427497
577451919
562319185
204354841
287191424
181878649
480642959
517499749
439145200
542066227
575444572
492902507
171954090
249137443
573948667
570907389
540281717
280080485
334789759
154856360
533255849
333512843
493279539
508758332
567887004
545458622
569662290
361880334
9957632
244759583
384530780
549630488
362039623
225893040
112106428
556160366
544594326
381717887
279852244
33007414
400197767
552854571
565665938
192493694
489984679
15859935
563517257
23584458
562237184
369682404
121644896
396027683
515811673
453869749
89330745
509481081
32865010
34172647
502223908
218760246
394687473
519322004
413102417
15496155
20664200
98965364
122531291
445358951
101151807
458630629
214810556
488216072
495684248
343127140
471728664
502985404
509171436
402397595
528166545
512700204
414801775
543099611
515541241
544838587
56575229
548973786
314659616
106088515
364602789
392835079
499161432
294880340
88951729
67127145
17449571
81090037
23035231
17452669
297243946
57282296
38804737
14380462
375963972
6446772
297738715
17197819
6409922
210831524
20790090
133012175
18867774
