147488163
1131443845
2150807685
4349497882
4356211218
2301437593
2906869757
4221013337
261395089
3010070239
3304969202
21278191
303808116
168668930
1660267568
110616370
1369701486
3289800119
105915404
3537716720
22071935
393433404
782964384
35773039
252531143
195826487
98015030
3099091473
2445296312
424343221
895832586
3537425358
2428093994
2359138705
472209576
47301285
376403374
3449512839
242886366
3145038506
1311030194
260755391
1182311372
249150103
51271759
3285619616
3333092357
3006121581
599440597
1476553556
1530620756
459434813
385843634
210323499
71742734
70622526
305406607
549548040
343618377
561164996
563975954
221314219
258260988
58045354
338947530
1581121116
91759333
2979443432
20972121
369911537
234313519
588495256
372536101
3236145104
288695129
413906000
2904435095
84608685
255040592
35177059
85771124
18578912
1850806376
343495029
370305888
328679480
3016919315
2901975511
79716914
266792536
1072915220
24205551
2804401142
2559722468
114251189
139069696
275115798
192394873
230535746
387006863
23956605
55626273
369441282
1113572778
2784820064
9624742
2412400302
2666408126
1947680846
2174405053
28942832
62491775
457000411
109087375
48906364
305323134
39086606
521259405
355824912
2601941358
39131792
1004621978
16076032
1352747569
230288522
413875411
81656841
1374857082
2654149556
146700278
726942012
2591227220
2577137526
488475799
89436969
863530998
2467524481
1924046360
34424952
97686374
34245982
255867529
63727115
1190977705
2316886040
1638819715
60022398
700689212
159684202
119408561
250603308
21837169
153484332
250718911
36057402
284600487
22413122
92242395
995727266
821045162
594051235
245243568
2360609557
19011697
2285237311
986621300
2217658430
440955252
200678976
861234996
243229920
2357574121
278414593
821872796
2289852535
1250111466
173071350
423656000
250533366
108620818
373822012
1175096724
1340299417
287270464
64821549
595737050
469361134
174329465
1624071703
469350410
66434704
135570926
538003612
578962336
258301872
337006104
915728082
290061912
522451281
203566920
10125002
184740858
589951093
574577501
2230450507
28516580
1430635662
1732930855
1200436856
47326500
559968214
51834297
146109509
36533993
201114120
333028459
134924249
118629205
5120691
742143
581655446
1228614320
863177167
1670212297
1115348904
272019676
175072012
20770862
53017384
1111230031
568900597
65473717
238554682
483930658
47455112
256442158
482120066
230854933
1200829861
586364208
463165249
31683284
14075928
391230272
16104384
42859392
19731643
321562055
341577147
223835284
1660241454
457621150
710862403
1577857735
1605690818
311640506
311558587
254940417
116843112
234810858
74227479
1179948260
151025464
260623590
431522782
494037122
235891694
49069711
1399106244
838338002
261344616
786241032
120385035
189087349
170719452
52360168
549916192
443181346
217698153
775395708
114846623
1173035611
67285841
1167079981
775391100
276656180
550013444
1111398001
860927300
881731466
430438401
431930266
275476876
503181475
262299947
192466449
427381384
977651683
404246792
273456251
160130054
119434647
288935991
457330897
52507501
415911523
34239289
540023701
50255843
121054232
29979814
34382731
78906736
599373782
804536796
381762394
258663831
383849061
252181836
758092075
19967557
348114953
445529246
544564402
446034866
21178085
121180140
408338751
42038084
304654476
421475855
223389852
24079335
419428015
625650258
610061561
528200673
431843321
468814633
285327317
402576062
459168995
455483594
19534250
243608761
28462083
182281806
400309840
117375168
622238381
189688469
281269490
227760686
423631401
238648625
49259278
269638047
19639255
243550968
72322751
372207127
621369894
615314107
268388107
401154248
524193350
350836648
57047295
130424978
17774777
361724748
471051963
251244441
347684582
299743769
164609062
67671874
460585335
609518793
193194851
259124640
593732564
600928460
50548818
601430130
21481343
533345402
16059102
311989458
258715112
138706071
600095964
480604143
64893016
165901642
364351467
77532300
435949277
106710681
87866420
20431034
236730820
320634057
138787319
215887504
238963758
20060060
264731557
283655014
286777050
114160748
331191152
543205320
369933620
216289357
320038597
8300812
54325931
77210211
8328002
341362187
17829726
137188936
222928786
566398310
245496709
27928418
336637701
21088417
24436758
139173351
463803289
39459735
392897255
383785655
44706837
69181624
341949552
184948073
215458889
16547998
476165572
79151761
264171423
535672046
84620593
353719786
554387535
369880785
191025008
121223991
378671215
467134543
470171221
53683990
521960292
424280404
485852089
231556025
436705756
20120818
41917449
172663970
257618775
515615796
194028076
495080824
395813622
433559603
448664237
47894959
395189640
167813666
421285482
361348374
507700271
252231585
339480906
413255407
157303935
478454944
773944
5402612
445988311
499998033
497924233
462469456
494162337
66201770
410679378
181168997
414989009
321231118
134061709
26688378
330892936
81937499
388443015
294800040
23330998
480156676
353640609
285004427
257278894
297124473
444643962
210931702
244442534
367854736
93687642
210867812
69403294
30313925
469513201
156005263
295262229
55654851
339770545
393970728
257986573
210578035
232572994
417719268
319149817
32813320
170822032
60783724
471010707
281959215
428445647
410268257
310492939
429397935
434441187
201712702
46935013
33039483
405838732
458776339
223108774
407890345
324744734
413744416
246281420
426436217
464391396
25865082
25505674
244541525
359457753
221406387
451707143
424415867
269720434
28530475
220821598
403304690
223827057
14809347
264622328
179037022
262733692
278987472
97965248
42176166
14907654
395752136
119360445
424561011
162172633
247756220
324485621
427692286
101434227
310810350
256299077
39993351
351009032
23289836
13451922
160463743
191191191
66943911
380207736
169878067
122638693
333610315
21169354
272269674
18535627
385022541
285610222
24510209
219439571
37599685
297395733
423414444
260674631
245901604
131490649
51354433
335708397
387718879
39263951
388854186
314607932
312297375
297465369
34671907
242873822
255617540
70302344
25333609
44638576
265443940
244966270
410787514
410759908
410789594
410793111
48956231
340662951
283002569
210825771
228748833
58061492
88396493
404071799
175883705
337539777
398593054
84671389
340329096
387558960
235569197
39675791
222080045
48998138
388199362
22349126
86052196
6603812
200090056
10168082
77745816
65141130
211117755
102130744
16742053
18267548
22947474
47814419
21332200
80473367
40200634
80723349
17965523
200808011
265832330
50974893
335247850
191285296
65998317
21856757
258434599
231770709
294902433
56054957
265990770
355805716
156651229
2097571
788524
759251
22692723
253760603
240524205
16799023
108609007
47156708
98622090
359985126
115108507
251826832
368986936
11905302
354726597
40438385
265705091
56726017
321880812
132603726
36016773
50247421
92504750
317009052
215755127
20625218
355563918
296152256
180394936
323714857
359318461
359865107
339247232
313190332
235217080
287163355
363404622
198420730
18267544
48658611
345814667
45835766
111087583
44688088
73323634
357352993
24928825
6330762
128558424
49694861
5242
14940354
348378205
64768631
195271490
15499071
231209714
253146057
67319519
210636112
231401811
133447880
344065245
255689417
52693253
261373551
198251598
344261512
314585133
29016548
148793332
20583993
332973477
14202593
3419141
12364502
23413774
251113293
18213483
144599996
230999399
20799927
257517610
247218703
16138008
213024670
18602244
57934679
297898677
253988342
80589868
334856717
317387543
11316572
251507701
112778517
49312310
15452794
50770015
332684988
227987710
264983613
55611366
56466296
267603096
9880272
303386319
126899739
78300346
60880381
300388491
114444910
26500486
51230869
28838190
91090414
261019320
227961752
302777393
218284122
285504562
173676301
250318074
239863207
28343595
46959678
325415245
247899861
306118544
21112489
80669530
59157393
77685623
148653311
220426702
28403766
51241574
111984637
237364376
87818409
265630682
269430043
249504403
778057
213813313
63494615
236873832
17672825
2467791
321215177
195344687
224252031
5845492
253244964
192674222
20719191
54903
264991283
254286408
22344775
52487389
255946915
148276558
279932523
317206709
12850272
310244381
17243582
52821663
223676574
315695232
75244835
47563665
41814169
300908764
141356384
22261536
90909880
132567722
39615266
194005252
229847137
55317338
284011131
224342916
130238865
14994555
262611171
36036569
88395661
277171176
145151358
263658457
124829343
248563986
39213764
39709269
242220926
119690598
16379264
64961224
40232190
126337195
21227611
80374007
52571679
116025783
245067362
82282572
92546663
46636018
131803623
236583118
207441720
254586145
228365105
162132294
27926930
47303901
256425610
14353202
807095
36339766
18544889
22545453
57989242
38475547
6017542
33584794
24150634
162058162
20098814
57288354
297471234
88391350
178642312
24136198
258089548
181938609
82832448
40057701
14304714
22697810
19976630
151106990
54311364
120140544
38630618
281817016
252226845
48319760
149098141
18569602
254453600
72492343
48734344
250049783
200959888
184725734
218781336
15054135
243573164
16589206
265116943
244984401
21881398
95505181
14293310
130238301
17469492
28350927
73368973
247367228
229782585
266561320
52428588
108268030
185571205
17406860
21114659
26792275
210829635
45860457
40259446
42575689
198073058
277633942
143947621
46744791
281948138
50656618
19576660
44335525
208925790
260110701
20097774
246740933
120704377
