3302350936
3187690275
3436697441
3032080660
3027426612
3410517849
3093525213
3093903004
3084840599
3086745284
3091460176
3091053948
3085799020
3091140753
3092188828
3090951679
3091831191
3091855883
3085668549
3088903947
3092755923
3087414777
3559481475
3587831236
3404704222
3092589753
3092542465
3610076355
3577308495
3082941320
3093829595
3090280866
3091525618
3091965802
3086188663
3087481541
3588026655
3092325021
3537092182
3093113847
3090155927
3363966676
3092569143
3085135246
3416897139
3084262193
3239345441
3550656496
3537602477
3301053247
3297257933
3090623082
3605737576
3090444795
3253070957
3245761767
3244171677
3087124456
3082929244
3416791883
3086908684
3352551149
3522083595
3436753917
3082620019
3483550937
3236839485
3085677275
3583140378
3088761280
3371312206
3093753699
3297996826
3097716444
3303861363
3355127009
3302165405
3309589791
3438389931
3304395119
3436280853
3309994755
3236472713
3306050954
3308902655
3230208010
3236551348
3100082664
3097418657
3102468736
3046970409
3228572265
3439129978
3438606760
3436763109
3459544403
3433874320
3433217278
3433491045
3428274629
3432202881
3432767967
3097940650
3423447334
3422671545
3422095707
3100286409
3239276733
3308581642
3239036752
3231833078
3101408976
3101707740
3429322289
3102254000
3306390980
3097435318
3115765382
3192003657
3189481196
3119932272
3170407576
3306235581
3301984089
3245798309
3301834618
3246974576
3250373400
3429139480
3433069978
3431883443
3420821020
3178203134
3420796743
3308631821
3300688678
3302036045
3304155527
3302307621
3299711351
3090497637
3249354502
3246044750
3245768403
3240324903
3099868541
3233963910
3376536519
3228160969
3096022977
3242510428
3239570608
3529553654
3372767860
3097618541
3234371029
3104247485
3104034738
3100037453
3096780403
3100147143
3234640228
3053982407
3236457505
3240679948
3438624531
3434561529
3434401333
3421391423
3425111793
3165641015
3299911492
3249130810
3089154996
3091351911
3253004860
3251158979
3304175403
3306028558
3100569631
3231697202
3235009253
3304800605
3307575995
3170044864
3181714887
3111348160
3305241471
3238173087
3106584658
3106169536
3232940264
3192063623
3103333301
3094535822
3306546064
3309590405
3183329206
3185363575
3166164830
3305837955
3108796535
3117875474
3310711895
3305676173
3191053749
3182504695
3115861469
3171863837
3179505678
3183103078
3169255351
3119868110
3181476694
3191975515
3111992612
3246520853
3351995507
3100022002
3428253219
3251953281
3425026671
3425103887
3247733427
3161353612
3241274913
3245798668
3242775011
3242538050
3243106710
3160175496
3120518357
3146069270
3163173767
3245623791
3250201637
3244157703
3081985643
3248172109
3246501357
3244340787
3299637958
3298337840
3297496066
3242643620
3159802035
3152527161
3297827207
3241369703
3162836166
3242244935
3156235015
3166035832
3303146914
3375537221
3302229568
3301867606
3298874581
3301029022
3300575292
3299808287
3299252867
3298645562
3302969680
3302919893
3428862683
3302932380
3304083669
3303699483
3303172222
3302991022
3309391996
3311586444
3303180267
3183802559
3352325596
3312175587
3119359521
3119449901
3119258841
3082291465
3247138609
3298580094
3109354948
3115250440
3310744252
3311770054
3307694579
3112057084
3108849183
3114862781
3180133987
3188899036
3190021430
3190131175
3169009998
3180137539
3170476153
3187825553
3166234492
3411539716
3167643699
3424734340
3111399202
3107962405
3112209550
3457017857
3434268185
3472610007
3434597962
3480552917
3369819507
3242014119
3249333719
3244311827
3190140218
3191440432
3190114872
3181227196
3187176724
3176742718
3190988615
3166526867
3118893123
3111797276
3110828223
3413853076
3068911031
3109276383
3107586502
3303142822
3299695335
3300916648
3163092932
3120956062
3146532216
3310793889
3179491654
3080423287
3080467944
3148911355
3241031253
3160060601
3298519977
3112836652
3111378333
3108137381
3184750519
3189013202
3238724265
3111617973
3174583210
3180993325
3115915839
3096425316
3095218451
3297363952
3304138229
3179079703
3111022121
3106693060
3181850764
3147367941
3151489527
3118445590
3107970920
3116485721
3108006437
3308953036
3306202059
3307549943
3182763991
3297609779
3305569149
3069148168
3107918087
3065671220
3068176197
3305397737
3305251311
3304865273
3105861760
3233293237
3231811459
3235696210
3238640788
3237042441
3100841345
3097524280
3297061498
3252810299
3241020388
3164805872
3243376714
3249618059
3246812261
3241890233
3152605924
3147866022
3165362915
3298484121
3246835732
3251438793
3149927446
3152225777
3149684284
3165284703
3154279050
3149676398
3073543661
3079041051
3095931057
3104755588
3252955331
3239890818
3161408290
3241580289
3247118057
3160987544
3154874956
3164901743
3101583240
3044805862
3052332765
3047888093
3045296650
3076918062
3073668832
3145925135
3105761700
3071295497
3070232578
3072881033
3073226813
3233926362
3228624391
3064310284
3161953317
3113453193
3233862679
3239612055
3104250168
3241577318
3069240459
3068723542
3068308235
3232189667
3074950901
3078842856
3071509973
3147884247
3149497352
3152611402
3159649250
3100704639
3096759070
3058404939
3147154517
3229730567
3065357659
3111585400
3150539371
3108783369
3229864188
3063769169
3067500313
3069051059
3064991073
3068205723
3102165460
3191182924
3166307639
3094310335
3236426062
3240615147
3234742737
3079554522
3071736751
3070742885
3096819104
3097221079
3095824468
3073197963
3077851317
3074990446
3074164769
3064396197
3066119170
3065496638
3062990388
3150510794
3146639352
3062311157
3063735905
3061939177
3228285815
3074757346
3080432596
3231162531
3240870887
3231126684
3239692972
3234418822
3071507261
3069817325
3073820974
3065348142
3064305472
3068611024
3063490936
3071474907
3075051953
3070221135
3078651004
3031409901
3025265514
3040419951
3072881854
3072726863
3073940101
3071186440
3070148913
3062285086
3064889757
3064446784
3065219210
3062055862
3072228516
3081547755
3073883572
3070800971
3043457806
3107899154
3068843804
3118838460
3099963947
3053375898
3118537148
3189717120
3188838146
3168000991
3040925405
3064620622
3110148885
3064812772
3069469151
3108717984
3145583936
3166106830
3154909994
3152624230
3066065530
3065893945
3064002082
3064039835
3067163414
3063900920
3097340219
3031555944
3115788284
3116045055
3115962592
3115184728
3082144379
3094755004
3050066578
3058556886
3057029644
3047960561
3053839807
3037479831
3043504684
3042274223
3062134373
3060652002
3063022586
3071267469
3070862266
3071383157
3045067499
3056751460
3069996676
3041552496
3043766299
3044128729
3042445753
3049185473
3044553394
3042804399
3057306892
3053491024
3043994758
3059724540
3051000910
3032671341
3027111381
3031709019
3059368371
3076539669
3051165704
3053855522
3051560719
3050056018
3052812564
3045141565
3044785181
3030913961
3032810297
3033474082
3031146123
3030637144
3031849569
3025727667
3039929962
3039551887
3039123071
3037302214
3038260607
3038612177
3036684469
3073877109
3056104986
3056438121
3070383479
3072442558
3044600681
3031087809
3073869988
3073621491
3043636731
3030304349
3030796450
3040919486
3035422703
3045429562
3070116189
3060432580
3060206450
3060226677
3036842435
3033691576
3045300051
3039243689
3035945398
3048327002
3046890709
3049808144
3035366968
3059288188
3044594037
3050986054
3049915513
3056852879
3048570189
3044150489
3046738411
3044912818
3047697078
3032341579
3032194605
3043620928
3039153531
3031433104
3044913315
3030293635
3035726086
3038170689
3038141482
3029379365
3030104349
3030531952
3025590995
3033844059
3033526762
3035242495
3033530039
3023123718
3022579282
3041298784
3041905505
3041117789
3033551377
3038118005
3039729695
3035542390
3041287258
3033051610
3030706280
3031804441
3032064237
3033360176
3029415159
3027150401
3022481921
3037132372
3030655400
3031632479
3029938463
3027437067
3027501082
3027556472
3025622667
3024180562
3027722819
3027559254
3025257177
3024996012
3024267310
3024929502
3023951680
3022252021
3022175859
3023680292
3021719745
3022156863
3020031028
3020726494
3020541975
3020912494
3021740859
3021090819
3020637033
3021976217
3027065400
3026725366
3026621104
3026959065
3027086693
3025948636
3025871343
3026445751
3026426691
3020269709
3022015420
3020219381
3019114077
3019350778
3020164447
3021174758
3021259403
3024399585
3020608391
3019932423
3023447537
3022548503
3019180559
3024289644
3020420181
3018019540
3018752318
3016092901
3017390529
3016011357
2982059638
1600049634
607152958
2981164019
2977037175
3013050303
2990755420
2978281349
2923448712
2901698573
2894755804
2920276319
2363158090
35246586
2812620414
2881785430
2477474701
2479229407
2794617307
2774631375
2762424959
2532689767
1640578933
2306937432
1251614959
1270659943
3033635585
41282290
612608397
841771446
2596368098
2640554589
1898451433
1713028274
2646365804
407777206
2225536942
2662631313
2960803215
2678201875
259389632
554222028
96074096
3027747284
248900815
260740998
2938863207
1710210972
413052661
405698470
404526751
854546720
883079922
398252373
102919870
99202091
24593312
34026049
476415850
96838875
59256588
32600089
508853252
1487989184
747871274
499073978
2161923345
1056337681
987334730
28440230
2208269405
196739689
50735431
193889978
1011299353
151100794
49752772
517678942
47285170
29146905
628818151
492455371
609495003
1512322687
1512340770
175299730
1455405890
2164067771
1071999326
1450310660
172327119
1021072194
773935519
1052641249
1568851314
1915084177
53131576
26996018
740568326
26896566
29307488
28499389
52297306
57628464
148692121
27146767
18683066
20324912
19735514
19010563
17702187
20187873
29221533
17966191
19550849
529343794
26610514
245615867
240755238
58770733
64387796
34848782
25960025
41593822
380889971
113264633
145363256
3394368621
63113028
227164245
22643035
396912305
26266751
373535708
22179809
240671870
314287177
3281853554
2887102299
2357484469
2326545996
2336032459
608515033
739789092
22114001
347326720
19317704
451511870
158444020
866208528
1402002643
827581638
1653143965
857270918
802335828
496040314
486555791
870424496
784853922
486791775
810735854
318727485
531243722
304971166
318430989
300293985
306868255
1732749031
55366576
373570796
748548145
14979542
758224368
757515613
358294582
361715860
109579534
94391843
1251854918
2200695019
1862518945
627608578
1252892450
349438785
570271113
39811240
34628397
40075435
1243637738
1225136641
599333120
1048949977
601961089
394499102
417163600
291181875
272694985
270449368
275700782
268386649
228192564
221256948
17511590
141755766
180034385
135607702
171356791
29733744
146291689
28161851
155697810
91012983
24426815
91272471
23759944
24385890
140249877
66039551
86879754
21782597
69005853
56476088
22674471
91368152
23068878
19374521
66000422
186207562
30567906
33379911
19685405
19367849
21431335
164395151
3686403388
15785364
17301179
2969802701
52268950
45657799
1887953360
186041941
16430039
81855182
283310452
257200175
390235871
2553124172
2248181911
778146438
925863176
2317644324
2706994265
2668401034
879211644
875310331
851561034
2402536400
1862854250
2202948090
2226208554
2485047556
3181896260
790783578
794303144
2394574796
1866339817
3026570035
1155067416
634074430
1119996294
600233642
733510825
115154504
410270973
394382323
270137543
100079517
105706242
260994808
272417227
101030242
270661218
16244529
15747743
263786478
118234549
39729024
40813056
103441835
385256351
263341046
97383592
110904486
16930125
109480028
95740429
106658261
17420951
104199167
39322476
15917510
13884162
90904573
104337086
17229595
16505200
89344059
14572453
85410487
14164503
14518191
14463104
13339272
9095992
1187823103
2336027258
19816762
255229658
2835488674
33695539
27418978
475095533
30199840
222479434
503846528
2363179688
2384139391
2839218750
133082115
1239190110
503546526
563867081
3620704876
2610778884
36459955
2359695631
1615265774
147920808
558930671
134141151
2872288664
556277062
3407978518
1228943948
32205799
18347559
19257498
1735241
245486713
456068377
506823909
539463978
577135179
30707033
1657874684
146252091
17931480
539522822
245608008
19417241
423935216
1538746087
231551963
532529858
534334391
144703605
2692981662
1638158419
1676688919
18640456
1239790440
1099113001
25770803
1025550516
1210105446
363820982
546882223
59109059
443088136
344256174
343107269
285400839
280798030
221020712
190063358
206588061
184781328
21215059
211521917
289939285
286683682
21392684
278151803
162021317
463990000
194752756
284580418
169476446
310610922
21111715
71109603
62086811
51802732
1559111665
305286380
177621176
364593177
490000377
469688449
55697920
3081614223
2280847314
55505726
57269507
2275445509
186160972
53212820
488783243
26377400
52379140
155999829
167046556
19944276
20414217
2957589178
277303354
363211222
2923895909
1554420794
325634708
193192595
71558648
178728711
767872212
305670727
827228438
1514458675
22596724
3003682862
24222538
71060969
26243691
25107308
3305308480
800335105
2287374390
21349377
26536968
26826801
605236929
999499494
23881647
305302331
986887093
602203780
182104983
196900797
2985811018
987125076
56079959
986818496
987051792
293768205
61028779
575875506
986766367
52219803
987009985
1325558774
983099834
1065008606
431047401
1478060336
570396615
815820794
576416808
561602515
546987869
731237725
424334708
829730647
181519772
352146662
383391880
22449205
35818304
101817898
384373620
197547872
142137006
197031814
196178857
317795084
312380088
65061164
192968760
146050016
124177902
116255287
47130425
44262510
48024310
43188083
239404991
313546642
53180346
73959379
218609648
76195136
74288394
218678999
525669507
623419265
460602962
491256560
348781514
342929486
346721070
338536200
282198877
246633590
240386845
226686445
229524999
221582528
113172090
229199500
24166854
24533976
27144549
3276066528
2547496493
2946287841
2547459976
328629322
758080400
357632592
25281183
216691466
2173454212
281585554
57450272
368350453
21080122
100317294
84119348
205251709
69011458
1305905030
21652851
332965529
113838699
217150768
102479437
392343532
383268187
115384943
140710131
183646089
105588068
20621109
394707399
110840911
56776298
926873648
33527787
1137203814
279642462
184793043
29254210
216183874
244159902
1026472327
52175933
237172027
210569633
407328264
35619811
23695353
239021198
15737049
88265548
1337580438
103106691
31230607
125097247
81619592
571335050
259423296
336212309
299062149
74563393
93117053
233558469
1908296412
106337838
36177219
23693810
193941462
95060259
339439269
54575021
737597245
539520611
182016665
115751765
86121332
775736204
65438281
390075232
789414192
832017488
98274938
921759169
90713970
90191993
92415200
188169236
130401932
174360785
1007263104
112830037
33066917
25959064
165805229
16814727
16150075
50535581
52835205
467696913
85144671
28428838
44868806
16275936
134273520
941946686
37680973
876889116
137144052
35045870
1206284564
1516472215
16604244
763397490
591744952
455463266
515993273
489373330
14440352
15058127
6545672
586016850
351878155
69689749
3116447373
3342896974
3127672203
3401316742
3229367013
3176966644
3384744623
3345666970
2967334323
3327021615
3334369960
3240282589
2840666422
2998780994
3002261504
2961174754
3202048763
3314293587
2649094915
3249363569
2830933330
3214771619
3404381765
2796487748
2961376677
3222544783
2788376201
2813487991
2646749402
2792414117
3074369187
3130265475
3089397069
3132094149
3129516815
3059557455
3010643366
3234567439
2838753381
2849297556
2970055709
3405001780
3065070227
2687926321
2576760061
2973942964
2976196179
2660611728
2651817538
66236776
836652726
2751683482
579545299
1558284187
3044870721
2923319062
2932237605
3028127452
2755749351
2924267723
2873292329
2736822825
2440646904
2756574049
2750741199
2502332382
2756206492
2462379314
2756754850
2510883602
2293010465
2458176704
2352294799
2494337414
2904021687
2902659299
3037775801
2914891481
2559653473
3048097591
2466966151
2462077292
2469393056
2310849130
2323116129
2933869838
3034798940
2474898372
2934315989
2773528069
2480147488
2233503938
2227178300
2303373998
2227596830
2253905490
2401797980
2367070722
2414695680
2415084884
2411091830
2382400076
2273481925
2260879514
2214828041
2190834942
2203841634
2192446800
2150212018
2155397910
2173522054
1961344308
1938793117
1861858920
1928319534
1928712426
1853974231
1849208658
1737648098
1707927938
1716311124
1761378805
1670878968
1650613280
1626744914
1630730922
1629385897
1625666101
1620821917
1374883842
1347353947
1352853704
1253120521
957609198
937494734
932677838
568386092
582057681
494160111
479956195
25555307
2192579851
1397049102
323403532
512411844
703540724
543469356
553603036
554548236
548998430
552335115
539904575
541788677
540743569
516807466
398217267
384453396
373669581
376881886
377488337
376519611
365746184
322674386
307878132
321745420
317372519
300233337
304461275
358778835
165747138
160391412
157077595
152632486
116585455
113188695
111044518
105937660
130718634
121140124
199466073
124243821
122487594
49481301
48848345
48437768
48404226
46534201
45627952
45138976
44316507
28785759
259340508
244121088
2796494006
2873558825
55455711
38581604
55327569
54870958
54652990
41411289
42206281
40901097
40664768
19428983
19263120
19119412
16783084
19022006
18770311
16376937
1388465042
428752746
85975321
329490472
30318069
611037803
23603559
133065306
2686606465
272953871
21018832
22875840
29639814
29364004
29560344
23799575
23932618
28604064
23724113
22861034
22997456
21952190
22042698
21206208
16246655
15976849
15480751
15530575
15066958
14522034
14293381
14066193
337760213
1287448933
190219153
156045117
148800323
117189312
16215232
14083483
3054635871
3044138506
2923231385
2502331373
935286600
996150740
922062834
911680368
876821365
843782868
770409781
553287062
371488953
885789642
17981444
17029421
14377740
419127924
18065788
17945179
12397052
10513262
3330452776
3298425739
2471451758
917576449
583886903
485748425
717581359
103275725
103101660
271208105
1918264273
77013609
94202573
91471005
44529415
30879435
26366647
1902301267
1406326837
1223360762
1112164694
288556724
412829143
412823660
284378889
283510756
280708899
130505361
932532907
24657017
24538817
201087570
21939833
26689299
204088529
262680878
258532185
376309397
192059182
192237635
350529156
220133449
216107121
21700811
20696774
17962179
38032557
36966922
35464226
2970631102
2348691877
517386609
451399028
3084962212
473792583
58828372
507868404
241412561
195997223
396925859
428065706
604118358
3060159003
2306900898
2331214782
2891437252
2358417080
2214683066
2230248474
2244076185
2241127644
2230206535
1084518312
1177488637
1971877316
1254722964
995925422
1010250780
994319221
843823423
903075787
831310242
843906440
864285475
963384182
876106506
919476990
910253126
849250602
842868450
787380805
732962280
745972604
700224035
606743442
714824459
542872635
554740540
574488190
627388907
628717005
632163472
546253898
609350504
534856600
523306731
523564347
296227976
255958788
299335614
282724839
262933789
258599408
223948675
232879086
241286847
213282469
211878711
2875710112
2798693927
2851543618
2722058529
2652143603
2612210384
2697940897
2611033117
2598472734
2531414816
2548776386
2451649332
2455599620
2437607342
2401900514
2398241041
1923631813
2371383481
2369495196
1859150094
1681877270
1667870095
1648239727
1621209960
1417018243
1426424846
1374991165
1494091171
1382929494
1421363162
1395036127
1462044164
1330551360
1289049668
1352996484
1342006254
1309277137
1331696348
1289539801
484179651
512405477
459249665
474543166
499171234
497373094
501385140
506614312
471556372
521011319
462140667
419679731
433587509
366630486
363497817
371545562
328208329
321796822
319104404
370696037
301285346
301475831
172464202
162527357
194422089
183567737
143218637
164386441
142067631
157088030
154880041
135538225
185621701
127543023
134780056
127807272
126339566
105677153
116445485
101837409
115754134
118687044
118753553
109673936
97242906
91114344
92308817
88187413
83155091
82410974
81297559
78460302
73241964
70435578
63543676
62843100
36075963
35557409
36953416
32466656
32218670
25821659
24679525
24404639
23806067
21842061
3246300684
18811700
22860615
3084593360
3065906686
3081691701
3081443263
3070355394
3065954194
3058660419
3060169194
3059455701
2893989313
2743115117
41219459
2874339182
2887922391
2871890792
52046785
3240124809
38459390
38932637
44175845
42859251
3240531436
38690468
3232057372
3225455571
3207625588
3157138583
3184858511
3165990064
3163997897
3154600841
3091798553
3091468090
3090036658
3053207992
3006753825
2996529367
2987983384
2990063151
2985003214
3000455869
3000541360
2975017402
2971062676
2967816173
2962194615
2964938465
2960886514
2962826793
2963070634
2965022873
2979059463
2896693414
2895596627
2958577389
2899126725
2896486809
2894106721
2889374523
2893933454
2882204537
2887145758
2883518213
2879922631
2882496431
2880025102
2884259614
2875730962
2878665755
2872108490
2871218033
2872354855
2800544225
2799316402
2863339738
2870894350
2865935009
2798893430
2788600818
2786121943
2784297473
2784827671
2180280444
1092735854
2198278311
2530227050
3351420881
3304653059
2938809057
38761598
2824160307
46712221
46186262
47156555
18470715
45619589
16671869
15890466
15841925
15329257
14691845
14594909
6504862
3343882517
3344735422
3328610735
3314178244
3305858404
3318312785
3291704069
3306176224
3151364753
3145172147
3131479786
3128553394
3139895418
3110190645
3101911066
3101347068
3096924557
3095262747
3095308313
3045152114
3044916424
3041587487
3033868618
3044771416
3033061361
3034845171
3035422238
3032849560
3028576486
3028286566
3027890937
3015384136
3017749826
3015971294
3017785123
3013068024
3015809069
2951844669
2953654493
2944996509
2936161720
2933674611
2927999496
2936095643
2905161831
2850060711
2845659515
2846029348
2836271674
2839918642
2834967328
2833304677
2834839089
2834221130
2840077937
2834645637
2823139342
2822514808
2820694774
2816554860
2817356828
2804800050
2804011198
2783226497
2752335347
2752439095
2745989688
2778989371
2773853481
2746640912
2744902664
2746637598
2740849548
2723718839
2731234605
2719520133
2715222952
2716651749
2708697577
2708695278
2705436509
2689981326
2687870377
2558598728
2559875845
2559565376
2557376700
2545978198
2544969480
2547050562
2542131127
2537811657
2534111553
2530595526
2546139779
2528381498
2527990782
2523399869
2488384171
2486034890
2483822899
2482261356
2505432930
2478803059
2472249611
2398418947
2396758140
2396740370
2384985540
2382853022
2376291070
2380998476
2371498347
2370686760
2369303639
2366899088
2453592474
273008599
2422729518
1321000561
2322663924
2414015194
1237183056
2167570176
2760256978
2765973543
2761240857
2669043637
2648354553
2648347002
2647440421
2647309703
2611692730
2643520821
2620260855
2606564608
2602580986
2469870571
2572868952
2468969641
2467863229
2578240705
2569866715
2574096739
2460819233
2465789762
2458405387
2436210388
2437662536
2439007519
2433209262
2422779842
2414709972
2412927751
2411390682
2411312780
2408954070
2405249142
2404888399
2403205821
2361802970
2356044794
2350050601
2342612239
2345212348
2346722036
2336908304
2333059996
2317771694
2319585980
2321003678
2327428748
2322913063
2291767694
2298146188
2308745400
2305321796
2289932838
2289752774
2288709290
2286240350
2287291376
2285144605
2275120950
2272021351
2271982933
2254170745
2251037658
2246398338
2245695961
2243247552
2229264647
2230180819
2225949937
2225267074
2221588698
2211680766
2196786391
2180987937
2182243251
2187363383
2183317244
2183102273
2174972264
2178223622
1960789190
2157412608
2150436142
1965277975
1962688105
1974278576
1960182241
1963850396
1952400654
1951268119
1945470061
1944202495
1946020554
264417723
622428361
462487861
438261170
398954628
1925442554
42978136
1923882618
1288638840
482601418
1719422341
1934978239
1941167149
1931223692
1913391391
1910729354
1900807574
1729840860
1727035350
1709836099
1710507740
1697109672
1697575326
1693561838
1699060272
1700842506
1695504572
1694939840
1644728832
1636223143
1634322674
1643707147
1659179780
1673800616
1673505776
1418917730
1413980300
1589247888
1583859373
1416476461
1428109722
1418331625
1392678121
1392614455
1377668426
1359040722
1348679335
1339856419
1338664963
1338017647
1335140539
1307986100
1295743657
1292721726
1286912202
1283105642
1282121892
409618343
26374464
1580699149
446411952
859580102
467824767
1118560621
1873582524
1880597844
1881230790
1873560170
1869432242
1852121628
1569370730
1565006258
1560779984
1535566453
1550860166
1537335396
1536893106
1534099256
1518736316
1525342994
1512817585
1498655581
1482980276
1487473182
1495273602
1473176058
1463705478
1463446104
1457256890
1470858842
1446318972
1433431026
1273841108
1268770032
1250714004
1247015238
1263556736
1240623968
1263117522
1255589966
1192961730
1182049442
1182948254
1175448654
1187466656
1173087001
1156523738
1155580170
1140005713
1132885538
1141981783
1139271966
1133673517
1131814934
1128228859
1112801011
1092934268
1096038673
1094259860
1089759722
1089777648
1081315590
1081233643
1080915206
1072828093
1062904656
1050874638
1055033828
1046078977
1036338194
1043030330
1038319285
1034046494
915831762
913227120
903377622
903015373
900749456
888298508
887849306
887239032
883376112
878739300
875310614
874139922
868785175
862712629
858537188
856208503
855873470
844375712
842546264
841679767
838227162
836375485
834663734
831826351
828078512
827498053
636464492
625693060
616653330
614105868
632930317
612282309
624942741
605728721
606008957
609228301
602243236
214674861
452178801
456214135
387927006
393163956
470412534
1030968444
566826468
720567793
708091617
710985644
602028491
596251656
591396449
580544760
580353992
573282807
565621039
562801576
562262661
566897355
554335063
556475100
550581757
548392553
548979564
480618786
482101703
479554997
478210691
478946453
474747310
475021002
474291669
472684200
400682400
400355549
395171229
396861003
396303152
392696986
391894876
468142613
460774476
462131723
456256555
391527155
384043916
383390848
382695951
382449806
379235137
374248734
287526299
423457669
423748279
263324042
141424919
225646159
85594746
422417922
259894921
492812283
489872045
444994317
445635730
436795156
440286912
422626804
413423079
412960420
406716949
373018802
368600589
365695700
364510052
364331782
355198190
353071272
350433991
341770374
339433886
340669385
339429963
335604956
344314454
337461772
330509973
322059467
316791692
313926279
314273475
286905019
285755672
315241221
273535959
282060432
275209867
267930380
270035280
266334409
258507620
263346024
261183496
218995164
221476589
211897656
214026102
142484927
45274669
167622067
48633672
45499307
107780423
289603972
96700528
172339822
40815380
167226538
303466309
140206959
146539164
78573403
172377990
193746187
312387612
308805627
300978126
305894244
304037093
305287590
296275449
297180938
305491753
293192173
255581122
290477431
251296187
251306211
249959357
247303162
247449007
242334390
240959032
240735583
239989465
239649729
239558159
237875002
236616395
235366030
234047428
233018945
209307745
208712711
203792447
203721715
203693564
203344561
201414125
199317006
197444071
196313085
195011492
194111491
193483917
190156124
187893930
187738730
187687237
187711235
185376380
184519099
184103357
179309960
179457782
177202309
169700940
167176831
164642244
163221931
161426906
160152464
158814786
158562722
156343358
155293075
152217621
149284453
145393538
144961560
143252628
142342983
136068230
136775863
135288611
135136196
133022865
132056525
130744015
129523610
128898017
101906177
101486389
99666636
99338201
98227024
97361607
97532492
95877302
95348249
95307879
95260572
93933413
41525303
6486162
25674215
58339101
40409398
74334842
104178067
41475591
45442076
120332080
117489314
48484930
48513754
28149316
48462274
27706408
27550896
44130430
46495936
127865432
126657592
124032068
118095932
117754813
117223663
116789319
116474549
115504023
114053101
113390867
113243041
112472200
111453405
109426242
107433494
106554307
106291715
106117229
105713109
104981072
105000537
91927120
91573783
85113535
83686427
82634790
83057534
80724587
80464143
79522621
39886358
77889656
76425302
76354778
75836701
75465511
74931839
71598213
71424550
71098775
70558854
68360592
67889814
67796083
65116287
48754610
48556215
47801180
46510345
46127184
45684670
45058266
43671673
42684963
42633898
41119324
42135344
42091611
41605121
40572886
39644304
39166602
39156852
38670218
37924671
36997654
36877205
28838973
28727467
28605207
28013938
27890251
27623986
26912315
26642824
356108180
233275635
62698318
17231377
63964606
22141896
14548980
64739497
89514607
88678617
89069647
88278989
64007032
90661065
86101962
64241786
56827027
63250058
61193654
63145004
60853515
57512356
59142625
61202866
54754316
55121922
54443979
54809214
54769979
54583615
54271261
53963585
54336507
31657985
53213622
51198594
50402606
52275486
53526809
50065597
52863106
52387255
52405652
36263939
49186986
35320431
34047021
33098495
34440413
34639088
32143659
31198574
30680149
29486197
31267415
31220407
31185209
30246085
26142382
25927915
25841762
26286834
25807195
23574166
23497263
23936341
25567298
24352871
25635248
25736746
23376058
23270633
23280370
23276986
22708540
22636434
22694372
22822311
22341769
22139481
21715939
21836409
22005338
21496243
21801605
21664559
12927242
14727152
21030574
20481058
20374313
20686436
14466079
14560316
21107045
10176972
14274428
7288532
2444330750
1628119406
1730760630
1404827594
1204799772
1241547530
989054970
1016121546
947828438
952375110
715105644
874261219
766576748
738938922
906759788
541926999
869906444
957562592
284665371
261364380
281473992
253842262
284326028
264232695
217196446
231539124
213867505
213382764
18812103
25408723
24671977
25289235
24964138
24715566
19579973
19446579
19485876
19168904
18921376
18687846
18679232
18608816
18058748
17942790
17749926
17108649
17010913
16649602
16629256
15751632
15739581
15371518
15256049
539030684
524444477
15996468
492775053
492288272
479559445
462250111
437672976
435826729
425935392
397474482
385213482
364464686
310350831
181974501
176489725
297298815
304533880
321738153
339187720
169951839
307043322
186657017
313383163
148129547
153138820
152420055
149170192
139889881
137398146
121583307
126717585
116958786
97517570
126658960
113444371
96994695
113460008
106540264
91161784
92147101
96147515
73184071
72688196
76195879
82121789
72741575
81390200
78710382
70530388
65906100
82504196
76414289
85344207
85841037
84618617
59160080
57990419
43155385
46164502
49943336
54646787
40637495
33995261
34753443
38533996
41847839
33941407
23461209
28536516
33291673
25520170
28857533
27007533
28179751
33902143
33054126
22397438
19503553
18359355
12927092
517773577
992546090
19827807
40398481
18467593
393108100
349700415
36219859
27645990
26744671
15961385
15447896
16450474
145054646
110299154
21898794
18654244
23685571
22633383
487882201
952108909
976546022
14295257
25070649
24394981
25001942
23948838
24295932
24905968
23826695
24683131
24778584
23755308
22378809
23743657
22390979
21826090
22381154
22010637
21786084
21325643
21052358
20933408
20566167
20859666
20568721
20566132
20650758
20560450
20327825
20331975
20267084
20211783
19839665
20423076
19970901
19432675
19686256
19399088
19116326
19087566
18739821
19108731
19044639
18792055
18815304
18721748
18644296
18428026
18301791
17572750
17836354
17323497
17280154
17167052
17181384
17286838
14952101
15076444
14803162
14570187
14587967
14540279
14554853
14538180
14459357
14174724
14106051
10628212
9882192
708293
166413821
1180331
15602439
17051385
16723043
16677720
16670816
16655727
16103803
15879021
15570810
15403777
15302445
15291293
9082652
8059552
7412392
1336787947
1262356747
381902300
272442200
243285556
260340277
227572658
249472025
103428600
110714128
97486299
121749973
154901526
65136755
62554155
49707592
23941662
236428190
1066659704
399180000
458632478
18291738
1113065702
206299828
7610582
519949544
303963630
63880844
2291747311
1485317046
1535342192
1345008036
1330484678
1432139203
1106833662
1122943597
1005076976
911749322
563098021
547307934
544481083
876549847
891858181
858078902
845607414
786012841
621894487
622421371
481741010
486322827
488427368
476442077
432029484
372892405
377573584
402202949
383649032
381327996
328243509
320043612
307658032
294935908
281015971
257639360
255611176
252197143
239592649
238833122
323259915
153202603
232290210
231581693
211735599
211807652
202850133
142816543
109946480
87553566
85576426
58349052
59839659
53088526
45934330
46484460
43334907
44261031
21969004
42533463
38195223
39977428
36671076
33190720
34952730
29975924
28902411
28778026
27883063
28374610
25443778
25196032
24975520
24224909
25762299
17061064
136373598
22161240
21064023
21268743
20785668
20595952
20523974
19601847
20000024
19674618
19302397
20059339
19546221
19306084
19079687
18216317
17874600
17545175
16931862
17142705
17452746
16564111
16808675
16226946
16314479
15740177
15813507
16287869
847941390
833944814
589407884
568404639
561621994
546814273
502424080
479137140
14365888
14716875
14606606
14271089
11302512
2299488178
2173128415
1680400800
1216989356
1434664316
1256018466
1195086324
414159568
1003080439
435144628
952716854
371736920
376873459
419240100
345364296
281574568
282627136
229529009
224322551
212385950
192967519
187219409
161277467
154173174
136285719
111239539
158058107
145070255
154174515
162763075
102417125
54352269
56105945
85196952
91706081
50502137
51254485
44955963
28570238
28432082
44368510
27924043
28208198
25148007
18540084
24888573
21961218
19921818
15404429
13251572
14387415
41619175
89462723
36146729
18817538
16473060
16111860
38737328
31428792
27052736
18082119
26090328
