4103137763
19268706
330512816
1633688281
262856460
1150984052
123639712
2250579284
200713011
3635256321
809424044
634734888
15893354
355866075
338084918
2902546372
17341872
110213431
3404787706
3226238609
154985728
2613691501
1375859156
1167445896
27580565
3996065841
3384862589
49341690
15936982
3107757899
474464413
14528221
2439177534
792038436
204669544
26159450
47356178
14173930
15950086
95975081
12263542
21704138
334190581
20268045
20558805
15441965
581810939
260523318
380783806
15816595
2724105788
2359157832
3264081
65210964
18519710
193818082
17874171
15863055
255844734
482370958
182471278
160463859
529586160
523824937
70858332
18055351
15276573
1629068594
315498416
65119912
124011390
101729160
45062730
91033239
18198400
308658903
15910453
61796611
19166519
15922214
21786618
232732059
17475575
16549571
59715194
25073877
65691824
37666984
1180379185
14619527
1262776610
2364837974
2832246523
343171266
47482797
34738867
19329393
833745288
85975340
1658600947
41820318
3009415727
3172135316
1237491883
126722715
120140544
1117578102
236270439
38927264
1488539419
305217537
2161340299
20176100
359714384
1371476814
53754251
279715597
253813060
407396336
17572998
3066097559
961366358
3136562098
304611820
29283
2355984187
23984622
180801865
53789862
114547989
756331316
15097615
44780127
49311606
17813513
262375385
63025490
2350908732
363253855
74041444
27498642
87233951
1349941
376882603
44394100
11884102
392951893
90893599
14882335
25150861
19983731
580226900
824116194
479692440
407315533
41164633
1266009696
55446191
218601671
2892515325
277479383
3302200294
26578785
14852536
24771043
39796295
22660806
56603219
119026558
49715850
21612122
2282389477
2201794429
48041593
193473814
2224947382
25694156
370338998
28926068
243744812
2303751216
2347049341
12926172
65107538
95297779
246225682
18732991
38957399
6446742
19798578
17950109
21586418
310463188
183749334
17921578
255812611
4099171
321003525
2517988075
6974622
91721335
112476696
222543804
443529647
14307494
17907987
26548315
15877907
1394399438
3383967766
1670906430
26001481
874073270
58280562
2827876689
190876067
16028034
211301250
173514854
191644898
34360322
3273701659
2910844559
463198793
2598149011
3029737286
5976992
20636507
16894839
23142308
46250763
41950736
15267937
53740697
3240907120
3141672447
106430958
141376289
1086485478
53757167
59522488
1443771547
28562317
74014041
45399148
523632806
18205761
364076523
603986609
1482779976
29417304
18587457
827915198
23130098
47527652
2881087294
900390601
1015481288
19422491
25465628
177641630
244287452
93153190
19727255
24073015
3042468558
24146296
17251182
2677936656
16894059
25670843
19834493
403581958
790361671
575494289
937390374
1536791610
37946269
46412731
44982218
991691942
283082825
25708791
199407240
2771164246
66023967
28138045
70776910
730816675
1464815778
196207196
15665625
278467630
1129038920
44949890
127954611
325854603
54089989
3188985408
378712861
15641893
1933042237
724352288
64496398
2984519498
58941351
2687753192
16737535
17334672
594902464
210684204
551293515
778611486
130363627
106769691
228794007
367219398
23448002
26889052
54320038
1708507501
27453762
3071495283
1112514396
1529790181
77259949
152354977
18359336
42935715
3006964714
22842014
27000629
19605981
14354049
21625624
2574876716
2329558784
260590025
2571578101
15684633
385166043
9336402
3020840255
14443723
19377732
2179564255
37599351
265026813
2416828178
613864407
935560465
41018565
17669628
110665708
126434587
517770840
2745178573
155620016
43406817
14803387
125819406
348718637
1706069588
29309901
408630940
2975276356
12956712
194767484
20149508
259348172
1702087626
705670122
711630408
339896264
38223682
71951598
168678274
25428494
2235134634
2799877189
532672648
2753159442
325895574
22891868
119393353
221159726
33173672
129718597
77128292
81880447
84806538
23959413
21577728
460986429
2634220802
2559400051
321610788
2871026619
1732716908
617709381
229358019
19796978
223695420
946363056
78104190
1221914588
1684191271
2916541991
263363120
40713876
1357789789
33274151
46834865
167623637
2792219544
2451149671
87403396
425870454
20414658
2883094870
111701670
23632864
2908169078
422353054
48440448
168622756
79633819
34436190
19738340
227358275
474998636
29997735
126304938
2800960290
90776145
819181700
51220493
2802249612
2344211519
257566487
1528493707
17026240
322658287
165997837
14200380
33371149
36725651
305588032
1621908548
14172203
406265823
339829955
136402916
1002513128
2699445343
2703104598
2777761867
21765451
24933645
733412977
952630182
371800458
356300957
14817153
67374932
2745309637
14090948
14849562
184123239
104254030
50329710
2582325200
243324920
62383557
2352604536
29588859
464324606
19097572
1800434545
2306860242
1094922224
20552442
449178720
292116015
15638735
386038876
2375449098
81769521
16302043
1398650018
1363927627
20531221
2151992785
2396466391
10219982
2427975127
1589150072
376327986
118198354
2635101575
26157904
25562027
117780676
598921658
276006891
20467988
17542586
315617667
532642459
133817486
915494270
36753757
337496046
145528320
496376698
6221802
28576220
302314375
216425548
233940849
363192011
15778722
61217870
1968252210
2291500417
463223202
44480032
2211809016
26299078
1500423710
60336403
2389650007
597078771
1183507939
42286222
81829742
22770059
2179686448
52522232
615811337
174486145
853318758
16455202
23906805
1952706314
1888138668
2469550790
551894768
274682328
28096105
245499504
16134294
184093024
16673225
778369141
16726469
21338827
15860638
547106180
2382667086
23836537
211217112
40228140
16310349
25114208
596249782
294191578
14207907
288484434
34837298
1647619146
1462970094
264196736
234826866
14855994
2534097860
34627817
17944171
51491414
24963961
442748381
350988264
60071437
2425356469
219753641
350495106
23863013
238346054
352145373
19207266
15167576
1563031106
2483884621
23816826
305567719
1410541224
86199249
2471846700
21731485
67108469
217353826
14416109
1239817177
28927262
130627548
14417563
69139435
576379390
48321406
316389142
30065770
344955115
271725689
370681787
25485925
15652002
915726438
397765811
943703498
76413398
1308196002
57119358
102451176
1912066388
26480074
1659713227
211373947
43353209
17316060
248481377
24042884
1577780317
365215669
1383153841
47003160
2332500134
2421027468
311413267
278256988
1850333580
1120531148
14336205
790093184
370402356
45483359
186161872
2395345404
74725768
4519121
432134884
45724110
12127972
223936855
540269493
14133970
15710277
26103768
165511377
17425484
2216782448
20464085
28809254
516126807
270944866
1852367690
65651571
358756843
27663542
1548763824
372300949
2216493788
557822491
189364778
22861137
1279411194
2305917655
1623217814
42132105
939819919
1302141704
359140115
579858097
33552794
19786864
2327860633
172027335
365025784
36873922
418128933
14560316
47372477
237449973
17423992
588320797
18925538
128599139
1066053012
93780708
15051291
2257073468
1095771529
86948180
2289893426
387193597
192764972
25599958
1639221270
45573874
136476512
170510516
53002676
78647926
14987755
296306823
16133258
1280573660
15808218
36768736
1549636981
27261369
155572186
2155154090
926522737
96894306
21841869
217264946
390596589
131605984
308233424
28561076
369325431
1445451
239647479
731817480
258456010
52529896
212674482
18824974
1395401677
749963
1080340418
17987358
68728013
304445843
34659789
424320890
289727547
18655567
40557902
500436115
990009265
289485255
381289719
21212087
16006592
60907150
130834299
36623
282545479
25388528
244872948
536623726
225549375
392372010
195980206
247154505
214164173
14616610
18926809
13221302
17724725
19834403
2270744556
1728984696
500704345
1710344629
50391361
1966576338
15233889
87563984
538453809
55854260
1112631014
22486057
42096991
188995213
1149131599
2191008007
1972853712
343514918
252327705
62575859
18269124
131879711
331104109
16892481
87755242
198537391
102673774
314613453
50502137
122999170
351768289
47842352
1064140663
248490471
52105542
22528070
32750313
48015025
202829020
123551874
252160517
18072238
94457225
388014562
148096877
572225652
274619046
746174803
29293801
1410558660
397014675
26691778
249850849
11763832
337778202
39520317
90310043
634219870
2211148434
68384454
111644189
148780457
777066162
19308391
339783657
95214377
2184028186
591335059
41073372
18396070
2174243245
24713327
26818542
11640472
121857220
1709947632
37311970
15099384
143812589
296495650
14270329
1471542956
14091301
185680080
366260560
28785486
22026974
1645915663
1134574182
421195184
225111772
758148817
19051766
10886522
227771301
325742574
1322991648
38725365
117059688
48203749
252303415
277140228
513708456
15192372
30238792
54769979
119784462
558997164
230189834
224359740
994153802
66718545
1090555501
61884679
133446603
983562338
44516935
442237496
15246892
280846415
7095342
678403
40154387
141637586
60098604
1209877550
71362643
193388346
242879615
264455390
110175724
384028016
32765534
47437200
19780462
237403203
16797138
168605761
18825537
19455864
287937802
14326339
451478678
315412648
204070298
357330468
123705306
450776559
11103172
732914816
221922759
1698301400
184619277
1342835160
25088748
11679892
1561089175
54681213
109590061
24053331
12245632
21487022
430149473
15147397
39346451
345117628
478170864
884483948
108346923
72918036
1638463694
20015311
41967463
23022687
555415435
733751245
204832963
90484508
20733972
18107749
1476437706
12309212
21425125
92677101
1405827127
476193064
216061574
538271587
921563228
13489832
1664170064
11853262
16955991
19165298
155823836
1947301
336116660
15325142
402797279
182019517
80346328
195807399
159895085
24969417
72607145
123565032
1177437224
20325861
22664664
96063952
347303644
104467735
142157505
16028750
27221778
16657321
22218414
352510937
16378093
15084970
12340562
227517044
281828537
75129245
148529707
14594777
463382740
19910847
1101110382
16280329
552985473
64859300
48200611
18566907
247554864
184925492
18126056
17905977
456040944
22060843
184136149
20414217
17466186
176526025
1436054102
63504211
59238436
58665809
44590219
20245775
69701903
31207463
7506962
14563571
17448937
89727865
321660575
105654121
89931311
753603884
834584161
30929182
17919269
620298978
282280747
26044411
14581542
1377719425
362468369
15275677
23839835
19519071
234779587
1132183424
61199440
172957889
66807976
304191662
413258210
21268897
1395502328
256359123
819800
35773039
30261067
157814573
19085493
14073364
14307102
10191272
48171533
1394533634
575784825
18032507
9866872
25454657
16499590
24733117
1566012409
28253242
15536160
111074937
365090695
15223710
13862172
104152360
19321779
174720278
16589206
26059121
23865382
429227921
22057964
6538722
284089166
41509142
50391450
88249280
112223434
1531652898
928481
21293089
33205305
280755207
201419073
1465393922
571933117
494386798
14946770
21129105
221961841
16713720
292598128
18362837
30935834
82867291
16259366
121879721
204457289
17850736
24374815
138585823
17584784
1449022357
331167898
348662319
1269837428
1122192223
48075372
16076032
172565308
384915512
117523430
64301545
5763052
17759148
16248357
342345319
5911972
61530523
59157393
33235204
15119529
313091751
603803238
17495334
56461930
14547938
53122252
1248023346
15743206
213350034
707432388
581018702
14345368
14569056
762404028
17914492
336644583
128702411
18444804
1241621185
22893466
4132841
21533418
278335603
14478614
8717312
173534014
51263592
88749392
284318072
27696993
20801610
31080039
22573353
19344408
16689804
16857753
29100243
617602505
15853787
15865896
67351514
17171205
17853760
15940915
1364930179
15381715
26604904
1330457336
26364335
948365024
239529147
175129462
314149254
18137940
32882761
10357202
26752156
16404980
19253485
47496867
35777372
632376015
36750478
91628690
566725083
55434814
14615911
15467229
53066602
42128604
118530377
1114654830
51339480
19137745
43991523
20654901
1293714146
90960716
95488919
475219426
110891854
16746342
23203926
37501003
100034461
14321959
9158962
382267114
159380249
27347837
82702958
148138552
20633658
22711691
976821992
36473948
308214197
1281693978
42977712
97550047
18840199
366734571
25433310
40945716
340455242
28100678
15973392
41272328
37982492
95090394
53276062
297556877
24642700
22451862
166382951
9511932
34587652
347995343
288304392
213901522
1084143750
1220112571
88762106
714574765
24024778
117396227
62290422
430132100
296288727
635756062
1102281967
17291452
16686144
14939981
75974281
15947025
20531196
16800811
39306293
125547081
38836300
14481605
301734844
41156008
177617094
231471831
118854485
145670989
15485844
365557027
14780915
16340501
295989660
104908543
21718006
20480549
38271276
284626595
15765431
14505234
15327774
281275142
63493493
331783175
76959605
8938742
130922325
17544442
91180720
31194905
17227965
235231751
632834232
534491473
269628620
928104595
47404915
41634587
731878213
15574892
40603213
460470940
7334402
69164455
14062465
36370126
151186578
47636550
16302242
5520952
158145014
267262235
15882393
889515427
14938312
16331010
497275734
59031230
1062599695
424546797
46149106
17179368
500042487
453319164
24263009
572022637
18317930
107172480
814687610
23552417
16929600
78041271
82972068
587237442
267472795
73138188
4401811
31467217
24752038
30209829
13368342
46055710
83698945
15956067
250318997
272566480
133375821
38295221
253599280
285323533
486876659
14353392
65449758
81164001
504543975
801496386
349049976
1434251
13493792
33919343
29442313
27511061
1000262514
122265201
23755354
60658975
60995819
22077368
39244148
1167013236
33235771
89887215
126398501
29994950
19011374
28196619
252692751
11562992
23273474
19608273
138592545
25295123
17971283
26567174
132289495
16243405
52462094
260170944
22018221
49698134
15822299
47968639
197463159
48849410
56911512
12796402
22487278
19246075
14326805
27635734
77306548
789605646
214153417
396643418
70778344
247114704
14834340
8918592
379371710
807555206
64860140
263715547
19725644
18706362
24970552
531559676
33964620
1106501
23234807
35051422
35727191
147696336
101946979
30088894
5357812
15335662
89005882
351850150
1041902173
29172914
15710384
66253410
19734832
19646364
21219240
20068679
24515472
77019842
163312745
479577366
862483279
18948541
25889980
222622640
588732650
12655722
424553313
211338200
17017636
14515799
12862292
12331222
312666445
455288986
114787419
745268251
62103
77000430
20919626
13213122
52089472
863508902
19242010
37281592
159523955
119790174
57334744
169940119
438584211
379800937
8119452
351995076
245490072
15440286
348196407
17423332
26503710
86568010
16291449
33578423
2241411
307478701
34540153
615284440
303940308
935508062
728938712
124203350
723382356
30100884
18690342
274724514
454980237
307260550
46434953
395175813
579839305
23359503
113819586
27754737
50382211
17044233
78671241
171996976
15840979
22261459
122028557
86129724
32394673
772016774
24021042
4207961
50446226
21312469
38469445
11113
80903194
10003742
20605481
21693060
862933723
21906783
15777611
20545055
29828364
192033899
17022540
742143
24736019
147649517
44169939
830578308
297185110
46124171
247464671
240841532
370149272
65374102
90034304
241138759
138740472
14807920
329866430
862460954
18481646
22529427
166401351
90500638
217934077
101214835
15636502
531291518
807708876
588467224
16640865
498384016
18955079
23509204
53191371
15381918
836533320
371009090
19515059
394465457
217285169
60261918
191675244
446672326
57026351
227655627
14372486
18871587
34905697
105810697
8769212
36255504
947833519
17142944
111509601
631447492
241776425
885674046
362790555
18087961
369020620
240789817
259813058
6575732
38293874
74282530
38970940
28162550
216928966
1242511
7691312
116880409
813878384
408631626
15039042
295922893
30601694
18588663
312433419
157064188
16248047
20316308
17169320
21764343
607521397
19002707
43945628
164654668
25106857
265041846
17854600
779009287
40168326
40054452
27002573
27091479
16099803
549998321
44610712
13560922
263334780
169183731
555514234
32608975
15906068
56519267
375903428
5796352
16493868
223490848
904458962
15209135
228114792
378060512
16275037
67378554
47348884
221068485
422216482
315002735
33057154
97134220
494583213
44130462
8565452
70999303
31591744
754222598
19269183
7848802
164691705
21585811
20508720
19713521
580252781
21279340
319200513
820530002
246500501
14962779
9149492
15745368
91639546
23634358
16297720
224078788
16724361
21685825
64753357
684023
14761948
17797249
245424983
331105296
73190286
15667291
189180763
16016427
348594767
16109501
29447358
11447852
301286540
22180876
33312886
140964213
157848545
525943746
16184557
8870632
360772899
18049891
10574322
194222756
491671116
15960831
57342904
16491569
17843439
397507908
14539292
68529271
57279246
18907022
25521487
731809291
14546414
418714193
18125710
134174268
4791
51426896
313098811
49546122
142721190
66261639
20805997
254823927
20467163
420610380
560452828
174326278
296533006
15941955
178551493
24155696
67958182
19994519
711716678
63543539
125192590
705917816
267929743
21565175
19800897
315319549
771598957
743349733
389825367
485945876
44409917
42157338
29315855
242508382
166875312
461354030
18952476
402094758
305189255
167582620
23125501
20861788
621197756
326732414
18766459
822842024
333321137
13350
75066625
402937572
44715803
203096957
193785644
39275309
20106271
18991192
52180594
59507002
329918729
326930997
22546609
21125201
16887628
110718976
198521070
38536306
362748582
86168856
125173619
234700562
39867891
79797834
792011246
245410760
20107981
508263695
59010637
26642006
14071335
393850288
16405372
8320242
16382909
256573865
369089298
90420685
19539314
46192667
22451908
43272447
56501671
46939857
9736372
193226263
74059407
174670082
13348
221123293
20899023
108318595
18646108
87707751
576486057
14989516
51241418
191170843
352819963
59110488
531644938
21844854
76997832
87267905
16068266
19169363
17375281
306389855
17956487
20071903
21102126
121537720
18907621
56764250
222159731
45607170
20524416
44168607
245074809
31912074
26118250
226857179
15807438
428932100
123931732
15398442
86158118
15065156
3544431
111969804
119758837
211408235
127689975
41637247
174103919
21316253
116007876
153801330
612131147
190408726
891991
431132618
21696279
81891054
13593922
5695632
393775461
94785815
19147837
24277551
15689503
44039298
40519997
256748672
201882918
52521572
137041711
26391721
15210410
19107878
137466464
211785295
29263488
24134103
14270650
59676104
171231477
17999031
150297369
16376937
15959440
24190226
80940214
569375969
19164725
35780122
413725276
29725730
249469549
14939975
23480093
87271106
25148313
41213298
41511933
19364964
15481070
18221383
21440926
26020370
554783540
483936993
29628889
18998676
64257328
36174724
19927012
20292108
26053643
632659221
7344912
69489370
15098005
18662816
2902901
16952065
11694492
17762060
29655018
21827584
35415477
21035409
36686415
98335997
258885469
157077177
21118985
19994494
27081171
24754711
20317002
213722368
93069110
16135292
500115038
20200457
106555714
19084896
84087594
87478141
35048177
119235720
84076903
14304462
24171728
23598803
20823965
24717007
24446229
25358801
25900335
22049097
26742941
34787926
34961914
33196252
23786335
39755646
58489555
64745725
36375916
62897392
61314106
69093910
43384404
63229100
41133354
80618281
108986783
93943104
117555614
42948553
74634407
70679292
187396628
41619146
48587012
35724914
41169223
397773698
376820355
339809087
179382909
21190671
244620043
325077109
20276161
278537453
22497051
237885691
15524229
35748059
22214999
22037098
22789766
318139728
18911601
23826226
36251278
43877838
185397767
21332949
14642816
22908669
35737995
425849327
352557959
253608674
94183273
16679681
54646328
66717406
217076406
28377169
22495620
28414285
6539592
21699639
42061954
26403999
90420314
57656488
134837880
21664816
14434063
15924865
577413029
16516167
624774427
10071132
18172905
4119741
13524182
20786801
38681698
105231565
52196876
567923111
616053150
6480682
20609518
313403249
31586013
45562999
37759047
92586415
58579942
25106589
107807966
238319766
331017504
57558113
50702694
43139414
20616741
17902967
421698931
96377606
26256573
572403171
17407282
52104970
51662793
115911638
555326322
59123957
85131054
66464576
26823392
124540289
15220768
50055701
21619519
35187768
16861311
50393960
115979444
14266637
15444711
95357369
600154493
16454206
245609132
55117855
11435642
15525553
19294174
32159990
37564255
66759379
48809111
115533107
34976385
16192261
16017475
19828037
17293897
2884771
17220934
21125133
283687745
77730147
361251934
236512984
24223641
202032733
35854505
297571747
5526202
852241
243313702
1496971
29038088
595804886
20437286
15896464
41159876
21318607
19923530
17899109
258057866
50374439
133049494
72878707
16399472
32423136
14275291
531575339
114840227
305924414
1344951
20608910
277192919
342293356
182407436
202648407
142916303
754485
1140451
26042217
82524253
22657153
83657637
256552713
38500966
70001261
282836506
80297617
115563859
245960777
390318508
323048235
24818242
17074440
19568591
20818801
9207632
23473068
214680621
7076492
22084427
15512959
22812734
33852508
28161405
288452305
465973
17336417
10810102
17753033
8161232
31269038
15839517
20463418
11342502
30913636
126443670
16046535
22642788
112471133
1976841
39585367
19616718
15147042
44873497
90427009
171203091
7253892
87570330
38232012
62506177
56710771
63820437
51185445
237781383
15764644
49986034
534633609
19697415
24613629
495260719
2482531
18057059
102167281
101896529
21405623
27864285
266159102
98712107
18653685
116341480
20076659
34175917
299484753
32185308
235295538
47779910
98736709
35653
19794115
319415229
23657327
551271558
58562597
14477262
25788011
41629785
26516209
87447773
9532402
17449843
65804275
46941602
21406705
126121249
20329162
554072767
15841480
62683484
544840131
539355179
23283828
80389821
40997693
260395795
400274578
285699350
75025405
50718886
337957961
17004139
16747417
15062727
21215371
47349506
5988062
25605494
62591681
397564030
166212191
418991627
14412533
48967631
156628392
372862603
24712487
67132107
80331801
16228398
23655212
14089195
88713953
717313
14700316
16001827
19951804
15519407
22311883
87584353
18963809
24616866
248540363
124521110
16313480
165885518
339086156
15485441
34022952
14728168
14293310
18678924
1652541
44688778
24773177
20052710
19039542
25110374
14246001
309937733
149764140
526523471
481810402
130945778
142363197
228584397
227682918
23827692
18791763
15164565
244655353
30364057
211551088
3373791
141597593
371465104
15984649
22783783
8912232
14606079
9692022
19206076
280183446
15081317
386056280
14529929
17461978
113047940
14110585
22046264
1715051
19603207
246920706
44699143
17345647
6541402
139162440
168229582
29234146
16125042
15808765
15320854
82193376
1477211
59469686
27555164
16326882
16906137
14455321
33276161
247153862
14681605
59516314
100399970
141246833
11134252
884301
14075928
44196397
170000769
26282586
171158769
544517731
18197956
20281013
119841769
149249831
74241914
8383592
313070057
14824849
455872282
20844048
16012783
15234546
17006157
31206697
236026761
22574178
813286
369793906
356885109
30313925
14677919
436749179
77590113
24306658
19673220
111067467
309182691
393189054
416189058
372868589
151967576
361342191
112255972
273116870
131839804
221260532
326255267
217284148
5496932
14669951
26586532
50325797
469061180
11866582
131546062
5392522
16129920
2020351
14940354
15693493
21307522
759251
446369516
18008053
51241574
345397708
185478824
16669068
17004618
26500119
44682276
681473
20725994
19530289
526479223
272046614
130617778
100818837
66267332
232863368
17698956
263292498
496626498
297492186
15865878
22180521
25704222
18510860
2467791
9300262
113474316
37131364
105211981
125481462
93755660
168290603
15360434
381496817
18622869
16001789
323603752
15731368
334151949
215242849
291754507
156417668
111133734
156132825
19156536
97047673
498963859
470813073
34376087
7702542
29351404
19031783
88987638
58713586
42261611
46268619
6585952
19853312
32472273
171656520
328741395
117236432
54622050
95023423
16172747
8936082
203157684
12699932
17542767
116099364
415201018
15736836
2557521
807095
115485051
15111202
12579352
23852881
22408312
18137777
27885976
182100138
20083388
15518380
82940979
19397785
273963309
18992772
252124716
20943607
34298625
18210634
37409626
23047096
117027271
56457960
18728203
27898494
132538100
22184185
16506946
15087011
310455468
127923010
18062030
37752080
16207516
26336913
19216918
8953122
15947185
273477116
269970801
304486486
44974748
83653065
16351765
20479813
16672159
27305797
15224867
227373977
19244932
158414847
250445299
16303106
42855293
17932003
517065372
33995409
58824241
408626158
29982330
39174667
390891093
379541080
17074831
48061972
250690720
339785538
17770086
15585350
12413032
11026952
29248299
131003583
16045268
14085040
28164454
142134564
