2891588206
161450445
14532539
3300821946
198560066
262895803
3249993494
3186326378
292062362
97009845
1726686870
356519870
52675548
1355128284
17827897
999453985
186726223
11856342
14885860
181596806
44066353
28370738
1447188853
4162573858
3150820693
3305950686
25113456
1877831
2097571
28785486
788524
15012486
14138785
14173315
380648579
2918102635
24325547
19871339
120557765
14119839
4090621639
2961721237
3234108048
2753211010
3611821462
430251762
336788919
3590542875
3288598806
4008140479
3190105202
150570659
1947303967
2902585625
28173696
1717442204
16373492
3439456632
28898424
23228041
36147916
292577345
3025389764
1338505910
2557170061
2998089696
3198688514
2945287299
16276552
596261273
22188979
3524510721
829735580
2558221332
46399293
76690459
2207592050
525954207
29379639
2974983652
3750194894
3750186019
2160247458
403485680
15920784
3226407918
140810413
113547271
33819080
585105031
134251809
39825702
247723476
2996313813
136978151
6539592
52894809
342887079
2377837022
27178817
1128075277
785739140
78767466
3286523994
3601778174
336071389
33750798
145360462
1347285918
65691824
95590606
138335665
49774202
1018478784
19165056
3219593760
2535776749
924600840
2448099108
807626210
71023061
75921365
51081149
91038370
25775561
18909554
2161855730
23974763
275359221
468675506
176003363
32733098
17837341
2361224263
2790572710
3433737652
2972152451
28006508
3366105303
10862102
3239135059
16249938
76979789
25756772
24143255
15369276
18493702
2783878681
68433206
17757005
3300205033
3042395044
1096210890
3295852405
583490818
2853555073
243939268
54555594
87403396
1583730012
19282794
20243128
74867249
58379000
468646961
373367371
121281192
121586146
1703489486
3147908489
1648578145
32376959
62645216
17980124
2693906810
398919818
248829112
25521823
2408344380
1315446211
14727666
3196453645
225660511
792660210
880237465
3019034803
21155483
126990459
49803562
872164718
25073877
15923445
2862955835
316149554
2781011186
1670974710
344108179
862218259
339832905
823112684
1548843679
2845900382
797974208
1572877453
592244584
3194792354
341002457
509005349
81029903
2441831348
21521500
69414196
14645160
240315352
17951850
533306421
382207799
17860541
616724206
820772857
3181072649
48614631
1092091166
31129384
1365932731
48474833
1340940282
57550741
1455032653
19357128
1390318944
863436258
20114089
46681100
21010214
56749157
14869587
898111800
24935003
15912890
194133104
16667912
341021237
62738530
366234958
1650215384
164447979
1075035336
92148242
382167324
346856014
439580958
885733974
115679415
603471825
231023430
3020484668
537309917
350974622
2638042382
2973974590
2597621624
308997977
272388054
374280854
5548212
25320639
270636028
325852608
2787256213
237888723
21651982
2921084698
467217030
2616209796
3136234999
32172995
3038837785
221838349
438449199
380767010
42166748
1870144128
496608682
3091712992
494062803
14114236
816425
1844423390
16697046
3139111638
38244366
182265955
1898509585
12144232
1964253824
573459961
28628850
940368062
2533478558
3113257835
194638696
846152197
3098586470
34857048
2579272982
425881490
395948278
2950657049
184881744
619374235
2681441594
131102007
279222187
1476461576
28478793
2511584504
41691959
33590096
3069840587
57537112
125471278
3033154947
19515059
2821142984
30730765
2167674121
47768307
2533730178
2362831658
29165172
1957546310
2234457918
574786729
2862514628
603735459
60308396
2323783152
67409712
33941052
1228840274
17563812
2384680069
75364356
44914646
2598626905
807095
3075870806
120181792
327040510
2775799632
1489383229
2889274898
527526077
1072382221
968650362
2419845312
1066207495
3053427860
2836320472
2367270506
2284066573
65517621
547429255
2294721908
733229246
2340605852
297457814
212097279
1058836488
18734358
1928355998
2527758476
2355342080
393375338
389409927
16674965
3032042404
2236414884
593700012
14913547
559623797
221634221
1353464078
2214755390
22694541
3005818851
1949566788
585373512
532770427
593871970
3003711222
99109874
31065730
2591798060
861377622
18906561
15416505
90484508
113047940
2210035633
66951419
312149882
937704163
515582364
1426631756
503759934
37311028
369845090
37384112
18710937
35874573
67144075
2451433968
294892027
1648828261
2886499109
374331041
375721095
58966831
2967045513
233933230
76057201
17844280
14828860
2787199064
117603209
17077176
73657657
17907878
554335063
356434482
2735277323
2815854113
1040958458
316575702
732980827
2792409146
189671070
2954747629
2975107718
544589244
29283749
310323950
37338074
2316246829
1038293940
616677817
519917075
141468656
2907547681
737977694
36143767
362769477
16992416
2932973071
26556313
228726872
2406082098
2902815185
141864252
1148718895
1000262514
1579422614
467966796
20195338
726425899
2386279670
2908853501
144350248
1573823401
2541883878
17239871
149760844
2699389350
24535989
934782408
21283508
15333317
1727527628
2409962911
834526411
151284118
162114552
293074758
248553802
1020153878
517039011
304061756
53999460
2162449637
24645354
2749858280
20878335
407101523
863292163
2878718922
415312436
285007713
2723397187
316162912
21527658
1089543456
374710346
2452588285
958156806
2507598673
2776836260
240651302
193978434
2793131225
33345091
599044962
109782727
113564280
284441324
1145792010
44204893
386128801
1703384298
2599595090
106324724
898193300
2467271744
16157855
1920914479
67722263
2478860149
17985520
1444685521
284207490
6453862
933522108
58868322
20255979
154000928
1497131496
19916729
492533049
47462946
101621506
1597047710
205764226
1544301086
2272085755
10103562
392785641
19139769
327659945
31444922
1264788474
420002222
2400645253
76984842
40368131
866774575
2386607912
2325445944
2165651892
378194058
1349082427
1641150530
1320073344
1152279248
1893070741
309374492
826537184
29100243
286742737
596230846
257726285
1438162062
124232296
849270470
284600958
2357622716
1938604200
1703554242
1624984470
2187234559
2183099646
299800115
410582796
2541999782
2507444952
2550015859
2770351
476199422
552011578
1587678775
472967330
2669758862
50434933
1918167439
22895239
2436603985
1267138314
742143
5402612
2467791
759251
1652541
14677919
14293310
15754281
14511951
17469289
843112550
2293388834
321445166
390860562
337502808
66339576
64019328
2437438039
483466770
485370684
92775643
19092351
442086354
270369094
588730194
999639157
981057535
190060414
417565340
525060895
525821517
16164337
304608656
761988990
12839862
38199762
23563787
762151483
466867752
55067198
20943715
15607865
14193222
1287697662
2155440642
79505849
68244866
18638328
18638157
18638452
533202997
273114625
558023238
126798479
15052361
20461123
429478754
434300243
21903029
79543857
1128163856
203140643
2614087986
16948890
185731184
19717033
128755873
48017027
613542402
46832898
28417043
507890809
44797105
2194180885
20243745
14944234
56273476
23918292
1708988011
2706071221
43283406
41229669
277546050
16579345
1096890018
65477401
24133713
35172509
30333898
55050269
108861466
16222584
2772619011
41538183
13115682
856826178
107156225
20180321
213834064
206849105
316747546
858049392
853668432
132652195
836587166
850040970
18273172
838511418
42918364
14269985
15925421
28657533
43361402
41146746
16657500
15446773
22696550
21435703
27186085
39816133
18999261
9721292
19629840
354556963
2393063119
604512025
2750583546
373047480
24431556
798500203
2656243922
2267049589
237965441
103065157
47187990
58324585
1107030408
717130056
1323429325
1323466033
146644383
574711932
2398413854
84501358
27934142
625650484
347327629
344352861
48706086
2477190499
37820309
18566899
120897971
18705521
2280470022
88168692
461576749
2657138132
239071033
258527170
57440214
2734367325
2546562188
50393960
22938914
2762155803
125512325
567119269
2782781928
1636590253
63514682
15989022
16071835
21182766
897953586
423754009
14333333
2398569764
1096278696
16729668
7113852
16221481
44195418
594176235
169586790
21912403
26818740
18783501
86356349
18713025
370748239
17158532
386115395
355874208
293111734
15857971
15646731
39799109
49827406
66726492
1482930300
37683289
17668576
17613205
19259832
176468814
185781582
430203410
19345264
102526771
31534060
32660861
31017730
242764239
91623589
16228272
22852915
18349978
34756304
23713318
34740834
22727828
16804088
52616719
22205619
309943074
204991039
10025982
17187236
1334491135
14465607
171531038
1083482671
49518404
2764404075
302877784
347340345
1625012010
161427200
628818085
35885913
467810972
515634194
23536653
73158292
36746142
2753984945
17813135
365735934
25084916
240734425
19853312
47964412
18734310
59471027
18336787
31164229
44666348
36155311
16332223
43403778
713143
31126587
1482904093
19383279
8824902
17076218
24179879
24109979
33583496
16347506
56443153
19426729
60182345
39985597
64770337
27698202
15876379
512613427
23642374
35865630
130997057
133115088
413386786
35777497
21454322
25545388
31504542
180884045
18244206
2207780696
480863958
374712154
20175865
237348797
29458079
20958510
168541923
18118505
15650882
510245805
1299449546
19555067
490868308
619615498
2358964705
529548712
2163290364
26037739
107155808
21888595
338291677
300686726
263285930
16557667
80380326
476188409
15027086
601227277
131453946
539490309
14532266
1428659995
22146282
36375662
180503626
515573992
18006262
94176307
18190205
262348056
2281569774
542318578
20217019
19417492
259349567
518744362
97963881
312641499
14282169
2235189276
254732884
2513230034
14197312
18746811
161014489
73774016
496922304
64813990
1955132936
363883148
1187675324
91882544
50310958
34071673
2487356331
49834861
1906666825
539325012
138713188
461403889
151137022
218129328
2334043742
236262531
296576390
1523084330
123417995
26588937
43139414
16302242
53120768
25521487
2597498814
38284349
845773478
2460042668
135348838
93412074
19068720
271110476
2332377576
1183841424
18247062
215683551
2528249382
796591590
535418420
2442809852
19362299
16403943
61830970
55307193
19426551
2557521
120943272
41509142
34104616
32135704
34701524
16672159
406474081
822039337
5561412
56413858
1917731
20733972
16827173
29309901
130984413
1712895234
74608856
43502102
33611715
20279195
1095558246
342894187
354590277
291513513
39308549
22703645
69773058
118756393
223970563
49140008
23970102
36452050
182824991
14839147
25101996
56561449
112874216
53818826
275247483
98835146
2350591640
2202349620
915594294
21436506
1435736168
2322694057
1160445668
2149347739
349582502
190589983
236487888
23205346
1659463736
474464413
23195603
78800334
2323149134
361859989
86177206
129019194
1427535488
118401061
112562263
54769979
36527463
16703058
1444446630
1336169892
29428194
111225697
230859523
16710420
18089606
179245596
87103895
57428429
14730894
237403203
28587919
1180379185
418830106
1379288282
26900055
2512732765
177584156
317447794
981285295
182550591
1618216136
17572116
170817774
61921063
52944689
1432029667
350132995
242822343
978908012
2577476334
46479775
1669492729
208083510
23330730
101395252
21484891
20617487
2184195506
1171091263
97953551
42834939
5644772
2883841
60058069
526637732
430768768
2379259568
2249692951
574942825
1553517192
73408582
478877127
17628698
129235890
126704226
2596960899
49495067
2263033101
574220290
130590130
73935439
14728168
95463107
2533135628
481908807
1598644159
14367719
555928038
632466068
374138602
184383206
1272811045
1932064760
269647679
32306015
1606681286
28256108
177594270
342165503
20963461
1426275908
776049583
767466625
33079769
17971747
1444700706
1444705304
1444693544
1447153998
1444717874
1444684106
1447123200
1444699118
1444726159
1447135976
1447114602
1447154780
1447144844
158060289
388555493
11783502
30117864
21588316
355589054
127969995
1522946473
906620078
190396744
965779075
2321774882
16552921
50094643
727472528
874741914
72579376
1557315432
1086485478
1582853809
1759181
16795430
425319640
314825397
2437160899
1225212536
17983365
765158815
430247681
16190898
462495192
1301255648
346246528
1370016014
246312764
20732124
21545756
2204329890
1163392220
20192882
36681513
353425676
219827569
618486347
23490526
18520494
18639055
892246194
347627434
1065869268
264268489
62815642
761952570
121656624
354961568
41280377
44135635
16080839
864584708
457984599
32765534
16916445
16615190
60680268
27851454
46682998
21779975
100091223
23685398
15628274
60784269
43782326
40768837
30395398
30503160
33694840
124695351
242982376
891566299
227005404
1119876164
348113898
112718623
2197173692
2184037639
444320419
513200350
369316403
27367383
254258301
2199727237
2168939907
14851290
20211914
121543274
375980607
221573322
52529345
23968696
154619001
186553197
116828252
940503344
19834418
295171830
143695063
832782343
1088140784
14955353
288283194
275870482
22099513
30329599
69321700
887780264
525930605
256650593
68000137
284991184
28178127
90480218
16049790
1450567843
69181624
20608910
71294756
15731368
21442298
18646108
1110475561
418759659
2246186893
98576365
48849410
38695091
176702424
357137520
21149676
110845234
216115065
760895845
446594210
18538268
726841088
335690666
35028566
18322918
138134695
33615971
1180896955
97566489
17919972
232062748
52529896
122455671
325626577
196474263
1538825629
995673901
57100687
788736421
17334157
240789817
987773167
1109907463
19545064
104313096
285184644
16083346
1500129642
373087177
349749823
1632772304
25202268
25195214
34930912
132216376
96497966
22211593
47480097
26568924
18594789
17052054
851847836
1591875996
946234010
220841395
39662313
860742180
16892393
1466783719
1691704244
613408733
1337272446
836385504
71654624
1348312908
993838934
89820928
50317463
195271137
860990054
103447346
47739450
294929318
16787084
19553409
60424740
1432477446
25029390
379962842
259512053
50323173
118951551
291524003
23083404
4923811
57093160
21343653
221749428
59612030
85850590
44029249
48029066
35218566
547969112
366819502
457122858
17995040
334715818
371497630
27397511
16228479
34396691
27091468
20661539
14669951
330643630
18909534
1254754890
290894597
1338120913
21093127
18087450
54338361
40366128
774083106
410967625
761980646
764369064
50325797
190905427
592968976
88784440
23022687
18916432
15745368
17078632
94784682
35474809
1093172311
14335880
553164619
16193222
348666465
856825200
32830449
762345960
21740090
96821645
389038362
50055701
15335534
1093177452
34820442
15731751
1064042478
14791044
34713362
86141342
220081296
51241574
16031927
16001827
183675164
500704345
183330212
18939358
61254885
50597394
958344840
38206419
279710472
18810988
19248106
1074480192
343171266
14790817
31540671
30015468
755798102
1116163122
386244525
531404531
258894814
27311044
78709964
857333774
44951059
588000376
1367531
107125748
500042487
78183672
89512304
38002432
173511473
27744185
27382597
33857883
24277551
79018919
436839363
77951602
34763028
18811247
273060588
539566673
71627462
88763317
36301444
637144005
21612122
258202120
211638412
150765111
130913496
85961526
33395719
20880197
790136510
45993776
28870086
423084045
218975278
48492831
47848627
629601410
47194094
11102352
25389599
80094297
534466953
17564591
505211753
121201445
413480813
2704951
18485106
86364947
30864583
73451006
479599061
383896720
277161300
22956220
19870967
19091173
132642474
256380390
18255387
61579489
40077534
868654430
18537709
73255535
123873223
36730584
229323985
384649049
242256735
187015786
712878650
31447081
166990746
25579796
14371962
44209472
32148966
7702542
7713202
166270127
810756463
38495835
48459553
9508922
27937449
114818983
191641704
5357812
17518634
372330570
229592356
18891923
22675606
216881337
26860506
78249192
21254264
36550247
334292637
58523
169410860
361000504
18985027
16037423
18055751
26257166
24026209
78945513
44612148
292131326
256409561
95746304
428333
3108351
83883736
287413569
733751245
51263592
22461427
17490662
42071646
64647490
50044510
46968377
314986752
23792182
786230298
254189974
531524384
112047805
17061263
28614262
43737838
868951675
18791763
65493023
20713061
50769180
16925883
45613880
67437296
30111834
596570126
19356673
14364617
17454769
45937003
41120559
110445334
45190383
10168082
228747444
917233862
16814727
100346733
73402979
14529929
24806287
15976697
10926202
16303106
41160276
19562368
90905113
18774567
196168350
113758100
336829000
473479779
23798694
23664529
17091571
15614141
263758909
16163639
15075999
19268706
7212562
41634520
302075691
15870809
38031121
16999766
245662269
10774652
198532943
80063575
15050354
275878233
224007468
115485051
24742957
14506253
26378747
10047382
26077191
16056306
19394188
55479638
22017925
19627458
52179347
74591342
38519827
247149169
34430522
36362259
211672384
39288259
27937239
27935505
190319002
28802901
21668321
15485441
253904907
91005570
24414329
21514559
18563796
22194235
42083276
