19735580
25073877
28031398
206335622
457594129
1021962876
1276235376
268613555
16791071
1579422614
790371762
19107878
375245685
261542893
18916432
107146095
21986542
18461503
3529587263
182876615
24789175
822006151
15447248
3033103596
21001534
2983295300
287342149
914249162
181911757
3260151308
319807570
3620680577
428492654
2598371538
32931188
23481561
494426779
2326053348
2946702058
490801957
43138581
443476793
1061365578
203159540
391291400
2734713482
15309804
46356379
3075413846
34996738
293467348
16906137
110512612
2317351705
480938445
316389142
584051458
437883375
137882569
15574667
266220711
2375743056
257056269
3165891092
470648514
2557492316
2161539356
28607477
277139168
2491946744
15731368
33908800
28023027
49814788
3041139052
321536046
612896910
59597127
533061461
3044251641
23662170
14412533
20961568
1915534530
25741984
11167502
783887263
37983433
21313053
19259361
1891774874
26832213
40733520
233694041
126027601
52505518
251795567
47448886
380648579
17045060
300787340
83325103
18091004
288363743
37548981
353250191
40823651
2557037323
2679863268
180463340
403724741
84619268
20106852
23849131
476903684
183667282
25379647
14245378
2546392489
19639808
950531
342554224
25395057
2172194850
21260828
134894299
1122361700
20094138
19455864
263469835
33875677
35218566
53993942
113281719
34822750
14671591
385233143
130942788
201568456
28619896
150678893
2743572105
703189131
365603329
14268812
144748652
212560938
17190067
370873171
235197647
1921290926
23610681
62356484
214723227
430048955
16138613
16425462
2557274646
1176004076
498198480
9300262
1562441737
48492831
310082980
29753270
2483418926
26714170
2478763177
141648982
1577522323
277783200
16244218
2431482398
109078702
52880431
218584634
20793816
87206166
1357792050
168795815
20710218
1038293940
18235071
6393332
91193055
70861063
64013177
2201445044
2350398554
18162737
116612870
297547368
22829525
2307035293
33111967
99806132
16228479
94212278
191164268
809470926
513786382
542145032
16403943
105297123
331512694
19011374
6018932
154617945
250784170
890891
324716396
17539497
18764497
316047530
27744185
17866834
448077090
223268131
213368745
1645413284
188516046
16187637
176692411
86129724
850168100
117640526
246412063
868228652
1704673856
115430404
1539086412
72670063
484090618
45942363
275814097
494082991
259375460
323668638
90959399
237927581
1092464137
255282399
13213122
48488561
36623013
506545420
183675548
62871943
16076032
108994582
803528412
568825492
518715968
24426714
1249836458
142796566
7563792
195100261
973369952
488011724
37896651
112526560
309724284
285823808
183675164
1345040106
33395719
18722097
297738809
35329645
61282754
88763317
17046166
1137791436
55307193
140286364
52861612
115403866
37017074
222565444
186097317
21166551
113420831
117783591
781372632
1102161824
343627165
238370837
114850153
1024199124
150376461
68441962
316469086
318133677
28124774
23559851
66348830
407282873
126881128
213767250
7713202
31127446
294478106
28845259
243187204
346781925
737049410
18873711
129879105
156300451
37889646
4244091
16085659
7259302
713993413
50325797
591252243
585676570
56699256
106646062
119593082
239562854
20645197
19831004
202878583
637256397
100180681
190699396
745570111
242767100
73670398
28665877
36448925
128984930
61670139
135811737
355169266
48029066
353284823
44606764
280744987
176830107
112838547
237150653
22461427
20449021
576726983
25891497
69773058
153956149
102086868
382271440
51241574
16026911
83883736
19752348
531372307
18983793
15997022
317211311
131599699
372611604
246138610
25366586
15922214
451586190
24391041
493517639
122207745
444241808
112047805
16097702
19230601
36152358
128283647
473275092
306117980
104299137
125187129
355540810
182080987
56749157
71627462
468615950
16157855
91208190
27489253
17209277
339101034
236986805
222467788
319221265
14655879
340263452
101561695
114320754
1922861
16672159
187539314
35107066
56446663
38353028
18646108
27475739
87256018
40358743
129771357
87277455
27295194
17397693
18343148
36362259
5988062
247902725
155429738
71980259
16886594
21315320
168763291
112555960
115597898
47504127
242119957
136042886
40892016
153858073
15741110
19785801
169252407
101617189
103003706
17175689
155385477
1650681
17855413
23999319
43144932
2557521
109035555
85961526
49223642
17299063
14767526
28870086
51263592
17870209
17902722
38077926
44027646
24170083
25327969
44791709
33960016
46168578
