49616273
31546874
918058045
525535481
494316544
15379024
262755165
73238146
75906818
180166095
49251655
286062423
1089934998
19378633
308711618
1536791610
132656551
337679240
24969158
283885142
133880286
1184239680
3040073456
176946056
2891180940
16190768
790113174
100658567
33588125
97883743
12839042
2814161294
80144979
21822560
713401243
79449976
974642804
19026011
20065936
623836793
568748857
2816681834
308552033
20821259
20290970
478597619
101897322
2324660347
456910776
46418525
963953125
56789085
21875834
1997641
324715004
1214632458
134207471
145692441
15942016
3101682682
1360495946
1205922234
17526123
381343127
28944041
85448114
171659857
193767233
242431231
128928959
30971909
22983957
1358554022
55685994
17758502
17471979
3459051
25560255
13201312
2548436061
14858856
32515106
19940791
15738974
24245649
20576099
36708536
23231179
14750983
16637461
1486090399
439549149
2977582534
135404280
16878156
74216940
15822969
3297481606
252233089
2460359214
541280211
569442137
209164606
3163019179
40404013
32323843
2530523570
229385617
570148305
2724220313
2293116133
21875099
454606144
1735846626
39038958
232342189
338602760
50278507
21263769
16212749
91222570
48801319
29758493
18176668
17926257
21789095
27157593
39830136
48238515
23092822
69651972
69359090
196718521
56752200
469637791
390306162
2155762388
304087150
16653948
2929135816
2915055716
2915757084
1914560059
200936311
13532012
3315453067
427958206
3260325247
1688994427
416370934
24393424
1859515387
76027332
2196246656
101638451
57377437
858933979
3286276063
24600607
2899676241
1897204837
190718872
442658454
389706956
48534208
166468664
74898593
216931610
29282559
36174865
2828369140
388349501
18312534
1474863740
113781741
121838769
2919938316
72628264
16100878
17994722
300553995
26093419
18735343
22148866
21624997
60959750
1539632712
902816209
112169804
377691911
1580642352
20388323
321522551
3077336268
2161930194
2754185311
2940099270
2733141535
27532984
302881437
158426869
378384833
14325188
27400436
87644479
351717976
217160509
14987379
245120663
76768860
256208818
1554423762
1007987112
316632855
2884397496
103982311
390919747
131930605
370458037
80704749
2610293538
379921752
282227406
373688449
2305622017
3125506731
2847403432
325065222
14123536
2770181800
2945933477
272827043
76546459
3155108274
21351094
468869527
3161460697
3161891652
544495835
47287968
357358926
1409445343
3166103089
30572083
3199184747
27736806
334235131
2157422203
1928764572
251925336
21350375
2807876928
3068642058
574179738
3188041567
2352644916
2263651836
3092347223
3069461789
3245738998
1544938470
2329890206
2630842499
390262425
2323124263
1909502827
3198535038
41873707
198586296
11200272
329220447
431652318
523841218
3224544235
30087621
808311565
585955983
191135635
3223363344
578616827
3183589111
284346546
3229989350
541942551
3312469187
22454647
2352982249
2825485758
3257076402
377812229
1670178061
112566068
292052126
365197686
16244529
3270613603
17954404
3265372206
2786422749
3044928871
2293806740
1312993946
330616521
2494355792
3308397524
1275159932
482133423
36771809
14505838
384571348
20867568
853676995
57625403
64818227
18905764
18314587
253702315
2411297293
885505724
385826246
531336948
260996844
494127228
263308932
3016040491
3103663795
3237378833
525725211
239171363
140416819
613232256
300526875
708826764
587931264
131942161
430252170
270064609
104590024
800803620
1540529606
506007359
35355935
3090502678
19094495
2311060745
194722992
2823584339
25144553
309237779
35386492
37760366
3222696132
3145375974
3074616944
1384490274
3015329111
115485161
1104273067
361902109
52779975
259595989
3237201798
3191661002
2493306794
3312350061
2959879164
5977822
3321381257
2363296003
1195463791
49540637
456071161
1710911898
2656677006
1664163679
3077808447
607856488
256552612
165221928
208055563
3237590204
3255687966
1677452204
1682086976
3260670350
102148991
2675060436
1127275604
1611317737
2283104293
22045438
45587085
3278234468
919995644
3324094997
468067060
2911157720
3282391052
217090779
386205089
2308777051
1967567088
3003664330
38254095
700000286
3061633555
1428762630
31705210
435455026
27725199
970207298
216776631
596594959
29442313
36008570
835788253
7691312
52478458
3342982552
3399274497
479280265
87986572
22554925
14264410
109167557
3300813486
3279487903
3168850996
155940322
495088169
3283569956
1494107630
2991326266
254629473
39277470
17171574
3313019293
20479363
1135621224
3313659379
257785193
249736987
606154563
15466386
335487853
143725393
3030545597
2926184646
515200035
472461988
23033984
456868302
523890790
153088185
1904965034
60739485
555287830
260928758
192942213
16245822
17463923
230602419
3261734283
14342564
54546430
38146999
17451742
95236446
157054525
2943788245
33289381
20582958
116692211
16244050
15585039
28646364
116469425
3253646528
17990173
24229787
437208142
26337961
554204199
2900435524
253273751
2927238884
2882391828
1305134660
2905458954
2480601792
2573724378
2654908555
2823301476
2416432548
1639097478
69602058
16302090
17025681
2666790169
2535495998
2850406103
2533262652
807489366
489574383
2495310763
2285623604
2350546291
179274770
2936462348
2172733839
803172080
942081468
608546746
149005403
1499895176
2451954991
282166891
2831060826
2936208441
81644488
2835606464
2941188380
2678220769
525667757
302165754
2813876130
1891700959
23501570
1335690301
2951088396
109049997
2894442427
20151919
1216674002
50070348
2935392594
38717260
2457907200
2779168692
2696245218
108448088
89843524
2952531218
2598315864
80664954
19429998
260762987
31152058
21830179
2924471432
2674937526
29335148
2970751160
194269897
339874608
14303647
17896877
41763645
21277898
1937481756
3154412156
801241615
1319620039
275880417
2574024157
2199636960
39427853
3028844759
3151806170
2473006015
18209334
3036928370
3095798996
267449695
2747954436
1606877971
2742562880
417428600
2323124851
499351110
3215226003
2970917491
2337237360
77563878
2455958490
2982141994
2528203777
75133490
2939035717
705775723
2323117178
3220913288
279428073
2898744859
164234162
46241024
3225462566
1629753716
104494542
266138474
3229081873
1441851878
1633415274
1296198236
2860051285
36393171
3236175678
2874645476
29546989
40926502
16198710
30215404
309247433
16528523
1900861135
160922926
3145444689
22718873
3256893524
1431589777
3261513187
61425810
297247574
273628081
352634089
2993197391
3130924593
3225178103
3246259364
3236222595
197138365
22873645
2218654200
45743152
3119519176
3195678486
69569579
3343098167
38060935
2602244682
3236132790
43375969
3285682662
350543861
3291687766
117850965
3090778533
3076211994
3296976865
30554369
634785226
1020399050
2471362272
395165689
18775362
30137657
2920214371
2463221354
931452199
24240854
2726510880
262349771
89714083
2892459029
2992669202
588751798
2988316966
2445437726
15398074
478409554
318650075
2835357832
2930876941
895844209
2996189376
63783716
2840597594
2339797946
2997852223
2991022144
2997680484
3000456457
1069505323
2995696586
17394059
2336037025
1687408021
272657214
64116213
259873788
100070306
2295183948
38522926
337489668
2376282391
2384494124
103706347
1665971306
2571892110
1070040505
388994989
248805950
573782041
3009091366
161696591
2895837714
1390659284
3011596308
2525404753
2275309560
67068726
237945585
2952910735
2239388190
2819378354
409648707
2752723459
3030952198
2302362158
55648390
156721441
3031483985
2414864478
3012523718
2944706100
3003930672
3012868507
2351571241
144510572
524895099
2950723067
3036516695
64426122
229632739
177965466
515760433
75065107
2230130894
2873116409
123458677
3033970837
252622643
246618573
3029118479
21735179
59700842
27974777
202781692
247408791
3044829930
3042510565
2418596329
89822672
2904937483
497594068
1309781646
337904668
237917608
1567786729
112557038
493700571
631147594
396607141
2998718185
323115507
3027622187
720201968
439669008
3051270061
341130302
3047662766
3044066390
1312361948
613964979
1526542782
3058992686
140525440
2409346507
23888835
3000184086
2438389981
2738290816
32445330
2339792347
36551123
20255880
2178398956
2712719347
3074793551
2789356171
15296170
231565777
467313725
3067177518
2941181778
1149230664
2158205240
2958876536
2918997348
2833395558
262393855
19311787
1096059373
586045975
1226728470
2940581819
22519172
3075978613
448425804
79224316
3029458085
2459785070
104967983
1045771764
3078567979
606558738
3074000034
29250235
1872372115
348532181
415334655
217148850
2869164044
615169685
467188094
29238994
283727220
86143383
22563843
307166798
2496843864
54266775
292094660
62927643
3129366476
2648919666
19427335
1550957952
3254860194
479107939
3229029926
1089825612
12165152
3236044061
3271605103
3309397613
1574230807
3033670584
154245491
21233876
36511118
325296867
52591694
599431335
46762221
16538210
1009632836
746067156
2327689832
282229230
24913074
179818686
19608995
712892347
33607480
1961286391
3281785430
14946484
36739758
41334146
34967747
70537816
2835969289
2883258141
2549245824
44989123
221655463
2435750935
197108944
3289143247
215895074
2986398284
16896509
1912234273
102720115
3181309620
1007034649
14410561
32654931
636546919
3386084241
10433782
564658091
18345947
277245963
3098196847
3024519061
2209629961
2496707198
1687334352
1096590613
3105841823
3102238356
398306119
14635444
2900989535
25191554
209262258
2820696500
1887418189
801304105
2919913255
2219398735
3058247943
128393462
2546992020
845695958
1892446068
37144376
31438289
3118602097
25426293
3128429954
3110935639
234638449
15088481
342902338
42411129
44804371
2369808705
712403208
3139573849
72331661
2931630606
3133601185
2997506840
232724616
157021996
41754556
383809960
3096727308
3077575944
143939465
141809315
22479955
3032140356
2471868943
1520824045
219517957
2520987464
388743203
1893619494
2941045459
9889342
25084398
3146835666
2917857920
2317832714
289189039
3148514305
46276339
606026417
122678297
2175331050
3102854286
88452820
3121378111
2998945435
271057079
14540659
2360694433
578195117
3172987727
1593922646
2781127574
2940175820
3160331773
2414677255
2227102668
189282102
545457293
1359762162
3147624868
158802394
2180620368
404050652
525005120
1594229562
41065523
3153750421
18721632
130680831
235707518
524032092
2599002564
2323130083
1724271145
2606822054
1602752804
32964565
33576134
1311079765
21896178
51775404
2173995620
167544189
89505347
2239790779
1592210900
1481471635
3178324380
25542482
409434310
1929178951
198667178
34643580
3163081392
34822377
481411127
2924593138
49974201
245814733
3038514049
613802350
60692465
3044627311
214665524
96888068
68307443
118561073
459557733
72118338
2186693671
2497092066
396938495
2330678862
2437633411
3178539596
3180182720
226362827
3178531850
130030235
3237745131
2914166161
226828839
3118674319
378266081
3187035643
2571664124
928593974
2635044486
173978813
3188589356
288390166
863472282
298357671
1529233208
2218281115
2806199688
151171985
1551637278
2437473672
2939279696
2167674954
2755688382
3119966597
3195582066
3168177122
2543424138
2323117956
271018389
25832979
2650814664
182037512
254186356
422355017
911196463
2492114318
2937244403
389057579
2167937582
3016769110
72954947
2894338357
25776292
3220849267
3219674966
3078182821
150793102
310074998
493640363
3145790697
3253786437
1393121808
510592186
3223723136
3196764811
1531572224
2765031239
263084767
1606556096
3227401490
13888182
16283339
3228465822
35368662
18378515
3297651419
117000725
2282699965
2335433742
469437972
19225535
3179529002
403838500
2453124211
17524912
25883656
110263006
2610785125
3225804331
166330405
3305762963
26864262
15273201
21467342
372038214
19779338
157058020
189386201
17180878
227430010
1013761482
312902664
14405187
24939210
22401761
705493069
35069550
125806983
282339893
122867962
2384111191
2362312963
193933465
34320091
634067611
1571456322
166446366
21515080
2986041506
1043082548
66753468
104558850
18594418
18340890
104994396
1586809244
822915668
2906390214
21290801
21925506
22119899
182024283
101624819
81236387
20895373
485306547
366715779
444403902
326322992
1007610073
567679562
547042068
62521939
21175464
188568591
37321048
149264933
361372147
58087955
116063986
349426514
142736450
341786844
373574339
28386958
3233010793
72949175
2151249800
38600656
14437425
75412552
445116261
30753386
41300839
26667328
177048200
2279486132
24269742
36477028
599487263
989948755
2933098352
83995195
37837824
97535690
21112866
19127866
21384465
20650150
18255506
1289510748
130954886
298971747
356487165
2279456604
22870443
45873694
3147007320
278384831
287097226
22684935
2353469936
3011795389
2412971276
271005667
1130281885
48785935
21252775
1945244538
14192832
1281378612
1512040962
3235289888
19071322
635913350
2454411085
3219811700
14998242
1703606052
96075697
3241060538
50153932
600533780
14915513
25213847
2218675188
2647466738
1689528176
17521783
3313862818
3052082778
2650797529
343182049
73232869
20019458
1618346214
3139500757
3234768620
16467958
55738896
1329719298
3280229605
20887386
32671625
3390068091
3274820246
376425468
3115145020
19055329
2786524063
3232724376
2614215619
1198967420
3188177402
3102166021
2944448695
25313124
41208020
3234384307
2331870387
251829863
2932662328
42966273
23103448
2974342524
310360807
19547085
490174516
3235083715
2907899652
2729456552
2586145068
2699162726
2939327047
17369233
1703091768
2856066914
3232897412
3241478270
289639027
3178203072
3153925447
36723018
3244429356
2333017830
246026975
413227708
291939704
3308358567
2159923201
2767804842
2394868099
166669078
111459833
2689996664
2458475150
3249061242
24740027
2320812032
3105583789
22435995
2474785614
3244455962
2472982250
2991076236
446495558
1862151499
1872863431
384027758
90606149
17721573
322257647
875911231
939604700
896040721
3253871862
3250068494
2773196600
334858083
2926181330
3242709312
146545110
3315868426
3256907232
2273584640
16189677
1225900362
3259417752
3232937934
1365456938
2476084837
3044993235
2560171033
2546605262
1155483836
44777383
2459979656
22326421
3237898542
3353058201
3262992950
22170291
20954409
222874405
32752707
3240453284
3269043942
72758492
1933100640
112609075
15519780
31476142
3258242444
3180927372
2847003340
3186681128
1852239954
145788734
51111741
37078328
2905886297
3368122077
193044955
3225658318
3274827019
19315274
3250638726
327036775
3375038025
161174124
3257913230
2391379874
1090326218
1069409442
3276953659
3157910594
232879800
2798144239
89290607
373029155
3315761111
127374165
163162704
1385420346
304550287
2247215917
2876521197
3182237815
2698715948
2154108254
172490506
3299130457
2777051557
1382627982
2929247712
2285431711
2273579922
2694615440
455323431
20289274
3145412089
267540642
3301839415
3345395818
597061674
1414409118
1856903876
2881970417
132266261
936268477
97540839
3302474898
80971284
805572546
3050287514
3287756792
18647342
266133560
19089077
2201610684
3300675223
59244280
1161810043
2667798158
861950886
60784269
765865532
453237551
580398317
3168490561
543339668
3309756716
44755862
2965162662
271323509
3412991158
3413490095
29326790
1656420602
1976659027
3276919976
3281085164
3032563636
524502342
14583893
3283716986
2992668892
3305727109
3309053774
3308868241
620766901
3266385260
3252963562
1378685580
14845589
152005125
961532918
561191084
2703970520
157816881
148498505
40253187
161628874
208548247
41416179
153879821
3092760839
3003649081
2849219224
462578542
921960572
3214792246
746095136
571516777
21406986
19018401
246198665
2203870008
61898653
1375152264
16621525
3154527303
2600525376
1339835893
398193180
404248741
184440525
3002517243
3202174875
2885853616
3237577802
2400864684
393570589
216513520
39769510
2194432388
494583213
34660688
2984617177
280515706
52528214
14936628
17908607
177116599
205740251
143062006
218522521
154657877
31223005
15000738
45427809
68523983
1456385071
252604904
32679157
82060988
113657938
102156742
303048990
401106697
5248441
398458864
135409637
179661493
1247722034
25205092
110734725
64621799
31353077
46503181
30614876
92367751
110827653
82939583
236488592
47248291
78693749
35549780
739701876
72665016
949934436
364443512
24263257
44442099
30568788
19344825
132655244
29221344
22029553
71019945
119521385
82208992
80176051
3179424498
3179702380
89445846
3061472504
3062002717
256090039
1365630222
3121129938
423924964
152779870
57574691
151092364
325176102
61865780
10316902
1120186334
2818283353
190669152
61089546
15730283
94678167
313525999
2303869406
233360926
35779645
112262625
19152385
51246296
787598970
498511447
570882468
455427287
81993606
23735651
266803558
1452524269
50088703
21231110
251313192
21882595
717398892
453717569
50371921
1678835017
522698705
194666149
144168096
338156082
879382141
155062488
69663748
337808606
21788247
54667032
32854561
868356636
43187177
18704894
48057499
29285941
2964212471
381726717
348087630
940808108
245076867
17881426
1207104912
222299102
61008498
29807050
2993846851
317938041
921759169
18676177
14951093
267457429
2923391802
223091218
2919257502
12228202
634130568
49762869
49420267
1858812414
39580954
26863382
2842771573
459784781
1579182835
834824228
216500839
14695043
292176377
156417916
805141508
92004949
16510101
43326264
803765677
2705036492
1245068600
73730139
285270622
208635160
1665991039
150814416
2832390109
2456930564
21148202
33146307
553279655
316659505
33812558
21174038
991894507
2596865996
18076414
193790024
2659894350
2394916562
235660300
275293468
2413312062
102179167
338652101
454350902
213466282
546249408
1074718820
281244833
574319412
778265167
112873659
49543764
1375629084
840915842
733408676
1362873356
1300607132
2304057577
439497744
394842914
2434450274
2447926526
270578263
38707559
1855680036
835844942
942802627
2312542165
2216115379
553155458
148570475
18268819
37515236
106291885
31532083
17499394
526427575
1206233820
20930376
601779748
320525722
46770931
2353585212
612762108
85732762
2167134798
24695296
155616946
15591240
1291626824
578650970
38473649
21694354
15396053
492476220
64878438
987472982
779023418
518569777
343564216
44417943
17899109
576376424
27956233
1651462064
1735604071
265085341
1558484899
84704680
539794743
144892029
65232726
1852362229
631523608
732922884
235259799
1354334760
16129920
278192411
524396430
15497306
64454762
58013925
17358750
264481773
60690338
1326031800
1395713360
14775998
23803388
441903601
244193260
123367107
15756288
573965125
34969402
16162149
233459341
82221207
21579611
201148166
36484730
1200043633
21786781
108377727
90764673
76837916
21346215
132254256
619366288
394982550
226338599
18094696
188760481
1285266390
10221312
26096983
324575202
312793982
20943262
14749520
15442036
439717095
14885540
140079968
1077952862
631481692
508247575
99980681
102616213
100834787
137165890
1075854895
562257836
153939176
20219585
17622991
19409588
137472790
111422279
353092831
117876714
182932661
222632870
374537241
466797119
179261808
276567401
16105705
10042372
18783905
312762912
47870590
18620654
61633260
57758406
97091802
14371873
237814442
39537567
3554721
12626962
13037362
47454101
382390567
91386983
15840665
65415372
158430960
17793878
24899910
813286
28657802
124320874
31035182
23596644
64021549
125447797
17070113
82489457
36581988
127617328
53168716
17596622
75136652
44251742
246961837
334894942
27955570
31236111
209808558
194750628
17108221
296325749
54471233
38508440
39816737
9300262
14266598
807095
15223265
36965318
7215512
15173291
74502496
125802955
90503251
20797078
246011354
293206123
18696996
28133215
110854121
284780569
83476701
244166700
216808783
83212179
108836735
94028225
14073029
19498496
144756663
30313925
26550247
112630438
39299241
208930420
158759441
17528562
50348553
191507269
197456672
195804018
172468042
178111119
24424732
33591713
131497030
22464297
21150442
191906369
19689408
19318403
20068053
34315765
147624497
27074792
71588080
17171111
21005767
60790544
16374678
68761966
50779149
47677916
38349184
10340482
22964399
18655359
20736380
24973934
59910734
68197420
39589819
15939889
17824922
72543119
77021598
29540080
16304004
18904738
116337347
14629262
29506821
24457744
135621955
29547412
14180138
130249664
120181944
57482529
45005131
19748813
64537766
19402345
27037426
135962109
121209535
16957613
20195088
84661546
115228634
36740558
119436470
18007590
71399159
94640354
14050550
15639642
17537624
106516018
20633239
9867582
35132138
95513779
65972261
72954673
73452506
20791252
26571623
56025607
61782928
33691779
31454635
15065156
39293807
17773720
48817182
97053247
19417197
52454945
17220934
34632283
37775173
62944463
44369267
30815935
20928192
17270667
23837678
30989592
20495631
71050670
18907463
36394617
50860249
18666525
32455807
87024083
30279074
23820179
83659733
33664443
17467699
46277653
52296815
15309072
34030502
52314673
21035542
17918561
14676335
8132582
46944093
9345162
45577446
15725628
62586762
54335357
66284191
42566928
11564502
32235455
49921507
15071040
71310291
43049724
63316363
58896328
30975209
25382012
16272556
73251113
71489644
20873135
19031057
14634720
17918827
14411304
14511951
30252303
16664681
9677372
23232204
5360012
18713552
18993395
18795726
50074555
16662356
10286782
67361314
18029055
11347122
68814545
34113439
72071825
16579346
36960298
60625457
19669828
50726532
17605462
14615871
16077458
36474003
58581480
20389458
38543346
46729604
