970207298
19568034
3010714351
454933267
895852866
41634520
14417563
14348594
110445334
731573
16299754
1295177941
18935811
90973658
114990492
485630104
116984422
422858974
185069752
80499569
1849667018
24188676
19244188
2589361761
1435854684
142419430
14691203
169775701
1203198062
22202735
2148045894
11161852
92503159
18632946
15862440
123560362
1137972109
227324947
15920243
384468771
2842030067
114505454
55117855
2200840439
586136477
48930316
706747004
427236954
23937508
3891663136
68653935
14294400
399041344
351579402
16254381
3042322429
217403823
40701990
3131152738
2313588254
210140830
2875092587
45086595
613155112
163552910
14619600
2856660659
2722729807
220649981
108691306
2247560024
92367751
2176998871
1198406491
2825939166
2468009286
2147904350
1910829511
2994763372
2543776789
33399352
505435194
313171056
19449692
2422276201
394862363
80588808
297902543
246646501
17865542
21856304
1701798925
1581289837
2375280505
955928510
145671928
20000725
344776889
312331825
538141971
348198028
16042794
410058684
149618147
262236158
341540902
176435367
17846882
110301074
315919021
112457675
397490403
154280902
552682584
89093206
243007677
22942762
14578312
23002200
18052474
2968635633
249882158
279597841
304544100
22677815
3308545299
3262068755
3130935898
1355285126
1627381435
432809372
227348993
3418061115
555145458
1007707034
357434926
1963761396
3190085504
15524605
489643625
801047798
3418434635
36998994
2263680552
2705168832
3230933416
3233638606
3260450000
3341350311
3369198335
3378834310
3372813279
584299115
430622343
1146548192
2838394994
3341630879
3297064276
3231268391
3240997816
3345869825
3294530116
3230732734
3233727011
3299532357
3226912379
3236617611
3236739388
3238404419
3298393042
3313856926
3304593659
3300551763
3235989941
3246629116
3239240735
3302097861
3305509049
3311604411
3300658691
3318988204
3260976626
3303569289
3253801499
3236397899
3345983195
3314839839
2804158990
3329406610
2411499246
594766944
2281319462
1316541078
3019054203
254660986
2793929607
425828817
1404000662
2423637152
532402946
1482920462
261605307
853808972
98714881
21597148
15580900
1646380698
3266848870
29943026
31463257
2518160004
18079064
20127529
448987101
14973978
234017652
61306665
180812815
3073695076
99059859
20047101
27212794
22317617
140783599
31132069
92806602
749019253
602398264
2488913550
2394985194
123676587
19490012
93014794
117863380
308623653
1206184832
409055353
2314593804
364342993
1494184728
239129721
37164814
29947038
58213
993890828
55676741
84114995
1322079866
46069974
1321102813
6974622
458407491
765830714
17816884
2728734869
625093
19092567
62950213
203753776
448851195
349065150
2832750876
9585092
903071166
938665004
57722453
2669819281
327387312
3146200186
59090320
124450235
113134793
15935709
24639266
478208142
39068542
3164431032
13266022
125892216
1895358986
2172005668
122906814
377645655
2485817942
396837640
79221318
2596941979
30493720
602317143
892219807
922926414
123015364
1407419538
163398828
856450465
427352351
20942615
181504061
25263082
912985280
11432352
223413125
235229140
2233256256
86782011
16928868
29768801
306166206
1325269932
1128376722
26813225
76961003
21437654
21245863
227660675
17347233
408208049
24032183
26608499
14123683
2347049341
168828976
19595618
171838706
69009086
2557037323
101798589
1130662165
298780576
200296848
28309372
24357959
2830179716
8938542
495131485
70628794
24705126
2816311737
278035184
508686376
384898147
195486577
1536791610
544683084
547687688
39625343
424906214
76610891
306833435
625183485
2323040298
19178857
19657120
619563900
44578328
127908385
3092283615
35638101
621417895
1172096012
2194392116
1279316390
1433483293
3029310369
355623405
351812038
52613032
2821163020
385580932
1249678849
67324868
552150008
18701406
2695813382
386742828
189189224
938939070
19678560
106640951
376242230
47545224
2257491972
2625614667
2751227833
2362306657
19341887
46655226
14788631
20779025
74563572
16825310
89796987
218594829
100986971
75430270
2401510159
23439085
143244854
1071777608
218795555
233328627
316806417
40864183
747432386
207985340
85895619
59507859
747373891
130836664
172384981
113491007
2977849811
1964866374
900020154
84352985
160952087
25431947
1541395363
745942602
974384082
403692032
36568881
213043812
159051764
2225230922
370023898
547439681
2891390157
7562182
28756400
122381405
2229516497
54996304
173106895
2196201139
631232364
17582645
20436812
387226382
1197333403
1021003046
2841866056
1065790218
1919926879
129230481
17742651
480819245
819002581
15620156
188325307
324828457
1361421798
36064857
2373878826
46906817
21191789
20917414
538238147
1136035795
2339033647
40851965
62152289
351573841
2431132822
100306600
25799057
298937467
292168005
2732345896
270426592
18231527
116060210
311419259
477102341
25873753
1152833286
207160559
512272503
2760288439
482772386
327502138
14984354
14853958
16692877
456473247
56754236
27599868
2178665150
2991917878
901576676
1197582763
23625030
22830305
2855716828
24889586
280461866
22140082
91093558
208045210
191116947
37410426
169283861
228467102
2918468129
245513323
712526515
271083390
64496398
368711188
161767256
22831663
194563326
49780505
60059126
180900920
340799682
1968530658
2796910988
331557600
241571491
28570469
5841232
1875538664
559817496
845249346
2738043189
463717784
376762928
29011916
1433315792
350923241
914222340
223508518
273643100
24514461
605419752
1362088951
36674509
19644337
420978767
270418444
45112524
83855918
518706144
62540002
160950525
483760259
2649537163
301359527
2865806801
1906951
2209742392
780339
1419048408
2471422027
312748661
867618672
2585373577
23295832
125003605
46106746
126673047
834235688
357606935
32365283
53388578
25333609
547089078
22546566
377430134
21882128
20
15944663
786764
14191254
537014337
216085822
2252106668
1924364738
2547320374
1460363072
335363514
1188809587
21302370
49970618
2423478840
68659708
2695397184
21555172
18808895
14952466
2461887810
2468037924
19566945
502281810
133143463
211620426
177661775
393006646
23792724
20674741
15821039
932446861
14800108
2836912087
11845
15962096
165210185
980661691
2253389923
372910226
61224977
121817526
2738976240
17259340
1099380608
317750965
166608232
38431981
49655056
29539794
21201983
420351613
2811843211
98839559
158313082
416418985
819897090
241679223
16346388
464324136
2471392868
115109457
21535808
1605536114
254713258
582098453
603166884
2239283850
52391432
49290080
2515483074
2233059499
2327359038
2233195639
96348284
19090986
19498505
128283441
41319307
991832120
113200393
20410276
123355232
63498142
14450739
1189785996
1448277486
33249394
109080285
2728190577
1361872532
430719860
19908425
22120988
25173368
1195382442
502597604
21724904
74692745
203827751
26744267
1073196751
823905
76792634
1661033286
989452274
104501443
113063545
210684204
19363968
129143625
32008199
53383929
15908429
18770158
162509117
14705692
21449958
107685130
26748810
238911107
239170356
254873869
1588038205
25070893
81846837
28310637
1246205503
23353669
497287505
525304762
1630266439
22837993
31990981
53156275
491631309
89436969
821387408
418201729
459583745
2714242755
379774237
368312542
19762412
22398060
47912448
36908459
1092378031
77413099
187479588
2296689098
40434526
207032120
190930608
2481667687
59504751
18031204
714892836
17223417
710262984
21642698
108551300
494041925
107559220
20514031
328924905
24701407
949007484
1395277728
20098015
110692399
255773815
392865316
18055543
494337968
37011248
70246837
87239242
322803070
19968079
347885891
182968366
225033951
21748669
57285131
63112528
941713207
16672510
129316450
225009970
207664957
96186513
1221951576
976499448
96185045
198476009
2433857668
78257092
164242095
41117012
2496186841
2414093978
18388940
1069577808
73426518
53385513
22321602
36359142
88397129
90444095
460470940
153029181
23338558
1562935142
230504685
23779324
195440413
197168427
88397287
2356087091
218335819
398269756
56687115
132949040
16932696
150246405
2444018852
41137845
9526722
27885520
7013472
20065936
33245871
493048738
571488084
407153449
106200494
34057723
20425725
176087928
260678477
621212626
47916714
20388330
15229581
18177126
16528258
1537091954
43747161
171470035
1848555890
152656121
119494687
46294026
271881067
75346644
30538851
1962711
20946600
17638368
207572498
7950832
20446992
376889399
941725512
23557124
14205646
20052899
1018062704
148304175
36540378
92651098
124041809
278077958
19706585
50420524
106823113
1967889907
306031783
50656855
15815674
160856325
318744099
327347231
1412217918
626111072
345602389
15084853
33199224
24258355
81261214
604307477
122685408
2343744523
90684850
21264033
1688036773
17751519
701045929
1168472395
1361454241
2428485122
2327539477
2241183433
373500099
1563918385
328391159
470512109
45849483
40843590
304328491
213042344
937211768
162068799
396767120
597670173
1673934512
56733027
168421038
26217675
1257009265
2343888871
66933315
31483387
205302299
1951829828
1341863826
95660583
1473296540
23418457
22864728
232179154
7589572
1444088546
2359502442
18764841
127540096
61239351
891434340
17868868
23064757
202270029
2427686978
1148748068
272430338
336594255
425003087
945589934
16742378
1086343602
20536002
54953415
58796971
2153317140
26780398
6100082
52515442
567260422
566548541
14270329
538529702
20548283
18381609
560425114
306214820
571234677
536297269
555935643
356752586
104501826
563243600
255205167
442364623
152738220
26739769
31388819
38873884
21437343
21157298
348474838
314754247
97190728
423090605
44879895
41363024
624818711
2271899467
28810845
458203852
25966011
251428027
24431834
106455105
248315354
134123219
2313699698
42338524
296408371
507790448
267932858
1572763177
413223607
26221186
66182591
95681644
19585274
186065246
28851152
1232266866
532253414
7686092
207439375
191048146
427687855
467695997
67351263
483877605
2308818060
130102800
125086098
16139649
1316650987
385364135
1461553940
29381752
277629692
570124527
1693621063
44548822
149058215
357448953
299211036
115501866
283704719
78666319
5695632
14293310
36023636
16345202
321860938
211325671
25995437
2288230957
252531143
462692817
2364446870
276979950
256929045
557287199
60972923
21576876
275083663
200559210
234508099
151876540
60375526
198499266
99560384
612159362
342031929
1660722102
21312406
875363329
783214
50239410
285297111
63796828
608568292
86521263
130466666
226529466
36441601
85060078
140467741
53069276
103822311
567664008
239885144
529301457
524719690
30461042
388296370
1512633986
24959622
19346145
98969819
40260761
301919552
598207529
27676383
42194913
21309608
319092830
60022398
138345973
2239397382
113482250
453240981
114430653
391037985
1660468830
3108351
9692022
33174013
224180296
344779704
90021519
121241068
21319633
2239005410
252766481
19313770
18673041
48903
1329524850
1182153367
212338447
2332428757
744008137
23741945
365281152
113155202
515496987
307587058
761561989
174698582
49396345
61270370
19387746
1694682788
23976247
19233129
23602600
592841583
19232649
252124716
15786845
2192016302
23756613
1585589059
2182180152
1104291558
558551639
484119990
178661646
802261897
272331269
48994032
1193044038
8511332
2317300105
17154865
214925061
12456402
61183558
11680312
1189205972
7239422
279028091
20225308
292931596
11044062
334065168
16922291
24854898
19868190
18018719
39545358
15354317
636095724
325745205
2299714491
22182420
60872435
919979270
162044153
2276245623
38764853
16348376
16014148
46403451
919934826
252750952
247525308
220471304
612865733
71093106
833352422
445874371
17960535
19925121
941580770
1090452187
295078768
49692970
565520561
38146811
153334216
38141721
110432706
2178721641
322866499
229852856
226278719
44585110
20172982
407273751
38466098
253019166
234462856
480810405
10855372
58523355
297899980
73399580
14153089
809038358
985477225
97883819
19883072
17409431
16428962
414825929
27246918
1140280051
2241358759
1448867052
117800846
15088104
220129415
94628304
18799392
28876514
540668866
12290622
1636590253
98458823
934061460
634847873
83692727
172384436
66666549
43126442
888027596
257896899
97883174
507641891
1102291820
14073022
246846551
65163785
148710445
616965762
385169100
1137839808
77718354
635314416
46207509
22001973
620239078
115396965
31676598
76355065
32610083
27605087
45592164
22918526
19088546
296351256
460861102
1652541
777987758
137466551
290914239
241472448
4970411
254347994
50631042
297325085
19880977
1312076707
20982835
135870715
89675708
397546532
403338386
30743418
1875634988
434377397
1260544322
2206991102
324869060
20142858
264438152
92516110
1036341554
873408948
39475490
127200735
1589297430
866640912
2230250215
151994148
1198118258
20960728
376103840
540687218
851144778
79829284
630612479
23415061
146076566
27221796
19562228
23967615
27744155
15451591
366010246
140092053
1336059427
383235056
218268778
1969449174
88925247
32578661
22814030
47638367
1356454034
2174200417
245529841
39753085
20356313
62613162
19401565
55253731
1876450290
839451602
19787257
66774405
222762589
1187541498
47413143
224139959
60661095
14291684
220989866
20362684
561917917
573639732
362100465
128348146
1240904454
25962870
135918451
214762645
200163561
91629723
279513123
63163290
5375922
56745560
134602696
1316200315
380232582
206132979
40176406
85281360
30251454
18725771
18795279
219271237
1462181203
28208986
18785655
243288939
245134844
173677727
538554927
1903927856
280986117
316608911
42651073
313557271
17284595
374425392
59424127
14647376
1169341548
37074061
476193064
831531
1288149960
118789757
825239227
323358891
25653930
55800992
21671011
474383408
87946729
1172240360
127124862
173889642
1110210272
129978050
185496159
92317507
43643945
17963883
423410181
237240922
203398480
378887563
392353456
40963102
1265041178
111233440
14745183
345850906
56681541
989446104
248678364
183396656
376180305
624648266
117064715
813972793
23818357
1139402750
19616927
62636577
160566213
169046127
322197216
33693137
33216799
860305813
70803736
1635900230
50106232
224715866
332706118
22037727
500601652
309229647
100274356
258951672
28410948
596671182
798879662
12443022
15039770
17827969
16536923
18751963
45306874
763671007
869553656
17017548
370630764
147484837
82914718
246224302
45083495
17921219
1676224962
88587324
43631302
380207736
26038725
597106261
122046636
35789450
191849753
31107562
1012127798
110983299
34082810
177554246
250641079
46459173
964111634
835052755
331966342
67291446
30848629
47761526
18538525
228459707
208032851
57977922
348723292
37730793
153578414
25998505
43996908
139169847
468400570
47139630
20739133
344408759
1898566165
606468633
312629392
14766317
321224025
43002279
1633984034
1683133992
243896198
16795115
97508845
73987740
25842979
479961304
29042941
876522625
262280467
552923593
14454645
23933098
64482503
15067551
74543
245511287
348307387
18210270
22641165
111718582
789863960
20102487
246744047
302397357
619342609
21178085
30159911
35494975
601200707
325872689
392062551
15849111
22336731
16305558
180900918
37487179
612624152
1563763555
1904866214
1734984660
106892392
37519663
148220230
807562560
231094495
1086603308
1875765392
19110200
260347003
1937979068
21920288
565637988
778359768
261859246
1424639084
26251434
94056663
19648615
22518134
133026477
149044628
20153912
240231341
17735875
1479460386
233085042
58573593
19404944
20712481
36234709
183454227
88921712
60312060
83084195
1169494645
1327173486
57032371
48371340
18995302
20188620
87955910
85905642
31010824
181141322
556763518
195416612
20100024
194730610
14363267
1608517028
14567982
43321252
65626784
1109487068
621369098
254241242
845068314
1414818361
132838577
1286168509
27479380
1675284572
48961227
19605981
232230026
189167300
361804108
890459918
240610648
20609809
544651167
91115079
22343005
1485485804
72551251
221473009
46767154
22603580
19911184
19659910
268809577
54309740
20135013
298507508
130492366
1578239976
18950329
22190047
16804814
15095531
389702007
294522052
153083123
31173665
737542513
20757650
19445224
316464915
15164565
34614855
1299769218
20906661
29695356
190591755
37736362
22781880
1658077962
1465693429
19532018
184544528
15792333
159065451
1006754377
287789453
840068107
274156871
252194697
821190636
291692007
108837184
510601029
355307031
21801576
14463090
1196465786
21524250
1601236249
37926084
1907611722
271645211
321379732
14073010
173555081
1357523906
1913052769
187490279
273578162
252849547
600425765
37692191
82389729
1735107746
168602857
613856682
14116807
288786408
15134782
1633987406
1290082680
25001743
293722201
65884137
16339845
8070502
15649438
29628889
46959678
1697125236
330220603
561518048
22418209
170624419
50885824
19559223
409856559
252787550
113740222
58883603
128881943
1321568521
17941317
3496641
1350327738
355625413
41155540
18470455
231746421
165107369
477353688
14074673
1400335453
127730585
16391531
622024793
25892432
1658119710
25543248
1689442111
17758508
38436012
521336252
1349007756
21840055
334317918
80124042
335400708
310107406
1300379137
1613458502
25400704
357425652
49884333
20452161
15073020
80813493
61165542
270957891
273601862
29804165
277041135
223022423
363303425
14018122
38481225
16170253
410074668
90509216
1499524447
467079450
1453186676
1068417241
212005789
27802611
60807601
102434818
111499839
1239989653
54525678
547075089
41644095
962590700
220097701
30530300
1707321486
148420590
326275550
1678533038
18841218
14981863
18771658
27029758
26754396
1024540657
871055617
1552500686
29285000
58060019
489467009
14238807
1656518101
38479588
749768262
346957486
29372259
40567401
131276119
1164357620
269359487
1902393312
386123269
557225607
85003783
36936185
247560825
1897924706
1264732914
40959897
15469000
186089604
273068928
714683
28246428
130063158
16989642
15349818
17331168
247324340
16139050
552227382
19597232
1686076597
174355725
485624400
726314654
405742562
256362824
1887292896
18918784
46427046
21906582
17725498
117537175
44555211
1735771352
432797602
263921359
15648633
20776190
256845587
187966792
19259765
261148015
18989685
395024673
583211208
544148280
42879402
5548952
57
405899703
20030478
1162187634
30966489
16495205
42730608
86072573
760438771
138168339
38693661
813587101
1277274248
1385191651
1925569555
1036679114
317784968
858344456
20141225
375694319
17557040
23600404
255291612
21268897
124774031
232666108
920925912
172663253
168554948
1460115566
217169857
19209645
321003525
117598217
16305494
79151761
606776750
61192926
176165009
55997155
20625290
1365380834
450738176
183915239
110773874
215207998
1599518108
181580195
131175226
53592542
1603686024
302204453
23977179
304337899
525473043
61530307
9078772
507709379
563455650
21447398
19019494
1730484000
1259695826
257354839
1897905043
153525632
1287517604
620266213
48575446
59491326
290530096
249376785
286260637
43290742
461788638
381252260
16077147
14815252
316240391
42491982
25535595
276575042
135314899
27576090
21862217
398918453
64823914
186745849
365616139
242122280
27633828
224316651
106637099
435926182
31585203
63279722
180913092
15212187
725135011
1630986048
57968207
222622640
16435101
284525836
81890455
264512781
127304174
726075469
48901490
308646034
16641945
188816219
82353639
483923020
7583332
16799897
43532023
973005421
86664924
20939312
55561796
21748010
208163
21612135
119907356
291905965
1015113818
5105001
6549332
64348989
264134655
272968050
16288901
15311104
24712679
535088290
249565463
1453922431
148810980
1692161030
1948884372
257035438
1337178174
117218161
365360990
402938150
358334292
415474076
321474927
197962366
17905080
89805394
15119140
140938555
527656944
34681511
1126350038
25724866
373937708
1308734240
229788721
89765059
23415942
154287903
233055902
123979525
170456414
250312491
74436906
267279706
296690561
27875997
20092734
438897828
75069067
68999404
418991973
471035064
24972400
196308570
179011834
14434437
21698182
79832898
72521229
388976065
70010241
176202339
61040171
19969015
428270610
123740283
1175035562
55922987
22990532
9280282
404493906
28344861
126350841
12267642
225234771
15804901
27287989
455016158
201663500
356245145
345207173
1322136336
6808
15932715
220229148
45582904
318768760
192783982
174745441
475406047
20338347
21056071
174285518
221792216
113038982
14706980
187846101
17628862
21800244
20110424
165453873
20236966
41939243
998659356
18924291
621341939
17794636
132236753
34886346
287237058
590089782
1374350106
135644631
210638672
239725518
384405951
229046581
20139108
1433083208
14472375
436017666
1705150694
26719898
24793165
334795716
625484747
196538263
168801938
151832064
14284806
19656616
15110079
291814511
743585142
14268164
17929859
17877554
17565514
13557972
1093090866
29546945
63172224
447447490
22721958
343600277
618225452
21692297
309201794
105541906
39758962
50701663
138402029
19471651
553259396
398052025
15700266
1681597706
307540329
14714059
8622212
1499510184
72312144
44956792
65153264
341077151
172071642
22253
133196761
1572382231
59307246
31221473
198523462
208058457
20683782
63094620
498357986
587421544
209004862
145693296
33563975
19709040
18126455
17648080
110437588
1603317836
24150634
356741722
533121187
34739186
21672426
482412845
52021221
14202817
48760357
539922005
29200661
1420183028
20585235
227825169
19397548
49955729
14626381
231199532
365691831
188793260
47448886
20305611
108553370
757920806
249125435
1872609066
1079873430
208697224
367875523
212288776
25198091
15040935
139202745
1638650389
306463447
9609632
522138242
59815159
108262849
1425028772
15727304
126694334
330390486
957592284
146444103
5154451
1029077250
459416189
523178128
22081524
20324267
111630645
78091695
31099870
603254367
56499077
501825960
24008967
22084427
44328903
299530170
16269666
33567090
16303106
35391464
169024552
16076032
338364312
270481664
434925692
82633642
18096679
512554477
173185205
19095111
571079059
25965976
292261462
550145659
964356697
243895651
949221122
191733878
1110190452
14701341
40680478
15917909
21282561
19962737
21442850
17732847
93139731
68792381
15644999
54369972
281669713
83631494
1649995315
58901718
843728941
32238490
16427794
31725633
305526375
100136358
615028826
1561406186
21754620
336116660
349656640
1580630148
360745895
244882602
17379990
545112542
321432951
127009001
193228026
1355566231
393971403
283299971
27027218
15219612
54489823
250600299
36380531
286178553
49957776
499157089
573848694
277626311
32144720
1079083622
353688428
23781638
478728038
48644556
76986478
21212087
34597881
102713637
948015937
42202568
75792117
195494462
85766689
121590132
325168795
701685373
140509257
58922682
457025789
53110793
19419842
50253077
31312972
113543497
90474631
502135911
241382835
121626258
19879313
20630639
562381032
6480682
18502766
279238668
19636959
19637934
243284052
32004130
27716826
15353889
21128334
43865544
22685200
17390474
891752072
46092490
126870312
36528126
21075591
40363629
15399170
121127090
348785149
15706982
974640182
185293144
228915951
533124224
189547838
297669109
7383122
23617610
79188223
105917897
20543416
817199466
15249629
22800421
618132841
89494374
171933058
237297524
19530134
37974970
19811190
28053165
19856939
1224988166
39542268
1254088466
387140820
309126590
17201202
715869709
513792107
93600148
305160352
19533746
18537657
88846260
334548719
1480600662
19402131
26230924
100260784
388954439
904714416
584422075
568247551
77188973
350787218
391906015
44874400
118665879
125853378
35563383
20136892
208162021
81856710
28545204
135676296
14352711
57123646
353562271
254770370
294801478
24461564
257436524
14361793
1606495064
29962791
6451032
28234994
615665318
435730492
1358913422
550099484
22948631
18282398
40585198
78250020
23362149
451586190
20123698
51431609
839561210
23217907
19177609
80700514
81367969
38557224
74265849
1561448815
78697300
19968074
207770279
14222518
17777562
76354305
53071658
1461659010
1439077136
770215369
35305401
286627848
780934633
621413
534378257
384452664
102752324
21640401
292092444
14985227
611793907
558673052
123927762
636482480
202331807
214164173
1335507602
165501234
133269529
117052405
53107828
21564649
43464027
78602972
21394902
485516111
17901304
69573709
16951621
724131590
357805905
82074137
965254819
681813
620041611
106044557
133962352
611585332
289984009
20781987
284468906
323722106
1303791559
505339573
76329889
25325463
81806442
369683021
1370715176
13682512
558596217
41638818
7186752
28483909
21870767
14407089
19245822
45511355
1060578475
234435092
54986035
98605865
741053695
1449235201
159950527
1546415209
1257239767
142815582
288893132
401436874
312907267
63691776
355906128
17617367
211138657
95718529
936543007
372773130
20183821
236699098
37868953
276813374
451813254
28773150
376797746
973905428
211687612
115335396
417100362
20120972
1128510168
43881614
534756751
38309279
17501107
945038942
779464387
486114022
19206656
1045383072
422311895
294002918
78173849
455031821
42371615
17178578
117834264
34953804
196540885
15392391
399047080
18551202
7381232
246659067
41538698
346113621
595515713
134668186
1000351987
1295203688
67013675
210238655
23730438
532247573
21294094
69301017
6467332
37836873
402934379
234412838
26127689
18507509
406735618
403679671
28735607
18753424
270675906
1475732294
1426792639
618300542
366012686
847908936
294605831
59825414
26482260
424392859
419642904
333931934
387715614
137729575
65380283
17310934
21753847
294756257
192877854
227369430
326117538
473290242
243244761
81859985
50537196
830648790
99450385
21098456
608718058
1164035581
58467246
22689931
805258968
306209560
620933561
26029878
31353077
1114778611
1486014920
212163638
504369806
180363271
1328897358
364836905
20912252
407741330
1002149905
247781039
245849058
32462093
24211594
21408041
240202308
386476845
1369459682
192935794
387054267
288723364
19295262
94701778
169864622
19758148
16708655
460401829
180013616
117777690
16220555
20995648
11564602
78702900
274082138
114700172
9780452
7591572
1339835893
338940817
19567589
25702664
18419892
33060371
18385356
10858472
25976388
14979502
236553718
172325520
30439382
33978424
23763869
14077403
66106708
1089808998
139909832
214857441
303204450
188445565
200675685
36676241
210571577
1400317153
26468027
37005435
526921828
519889569
1442021048
285680862
56425783
77577036
46179920
141711305
209544079
243835805
227081601
710450353
17767011
96158885
1356971412
945598770
71117996
110767433
302631710
18024423
34928719
40325251
93743751
528743698
1103817420
20230956
28090945
73231044
388299335
1310997630
412978698
159661770
173089105
599153636
155483848
47636400
26057052
1347538388
747600216
622118687
54930650
191012620
350633389
1474140980
1313765257
1482251605
936457783
594379533
19152541
406750558
21236828
1479432426
19063979
21760861
1001524393
960712525
295859709
316499226
77457306
23431906
245408947
260211154
145173210
117668291
77537798
71268240
14848798
102278356
30278037
59331412
95906698
143415291
342025511
16632084
20959178
324868690
25357498
1086700838
180885830
983071932
13112582
721428470
295713773
146045462
125851115
87217052
552121630
1128461923
490756505
35442359
83603067
1437917569
284181046
1251785912
741748003
25290285
14301074
4170491
15907661
22613843
14701006
18980055
276402417
274733653
42664060
66515223
14117843
25456478
260745145
551738805
305076293
111833888
104615591
360369653
61307094
1194964447
545087869
547114168
30366928
86805447
69166049
85603854
255747911
929325253
469358921
43591447
7111412
21894308
281543223
289711692
16367749
17296022
338601496
365120434
7087112
258719649
237753770
1368368952
714055104
361141689
41142711
85985204
605695589
38389899
34557833
1922861
16265742
20793816
17803524
38676903
41601068
122216533
9549352
18332190
46377850
126664172
466568395
380988316
243381107
260296537
198789818
76788719
16694416
109224937
22444611
278463930
121149217
21001534
472822125
1441995770
19167184
66699013
89486038
113351350
294538866
707780618
20092315
266094415
385326089
88045577
123937831
107536234
243736845
21089816
56984721
44389473
7780772
20605578
26831971
274596885
777588374
127640063
30283606
612321181
27688800
33887079
420436622
199404883
1250996582
41304837
41661907
221697190
1114933902
283640557
72526835
467369703
13745852
20163028
273796739
17583309
347349998
132322855
16444412
404886694
27834920
189212198
21356261
20133615
634308198
152785310
23311608
238138792
975893461
16435797
43075220
79486145
357472615
20015311
23747149
389052298
18125335
20439642
232893669
28786588
86517070
1063707344
60041493
804566630
422181855
33915628
856881253
352919859
21655435
297566026
249700670
42241160
33300246
33508581
584586956
43153641
18395177
136408619
276540738
594839003
355127118
390685180
183194991
367101943
1173224132
34238944
1715051
939386544
144883985
384919866
35501540
1011115406
370166608
140195803
1158918746
395842631
19450621
562861138
1208871522
1201776966
241680969
934700017
714611484
919068726
21689842
128241798
1136982367
545517015
23410776
553172348
400666838
905793152
40107177
190301455
34676481
87431784
378510702
1360377098
1180739994
1307461202
287864858
39325505
36401728
389134430
192969545
20239761
14752085
50367908
20142174
192166235
28472888
223555922
221715434
28371794
795707042
19790783
18917018
945104462
79974944
34684167
268183922
20512260
349048244
117118097
81826722
343288995
1347183613
164665122
366528509
50744599
15995155
31053833
565589984
19345724
92294003
1109010756
211478680
28878835
406863164
17850002
416552443
14209711
297169759
59346212
284620759
135146872
19255050
31267104
2425151
101057812
32722373
20315044
41083399
409914874
987735386
104021147
12908462
40684090
453221057
20635230
218449929
7068462
39574702
104429111
44207541
15872354
88376643
703379947
16925670
92932981
22768126
322919286
465493748
1289711060
1115784079
89663048
360285166
1081973952
316723391
312956611
113476721
17368405
28371410
569050527
544835204
17651596
563360482
108392679
142483421
46676500
32536660
340485918
65950594
19128204
35715105
237119773
37501003
138691869
58918768
1257482864
89040600
266613697
25097735
167711000
707699580
383764219
1125771686
474314181
36735522
955090501
37759047
216128355
45824289
14528221
628765360
818107400
65460174
175377297
256169419
122382330
1550531
100268637
1328673409
761373512
392061695
362105270
1222950980
557516228
357126037
49501302
271902015
62222286
43296386
209647947
262096246
488182363
629136292
288324683
236446421
8005492
16127841
16339870
25331670
54476519
55493018
175344481
32916289
486171867
502438987
109019534
413172977
251731189
11599312
14116915
5368502
24727170
1196792850
109669677
48467034
160494839
20617810
564044417
43443830
37486857
461443198
386654472
43312041
7861312
204083343
19999134
118187335
202571032
80276655
19904718
47902389
94360825
55699259
29842711
52730284
83150659
351057921
93178604
588155240
197153132
24407244
93478603
74749707
484972955
21611368
105807981
304510244
3943871
1074609986
465565322
20585378
518905408
28680544
282735852
304835323
21526565
130118567
26149716
15317676
24658515
316389142
391334396
244944279
99610531
53297035
25805873
620142261
871546484
17103807
256508339
309848702
7352422
22495024
153004670
832928431
72584356
35764855
84078744
25690886
217286126
245635301
35324546
102754563
195409383
465974644
35095247
952687765
24885281
15081340
44361097
24959682
16745361
26775616
20202123
199407548
33514869
14406749
92758881
411638158
160958570
112447717
367284950
172819490
124003770
243191686
919914900
16250929
190247161
276563438
351516459
253511601
20856796
102206678
113316635
245745762
19438505
19852441
459761378
90220501
323083587
25560344
866636593
227810002
38536833
254610836
1168253173
313213045
143830571
231785883
152374160
359962497
601729648
109357571
16683666
19506790
137703483
64495817
292355591
26827541
143478208
276687127
15314910
18361789
45449510
25806097
164843887
614411926
229660833
24263
334727046
18295206
143212610
89503894
18169589
29713919
50881302
36659862
218825388
20439132
21581986
371967650
39008044
263114696
1434251
75060487
117812113
15019821
476317242
418833276
218346740
38630618
85534903
79574505
136004952
138559639
15762708
277496722
989181594
68672506
312296368
1187579959
111621227
372808185
168608502
8383592
7956142
321929473
4004901
204387576
44953520
111366969
218955631
472108646
35568958
8082302
240188422
82093305
20593641
19491006
17814938
14176607
333990027
93605340
14085096
142007508
94215670
195648075
24769507
83341718
556504908
84351228
37184774
26626475
38732227
130557513
378802714
39977280
78577590
24773177
119491006
67126917
757303975
21095042
152601415
52040243
41329637
46137336
14049911
14606079
305614939
200582724
114847378
139823781
202190683
198912426
307550006
277717058
325514581
22643713
43613789
199553243
46233559
39133880
1173259848
476353469
34886889
259334966
301390265
78598924
76061883
233072030
422164503
451552619
173343374
21207088
246903590
21086161
394038761
17009067
14982584
246860689
204341839
80819678
21750153
19964034
36476664
74417981
14104027
27678749
23749162
15086411
19743953
283235743
81702177
393582345
127360173
127503320
16091066
20641995
14460904
71028123
36909762
203123011
618302887
27855816
270824032
96107141
19900779
21260800
125121292
24886025
16627805
116900380
24135124
93852480
14830349
20429157
27658503
20574326
19422247
501987780
19551069
19649358
46058990
20681048
19497653
22305076
15663
730245092
89638713
306506766
20140488
26053643
191477840
66146362
28542355
23105852
20079982
757035925
23347280
69774288
234238310
821626382
22860921
587845995
506038952
1081915184
760375086
122445428
785391728
355561638
7794142
191873362
322658469
20615456
25505106
567422817
19585552
15891234
20447314
23818581
594828288
109526528
110827653
340716517
31503949
88739456
84016955
40238442
266989156
246459126
82960348
498986721
194868525
11902142
431647501
35565043
39545633
462076892
23308597
1119125604
19717644
63836882
28524993
33235771
18240994
354911386
134799789
18393773
55497637
20668369
1134885349
283695419
16390652
14771051
109279618
532504508
62513246
595552532
200115049
82243
67728650
273714584
1052492574
130850367
18316354
19000029
402729784
222573545
24468619
212283838
303769734
60638871
65409111
16192111
276089000
40912473
19402797
17824871
56436152
49990056
220345516
238108784
14345566
217099872
347357182
130450421
16023926
472167333
139130055
7860902
427616106
18309318
222445092
21395879
193840861
312285485
122754607
9334532
360936366
80248776
66561957
1044884048
205770556
19132177
557746406
111023012
270387957
23725949
89836766
27570188
21572788
246940538
227517044
133236916
18978610
147941886
859714880
73399342
65688441
50659640
15441965
453587382
881142739
109636885
13939772
40050678
29458651
20198774
22182319
77808680
185314895
46760864
500976248
728456988
20065342
27259169
731197104
19865814
179887262
22930236
29136504
313202447
29180843
328252864
21190833
21118184
44359302
141633
176486829
22872643
968668242
20992801
19652919
280024723
519469505
136288132
22037626
160950277
20485148
827810898
385484910
142113149
518510945
217834461
38848669
395381492
18003723
28305811
144600483
196142672
42602630
257868867
21815133
358449579
21361609
20504437
27783808
22410595
1067287825
18495090
134883049
243823010
263340052
197539002
9667902
30385952
427713646
185183285
267315054
46992662
22048183
31574216
20686582
590000451
7400702
15672615
581068640
22776133
91870534
237439292
395941201
15781769
155521089
631224827
85436197
492329103
448192083
32439211
76650684
864167682
46406695
18949452
294668347
95406926
103017877
426086927
244957428
64433193
20433327
1023072078
403576718
546918992
208166666
402322429
352247819
152988465
25491788
112037009
140997419
22560570
209395675
176431284
119778960
37344334
14353202
17663756
178326430
19247844
17640040
16423109
14798859
26548315
17795749
20064457
489744341
492305949
220058661
552700245
69324340
32965648
79312312
15096075
173195708
97411152
15171385
22464214
223339200
297967419
111411358
338294773
227023883
341218443
14414761
17698956
830775721
253131626
558110003
456916306
20929711
3499871
310371970
27778893
463879259
197434947
46707880
32937686
20527466
62047256
359980586
127815033
19584890
88749392
131844769
26612656
175947254
17844772
26230354
310669760
227168942
394081026
977383291
97423151
17687028
23187207
54351001
78776348
35097912
200700960
20588078
284664892
20686500
350147409
127192030
194732581
6364652
310422559
22024535
105800463
17062358
13496142
11816982
19725644
77187402
58502905
118835037
16190898
156380350
17939037
148094030
15485441
19525458
731038483
349177118
464763826
136203643
20190833
116253529
166516508
214037062
463614615
272972161
858588432
408533206
621542574
32652386
366656774
47904471
27692596
19335378
18874097
21188812
20504013
14157134
17438751
20646711
129964269
457860029
18325304
278932975
26586578
141236904
531574450
3704391
7555262
119199038
15890379
39542769
27062951
773782470
110958833
34571893
378125006
221122127
65602905
110237777
22906929
392745873
365344176
18028249
19663706
20132589
18668407
320134516
105573429
495321069
15700308
21666641
20148792
15631238
8161232
19655584
19397942
95646321
206393099
386056280
22191594
58309829
303878474
19934731
255052255
116074533
215588549
486039176
914588454
15339701
52011821
91744387
202546218
166914752
311989458
20699709
160666245
61451642
27187343
448784147
23993642
127994764
42890254
22621511
80127034
162149787
237779140
20919626
22473844
189090262
14553055
4916981
98620207
13640372
265902729
20465412
712276988
1106501
47311403
14868044
27087844
501881212
21451497
256677376
32303435
136904142
20280009
407666947
262361355
95625680
53660409
44238517
941906210
38510946
346613431
19404331
24004453
16692822
22159580
88166476
654203
80895456
31806244
34877354
48515966
38196731
47298047
15348883
400348333
21481343
67580051
498058285
18028518
14476016
20204789
27274545
585715959
18064468
221549678
264406782
19647329
17387399
56038335
34374472
23619340
79173926
200185878
608523137
46090899
22151193
196748174
28390444
547463054
40212366
13194
259213305
331024887
499781930
594731073
97913899
206592683
336642994
19828363
1489691
189597688
103065157
93723595
7349062
546053564
831356875
868179992
15010349
246475871
39596365
806133
42809339
30457138
67377081
141702497
20109973
62033526
270569708
7770342
89700599
47370605
304494040
18886228
30425120
368881889
20692696
88931703
899620238
745339620
19064312
37174439
19995874
507324738
20269254
40532711
932080478
609131625
17239793
342755691
308439269
20689378
22896728
197087759
19397439
29748673
109608727
458865563
237727595
926115758
821659580
416592670
25557271
579064469
16343974
24919244
41858226
291810216
353022633
849324062
368240745
437804182
123974837
26523408
338335964
184704308
15673183
215952307
76302148
397998902
29982738
288967600
19684543
380301844
18774246
23931146
107910899
563947404
24447643
38386804
804379177
25659699
111457805
71593418
22976881
856506372
36898442
19329393
34918353
61759552
17211947
80021045
85368735
21860391
427799256
44215023
140835779
27457788
279217847
260146810
433348876
21910500
338606601
301928839
64467434
261269400
494216945
279082560
48873968
27419221
22486752
237975305
11134772
35773039
25375836
23544596
28074515
258135801
62555103
326183969
900775154
371209159
134845330
46060899
109221109
27284203
14224719
250070943
185280748
14788237
36780720
279061979
38162820
352052337
22581339
39077452
17391200
19111767
21287084
600714541
69031238
35094637
22516645
181749503
18152146
29464437
457492190
26329963
38292671
10228892
28079313
112810003
8170292
141314647
18919494
60878262
40069846
161076857
393639943
88575978
610232610
170201962
55958321
16211356
17355480
16342263
71528475
22149338
523868652
7717282
222909271
64679759
312284549
195264853
130433467
20141640
14612704
9532402
16331039
219946330
61183568
45014533
19534873
270459817
15143478
29750782
72583738
25087909
20060650
33310753
45819259
11268442
30835868
52037007
75118368
19372014
117428743
170998795
20056740
12615912
80311962
60681558
20427223
162692470
305109119
1183041
18953259
18020612
20631422
22172589
16955991
14268957
25984418
28074389
15458694
107511609
22180499
30380016
14718301
30614676
275169171
104786280
19595495
115108916
15281023
116063765
154083223
376853673
15037669
20740890
19335587
453189771
19530624
7376892
155881800
83844321
19424427
435187999
245789728
81868984
175420754
214554246
103944734
130478055
21528998
20596819
21324258
115093438
35787166
23280648
15598707
17801805
19472585
19076957
30004840
36008570
24967668
53153263
82939583
26551204
16409683
16604079
25393674
71297990
84358766
67197351
256881576
23148645
10921672
14996950
14287094
381932497
38650550
22479256
9535352
24733552
164134367
61375366
12297052
278072240
389974502
90221278
6211972
5391882
19329967
18812301
4529151
583127113
21610988
260760132
16960279
9350762
30083241
20874868
214509469
185357705
425985494
15811783
19534544
105527419
396688804
146593272
77852581
91504564
338421391
20841465
19165963
44905536
122941715
75503
54616864
777976063
360538044
462103190
17452527
280112427
87818409
393019217
46155954
92507225
487947762
325424005
17133807
27042513
550612446
468657939
467364372
17200545
231407577
13115502
22560768
22172516
201764216
253560282
291631619
218969574
45148296
16973333
563265016
269260520
271413771
442832665
73244642
245521460
113683399
449849732
121562670
16657562
524396430
582184525
207954932
401212191
83667441
95526682
605284384
38142380
22563769
91180720
175832295
174811472
142977623
22421548
475884318
419774645
766464133
331672974
520736382
175400886
56986489
568314365
583751897
147912967
145964429
101490514
130922325
16348549
19740592
2553151
20148039
60667856
46213956
557396029
151617922
75002501
15778426
488981650
65045121
31239408
28706024
44101412
166739404
221400909
321902940
14083693
19742143
187538382
146006944
426703251
358137010
428605086
91556718
17336417
84125491
379371328
21323673
551348493
265322366
116832720
24712487
313091751
160687830
347744783
164884442
6262722
360046324
318831260
242341864
557938361
60886384
45341566
20703607
23452598
27212119
25273394
470708968
224168895
61837009
55428254
120191932
188314157
121817702
90420314
390686728
142387540
573758769
273230244
22388326
416567293
142146697
45671898
122994639
273542042
302060274
110746020
555025955
43412697
49108112
338002234
735624769
373416209
25396156
455274431
271222249
14585409
18667799
11148162
15463671
54060601
19820847
492285158
31080039
14966658
254212528
22526911
14677117
109025852
71619198
16019108
15537855
17516620
175508142
115146080
10798802
43120012
19530437
115643685
259288589
28339843
25700535
767
54323449
20130908
18470556
120905636
32901775
23702616
475286355
515931365
76200503
73260098
22570627
19979086
213833463
53480160
28887755
141002846
18947618
316345697
57661046
18713254
59533676
183062443
19966557
40336185
20605259
113514650
158414847
105838665
212657985
34329742
25557432
74192536
21414413
613469003
522467474
217100313
30747918
11755832
243627457
794808
17799921
119250381
115979444
39057644
317052063
255765895
147941063
191007417
107482295
18099795
138615382
14999417
14396067
63513836
50393960
131407057
26589987
331681951
41443661
204711280
358003697
19394470
12919082
47580409
282867239
13748922
61220644
108441652
14165865
287810101
192502203
15238284
7793902
195056083
23487310
26642006
29756339
190591952
333615851
19722534
234176171
16998020
18720595
93967439
115009369
59560250
15558882
101304347
245946499
335972576
150636514
198625405
283054057
276648606
15694863
128369608
48357731
45863668
19277186
632801184
501165604
624846282
169868177
166555059
41132293
45979577
169660831
278560173
183170984
559822346
14431987
32363501
156652965
30894904
96825619
46625755
407912092
28075780
109098168
280857768
180332784
104271823
161801527
248747209
18534190
42857836
583627373
76114592
130153460
20526449
104574581
76662895
6705042
191110867
22757782
516448186
273895339
197424017
380448495
121733778
119513738
305059818
255903064
88473373
37918034
51047442
19345139
47624589
105604209
29241472
112880865
17785205
279834181
154485150
532156362
167228915
15353425
72894210
230025585
31909442
118626543
533378471
227768070
104297744
549185862
22757672
355430571
116450904
369133391
312664865
47595559
80304705
288426538
164796990
160604419
25388412
85897023
137833124
74760662
347893167
215927327
211204898
182039779
191852934
162114946
18186507
28881209
370589204
16684229
88722311
26236081
391889665
17839022
23587678
21003843
185248263
188171380
138139507
137488789
24132802
158783401
37188820
67094007
84566784
29348856
263457277
205094271
264551677
156622876
15322606
167154945
109039532
31496664
19654724
19422321
26727655
20405042
80802900
20729710
18492054
20610308
113962628
20385635
23495045
104160541
53018124
111263678
68812019
117819203
173912625
173859546
76667523
20682415
43313304
188419265
121774110
30646719
210611717
23700701
236424347
15757702
236916199
67359058
84384354
210516216
235707677
45310435
217839264
178733069
19502208
11199592
132504840
17326295
20275358
19902340
224398800
87978222
18490849
220058798
219404739
215092208
24167917
26479579
214343084
20330416
140735540
27507380
143552735
46938314
92984052
217743636
27268097
199313076
38309010
140057848
31382001
246845694
18243837
379481082
354004878
401674872
211860860
31387025
33018866
14620853
19394186
18887526
2568461
5508902
254781401
258483830
344026982
20610168
25489250
20505437
51580292
148339912
56380392
39327935
14965158
397361573
362395955
179997072
183227915
14224191
17374199
7233652
16069152
19387082
14190551
67720665
226195230
78890225
310837946
38852689
114345011
27212264
145870017
18026267
46470015
15935927
118938550
14550673
15284345
19588385
414038729
137043879
315435683
307057938
40734639
277778986
105965228
17757642
39578949
101555042
42080417
9109242
19508784
16232710
44917949
88261216
7076492
82962585
20088745
40713876
235632852
30446623
535592992
236543863
493261036
23179251
20041692
431185968
219920020
314721396
72961915
157084316
220837209
17426372
343364405
47583067
50980143
22214087
100834868
153027787
49748941
18820955
21111067
17987451
38716814
19045503
94120287
198436212
21644359
25983489
19708616
17070069
16906629
14431620
45536309
54674948
29720750
192118878
151127800
20425511
19912068
135583203
20236206
104969057
20387595
19051864
138044104
17399269
15904695
8876232
24148723
35866783
133794455
19230279
177570143
9297212
67096961
14361155
17268736
21158543
146894920
46686058
20050046
41188550
46644099
47615698
17872024
145313058
16596200
32346192
106110469
41564487
52087269
142696824
43112659
11336272
20513626
25501843
20589511
1186151
18447140
168865506
14188985
18283996
806726
15173610
32369044
15002620
206661388
33315010
19651284
19391595
71491041
22565221
15876845
656023
19878121
21746089
47389808
14242888
20623852
15183948
54180834
14314780
20724863
16308068
18730967
14933304
20443852
14190189
19970143
813328
18772184
19891675
108370814
116302934
247051731
351089080
176479986
429379386
15013
244927549
142888958
127812525
29219374
188293004
82953204
140638292
20291015
311056176
71327005
38147626
7054372
248181708
6307572
55218051
404938732
14711491
78042105
19166607
7809252
18174520
46822887
301645848
39311638
756475
18992997
84671632
25472273
11695602
74256759
47369957
241591923
16341164
47570376
28365517
72656068
60415959
32964405
15203664
52163732
29203579
44591137
19674502
255554024
34997867
15924493
198570216
29739553
191768822
43697928
224201904
249690154
43777167
21077901
45413510
20815638
34003796
42272303
27964880
72545248
26985345
33852508
19998558
76093
11640472
820694
23001072
109663580
75921365
38231370
283724513
29006114
32774989
350214834
19450116
46079650
14464369
13267622
116630205
173629662
101035884
15764644
15648418
529190789
15458181
70730387
16793684
116571138
14539244
15045318
16008348
17899109
19005129
220746552
546404078
110252429
548519086
329142373
72999626
18980276
17270994
16727831
17393718
3847661
18221473
18651005
31583882
16012783
16434589
11695472
21810255
18734805
15248188
23244270
44517932
22986148
187071637
16935292
77216385
19542283
456083862
221164924
36465972
485780912
318623345
534694186
245687640
18317022
16338169
39490657
113936209
203070398
38167605
322722682
14191708
19370029
94083901
14716838
35206553
5988062
6892312
89800206
112479899
55355654
69575354
40508718
44375245
18510860
31179862
153343094
14497977
332338253
69181624
64501293
52730426
17237127
28529164
229809225
14728844
37863826
28456592
168793121
27728757
119034533
59739844
357713397
344119820
364583878
229219088
331018214
281390508
365807164
528515874
62586762
402957663
30064672
137781830
283280567
351130417
50757974
291725473
131931281
61253155
146099195
28136756
185390750
543969168
253086457
62914579
314438191
46059944
404466914
30345764
48778272
93219986
86613184
281567430
50672324
23421365
26293260
184946849
15846407
16129920
355509540
248970672
453983638
439845878
98682244
20500836
18720918
43321890
132896863
24835679
345410399
20675211
372250330
19906615
101496998
26147292
54203238
455850876
472925896
145380011
322801699
463003262
137764681
118409104
47287431
184910040
14788900
102076137
14725016
198955315
486114641
367940132
20596281
299856687
484166885
19901671
82391824
17589834
252607415
80416237
22837992
19589086
175021639
40346974
98357151
74939151
61552087
343532675
431627744
122117323
235911593
165283463
22613811
105474723
59471660
120230638
20832374
201003224
76351820
149272318
18919165
47583917
26640292
20155652
17681513
19869102
529790234
29836281
278064531
425880106
35189734
466647531
438258370
525349782
79449976
17093617
415053388
370004821
19025024
154189633
394667874
76135679
152897853
293450513
127671640
540600598
15261323
46113722
130794567
165402581
31520651
42644368
160588155
59145948
292432955
17450672
742143
231465106
20479813
229061568
18464266
16442607
2902401
24165761
126092315
14997176
146681011
14159148
17944671
50131378
44575879
36330887
90464160
14880200
25946632
14266637
15208877
247153862
122208388
516024427
415343898
47349506
44294604
247114704
24127752
49021031
19368862
231475094
157697754
418928227
480486154
27649492
49629906
16799023
15368940
21879831
21356559
24733117
13224472
27479039
136231613
40833850
8431652
19608297
16181186
14335586
17174089
48880548
17761420
297091358
110411821
53413571
269447324
22529177
45844302
26657119
308379387
9480572
378784978
30364057
46189056
27512650
218813381
162000969
20036749
81619592
21314199
68432620
21434408
23058226
164226176
47492852
69044131
38036043
91298698
15174710
334105990
15947602
186674758
14275129
807095
68482420
21607378
135250810
104932975
47251887
91584999
14523801
11294522
14467906
16819278
813286
14511951
19973427
19818494
1327391
188006067
30748648
20446483
188905291
14796276
10333202
57416809
22021978
169283600
22189887
236395223
310349077
203234459
14799650
345308836
14186590
120147232
64828011
23824019
8877332
29771212
48827616
280327483
412042180
166168355
34431532
164258305
60063742
15439395
36412963
5763262
47474344
25529018
70785183
15076390
25685706
14541472
58089311
50303152
341037593
381742702
212117157
366545501
15738990
128240057
15390530
153810216
17866745
67037642
268057724
20673816
138749160
254613706
108390812
29694470
22756947
531199181
14700117
22613472
59150150
201807669
15015598
36651857
296708467
460886270
138527390
17487173
14670721
75113883
100037986
61541396
18409578
19797816
27987687
14242807
17839025
21020605
14095052
330230523
177904143
388946356
15416699
136583945
382305975
24048309
385684350
276955306
220643231
177503545
420713335
424255865
347734868
61932393
43522569
16629680
395381456
277622247
70463521
327684727
384891918
366181458
431193966
217068289
88975080
85362992
148310005
401988641
17049666
275171540
338319304
262225973
16887838
16630192
491350825
407304750
16667262
344257167
28109359
18420140
391115625
57917441
74875003
60777394
3497941
17078914
11553582
6114122
450245894
167781299
351712684
284081653
33213546
146657078
344982427
19030517
394772372
20236592
174287424
21706486
116912058
19776483
353583731
500042487
16706359
15831360
28292115
80295252
19298440
214508312
31135856
15727317
12169762
16333180
242196513
263327540
271074952
17539984
14923150
15521325
144619589
37977930
21206132
46117342
165020107
15335662
40532906
1947301
19621110
189376144
22549966
16377639
54730258
274227358
20407005
387889125
132976153
310713408
319530768
84072075
138527265
112707432
786239
218645287
15344145
22145200
489617110
38635856
402817973
484240241
128216887
200591027
49330605
22703206
25941756
100839489
100700780
17069054
36029328
17714141
63069140
64784576
132047817
26242543
116474349
16841328
73683746
14230524
72489795
94776307
137746487
15693962
27033505
17863520
796766
17392550
138575951
85275276
144727273
40870762
19336900
156603612
112978744
16325090
178078356
67615507
131573029
162489143
177501899
65709213
297034859
345442962
455958806
465101625
453956514
348086895
416643318
400023260
47376382
525288351
46461762
103734037
25711614
104730537
324048950
256461721
388574353
162371560
55646295
21323030
291471206
479802573
472121514
257325745
33920667
379041354
487525370
499919965
104949744
18076636
22612767
18508756
26197626
61310265
265556045
454284025
542351642
14660362
22239898
18804540
80917722
97868229
122226401
25019344
14096201
4628121
17506128
225096034
13145012
930061
19152977
222959095
41085688
188840584
117962496
13493302
80262276
22199970
1965301
50462250
163766870
18582812
30323559
33348270
14331347
194783022
197580516
42282305
204830424
17063508
494583213
17028578
14197060
64399747
19397785
115675698
190402471
311818858
184347929
211863668
50852547
68937023
94215989
499666925
416223088
18000189
168999982
390934923
144608619
512066116
14677919
261915740
267915933
77533
485558954
61781260
25657401
171404842
526425773
16681111
177758937
81671664
24594278
211994651
248817681
21451122
165873545
50283561
23519852
115099953
19406666
135897307
39581092
59843197
6450322
32377320
22498322
112811887
182646770
15028398
25268484
20763344
65435726
194643654
7824172
43789332
15689319
18587457
24671422
18495473
61487648
61855579
128246602
59163249
426649243
18229623
461654834
35013862
161036293
53929374
35803565
16542687
169956958
59186725
16834046
251295269
69389879
13451922
125340807
20512008
60862561
116085793
16473449
15155135
76698028
67120772
15669672
198581684
48079032
23518393
70302344
42655291
22935053
29016548
76240328
377309197
62888259
109720244
226979566
54744689
17263813
15484076
18270066
291673084
67305394
25542877
41409505
47379354
40338703
168438615
159107583
14545151
160524182
48817946
91524504
38256455
15699801
133264134
17376893
76355615
22835029
20463418
16787066
205337628
91978931
22603577
422506915
80876514
20284860
201192919
16250158
47453222
90346365
139781283
59180074
60622156
21093785
23648179
85337516
119141683
23965121
38377483
36328189
156322365
293769086
76858507
18864921
18301196
22523091
64420220
13393052
14851523
23489431
14254687
193545991
293131808
122448174
74506358
245191292
156001328
22493750
138906158
17494918
462352765
17004618
34228791
171192919
162114001
8026942
21452804
59159771
25581439
38692888
281713116
19915362
67918705
22669526
169021842
110068213
122928586
14453935
105519345
31889547
117132579
242747597
15695365
15822295
19784831
58503762
456314528
60919240
93688590
62081232
16153562
257046157
123670791
18213483
35127952
69231187
25203361
16380856
66453026
260696057
62498360
122393631
122258041
105177172
255814815
21677764
72198806
31393610
35704612
222088773
419760025
501750780
111011528
202679441
181877788
459220305
48425734
22739285
48868931
22977061
52141659
41883780
383950421
14700316
30927490
21773157
45899271
280127588
53347199
18719308
264828297
275273794
218232928
168798900
6753582
30949256
399501254
424971370
285916664
372855000
134567208
209159998
357407556
232217983
488191605
306784130
350458693
281953241
38627279
222230648
27603234
387311789
273393651
221758335
187668801
142182146
420076685
251063825
369372141
48519675
16850749
47028542
392017989
38564371
336071136
304178454
29906148
91115300
19670661
136425632
255882510
249044724
304776995
236698221
19615494
287375539
14153981
16930378
501433802
204075822
176588226
202779284
95788197
221300028
11253262
13215382
79895445
32501058
44387632
114578652
201729872
91247280
536569994
18583722
20244875
124270074
19977759
328634628
409486555
43963184
21982720
15262791
15110240
79209615
111376298
16976126
25482641
245061421
273937489
20235032
94908371
374244280
208477903
102934749
88425861
407002473
65330268
7500192
15102388
18179554
17285878
16857753
340501364
10342142
309978842
384044177
14410280
209085327
25087685
12742022
224226800
211017570
192076119
482535665
84335372
16111360
377798070
91639946
26538152
47019714
130617716
1211311
3439061
255422228
79553377
85814997
13683482
132512775
109323518
402103720
6320592
135706754
21388121
19268706
29330966
288981847
38932246
166243815
16959340
16789847
8859592
99103721
42684383
242645565
15612663
21129812
823980
14118029
96922874
37254906
19408213
18991220
36429537
48726938
137460214
14335880
24596079
48038030
363529473
14493448
7804342
5959342
411019226
381129026
517258767
450799556
161080006
351846219
68196996
95077280
332066592
369490998
406273826
49778307
119068918
410130537
271092948
152264014
411438718
50109741
297633287
16073550
18091139
106172382
288740868
339791920
465783269
212853504
14075928
490304932
20911596
142608366
25125555
219054725
236712679
88441571
229735682
16779119
54369552
43497473
15224804
18149142
32488919
25588400
23004495
426216019
9434112
88776580
47134435
46242241
109081184
72884238
5940622
34712767
253220970
14093388
233806913
103584930
69638508
133038331
124459427
15275677
113439399
68621933
27648752
15462317
243387520
16457829
93481383
16027225
30529714
60767068
52437205
52270258
66677044
255297301
20216868
410048008
312226853
35019906
349212545
24418718
294137463
15301682
61579684
22314378
14456226
188760145
28145043
35928501
120454738
84114313
16223542
116149454
18586983
41521318
62675804
26984714
86045215
119514934
206360939
67216469
16376008
68442170
300022206
15707204
168508680
6642792
121576231
15532569
22567138
46769640
19359880
30762758
139531897
341620903
14095549
56694282
228476377
57056537
15998519
62756955
72273522
17464788
226910162
34425259
10085872
82593335
6090372
95931102
127091266
21293089
48580028
225941523
17393998
15964580
259545610
46952922
16092470
17481984
15499867
8813602
4035141
31957766
48784753
28836361
17903265
105236238
16811701
328938345
54883516
9465362
278718874
20275773
360747142
247866347
17367838
46424263
39865035
167426475
93877356
244119356
112496787
229335559
25202407
274211077
253890884
162895251
22898618
47479606
189742753
4209511
56047798
50699175
362578675
36070003
65044189
181737757
15879629
31117753
314901898
71546305
18117833
304880098
153558139
211741712
393799738
395720264
18677951
424161693
244233786
33591540
223925961
32015971
229315755
274108241
50308435
37666708
24274948
11791522
40835308
159765441
89217670
22500188
33657355
228740793
14202246
236550946
90484488
19396560
170547167
156829596
24530194
18721353
50128405
49772897
28698001
14723002
94440954
17928145
17344265
19949951
122146853
74138037
250265828
77847311
23077161
172869874
59833843
207244231
68253996
15520988
28917754
35890000
157387899
110443463
232287852
69902787
102420077
87406057
16021468
65717033
184200867
33083079
15209862
20985003
168667074
128099524
17816378
17922632
96616508
15443890
219060382
42915601
15426691
32635706
24919308
19719380
16967845
30544508
18156966
15174079
445411723
14163789
24880795
120153772
24750798
14800620
41986240
8192222
20800328
115589629
21811655
31418514
17604772
40129986
15981158
52726884
161086220
400479746
218535509
225187890
65672919
45938098
98398790
25583846
17011177
21351460
25220763
21711635
14588077
310687112
18094552
15765433
63136498
38259954
22184329
30513693
56788628
16210522
113262973
115877639
67319718
25249798
30695346
14405285
50310311
102592901
149208285
343910495
342017018
17766477
38751529
105231326
49352532
25108518
140952355
16264626
15415604
72372970
21041166
45934467
15357423
269953515
14215322
39346225
16878206
15113650
80568643
23188316
18489148
30752163
15266002
22811188
36191823
14764240
15259106
22513140
21054806
73779741
80033296
38401173
19015907
25344328
62000272
100747431
22058884
351103908
16482656
46693500
14227394
68875789
17789578
146671220
14344784
17137628
209909156
19777749
25916697
20977851
37517005
20861943
17006036
23966894
29979814
14139584
297747487
51426896
15935383
14615094
15922687
19587390
17083913
15754470
49812665
74338355
33309477
16130356
264176336
15147060
14342366
85915068
193365375
26256690
45618045
444185792
44485555
27031487
44879698
20153725
81614156
16222904
257181222
233631389
141188735
76986874
144692497
14269172
129252801
27221778
153209492
19086859
142818316
928481
50239585
16906308
42256596
29233666
54001505
289420613
28626462
52170441
885361
118464183
63262233
629613
15754851
173976359
32965970
17179870
16915539
180764930
56768257
16378093
17233573
26786095
24291804
171496247
17634365
102356834
125181345
8410102
57013319
22162854
29673341
16170115
21291875
16895602
28145061
782010
16690297
85913172
16703461
4099171
44193194
39094846
20162955
15683
15588104
16378267
260959284
225634187
14177942
30000912
122152355
48269483
19530289
33507518
16314021
14384261
355523910
64809827
