624887688
413521530
1395480782
215791535
1534283196
3314164657
2997198094
1315778994
3371671300
2411802343
2339789275
2892255191
1325848568
72776342
4227790067
2551777742
820654448
30959290
2274924564
2922266132
2188255635
2298374491
73137927
2512929268
3342310396
1942279500
2546409529
1351823724
3002620114
3321502752
76131466
340754719
534852586
476356400
394914022
3039430925
3033949924
453229677
209192530
1144143380
127151020
1012114657
2258053195
2428045835
1401294686
244694540
441849483
1692360259
868576016
401804071
1722886050
2575251312
2217035622
3389428245
361608930
3318912279
2799085894
363811892
635620389
3462987853
1661122242
3375960868
743285078
135019364
490916798
1273961408
14837505
2311203287
3434509331
2312336851
2357688723
393696247
836363622
256867989
3296823980
2171788733
547939908
270360209
53560165
600333766
1468351135
2292059642
160057437
407586506
2760668843
2950640583
213112394
3436706925
611069849
2266167497
1362865086
1038858086
1020161059
870726097
556423255
263241258
553162598
3053275452
1856350404
3076017064
392335899
295989828
397636679
45972667
3135447923
3395022767
2808663432
2496540542
257799896
369315294
77885885
3123032632
15290441
20567939
224044330
949018086
772650272
2668202845
346660895
587149080
311461723
2721107693
352622772
2364079762
551149727
785636930
243423075
2997163378
740654126
2651405227
2231294444
220343896
1186226905
3230392585
65072421
1477152229
462059455
295469590
452716697
881445841
2195024042
860613955
3073876253
2421202937
2192030256
805721372
337526501
3220170503
3246226133
272152883
18825961
155705264
17174309
2154537682
883367431
2683435461
260889938
2629199511
261508442
119509520
3183456661
3071989334
258105186
537805242
2763447567
498193826
456314678
2288832264
704029424
1204567627
1263149989
481701275
243287822
2826529924
1708988078
1228342358
3235627210
857323884
3215143643
402960491
2245037743
424646759
397630111
559015585
2174953726
2180606095
3090320633
497342084
3146230497
1035530096
1564187400
31679964
445833548
2487631600
155362010
959368975
2969241873
430196408
1350031687
1102501692
543051211
946836146
2214074639
547153621
855690824
3109228151
405636402
1324759988
2529984851
570475081
559075881
2196679460
1833995336
183967922
1705793882
2337018953
616201544
3060478669
2583290925
617707303
763148262
1864218248
366401450
2492060738
559023992
1058860020
2166669565
3025944058
1924676430
3005037280
3002609165
1576139017
445653364
255380825
1646425087
961440224
183451131
1049267064
1858486440
812320880
1115808744
2610877555
338084118
595183524
2997090850
2882031694
636594798
2755481368
2243817057
2914735775
1327187419
2861635514
588732332
2656655278
2801153218
1358757067
1450521062
760366663
2894741709
404576893
2718391663
909442410
727685912
1104746700
76117778
2685863126
1109145583
484382909
2850394168
719592991
1421979883
451103179
1043220751
2827813793
88835474
2821027805
1426681890
286364882
2507118476
2715323910
881320963
96333216
357655564
1862460084
2859687845
378954234
46775235
1311545300
603680129
474290611
550767482
2715706283
152724518
2843840141
1421922228
1557002180
242109086
2577219480
373261831
2799362458
2469582172
462476406
2803790033
705669442
461787447
882518370
415240055
1450166594
778853372
2400029842
1702701872
801234320
851655690
2448149053
746615490
2379877671
2425682615
421572785
351047483
2772683075
111742555
2769754006
1945197175
453012029
220472577
2768188019
2737843167
917999268
2644205158
2734079987
2708441299
493682347
894612661
97081593
1016418884
2342169909
2693666416
811506516
2382197237
122840704
166778816
453664346
2199933581
2379369569
2549162515
421343660
2458754971
1965569821
1623168146
2565713879
205736054
2148693998
1066791979
2147538317
280271390
1296408973
2198714272
1973588682
2379810061
1452690846
446694972
2533164389
59249861
864629455
1643102436
2475143658
2503463889
556123782
1272474368
1898842453
2515825702
2241322250
425473506
2317109115
1038666241
523932105
2507249266
2327106557
256269835
610325426
725151654
480053613
1681586778
992157264
954588709
1133913247
900763860
174887622
907290973
757495710
1473800552
1639105224
539553882
880523641
806175457
2356164256
436053582
930657547
1864806961
182236871
955856658
582471274
582768522
956068764
2340268217
2423913555
383253049
1682173064
598439445
2346043053
2354061903
1019087041
1314680449
1027451888
29291836
74316247
1347633884
2363413929
2372548766
593125207
818045718
2373425523
572749273
1010329734
2331282581
2352465158
598509207
1038640855
316871392
948801325
623331090
542711259
2262419968
2194926345
323637431
1541411054
621728517
584286589
2346261873
413468536
579397501
765587167
296623811
553654263
422747978
2259480159
562478203
496724677
1202843844
1921472966
517966771
1380988548
2316193057
291951947
216962111
612043406
2162434439
1499176489
969470491
2263044911
18462157
615327083
287183005
1603859215
601672087
513327085
488090325
2292879130
479148886
477429181
808000423
716685555
2247455219
812273941
361366797
2318113023
500577298
1679538547
827826055
21636840
1471014966
1499804689
574195143
987990050
168283739
399085686
1546802972
797396281
2216535788
989589404
2298251596
1321629762
606719764
2298433553
1129666783
342223286
28211427
911672300
1475526504
387975498
30725663
555667711
555572214
155237765
1034086202
1902520957
1935320839
1545945816
537755119
624281957
1106479536
959271366
494429685
2288864234
2257224201
324617318
110079891
164644430
326919245
814312111
777156793
276675855
1424756473
406075462
461430301
1360652772
576674014
424651640
358425667
1050807540
365819456
860738101
548170331
310072711
1350846510
34784077
75089259
366743251
2260869525
1050987830
332917972
811910888
1419563640
530893100
503940388
1164234295
1223829494
351311768
394385141
503724670
582192665
1045891476
595982686
538613656
2157511257
700894431
595512866
430397354
618296900
1390841119
586927557
275339675
635665245
2165489336
1226646253
1329872930
1375861518
2196347698
983423636
2180036253
1639752582
708456868
2184081993
1543859430
607231307
612009655
625111917
858247494
493717935
2148996209
182243241
569001367
424792604
789957594
1905244028
1901758837
573178067
23648057
17929027
27195114
393446230
1155748008
47823711
763135350
1053795361
619450679
451986872
1322998626
1429187874
1043102088
614645582
355064229
621221776
781301881
477352855
330509931
497511041
41648843
172832678
1406523931
789918684
497457417
1657039999
197299014
485845737
857301895
711901735
1659039991
915080916
603602677
164848264
1366047218
1337847162
68047745
614512512
616563230
23617610
236699098
306886742
1195744975
266253376
18676369
32309773
948599364
1620847519
968993323
783558806
554968383
292590538
1315806624
181561712
855352268
544712622
730328845
488048054
1604879972
487843424
23489663
255388236
541729151
414505632
1364590902
1373225510
38322608
634044646
630294973
311657962
506650876
437030761
928066087
397960425
1043103127
71456136
1250555209
1167687565
84230077
1016678226
832192411
813918104
1151867078
1172828684
1496187536
940262078
363376638
363270677
1465941668
365890014
629925588
422774679
708359568
1191292302
369380634
393111615
1068529645
1367765610
1421558509
1152354110
1401226135
552005188
63256752
583452083
1274083003
1332694724
859012218
568548985
391041018
1239401102
1170842779
1045803740
234590514
524401299
812628258
1054139366
536696400
228432747
1325396347
1027166244
614643940
275289975
754640160
349065874
1078030580
246914230
702285218
418282956
92387948
478018019
375287689
445930683
542131222
536383693
517173395
357104742
866863454
617580140
765351648
1000481222
27260086
173049926
437225133
347868777
482650335
922644080
501221244
764031439
480025775
863690676
766800918
491237397
851458507
477479201
822096145
911839027
253095634
505226868
237544653
411847912
448565169
363524914
462913456
231211233
572987589
896806111
504782235
315472891
106294081
314680387
431128009
605898560
600161111
386685287
299384693
368007709
558187780
617693177
414284836
719192941
501256920
776974460
783355146
774974724
613063156
38885685
612070142
567615412
364031702
453546731
425417795
627664832
623351180
434638841
564124412
596916850
117830577
502351079
468131380
148172259
464011684
585684632
264507059
53243169
594684964
361409563
442321458
71379217
304445646
479049180
520724248
455908619
549720815
525906827
233096715
420049738
476247628
333174080
402674016
44991161
520129727
272557448
419230774
558704061
181890736
320324529
243058519
235707770
354052633
450950666
407452643
315868330
575682245
380648036
70846655
409436594
268943568
553320816
533816593
40318741
430969231
279306447
416084479
411633360
174769886
419988897
434598702
495988776
380541506
335689431
30696806
551414724
178166268
189755339
399818913
551303865
37347561
233613096
483620102
501926126
538671717
170107572
96245578
410215950
525930522
334884044
431967369
311713953
410413978
339407886
459916070
515546197
423010054
542220201
503636847
362058286
424734389
368432529
312833106
312728143
402456775
285943069
419962588
285315527
412655130
180876486
363285328
