233473841
129235890
976497662
2815317304
459390022
87409590
2827276757
18513241
65643278
233601135
2644896286
454959095
72367606
472488467
1057645927
257436524
2377031128
487452343
759433657
117777690
3000550486
2188028873
54476445
1965905149
197090849
19000029
1579935708
55625030
39360648
1113836640
980430397
614494411
1448867052
117688999
2449782565
82063670
23581907
2244564214
1957125536
229446071
16589206
1229074621
1565256427
968138851
24004471
1031086644
296185379
424172722
275169171
576665121
103550181
9480742
1911102950
938939070
818991752
3296504462
1114887434
24186750
1282992704
437814330
620077587
500821913
1379955757
4202804861
2992425118
3378785807
330231224
35216399
618459683
3390098350
2924992701
2158715708
2458402670
22056192
3592010423
170791380
466090255
4151416643
2911040980
374699155
2560601547
15947602
397998902
46954727
128216887
59240990
20768539
857001662
3001184547
3207804497
338564749
2902738791
592248104
259389711
609471321
835306118
83390236
108726312
158403296
383301191
1969449174
266639627
18387357
538141971
227744491
21807741
181984719
403647191
856393128
36339766
2378766770
1511123610
430192464
3084993203
20767195
245298788
2673995912
232181626
80606026
30739598
2300289704
2498176631
2277635479
831827372
414825929
2824728951
2290269306
3913373195
134503130
545062246
2308954104
366721494
292252720
1384441244
42268656
484197914
25347088
179560864
110437588
2695628859
1903372854
460207876
1938891602
3963997138
26466250
3346390241
236786170
1879017019
451506840
20280065
2878411998
621523
2346704239
19341887
2304671588
121502523
3131144855
14700117
3247938034
160150650
17836555
551426814
311951296
7394772
3387504515
23594747
429533485
3015227091
40677039
272019676
61249886
248639533
3362016513
1652644639
581782385
1938903559
1115196217
310187639
189060344
714476900
17895820
622113
26308916
1464302912
19964034
2998002923
2894725648
114718372
311612708
465973
41345927
72839321
518777067
93829220
3289917483
17438751
453856839
1125937411
544393294
20928297
634569638
2313894266
2182412918
2572912839
166120785
1536650418
2566535282
2449514328
152656121
3832681397
3031838684
266532801
405605548
204864531
2916305152
106498449
410830206
2543779764
2784682286
405658492
589402974
208163
613408591
357805905
118754839
3716883027
18809812
159256628
497874193
1139754901
3382242892
589016726
14431752
202675223
55459700
2319926779
522600515
15127178
205278393
353354174
130778462
459678311
21001027
612873029
108558992
3099326489
404996930
76395109
18643437
32057411
47825185
51429199
185340055
424954454
2659547409
58878529
2489876192
241123679
1456258807
77776648
3139634304
555370896
1648428216
3297800601
2868451378
17301707
178783192
314605066
42230810
2147604445
370050190
20669858
64714144
171500152
2734035448
1376898680
2320380271
491530957
114966196
49070781
63180039
179588204
3380063728
160856730
2203566476
111074707
44084579
28077178
252610507
2586966811
406842374
442987461
347405401
3295217836
95070778
1029073418
85307509
314457487
3238487386
38274009
426763088
71348930
3318784576
51701160
113667010
3290859850
53856288
1598184307
594038690
2219640830
344160041
1112874996
524041962
82370383
277120302
893568606
124242994
59567866
2976796559
183718664
3179662599
2906130702
575690565
22398060
2598643454
2995499051
2863814914
3247698401
36917455
3028809214
2900433819
3069712131
607019692
2860834147
2228659594
301523650
92958211
2166482420
3132778793
197815895
56363520
1713876973
3032593998
1111441098
2962514128
22836738
217158737
2460515510
2429497027
50109015
943718186
411766817
1351639921
233933230
18823611
148361988
303155064
491258068
2753315849
20600433
1492609771
582154486
2750688561
1735390164
247796934
54769979
213938253
577410031
305753918
785371878
1357450045
232940110
507351658
882979676
197544857
2715024883
50799693
562967774
1283104700
1365662100
2922225476
624663282
501196426
241536891
234103664
1360213428
443934787
1373108190
19358213
2312918584
2889283013
30646551
2348008207
1651027262
19430780
1428434406
2497058718
632256407
506420104
3049741025
3076033144
1540403462
109834320
497762333
2645609042
3035638353
2710585324
2174732415
2422587631
591200125
101542501
1051300538
64498225
27285652
369504645
12975572
3028881287
14953344
83415687
2163373118
309705905
794610662
2881601091
1346423886
2900673995
58060019
2973645263
2647345106
132111956
430611695
2269018154
295116467
1371803480
470487223
330568541
499692080
523171087
172063115
365344176
2723990919
1729116158
2760603875
235134742
19995550
1469630155
1943484187
394647614
223539098
336162378
2417127559
1738351286
291687431
2512732765
1356384889
424620895
122033106
143067985
1509803635
2312154570
493239913
1272525324
169083220
1319784997
44126986
1720489850
599353644
222308570
463814917
209176493
65426868
2518711782
19584929
2466796345
1117741442
328508858
1430824692
798739896
20885574
106825303
14367719
102136956
189107137
2410795266
1412590141
389998476
955265046
891086756
164794909
91022706
311619290
266479059
76299612
384216995
20138230
266094415
35724618
187830319
121386546
28172574
58379982
142668282
103847168
217418816
82113081
38181641
76310007
19395622
18134929
20038272
134747324
26638335
2253744271
385537142
394882046
1454580751
841973575
2525368889
183735133
1627981596
1475062723
1342266463
7584922
456822473
2250738080
1668371516
1344750589
763715208
571261953
2228049900
2424058477
19485684
452468277
2230375380
26461339
1119456043
1577442662
26333969
138863807
191011966
1666504591
2491884212
1969630836
426135823
303731228
2254482542
1905017893
2510294488
464956504
342822563
549385302
2411481721
2510245048
14785217
1230349213
618633729
1851981398
40003471
1621334796
209068501
122100436
33546465
194512268
77699058
2330501412
7349062
223919325
238202709
1366806294
378538658
2315504888
860063203
965950574
139189395
1136561760
1453629212
585100610
422905090
1303304299
2345406698
467795568
1364478080
384987491
20673976
193691287
279441286
335841427
546767820
168786277
1723415696
1246134878
1380412302
1377768793
102790349
416513056
297639585
1926722178
41680711
1455296102
1947519072
1035407102
777907376
276482207
19068720
310643025
556218135
1296863168
620791139
353657708
555571651
1466713572
1587669602
394268012
97713661
20647229
1216457720
306833554
285498516
1498200841
1103752969
866702268
36912401
1156931462
1191393788
527073540
239503657
1486719109
1627860380
782303490
88168692
562072863
240864215
563833468
214343084
1351573820
27789999
236176357
1646520235
1279781076
1289755992
1281475550
1278637981
580175227
252515221
985310174
196672550
1130719892
1628280115
2497221
1289069586
1454663112
1073701548
38169119
1465451827
1334718348
630967489
420504797
37193021
767646206
361182571
339198569
374705144
72004320
19750951
210579538
1541961049
47257775
15229944
31085627
60056758
360173012
251634342
33181094
1270129309
21565433
296410955
1390351466
292402321
1357933298
338526078
253710590
233667091
277983442
1496375624
602075388
19906029
932754481
483816267
456713885
19387828
47356573
510375677
1197615487
586530831
556028154
893759190
124942059
220755634
19580890
771486824
399984059
635804991
70475805
1035351632
1480527792
1440514909
1316049348
1432553046
1368011761
14637171
785280518
104509023
330415932
88644828
1382789960
167518506
941492203
627347367
1382362218
360748597
463729996
1382675114
716088566
37276237
349599564
343451964
246838194
199805985
369365109
107540002
1265235926
1166098142
15132515
1278580476
988801152
632229082
1088790552
158470830
1079108682
1372614338
18975435
24869581
268968052
257920422
1359301591
621969422
25532557
836108300
278524970
467303082
258686107
247696068
801293096
315874333
1164636264
1194870582
32955181
893041296
553533504
1257075841
1162899546
65390765
17481977
1145029321
522467282
192569040
485922167
18949452
317701896
342701727
1219993976
309161662
1126278733
83424674
211552686
167384497
55878321
499023171
18117588
86391789
1144857776
290061442
395833138
10196452
37284430
31200881
402370560
104268624
104265535
134459295
104956474
108750155
523085134
163455976
21298953
455667774
808871256
475020030
618899770
488480265
16133530
888361369
110103937
104008450
79983391
78316458
17709483
212229592
60687884
472557970
19076408
1061668814
341065373
279238668
19319335
600137552
480543668
57011346
426541804
351009963
410319182
421254531
63078227
921096210
960477524
139814438
3822251
201645670
919423453
376687986
19527662
434022504
742924560
387260018
334682491
342697424
40704477
305471038
901983588
171000782
64345744
271446110
40878868
242461377
212881995
83619807
36982750
932343668
254951091
820111556
384951617
151992686
367757734
462824370
397852267
143478208
189140318
8077072
17912982
44093781
225022310
249598275
71518993
288736025
20046659
300222276
279712615
278151689
190205220
117398880
228461444
244106579
278952331
15307378
214870380
275439718
242714748
237795291
237796198
297992141
211609443
146527302
231186941
348471719
239789874
343921319
321927637
167738011
348974190
321890719
241216084
106870770
117118097
364488011
360644414
259288589
119177810
402810121
285648698
189123433
497225368
494786363
389363587
456647336
310311409
264120820
285119263
545253913
373884286
282756951
44851781
511779792
293421739
81555282
412249834
107522451
75153817
421188415
621533
147963920
143426696
219275799
493966903
551844227
274126485
821573964
506463738
770370043
117360644
237662193
884189455
77820032
872005440
243299535
889880072
14908644
606181272
914285202
521477756
855444782
832877900
15209323
567433299
997606465
264245980
130109576
925682276
498677047
123979525
88051747
18904582
395887195
27747282
308374431
21857067
394581391
581855078
140077827
331672974
21094865
252030584
44373112
235305578
217203322
127244216
148714212
80588808
257024381
742143
154553966
40242524
260792221
214238905
266166511
226889848
126282577
82824538
14650890
108311626
175400886
216314940
187174284
200063850
50433416
86412097
35189451
265871922
75283493
273875916
111553359
326080724
254935894
282681007
66967746
44679571
395836614
478559402
305252094
218063804
18906599
20693847
19386443
232657011
20053228
537504894
492119697
367079590
296695426
315824483
194047459
233293119
512157196
351761886
331217463
21515889
187558454
14138785
321992591
534187139
520551108
462259820
367964648
29561053
411894077
361478891
532055014
607511755
558139450
142640919
320717995
326261785
162444192
281512298
501982993
19997800
372184250
365996815
615313744
19803850
180102606
42220881
60546765
819254126
24522704
20363722
76004287
433614188
355058285
285144652
174573162
978130530
872101974
141337990
20374262
213632213
408677534
278218687
818102154
15608254
14545046
56908710
7587032
903444612
386580167
309816509
248415096
361855673
353590968
41353174
36929721
223818411
226940312
21191656
196783707
175331697
281947132
109545674
43306157
251584596
42536507
148760536
273543557
83212338
96637739
79988103
249236271
323267588
25815096
191957118
226694434
97868229
335798015
55197370
86734367
317666088
163021576
242248605
253955439
142245222
216501385
36054824
19902377
252812793
40015678
14783435
364188422
268497746
176140085
218442052
34757981
85831393
234447761
53677029
397504752
529310177
546596770
541004367
553736537
19778310
92296158
34938622
30434605
541131381
560216825
334944709
45881555
138037459
333402511
244076784
93706808
27312821
302097357
321346937
275048404
215700986
127221497
241075350
65327819
493191659
33931227
384388286
325970708
336724363
79454618
54891364
88911579
179960004
25526491
17632593
538332870
555514122
211608059
298209685
163524918
208115800
64346674
213708041
82212094
591844451
260751234
378662756
64643056
488028839
539236904
20950957
113050195
6017542
14190551
250600299
287826173
217596280
17001366
119076267
68758193
237488167
554527155
398605365
31724273
240339489
173101565
804808236
461827669
142741036
580089063
407724136
242718704
143415291
305860447
6467332
19442522
605497558
114407857
277050175
76067316
429396362
203128038
124419874
208058457
24234166
19906615
891300631
569040831
19425444
43077689
36926193
87721279
117060803
43623294
61437717
48734176
95008927
89494940
58509348
13280292
216091116
74193133
20514923
117800423
191372406
39263783
158479424
247235923
36969215
20175921
17872403
134827113
35704812
104197256
20092207
255421354
158328795
204834785
167105625
308474421
23200135
339817204
296900205
18633352
612473
127820842
356074336
88161009
603126135
312080286
586615919
347936156
449253404
426234052
256444687
217862315
566746136
526779510
578568159
513041178
510096724
15751186
118689673
120077883
343890233
585590134
259335759
155328844
801429439
532146365
482144484
160968698
870103454
945904669
5402612
8170292
807095
3108351
759251
4898091
14353202
87416722
127360173
33315010
101002059
14971048
83814679
84552659
15438913
257074358
388750059
143023817
23937508
30345364
10933632
87818409
302246716
16973333
304958401
132518207
239463528
373468913
21866939
374475760
56665723
14569869
14342565
477177721
636157674
130456459
38142380
157299529
41793843
463053919
