280223299
3749595381
2506707903
1606861766
1056084356
62574622
1026368640
2743236254
1437974138
943724821
193007561
4050788054
230308199
66683984
2394617820
753771702
1473688010
3810203414
416756090
2784900697
252422291
94308992
3291696223
703192694
25531164
1166118702
53005685
292588509
1110699109
462764309
296021518
762311580
287941099
2787414558
33052322
7563792
631516644
130684475
1478248764
309880851
4128211583
3342025354
353335722
1847281562
3654928394
1275619849
3180020592
2675283853
626071785
350882130
1911490032
3331934914
20604763
108571692
219944606
493977115
1004801155
44383567
2809169803
228678803
106288078
37383491
1494143016
550318840
262732040
3076094401
91314775
2339333214
20769446
3696697697
413509852
3070319554
75519076
240851113
1718529396
33653723
429237752
724269270
3480633699
463990483
115304519
412394810
336186006
308439963
2289996714
213172166
601741330
475201473
2977132066
2176781462
552839351
584371621
2537941787
3948748888
46518690
2480318948
119807651
891045422
564894364
2154384166
19784564
76635285
3402855269
3064840772
382376255
3144694120
454547932
456143026
873661225
22155155
201124718
2695743255
2388573192
87724845
295172549
1256136907
2413284175
2428825482
282230896
1090303602
1610986760
547237339
34085443
3050854401
359242197
55194255
221124306
40314299
2596972556
3300582562
2808477291
1634019110
168737573
3031716874
564046033
1013333797
2763162896
3556374436
291220589
3239004083
2505224545
3357378418
212685560
3313909561
22403232
138821028
202374429
2369929417
241776007
493543459
744012134
361724123
276141903
28775590
169859229
1498194906
260827099
3279114284
3569612181
3372085365
3314172555
149482213
274816497
2801503234
146338537
96002572
50316406
1056530263
2361513920
488409711
193281164
56048929
410999683
1209932989
3201009250
108950251
604797605
112514799
105828812
2790626374
295201848
1114845450
1732471177
151014101
44575476
1513793532
1202631668
292261654
135297270
1420477466
3399497999
42594947
2564169476
2807706988
776787991
55419844
383688217
24667899
3407295905
1001987942
448467624
3380365155
63561958
3426223575
50567486
918525984
2265936042
133192249
3098273959
986570430
518313048
3440104997
401313177
557409865
2456969577
1944175704
2957123800
727228051
15383072
172893394
19781566
3198364749
16081046
5943942
613523974
2862633748
1448584789
223847564
24786378
2763867930
1537334155
214582030
3293356545
93034083
47465660
317507628
89026757
2353173013
238914993
89062092
424157692
587960790
405722960
250702492
109330846
803468
311106355
1097798503
18351127
336541509
192894437
24138747
493320423
394986531
92410517
159159108
82916196
399274495
940077698
150989432
563000437
285152195
19381148
370140896
2548029770
22927512
422194521
189572508
2396697645
862605476
298060273
274058512
3221098949
1002006067
1617387524
141223563
757521739
3379234318
354862223
3279048061
264486185
61944500
107469615
313236390
309366491
239617347
143025607
990871554
3186958058
333026041
79449890
182285164
60182977
132990806
26036991
45750463
605527521
405196012
2457811999
215224474
1313711089
971084834
685513
2279469644
365971613
2387982738
17065932
1855297514
557935951
97497690
253229473
153541060
300964216
2563240555
3033103545
2575207820
3094394933
49049897
144893502
28631611
407022884
2312629124
421682577
445002965
200184788
1537585466
902710272
3362125089
438256933
473328850
2259593995
1341554642
406598182
2994711840
2919693460
123208921
1711031005
459561534
37921383
294380432
170939914
524612004
3311803462
90138778
15234886
20680079
3392179379
511100003
353673755
283423538
40480933
501353316
321533631
386938320
158856628
1272512515
81107994
839594660
89965958
3044597578
233899912
3421388177
2761531355
380648579
382901694
91402003
2792830954
3159581464
395929959
227833053
3310863452
965434963
484248350
207892441
20703024
112523913
2519435912
327736574
144810550
432719720
396098648
236552360
602099244
714812222
1324839714
935457468
211063160
210011021
3406082507
252152475
972525522
1963370534
524022648
290783021
16295614
3003878193
1511622306
770406818
476792321
333507654
278375901
130748760
3395357158
32952592
2837748081
2711929495
266984310
1506081938
194142266
2524573672
634241340
525364778
1377633308
357759442
3375085995
531200899
1916815644
111195014
613682892
3216354889
36990580
2653458367
1573037484
1606135327
2483464704
163454566
3299213458
297061383
471181618
116581650
35010868
2326545996
151531211
2871281241
3350677371
2688307755
3239383887
3293659673
14138183
628167617
342870547
1421395351
40363674
510800263
238260454
109399420
491874320
2270988926
202635959
34625042
596278900
307647069
1611867972
2990582679
210746313
210348215
262388835
145456012
2190056023
2576101594
2932648024
123857277
19625131
275241710
262443429
910179456
185289255
872185597
69470689
354832036
897636396
29903031
71587588
1004198190
464065570
19647756
2206326528
991071265
2681774473
37276674
35076378
189098265
55200720
2722467835
3091257823
1178700896
4970411
17739623
440923341
62985672
234829809
327000845
2227125732
2413176055
601044158
247772295
44699893
50732808
14304046
1185956336
78652897
742143
2303605429
216825808
458508444
2379880690
594408260
114738812
28327049
2400123216
1004337115
138316913
37938742
6017542
19361374
16653237
992540112
2180891689
378654256
2313982092
484815388
3026561519
3350627289
14275129
2992553140
2458191209
1613077171
635727157
794117106
1075208192
234330265
138401594
91898849
377930670
1860159253
3351262821
68765274
3232050001
128207177
2461037645
341065863
384295121
129673650
195100261
295909853
241303374
24174356
214720856
451019174
46289827
3042048773
45966258
31154492
33647344
379432964
1979060982
2274266995
37419851
20142549
14998538
1021962876
3325724597
132964420
243463381
2740776575
3240267514
64083835
2470746092
34920344
317704330
2994351143
54231056
1935695155
191940143
408021758
17803612
519307794
125920631
376539823
276801200
27732845
188476282
1356684936
411829091
3327926897
232248543
110670462
2901927649
65536927
171828641
26233482
3324773531
309257531
2940027003
433926335
380697851
3141840529
423265230
85616497
2619360201
88648268
1660283690
999681829
66395800
6211572
323935922
7411142
316389142
816192066
253408329
1942223971
491466018
159638593
39606379
1417296690
3194385961
110758650
166115447
63788496
1197615487
145427816
2214752014
211665755
226699986
2770104545
67581688
2511441026
493319351
248265624
611859635
154382263
3240922548
3313158447
182329180
455030116
274007231
249992878
2205905099
169824883
163597233
140023183
42384760
1132082654
141317278
3305770335
229488471
886693554
236624090
3166289399
3231164000
94406104
17919089
154830501
548603581
89053023
3011505899
3153081436
2763220802
30103603
17230705
45888354
36346003
103074420
243958590
230585691
349584870
50079244
303765789
378212288
751813368
551219806
36098845
532541046
1169188952
3172680069
300276390
3217023525
3302610153
3295472740
588734296
1565422195
291635154
18672037
102698077
89767892
26247581
236582211
410824728
124848345
248017585
84358845
1355179884
459364539
296851994
572822383
1678152848
566406774
252066706
3149023768
2542924412
1891268822
14946736
401488459
363783421
260419113
216323282
540310457
637273496
360868916
132296081
320730589
1884017522
17629860
271450681
21075286
16241871
757447207
142704182
517052645
1968922350
744972390
1073354438
315931130
262420024
127528281
2827144201
29748872
2420492984
111051348
15248833
956053484
1500048955
1058030198
140194299
436170555
256441366
358670318
3292886553
2780900593
1643681816
196321195
1733796668
3060075330
979017936
1952606821
216190585
426525245
518941892
73181712
17436250
1576165646
3239587678
3184246001
161093510
104457393
503586941
2957398205
419579318
3119288134
787279123
262662977
3031979328
486882702
272594366
3029511983
3063219926
2342270682
838339680
2845181122
173840948
235307882
170406445
276977935
366545501
301620963
354349555
75136923
312177777
3198202204
2969699351
3253489582
3119364852
453081280
329566736
3213742358
281160846
3054579034
67958500
189184762
66353848
127661198
3130912661
625627262
148326724
378970697
50213302
71026881
226793793
840132048
246458722
149707390
67971122
733339124
502891711
118729072
355654307
2712082824
3193506854
90017305
1418296926
610115380
40924038
188357202
3219079054
601060596
3245572079
1679324774
436032680
172888961
324968850
19234681
106856346
8609982
14370446
762556831
176873722
2591093094
3213145492
348471346
496353448
571033952
741378469
2596404414
914882455
233780983
42427992
23839352
204852668
464820730
307844354
2927925407
2422665181
3151871042
410642981
116564124
2324392806
3121673951
3200981626
1859149688
3142842480
3092636770
20797309
20124490
321048763
2501624447
188257083
403871458
76461145
1040420252
861083240
3179808364
2416038344
58590068
2725202947
832776859
115016401
124255858
23691056
244214563
3181097594
19206656
104796020
23509100
2201733992
458751345
293016724
23136413
990652154
1681057874
83921570
2766546244
529560078
703571964
223416361
3214577931
199859917
251117068
128899445
321284751
3016235198
175176750
382242713
1380594889
85463503
275019000
64470344
150362719
614546711
228749663
2850357310
43108991
2307383618
49115843
2707167457
550273639
3012247457
342292591
317898925
2890425948
956407674
14284501
155391963
1256645178
456624379
2904869202
15661356
296987017
228542271
3007373217
1342533228
629067334
1172826007
325416544
570508591
1264587222
2606208680
924746940
149993196
174412045
630897138
3131454280
2582180820
3065855978
3110430819
369058497
204031297
3099306225
385719074
227519012
181536061
2466997105
1548317628
603790183
29108788
15091877
267797701
127473937
436802858
131097721
790161451
180482526
396220805
2719452775
2814988155
731290135
49713759
1292973655
357126037
48910655
993092599
159117645
202744030
229399494
3143113835
296438837
347059210
2557017792
380876653
2148713140
14921404
175130821
360637707
1394698106
30326848
135811737
23012952
336505053
23937966
3112396857
2414106158
2480245200
73228612
30913137
15885325
2592226680
552235419
285728459
3020620215
233330167
520732571
282213870
1629512383
396132228
430064456
296092317
25719082
3102058276
21842534
548470179
179557418
29533398
485134942
507161511
151870122
320214889
1108797918
140832361
1138140144
266335805
381677334
40805231
703720063
398430156
480297806
109710458
164682849
210353772
168652555
517490189
478680712
284087975
261130536
439364986
21425125
820285681
240615252
129492880
243285138
97418396
464440793
1111976252
2510228876
17093617
418165475
352426636
1342090778
427081930
113432343
1406423977
185050480
815432850
473329207
3125727095
73127402
305922190
118805934
182144870
104151621
467334216
47709879
546441659
3082499172
2492115571
394954074
48721840
2209400545
397984652
15940523
3095472767
219431804
334984866
2168667871
214122894
1603778364
93670652
223816085
2926803382
860161218
176504814
1531706178
764359202
14868016
20296813
446310182
3119702164
2974849264
27003744
1471148449
321090943
928609310
2862658487
54786768
2395178036
2827756700
2358211591
25277641
49412025
154571148
33672830
2904602134
217210778
1290034458
151557392
345964231
1858695990
1357666639
2802452732
2965542677
177307019
619152144
43859775
244807172
993483668
111181815
429199685
2432187698
2876441247
3116041437
1226693862
113109073
2932047311
2266648033
592872760
2313367628
353390910
75267052
458645912
308623079
2654708274
18759463
329625367
85649693
427524836
483135257
347878311
21337411
1722432337
9676152
1037671874
309560755
1249452199
17664722
185127006
152448537
253744686
3025454637
133379712
557663335
76220779
49376425
14781268
1063875235
247387334
3089438003
2646617852
229418258
42282297
261643785
209530689
86767644
38771714
203391036
21348634
185814906
2236309050
82115864
587540408
3041617103
951457550
406579581
2291837801
41670226
345417651
2650244769
199615562
573981048
2308649493
462973262
128253065
3082011793
3027826610
2438405769
2337085015
234835831
3013827684
409637302
3068895516
2815785183
121505098
2867160477
364428947
35013576
66303569
1032005180
319212589
273500660
83030972
334895319
34639484
186160335
2242587506
3041454906
2540993785
425431446
210967461
279670966
145576622
2925261952
39091181
16717801
233654764
3066376109
593745006
84358248
1357590385
1854621468
3063966140
438807821
3047082278
109070400
191107456
335404251
393297324
31267104
416023436
184112352
28362507
454264146
3000558262
40144962
108847459
22260855
1558140360
27553776
567549910
282762552
2443782978
274640845
3063903652
74660411
123359669
14167997
914795304
2992283501
2522744342
1362673249
591887903
158732105
1620088524
1662472286
47406879
1673464423
267084551
1883366875
2930727268
364527569
486696751
19888022
156047666
70714648
125349642
3049840053
3008437886
3000095121
35806848
2183670812
232872106
289113289
1130172685
200594918
317176057
2201928733
111113464
982174195
594495106
452366140
510560528
1677819330
1274394193
1335520975
45940981
476680780
719039757
362124296
47457222
224299297
2432964338
1488245940
605419039
45112524
17866834
385309399
2802349848
113007549
501891973
1633377338
146506338
349178710
583499511
2982837207
2536500814
291667042
57657757
1017594187
19949762
20636347
2716183156
2569206782
79784321
2372070630
109376719
857341741
414330701
158698304
1487653230
3021634027
103231262
584344802
58893405
285785359
2994690268
2319817939
2858320234
111306089
627377507
1689062803
1291953668
142702489
104272446
415570141
374976252
68796569
1102894364
188829294
518654056
717327895
2421590876
365994635
438239831
122092504
311349938
19236297
47697332
36958479
32463016
2348551285
2190408066
2805841585
249407147
256229916
106170345
851477426
338338819
803404266
52388349
389471882
1561448815
33318560
2586665113
30925391
262751028
2789479419
1260423889
333915533
471611549
285650518
428513618
2435956999
732986365
149733596
436080067
3008667980
209782876
2784620099
2484619184
219343760
2593073810
92536957
1247477869
203679104
2978758216
2992957762
523240208
229951656
703668625
293384133
51305845
384898355
2804678651
340015939
313720128
2476778641
300392950
349302487
2936796874
433513414
6338632
50211496
2923329880
41362701
128304667
499026783
851911344
556059138
2767005348
50923239
1011858486
1245536275
147736288
402407869
282951793
249150179
2961404910
77190633
399487714
1858242506
274175612
2310108947
220708390
2973478311
2246603546
6375322
1545905647
364813804
213474069
1876412642
1477353158
160717417
371470176
2885950355
499235211
261845714
1496162821
556836798
331843044
932236333
326901516
2996291405
466589556
2996144548
304344964
2783403709
14303545
2435974795
51115797
38973098
97553753
184866145
885020028
281596392
249646371
512089396
772910569
108872565
151080715
345693115
198247013
2740511034
2935200861
486888668
757989900
15649119
430842696
1208593951
2765135499
626760665
100773116
156584207
1238761266
37192542
2202364421
107654081
1166578303
2970307804
232043301
2330347034
48348206
2983842891
2918611831
1522477106
151647096
809159978
52422878
2425603052
572337490
462358390
449970229
635299423
225970739
398771366
1387438452
1446444846
438778215
160605318
178036173
243654400
93295207
169577453
40954616
21749754
110345002
21104633
70955714
64939459
2690862564
17224076
18455549
2985923246
14707344
28253929
160208879
268400722
438938419
519314995
242462995
802887487
2887004249
2400973298
191846747
153718992
138372303
242981754
148121698
2541999628
909387613
2713154010
1210524787
1969656198
34677488
478792448
1134460388
430762545
87455332
28097891
75062648
2841558382
55009781
636295776
2285276202
58402330
2432070636
80408759
360699754
132761923
393867664
283462845
2380891392
20323699
304969445
553850388
94128418
2430597758
820558236
268361752
2762834951
627491854
403693925
53429621
196379452
2963118545
157515902
906980486
2721013802
1339603350
66760298
22642848
206825274
1192375212
268234249
602576462
971210198
324614093
264240035
524462238
92052376
247033343
382177474
481401376
765376590
91360498
70665830
22209666
297622298
752084006
1712870978
229200166
247126147
412853186
14123751
598638417
485969035
367561767
2789934355
1844423359
19265766
619441750
209149917
316834919
210848826
24735279
2482997925
434447643
2899648188
2276680452
108056535
538238147
296225318
1274180528
2743737958
348794822
311551160
2604417606
912695803
278249596
1640610596
247179129
166799393
2731071940
18569955
474699864
154802289
54909747
588686636
41337386
45511675
2835620849
28788724
34944835
1954463166
2802638283
2566066162
54579672
1388144088
195285255
353913675
2844827852
242442195
596756083
632480412
2540619235
823697846
124038882
1087778780
63023834
993601466
47004465
28807335
567818112
564927638
267184791
136559298
164820413
21464876
208905025
29509542
72538925
851645450
2732976711
19954913
19638600
75093154
472336947
20215020
14406519
835230594
622157892
397592839
427810633
563304955
589116067
847244834
2314377359
2599605446
1389447990
64089659
1898791700
946733886
40834878
52686375
35856419
73705680
73674644
121096782
2193929731
295643060
991181190
166457192
22002722
10572052
157465700
496385648
554544260
2604010769
527360464
882238368
1668469801
929994913
403407034
510865713
260494598
100054962
2307486312
527858955
554316431
436657208
15119277
1511683292
721251855
185048907
262359469
53425422
20193498
34962567
48817013
1601103006
327168217
248255321
2890810847
338642076
2535179471
331846832
2723038497
1252304658
138388408
32423649
625876395
40713955
201004946
478053826
2351258122
2265113460
26809005
2724997703
61650457
2787793340
177669189
636533705
323219376
2265717096
1079839321
2282663503
73107660
245809687
298163172
253116441
480809305
470510652
884967372
99590129
452362740
887033360
2712758357
853633982
368026549
859935338
503417011
14140692
80919583
122443831
2847911028
1265260098
284003990
21642976
266697167
101576964
2712894319
63955074
2857045834
2485699603
133929523
458690964
1972494374
278718647
487087102
563098286
354631923
221736748
134989290
104600835
268027960
47659350
1603623696
45351704
607125246
183395806
1707974209
957528097
199788212
876350444
2409683900
786764
2255103726
407088463
74859648
194109234
20608980
196623142
2851173815
15170728
26014321
2151053209
22164291
491572357
56699256
100180681
2280608514
302644579
368779563
250648725
15040743
2497506213
2673248671
1911240974
143180440
2597023981
183231380
82631036
37060602
218511390
109400312
42927636
1710035556
68683358
124816426
13713322
24304743
79095569
40230535
2328368106
25357817
35664426
190444231
607735430
796132471
39711910
145840660
47340709
1263927278
1299342667
1652541
434189283
210856182
19731047
23480698
22634718
30220615
82170735
40233626
18894286
168675521
2452025269
1872663276
168525081
1591924616
25214058
2646471666
740749392
1470498079
907248349
543888790
1270870316
40697048
36623013
240434931
15138402
20445088
119593082
133448051
240272457
2277962790
828662930
93844287
25719177
1175284032
2787053498
500820899
1714317288
164201567
166610000
2774347869
2435802204
1630530872
1324283096
2435586000
1183084236
2811062651
28139650
904590110
1650055891
22934300
2357093106
24851338
222452033
37438121
501198985
517110604
2769226053
272420295
459563399
82438856
1119489157
515792423
24030528
474949740
271165221
110752638
84138854
1222582206
607487765
2229985104
191188451
895295209
119956329
1671372728
141528576
499991367
394153972
64868336
125692712
42165528
2744778312
238745955
25003273
604311318
81085950
487390009
2186328398
310967880
229948918
456221455
89619136
2694566121
109931141
963580430
2821542061
36406535
126833674
302206506
21425991
213844804
203757174
263356810
211885742
349737789
1227949878
21209392
332082237
1378773114
300355932
869057876
2458431422
189394982
83731932
891955734
1252355617
1415063222
1883424968
15997022
932687941
235237481
29970998
350151628
172040304
102969620
365954333
100066172
126358367
143430891
2566999965
268661580
1411448600
1228940389
111214812
2750848877
26040764
156221239
103948050
1255243519
377723001
746527610
825293676
2776846764
1922028816
183807254
67039106
501854635
324161757
58097817
1121981082
365048018
105252564
451743045
2310179446
2718762219
272499272
2783141953
151470201
138799467
20171302
46740541
14362873
526597595
2343633858
42998427
515275843
336150767
2724025236
1952342586
40167519
23772052
1604484175
57710007
267339369
302621599
287726709
471229838
488770288
474172566
1908412166
1259807215
2655207884
2525610108
96662662
2597762994
433567247
628950465
14983792
2335505018
573975777
325336769
925836806
2448936643
569493421
53523319
572534564
1142144203
595524649
486454824
306459932
257936605
1504869235
97604896
227027101
300193312
1660444699
106144853
90652411
1566478818
1504964400
2662134616
44961344
2336387485
906032988
244176216
2657085514
1153192386
238246952
420495865
1022908771
1507417021
2156327290
1262448434
182475221
374661980
903714894
1473268950
50026178
95086821
16841675
627907973
144967269
199505630
32898836
45644641
2422334334
1098312948
77125512
101068364
177494508
195174641
1372421647
2422159284
370704506
462860490
103724898
1554828884
1076944447
1671340843
1726625022
80128880
217471426
116612870
228890112
977825498
168244103
2216611546
1959726342
1448479537
2194012572
957919572
110474101
354132579
23790014
284944250
1547322056
400210882
16597808
238026146
948544638
497265124
302991090
1679901007
2494602277
296158035
19069091
622563825
2436380110
2265147775
2383568677
22026452
2460673717
2162597624
24989467
45769630
334827433
18028063
220365009
14472108
2433608408
1431499260
54775596
619466110
284241019
207577202
327145869
112164479
2438342068
218223513
1327378508
1314219338
220174906
466650919
2176318218
49988229
387298528
1226392933
356309044
2302487737
177774939
1087436088
294785632
1259925162
373049219
623619768
391587451
2281364512
318820616
2370631153
610290140
20979733
468856119
569927222
1714053650
769335163
1702955167
449242701
607830078
901091923
1732560271
2182577922
377376220
860394121
2333030642
472007206
176705645
40418393
846287928
2294838584
1861475197
266338398
534467103
227011627
339265722
348485604
22817897
198112174
2221675104
107146095
823517868
33246493
274609551
21090303
93636692
1894272672
308026633
1223323088
267406574
348715496
635483711
1319406450
1428611042
816721920
378017680
586968273
2259465312
891006979
297330388
1524246996
466484392
2255209657
166223479
16073183
785908544
125653211
25150571
285268294
354478043
155292685
116522353
141316952
207331734
876826424
1087526394
2176246795
1269276547
134554534
276304177
384824229
1058159540
477030903
1526107645
1475645562
267545191
281617334
384118173
329976431
51756364
331728239
52772612
1031196686
113096450
477968884
190479240
1018992774
596482353
23628419
219299579
343275114
1069561484
980844757
347017403
1528970978
355162597
137009594
107385538
503067486
485595599
578959828
268430829
345126625
219698955
1635472106
823905
365377812
1674251815
1648634220
429291301
202659016
143830365
750268470
391783631
218628761
617548547
409538322
284813671
620960830
851484913
162610656
11096152
1216065932
26846536
142038264
468681377
1537548284
513432988
306006079
272711076
503589060
393888204
1558480082
1463471882
310022278
27716044
575489957
528099462
1323063078
255786280
1042301785
359550679
1516446614
486182200
1428861846
183857950
66579857
97255048
1267698774
181041256
27970272
520235978
140070953
461770018
318680413
1282290673
61662307
1319790559
195382733
1450974564
1370715176
117128218
50138359
1086818942
569387367
227842297
25178181
1258123963
58696782
110454856
95083872
154158328
1223260604
19273651
113316158
135560807
321471594
370593392
247553221
398593843
153491347
565670574
108896015
748536540
141766803
80938469
33935000
18917069
101588397
311734038
33017446
266815699
844098822
321129834
211467898
558706051
95446560
273080651
233792121
722705815
54545704
601565899
15360434
1410540540
199640380
22654407
100337330
198419372
93654783
224400234
51452048
111876785
1344975290
234576678
331430746
396784065
19196524
234659449
21682190
281128955
607925106
38580532
21021182
608730734
1300197524
238535722
86992086
373648641
379489722
198807954
506004377
1255648070
349326725
126676445
214640645
602213338
743902644
229646303
269777799
486651074
567071626
249354671
758175583
184643113
156629649
36084902
256770383
356985001
425818513
448975955
457618157
569790649
150823796
231920812
271144019
29617521
394301402
84144260
397317742
105491153
232334521
1120297561
219001485
273030300
417113852
614642131
336770335
74578805
415225514
541581744
120190587
26364713
559774013
928681476
100496978
616365896
256049229
457696775
354994077
47591958
64843361
716639102
404935949
36130941
409922039
27896754
626522635
375023893
57989253
24087006
132165079
436688408
602832924
449235759
326534881
139482399
58178788
316559154
121013299
1028762910
297250575
258532301
159992026
48003020
372388345
79526958
311215085
63540679
540944057
410200298
180152818
956640823
25340808
227847965
203760611
587991332
231850859
637041761
715063459
190040989
53182072
272081770
153743414
24016008
85849259
872108683
78498182
765770455
90901209
150620508
50922334
452676875
259484844
25827436
270855091
205219817
141698077
206885972
280792758
828843894
270855500
387789923
44209907
451861507
21066445
40903195
798524948
620059570
311925490
510456142
259781850
33755642
249558883
482059469
448805820
110217483
199443025
533329604
301220100
72445205
778661161
734734213
305534066
108732534
588570996
36670110
478069781
336724901
550895163
194605439
569387245
247506770
346349599
54905865
584368982
338707729
236889509
141235731
133395720
139025201
328935216
305784762
117205628
29399150
284476696
195612937
14470793
232313241
74220150
622042617
500943609
140564060
42056437
235019800
33307787
36657413
227977430
582971001
270555560
240281865
232796340
311175558
480700514
37592621
141711305
486056056
126658936
166423924
36027748
135700471
112072967
18918737
263955277
42415376
141045090
424461530
407881503
70157661
238755163
570152238
315140148
450567805
481324805
27712655
273525249
150471858
92034917
519497552
46627431
458474498
33858856
509142923
25724215
152799565
50597271
18932363
294511597
267805159
158340067
19208256
139503110
496122970
434043346
