207669239
3098481211
3949424833
3938657654
3214811734
9229732
3198323875
3258306717
26487956
1649851658
3016681148
1933042237
2908740359
3240218574
453904248
33014441
2345680909
2950899008
1000886101
1909569133
2926629569
161330999
1942966788
3343011208
1921147358
3300542812
2218085232
2164372848
14645160
1940510094
3090119122
2618756844
3005792524
127030142
2435589990
275043456
3021374255
2894764846
222549244
3171204229
3063269065
704635266
3167978386
1690553438
46386897
1287984534
2985490614
3161303087
2997950607
2891321533
1217389394
3160159086
1877115961
2902854885
1876575504
937614331
3146237238
1934618426
1534054302
2830360488
499841987
1876974841
2909730124
2346546812
310285805
2950729871
532453820
552106550
19878660
2895967956
2864430988
2777924337
2829833362
2869864249
2840138104
1933684717
2832033805
2309005832
2866215589
21302040
2733842986
2379319302
38590520
2866310035
2834724059
153523222
2708266604
2314231082
2743375734
1668851774
857305604
2806322741
2214957091
2544906577
2314780903
93659262
2774294696
2411257777
842422812
586659745
478820456
197142318
11507462
2834378761
2801216889
367970164
2329011654
1052419579
2838248737
612642500
19918128
417548964
437204066
2837107962
2798656639
793041240
429478616
258858935
446517117
2790607174
588832022
2803467908
2742926032
126166612
132515804
125382308
577414473
2563998624
2817568777
2456148630
533676385
2561328673
918155642
234176319
20060772
2372357576
2423784452
149078978
358558681
266130367
239422640
2480053688
397293757
505330336
146486550
811215146
2458617278
2523994884
2276784373
276288892
89761182
2431011192
2556005062
1473023066
2281240597
53716674
219496700
2297043312
1270893546
2503296967
563093779
357679949
63823069
230111173
876970388
1621220348
1674506281
919045705
2314737696
16148269
25787253
2462243558
2544238001
612608626
378800661
17227704
148377580
90451563
26280189
57388864
46282381
719359753
1624392901
343551080
1116185059
112530574
308753271
48507416
750211854
1506318138
16091151
30238832
1159079065
23795899
50676088
2213164477
1099154882
310410995
578274665
2466701198
1096076730
502100278
2426088146
2218673066
583840057
1273774088
833395710
338821278
265761293
464327285
58898649
156478338
85332860
24188205
67105332
37296552
16068624
313117394
34703393
60481163
413385099
412477454
297716161
325085507
362620944
264177137
478753558
298723554
170128907
232920015
128029053
392546898
87834820
234578942
118520400
382992718
290247661
51077336
67219726
136034515
522548763
433713424
527564713
26249774
76094167
153256102
19570245
182168846
93974188
231924033
24229724
21461547
130019668
219348120
29692521
14122787
18594635
63044774
39857639
2985
19824923
96636488
475364008
89398521
330783958
53431781
49993471
264977266
441261843
200155054
50190251
265749375
48825438
368228691
294201313
529587101
337256972
21595909
248255434
342366053
36797863
488862508
273038640
302797428
394139954
469523316
108707915
248775805
85840421
413586573
11103042
418789118
459693208
292693837
297400633
167144215
246423613
20297183
129996345
65558233
17835365
191427809
158055001
451548506
21634331
423869700
20723835
17725069
182014013
473464075
27554806
15017385
64218369
21243774
20267834
27179137
441538353
195188107
133435810
346779779
375761741
14517902
116635783
320495785
76145670
245559513
18038055
100608408
16015547
402302835
384821386
81489142
58191970
27300339
141831640
73711356
180421215
373166551
104072409
439282098
420571466
107616955
28859697
528533504
62131734
115553019
504937642
21344022
236237170
221252879
486125746
248475079
196688108
519713758
394899152
87027450
302380813
17998092
266915442
131101374
15481055
122460506
21212452
224339155
507874193
477286706
217521604
72573481
403667366
429975857
23965771
254344635
465005691
82859294
385790320
39112186
186208532
375268184
275575602
243099163
46414140
115119622
396824855
486862670
425368940
14204862
38016216
349634024
320319967
316185694
240049193
370876190
265063133
25098556
48465430
233417495
119215326
143271613
101893429
431933019
336772735
276693814
270622065
248371657
475449583
525973132
270756775
143226021
358559442
315969954
28883460
87884637
378283843
141759326
394347507
248907535
454609334
452621987
215203660
23197154
104316584
389857424
391462458
6871812
163551837
87533676
85141513
25262119
40097748
242441349
430151704
8185152
26779033
17957859
361934936
75976524
23683377
20686986
230266757
506807794
21884378
22983017
261362949
389081295
474031099
348119969
17857257
18453311
61326915
164402734
400764404
212333965
113659761
209186157
276249697
19867973
324482231
23940188
15182862
20455133
151923086
312199030
322967442
213299904
55660379
17542722
268398045
149747784
85933006
431381675
504929884
18520327
43810913
87231870
18636940
340537514
517248821
2034361
26999004
25698511
194321666
21581475
339186343
243445869
15442908
17700498
29545146
248439819
344720631
12273552
23714323
462602116
25731884
399707453
349532364
283647812
88818630
224283203
401122597
397661640
358244893
213859737
520836740
25932533
215557691
358918874
470038877
183508238
258466154
345023852
234056536
324521964
399186761
381203939
393158156
479125120
7861182
221426317
468896217
360994678
27760655
396764438
45048860
400407033
165784725
24623483
37788076
50110999
23148421
15586825
220637239
20552783
341014482
19185786
168476739
60411899
15673101
499457757
425368323
484292195
464233720
419948778
415937166
365233928
393110252
452719638
457185040
449826775
469184801
425365777
447352056
517786859
411995244
442401507
372623502
424236409
459533170
399718232
505737618
274651013
451408313
448577621
479430065
494329210
490828364
450041654
379760254
376532575
461614628
471655317
422818834
480909555
392145801
430676142
509169249
402400399
486269064
494515506
472120797
510168520
499320947
496616214
443376804
480036563
117042045
402757413
109293987
93176964
363891599
444914985
496390271
367605913
391025212
445576297
428435294
506024009
428077530
462160844
363594162
386980700
445420775
403110452
464409311
406373198
358080722
508521538
456120836
364014787
421454086
392128197
503991968
17462501
447372844
487080835
31878061
479216020
386255607
494624838
404948391
477120941
346650343
367054829
424494296
232248788
456916307
398388567
483506103
384665702
371933117
417611094
488900356
217567633
402422037
403038796
376318386
439387710
432864765
434043573
370158876
146366888
454696130
410493425
498877641
365854454
104108555
444220539
474933241
202616721
455300697
431525050
505925753
490392910
467632480
457830032
373303436
254911400
96611249
423716827
366017109
415393746
475593522
426061037
505281476
432122243
409731694
488726865
475289346
286333199
487890524
363999451
243160380
464082863
433980068
439368221
479011723
322658811
414167586
462521104
417827094
411704146
423103731
304176870
20314279
441637022
475536947
384401214
64041810
381762002
18237383
358229076
17231036
388448608
466539969
380955083
452497463
443910793
115537034
391198152
436372196
376820893
467835541
475476486
493501579
496606713
425391724
434235981
456416262
435314552
386120701
468026884
397711559
369878227
500453334
487252262
409701978
439784825
383089037
178705709
386264527
380070281
496931527
417579170
492304990
502243413
7825572
467751715
428803782
426490543
387771906
381193818
396884793
490448432
169405873
471281869
58830871
451992726
405848569
471691065
106494199
500274399
440706027
429740774
478172844
427226377
369630959
350462981
376180518
443169103
502594199
477315843
274893892
501388720
445243489
473620094
363099904
473672452
466595055
436186000
499710854
436384973
386294683
386958397
496342664
488042887
382190563
415970065
420002735
448525542
498032833
451370215
369694359
397388188
446396686
426274508
173727304
430264287
480656024
460998000
486729434
233710581
52387418
384381333
393581766
414107196
479940424
502214231
435379412
126524550
486881174
477239871
277270966
487746359
218008006
484295231
463690873
375374687
385896240
503486734
455195005
450452972
495045057
464308628
464096739
438684782
501198129
496513778
437861199
443818025
388593207
79105433
243310487
412617643
388466568
352793168
463363201
393397882
446673017
403695905
458141109
387182078
418235729
385738597
471385172
45500200
386248563
428626314
500283387
394796779
387762891
473476232
447298814
444935519
494195776
400231285
447656647
500907000
381303101
405221972
402867510
369397405
393662768
483735759
65472326
501790644
425526153
377707693
482607846
391877341
477158513
459949264
390628876
381274307
483266023
399368758
409586518
390412015
390468133
429420709
493761869
380324900
372629238
374775074
492542579
410159953
429355846
456697914
492853326
471276238
30434892
497168618
462429400
457528580
364872301
378925368
280477322
397063602
399905304
10958772
369520046
400899815
380689682
262233410
399065273
377067932
365687240
386909569
373489367
382260583
398882672
384364124
387533766
374824310
382238626
398144574
400150475
121615424
388734759
220264838
384797779
219014978
384426242
321782660
399662597
37209193
398482822
392947812
140126508
126646361
377489411
381108445
382838025
383807557
373072060
387112856
369463079
391743472
383493015
368231612
379984422
389815421
238342529
377803309
380037458
382866853
23355064
400250977
397571605
385702855
240390192
326903877
40745540
328867772
399687266
18036351
29465972
394881977
117883886
21547566
401415083
219436209
378253265
391129584
374108177
121765924
262230981
376888599
107572640
393512284
109974794
377028557
397474637
390806534
380776111
356360560
29484674
34632490
363156634
367568205
368987888
381736781
390874575
230296907
93415051
395238154
395526263
372103024
381534397
377332001
28192482
400109264
145712298
393154470
388795687
381799527
328239677
299305066
57222082
101647000
378944216
377209771
397129588
372484694
330354277
397738225
372549144
26773858
398223655
399596388
242990382
136899847
394525546
82968508
374093490
394530664
29054405
380697443
388984061
384050418
369212072
390927437
390153695
363459708
81149350
384744363
18543181
155982065
24445882
204169626
149633976
288283826
378874415
40048228
396884297
142517159
45089039
398386882
266005286
382734996
376004103
393360777
398459653
15485194
398877924
197540057
22084985
367585640
374730287
370225016
381921642
231525400
117085387
393149136
389152084
17898105
382223915
381759405
364604329
386357451
26904617
385063261
370229983
270490950
393364665
385683762
392949869
369202391
393491129
372235598
379298412
392332355
371421113
394185496
361097172
392368792
269805726
13547812
367422999
226970005
387390057
365304279
374684043
364997040
365064307
307442608
377763457
383645918
387443227
374591184
119947115
387469763
391393210
389595960
385036057
23802433
394011662
71935610
221513285
368074425
349827330
386935446
168865071
40701770
124043273
393426249
111635939
383517719
394069079
107865571
366134744
384948335
99772588
392807197
151503239
312023280
388472236
216764827
379157888
377606818
194093883
381106481
371381071
363984345
385047969
386855004
104195514
376322950
180501467
314139352
389119159
372765334
135235955
52922386
390960947
375701159
370763189
370579540
24477637
33100482
289989134
372346377
385514437
366417587
33987497
373071178
381739138
376575575
388478861
391902135
370625481
286905733
376891991
382441583
378102107
334085413
376407425
368402878
390516266
26135787
289649353
47413906
318383192
372646072
244605759
70550403
385018460
368966341
380356596
380590416
341899032
365673001
380543907
253244578
36603051
388045702
127426170
146599944
318612196
377187575
362567311
386689111
280338442
387860562
368937031
292563987
164540274
125211858
378415750
154631727
250798393
363221778
373468814
391001456
376568713
16013605
37098879
178965777
378859870
368787535
378318769
385771435
364645901
388492124
383565503
124368997
18621223
375474561
256134404
377522019
387088345
283624696
387743843
369742424
377496052
389763414
388640128
247811842
144099368
365468093
311397238
154483283
381298376
15450052
380429696
384047991
175044523
388012209
381048026
380394708
72058873
386218278
331732374
379975514
26147103
382333412
356328599
389023272
377717301
310649856
387518559
276193409
349694211
380036934
382283303
132239814
389771759
388068100
383651862
380555792
383559301
298561535
311429257
288074652
34191467
275646545
28166828
186575649
29085639
382897609
380705400
14548621
278574697
294215026
388626531
101617496
378658626
198919393
384157538
382800962
149246731
37027468
384912317
177685649
84654667
129242360
379153942
45744327
384582127
380807563
352724854
102230387
187969081
111937355
385160080
369455364
130523554
110568982
384423767
362564275
17428691
357700313
379163172
44878363
381334042
380634033
384945284
364936609
382949566
374707917
340457186
271660267
147521437
253358797
381476179
385078791
270524305
358373680
235519831
366347607
384098427
381209301
384633301
85290305
182511261
126408907
294276492
131577578
382610832
381177022
384693018
382997806
384080967
382611773
381803822
15288477
382302952
380799260
357280824
381897475
383596560
385702958
337702695
249753080
378914396
239011574
153853453
308789534
383370339
308582026
29544187
385210949
380686865
380091913
54958859
160424466
379756930
356456796
381740164
382471283
16828262
155919585
379962457
378142572
379781567
139807578
316142372
81583267
381164352
34689699
149380899
71139289
385016687
216583531
382197503
231601938
230394766
168817652
337923172
37372199
60261918
384467537
383966276
189161361
22041124
41179292
19251920
206253375
23491557
57986205
384724047
384463162
236881102
18226951
211878633
109237155
72882048
24445495
19690812
279872950
226027982
250416435
380648391
278239174
384066735
379819138
41176869
365663543
380731976
373823198
370095466
335957195
335167780
288004958
265310804
197574799
196898413
169506576
137602225
105202160
93033849
66951419
64250735
45388164
38698648
35542428
383288211
14851072
14409128
229733338
73596250
381262428
56303575
367448893
140000990
380006104
782080
381737951
255734570
342869703
7595282
139505192
182880133
202568092
16446860
379553330
32494510
91477819
329265240
213516009
154363829
381998260
355052716
297056010
157377962
112077867
30520247
380735159
381886405
360869461
363997513
295744911
31175661
253142070
381008332
198887778
379482689
381481431
375295864
218693729
125993347
19327109
199053223
370073193
289627240
257668322
148227828
379811769
17584824
350907437
379200630
379877983
352971825
349575145
344059124
319365952
251965462
244919935
22309294
331343168
43073061
356348443
60495495
59844096
311442040
367978357
51724638
316214245
300545663
378447680
379016276
140429718
265895716
126970726
17765045
20381135
348742257
236544301
203713028
53997027
111311988
105972565
159341427
30000367
183166447
161267544
277123365
369288789
27940840
161284824
363538468
160430751
350445628
117542209
372854186
19741048
344835070
14086808
33964697
378062557
377912583
347869020
326817405
244512433
138501317
45338282
45211044
56850098
47930404
377460723
17655783
374487524
40305589
226275319
55633846
127983155
63217258
52058353
121499440
376398926
161736434
95756078
16824146
16476202
36526942
277629317
302128187
22136785
376339383
21902075
165763780
140081504
280572846
333587676
71260259
261858542
373141715
363850422
233834637
283660297
207804206
101826941
89292711
83896587
24758134
21044127
279682744
317366790
341239000
111405086
15109180
17518915
192247931
332409680
121918361
54779857
128664085
21577629
323210799
238422179
163572033
159996321
62509989
111356393
188696771
21073436
16389495
197568125
348651246
45713580
15488390
353908789
205070363
258930759
30654052
335013102
166442552
180840388
53112612
36098673
354950546
242932885
148997973
223221201
164153561
348371389
18345648
29545820
27320492
354991990
161475782
233972588
271683985
350424946
163545794
171070920
329670657
189173183
10241962
370415360
278666589
350442844
245415119
285836356
114542898
221258247
363583153
51103278
63440144
366072201
334184029
26656895
368119333
46416413
67961728
15947185
89036365
256129015
321609480
21367134
144202145
18534287
169941717
224736968
41597297
69985629
136371916
21368872
342895021
305087928
297575006
278283691
257111857
247448167
199079593
197260343
187932876
113350301
93888154
57090112
46940882
43874512
42642494
28137131
24004843
21515957
19302499
14888230
139775488
23172700
325571003
39317555
323509400
41017139
63195792
330096587
288960668
260052077
54667032
33051095
56787943
313974471
103652938
92319043
337896674
295912712
16728519
224825796
287004003
25236548
328266623
148800902
164468185
265018642
37873054
40170567
347047453
23136101
19084875
345599797
337546835
174289605
191219151
25402824
345904822
344917238
100370290
191136680
254777469
17522884
105942687
317824585
128028191
59129691
302114350
27052720
150675269
333007821
332983168
322862064
243274787
242837638
221840087
209266679
183690146
166270658
148587486
17235959
307773151
322535201
310015970
334644637
63184886
272511925
160298614
90938377
229227908
332166694
226761930
63551834
33729423
30283482
128766775
126654280
190664122
83846395
185738219
18293604
66928432
67418608
55666556
327808899
249632606
14886066
18378733
332987877
327026246
291513513
151991019
59461030
156214500
226568744
269057091
131948632
29378647
226802958
45862956
60720402
320238965
288355538
20937476
124543767
206124975
239953101
126082527
327520268
140132187
98964742
248963377
89731752
84491009
28938246
233095128
324180230
15897727
19657832
19119845
36534856
224347655
311032831
23884002
300573312
307445307
32213367
314287177
270727760
65690054
236433795
300559887
307302780
300552463
25490809
223506058
321398810
162232171
2059051
248017289
263462585
114496159
67396927
26663013
45436858
191328013
168677035
274319179
326333691
75055197
122060905
86092029
302852705
222188301
153112879
93070840
30155849
153467192
16555647
121676315
20402639
194596234
261328056
317717056
55304120
52565146
22080515
14852926
274079840
19497913
176950801
199147699
47715641
149982967
71381174
42168402
130079697
110930153
229629562
44741434
290817220
59332483
61427215
294686083
11498532
312814606
68339329
262215238
204238282
172669182
26910102
149922938
16143361
51027035
81161153
48762959
88821707
249004668
207254836
103061618
59271466
28625937
15587548
305159707
60180275
59020877
16806120
128445858
17215826
253157317
219429357
285355650
321583595
219140176
309155694
279291556
63101495
97507022
59639197
51848897
249759437
124320857
17100255
256725977
76791812
108444289
52843308
180132319
27086946
48360388
38517298
33654923
25237407
296684278
91246721
90871516
151195482
237491809
13775902
61644712
264646338
69091605
275538158
244605478
260307964
176950935
168298684
17916539
192914394
275280266
20273398
62643133
229626159
209426497
176418779
25535102
101331884
252599575
93730653
249804790
46476967
5940592
15117715
85505311
207832714
288270292
110585067
257617572
58283
261334127
18231900
89712864
237914799
132271378
175179205
304168819
219896942
210950586
117220481
116220628
111049963
98999463
62933960
60472070
52957806
52297898
29130103
23980123
16102785
17093617
243417681
14496948
219300990
