2381441990
3828586393
4429834876
2280296970
84149182
49593463
92105261
1329369750
3236551220
2258769614
210869563
2806
280972528
3353201913
3023460323
2340966650
612710106
98872165
4395752536
15537918
396870686
115132643
195830320
3270025830
474314063
18006752
2266575578
1403723569
3363801789
3153734138
15014747
240120889
635928968
19071177
2792438832
290218573
2235082016
4329478619
3242090864
3125222511
15861981
1375135820
24265390
327659945
304713694
1560856962
4041816316
2902388487
3971514765
484598218
23493445
390860256
82396801
2996421989
74848478
213222099
68971853
278847889
16264803
2735133079
4076603302
2863214615
17909176
3318313118
4294023013
4256884439
215581580
535932595
36101281
2855710079
2631960140
4250978812
3660934754
109580166
2881290843
7886782
3434164822
2419495974
4307535372
3003855975
332748354
133879298
295131454
1621091173
143790621
1487510586
216187106
1957282225
2841326331
269053724
20547328
35383285
2153053644
459520912
312579203
2986287609
258881859
4038019223
4202543309
19700124
1683942702
3679070298
2900806252
3646567093
4179872429
1041074666
3265517838
1537711831
2388864054
3448008448
4152289936
14993272
2281170302
26526677
3429597730
2829671421
40515777
4131307752
1316047519
2310588612
106244912
1225096927
16720424
5525832
1710537350
2424279870
2968256134
4121497512
2621274542
543751139
540718120
2533142156
2241241752
3314713276
3118978727
3675503173
119789633
2388153780
331265223
3389317042
624001816
2658569068
1893109448
1149134282
4067763112
2881182347
214473776
20192510
4056294733
160577550
969949920
2869103344
293338829
2486034890
519622450
2658434194
46751860
903517412
812429658
567059880
102246979
336044360
2167677523
432838470
4010386294
208693559
3299486717
25296062
18783656
3252977292
36958577
2716842330
3313329241
778228910
15197371
2323361038
3024932526
277803855
2550199736
56084788
24232208
1060706754
1508701
582297781
3772886175
2901436871
396059553
2797980684
3776052618
2401255638
2838119507
300985934
20310870
3944663356
331174088
89429647
538147467
3042173895
2587222063
3238591239
952242212
12338142
2657642018
177989708
558856151
2988639443
1077733045
2393533334
289427528
2552064793
3234054924
60349138
2910434696
1913628018
821939588
28484970
184477052
725625818
48057281
2987295922
36629392
3362569743
2161139193
2815624406
2165463998
1542371244
1871249569
1684638301
3151873398
2578716129
943839720
2347619295
633814277
976070816
20425510
3301435043
3233322588
1086676171
3164917951
141762709
201013774
20487357
2425388043
6799402
3239047203
3634863253
6978502
540519960
3371452739
273373533
186101961
3141111434
269869759
128858481
3706530441
256076704
9950972
390748141
16553000
381857747
109092885
1466987244
20164296
22624497
2257558088
3344212600
2790340039
1226249304
34620350
560684953
2987955574
2811917352
39540686
755390
16096925
3072512080
273970099
2325767473
29413575
14115745
1070725850
24916659
817802005
53889610
3651502695
3266266802
339991963
325694288
1933811766
300755895
2716627642
198741367
22317865
570266167
2670332030
18189149
953544175
203442166
7702262
336053144
4855501
196970152
1717185798
382290686
303303040
1657738339
52384621
3219491224
2907575058
26799237
1495962200
33738090
521863265
16419153
2757043228
2752235287
2769689659
599187903
2198891972
486091820
3165946324
439319072
2862966903
1635703381
2533134585
1161389766
284326589
3086638427
18375963
394776692
344896093
16565151
16047963
629844555
3394997584
3385672623
2714874608
1498388114
85323004
90665991
411110060
563927870
3376025195
2333664102
15396298
876531985
19201031
3018889774
260729307
3433908771
2830179367
2900062066
24778700
313055473
2216362710
14200022
955896944
2804007686
377439566
37895023
1976966240
73432856
1024244078
71796971
57705515
23008116
786223237
94297742
337679240
171852446
388447226
939981487
7051302
1588123002
2975410316
20841923
17905508
253697245
2471396856
17444309
3031836255
1612813927
390905408
3247980215
2982110613
2687777875
115384461
34977164
26660626
3375706054
5940642
732440358
275656890
2917512490
278163869
158476664
519439629
2978031
14069380
19058949
40551290
467613031
2168961860
996018096
348743758
38691332
1720636778
159642250
2900439489
3350752786
1962862206
41406777
208665126
3098301114
458889655
2604068238
478285314
46808174
57325090
2452006230
17785796
98425584
3245735821
1705885393
3249460378
258343099
2203748551
17021615
18458170
872125404
293398056
105250027
254257862
21302703
1169665609
116369099
121777870
86595709
45167431
1457532188
419162478
40728125
2195591251
2456905670
2843786155
117168156
36387919
39930469
24411256
561233113
2578457970
3215783231
2790335155
459714447
133984183
109648691
307929072
134222813
210931140
238406734
28022257
2957596833
1535434712
3151995481
1681350326
221650526
2846061576
282944219
14238777
23648764
593085385
2696141084
430817900
24366116
2348209182
888709201
95640258
371735125
140894914
257618318
473176531
59557214
2822423647
22100978
3214946809
3183605110
14621191
41919208
2446766928
2820473239
2729609224
214266401
3026856185
17146780
945512648
499716546
15377115
400962072
1910610116
868637460
1243967316
1696820592
2566749716
2288590160
1949257292
2804393932
2994519967
2841481948
24139696
3320955203
30344534
432538276
3105544758
3254642543
17832628
2411456959
141748686
46698421
26367447
2360882965
224695258
55801465
935165509
408505415
269737136
67988583
17837941
2651807617
21983972
2938614872
3151849616
88438812
2204113129
350335365
219427536
2934074394
194819088
11104682
14218961
2715971
170034127
3300400492
16962769
3207826167
239028967
3092261951
1279566205
104674131
2407269474
150243808
18986537
378859462
21645908
366721494
2938077735
3047085958
17350542
3213671043
20924605
2878533622
34595991
49740960
541077886
74460479
20591919
2162697578
415298013
227423290
351099185
3094465010
538147752
188352302
50860476
1961193817
3100186674
207200745
1701320976
23335196
341375957
17140281
96796920
2542646563
569061144
276067298
788158068
39278368
527334899
111616210
38830450
2952784628
29959341
196604274
1153538011
223998172
3239759463
2181915200
499705688
252967347
3221291557
38218248
2462086326
68109331
3191736770
2848682883
1433483144
3007912455
1359090558
258758673
3027529885
3122399532
974765708
2792773247
2714313540
14084376
2403246963
2515579140
2740447370
369635234
3162801726
950339948
1673737076
182866283
334513446
187684740
14054991
2425714516
2999548882
3162119993
833669180
21207680
1145814049
557146222
2985507603
1371679903
1717323234
1343814379
780562183
37321863
3182492150
22665909
1717031888
2174071410
26037739
2957245097
3222675051
2885145520
2668649432
1464218948
2202849812
70315861
25503051
94376561
418214001
93575653
3144779464
1576150453
2763405666
3171496658
46295685
2335316094
263348489
3204217437
3009729397
258004232
2891392312
16199767
2731519499
1928370703
533706399
2740563252
16273972
3168742255
255059903
1061632202
2998935451
25253084
1543437272
41556907
2402328356
1915465831
18204500
73681376
2371905228
2789294435
93669122
14278964
39229885
17095652
3124972540
259613476
3194556849
21400157
2826395521
470276089
315855825
83099001
2482964466
131299175
52659564
3071024589
2902348139
229906736
256783503
542551372
257668322
2804147276
1032401324
3098822445
15753495
3109665081
622437626
2268755163
139988522
1547304439
457134659
3069669126
3003184558
7036602
3180779493
3099697258
3165369584
1524692941
2446713998
96204813
50774064
253663760
2561370871
3146945673
1603776690
2789825892
3161841560
481926866
2566529205
3183133949
2489890094
343157640
2379269516
51008323
860017958
3152114203
55279197
8121942
1646415542
3145712103
379791133
1309016708
29266562
2951359133
2304852745
742497727
411935609
2690446824
578471867
253217218
3107868522
3122876192
513000973
1527837463
2265179764
276757211
2356701126
549726226
3151786009
2811420941
18933832
196271202
2786008474
2253783906
332881819
2307567462
3067705990
144803675
196400177
568836325
27580569
3066027821
2349780050
98116394
2218267860
1622898439
2177130499
882192152
2361707564
395279518
132747681
2188397353
1438389025
1599453283
14440919
1600383858
24958945
1370107891
77678232
2740487907
109516852
857675084
2893418369
353078094
195314134
412981776
2996307978
216292057
119100492
43110151
30287878
200396124
3019102910
38787201
759826807
611955909
3001165942
755742469
2848859141
713926410
34217851
2644
60037279
49856687
1479782869
3041173573
3069181818
133806972
14227833
1138423621
3124758076
28320528
88205804
245988004
107289311
321629908
1321055226
23628570
14516288
2729389253
18879192
165429225
114863296
1852171543
2878890225
29651794
1654700064
3040977753
161812132
2803456475
7902612
2945005199
37332714
495128586
611530014
80601437
108108824
2831865799
2226244860
2930270066
1626842281
2225995386
3145514880
3157791992
1078937215
2938245837
2491748998
2244268176
21753328
1169760512
299264437
20710292
17520718
56194292
1383134496
2551055478
47030292
2168331208
20649501
3096590594
982520372
2820692798
273237720
2836892731
246710902
977794526
2700900913
457602180
1630133468
379094025
2856132884
2830920995
2863990502
2839741702
2875154797
2876791706
2153853397
2844408568
1305809618
2882333636
1555661096
2884252370
375029736
602608384
1914216420
2867078121
2868926006
2867359475
231487538
2894326518
2894463673
531084880
2891955727
216258314
2895500665
2876239617
412354985
1893307357
59048036
577936059
2881415500
1003908572
2904912637
2722824983
2492696915
2912292200
718446654
26911682
2902768084
522079453
263687238
2907184739
2876744410
2922356413
1030929996
2924879053
102191063
2833492257
24578671
169024552
2860903948
153110858
2320451341
2929613647
947725508
1324292497
581481740
2958393194
2957264588
321459525
2968083689
2900862015
2993482746
2996658318
2999875744
3057765654
3116481547
3130812563
3132847518
3102744501
3136680192
3133750549
3143163540
44177991
2344473186
3114994574
2787588319
2484495974
526732360
380115473
973066783
1852985329
929719944
188440149
2965320780
540855396
741899078
1107605065
3073671467
14198085
3038977393
214975484
3031280711
2988219485
840939180
501472589
3023442858
3023687460
3042023225
3030689900
1472575759
3079984282
3095539502
3118973399
3110001019
3121884719
15495563
2241052375
2825955321
3052060086
2485458836
1651498826
635957337
59611690
2937701347
18837837
2926214497
2951489113
2347708790
18548136
2956373127
2943135042
2776619908
755318791
847238754
2939444770
2938666239
2874286532
179981484
2840319232
3004384989
3019956891
2982438144
2942542661
2358484008
64656162
45110831
3101933282
423805445
3097881367
3061358490
139936198
484739082
1537298461
377438252
1481186864
1673736944
2821297900
2734032383
594885552
35867792
190374373
41616700
14579415
2741715966
457097850
2165341368
1612448300
64737751
79309221
451955384
85741515
2980766148
2991581220
2989363217
2984879851
2978672482
2978395432
252531934
149470453
2967868923
2978329692
97441986
781240
3045296135
362172973
3033926364
3052420437
15710573
1520030466
3041357562
3040911181
3049509869
3043351014
3065424334
2962982385
3049190214
1527428731
230611999
3067939445
3069529444
3081091140
44405877
218145659
2828131771
7230922
14716890
3086500424
46691793
2195294712
2984525688
733417734
2792635282
2563687176
20211972
47273811
974242434
185212080
563551217
30563462
430470898
106226475
1324045998
82744022
2346816413
272953550
465843652
2346586185
477964259
2346376987
343172098
71548361
230505147
1630104060
65801511
2163749880
1863763124
1707958376
2170491181
2165771510
1640947316
1217717306
863951227
2152934369
1928696424
1476091172
1903766352
449077766
1470064938
1877390238
1448703674
1236480464
1967338219
2166578192
1945576489
420526587
1521904772
1410160243
282180344
1858793797
2161806945
864441632
2166567380
1924506637
714511485
563645218
308858462
450724494
998858911
199317006
1434671857
1407358873
327778254
1398073694
2166252474
276053141
2165843047
2156845026
491775717
1625946710
1862367444
2166166992
1326383593
2166245234
2162036960
2166251942
2162382295
1734640470
2166265112
2161562674
154557275
1963563319
2151679747
1910216755
1655486630
320010508
2160615132
2152510045
1428242606
2155887633
458256290
346601336
931415526
583405822
420389890
1962838188
543130686
340097009
1971070873
392019030
1489238107
544124302
1971358830
1328269332
1606513472
2150968520
2149730172
1249809378
1652547870
1479840228
1898514198
1165581216
905777292
2149504449
2150685696
581529838
1966712281
878058344
1430175307
1593067916
1932252720
1969658060
1898957076
75099072
355817548
866891304
1913556721
547748274
438566282
577937979
718822595
506604673
1943987306
1470580458
1606433389
821903575
804497088
1104753536
1691389759
225126128
1670214067
1967079932
1940080285
1965814554
1949642802
1948188277
1967135168
1444975382
717226576
719397381
1703244122
1941345194
609311629
1904977604
1921603392
709418677
616772666
1965298938
1027639340
332162847
712181159
1620471626
1925012858
904626703
1411742214
1655366718
1892532716
1719542017
1918835600
928960063
1911823076
1926419743
1921619323
418789709
1846069723
78827615
1662401168
1629792612
1936753818
1262356454
1960602636
1362760885
1744672220
930112614
906292964
88534012
1053741680
31207512
1561105994
371254570
1684023937
754883934
1487461584
8071902
311723555
1870750123
1859723736
291937177
58383129
1714788475
1212794286
1022660432
1005403717
1281921163
1840056487
442171671
1716351092
1683018157
1864272583
1010633876
1614817952
1863919038
1432057014
738522421
769585273
1389014768
1674092130
1125340519
1659393601
1696909818
418360984
574408957
1864232784
1713547760
1343136324
1864268862
863315066
1615180884
1861389978
1620339224
1513740067
1320601350
1862938723
112670393
1864423807
1699711686
613714444
1864233859
1864360062
578998119
1858905974
1720578578
1593763298
629914880
1861158198
1860811495
1669277312
1528762412
1706558064
1557717068
1857443545
1835901368
175586562
1714134786
1727710741
1851353281
19068720
619139822
1458334039
1304707010
1691620224
1733285570
1846051862
1846087483
218657078
1846033734
1845999092
1846059098
1831181766
1737060577
270099132
1846056936
1842820074
1523601090
1846081591
1844974638
1845653713
1846045172
1845900410
1680492397
1845352134
1845667339
1688307066
1846091006
633629723
1845870818
1845988182
1845938360
1845847332
1845963085
1845872790
1845957728
1838995488
1845936372
1734803618
1845974822
1846004845
1845971108
1845972878
1647671618
1846012543
1461755912
1845868536
424450703
1725920347
1701217021
1672623044
784438621
1697209668
618589873
1722869682
791143436
185996167
1672575966
911423011
614496775
321278412
1715902171
1723128607
269658703
1714839686
406872444
1721773537
1721747402
1699086464
1721767471
1721708341
1721737567
1721749100
1721772307
1721665032
43733402
473726287
622147085
1721458393
1559812525
1721763181
1655249149
1721700720
1721692554
1141906921
1721614357
1721742644
1721765929
1360779966
1583166499
1721766157
380460027
366636658
1718480138
1721703918
1721707674
1708556678
193222663
1241532672
1553452970
1707622056
339106665
1705823174
1446335695
1705184431
1712456930
316549764
1669799640
935273982
1651691072
1696274646
1707538236
405035588
1434208806
1707528474
1707357756
1707589141
1707544663
1707531126
1707581719
1707480745
1707308264
1408899228
1707565100
1707568526
1607516778
1707537080
1707434172
1675974386
587368453
1707536196
1705747854
1707533574
1408392678
1707562298
1503333066
1693437572
1707550825
1540972488
1707327456
415596976
1707522324
293011872
1707529956
1707566516
1707590653
1154795784
1707545552
1707429828
1705576147
1707592663
310214862
1707541430
854867226
472596949
167921181
1630291350
1700864078
857656855
1699598437
1233705858
1699664222
251118430
169071642
302556535
74787632
1699108340
1226072606
1699702033
1699680164
1699518446
1699643412
1699705333
1167013272
1699681784
1699680110
1699703611
1054711003
516813060
365991406
1697856968
1538902741
1699613688
1699668044
1699637592
1699637160
1699624758
1699668217
1699637670
1694648894
1699669430
1699673840
1699643270
1699477296
1595230069
1699676960
385773747
1697614086
1699642434
1699641498
1699701811
1699674620
1699640004
1699659464
1699674595
1699679654
1699702957
1699704223
624861636
1080416310
1699700239
484719827
1696753999
1697108876
1699581636
1643210707
1699605924
1698528955
1699564608
231533421
1020930564
1697871098
347594940
382700913
1694734832
1699616707
1699688053
1699696951
1699665848
80312095
255390477
599840976
1672659061
1666759652
875169884
411027092
1690271838
1540744670
1672649749
253317785
1672630214
1649991324
1695502531
327451254
392178436
183372380
461500281
1682944194
1466942294
1542722490
1684991221
1447133353
1650108512
1672877138
1675531310
1525684794
308025298
1652580697
101335106
174945153
1672477928
161350511
311315799
1667355632
1672920204
123662578
1303689422
1670941039
302799812
32901105
207392880
1495108105
1026549968
1672586142
1672631354
1672454996
1615106394
1671635113
726195984
1672628150
1642207237
1672614320
1666530938
1672654033
1659607004
721769412
1672630964
571053332
1672625461
1672566626
1388640055
1672656937
1672599642
1668272149
1672652677
1672630634
1672594794
1663416985
1672652065
1672588208
1672655635
1671292231
1672632110
798840661
1672044662
1671976218
1670511583
1672654795
1672594938
1672657465
1650035299
1669847372
548609507
1398804012
473964893
1672587362
1672618010
1672491066
1381514845
1672309860
1612208923
466758452
1536712740
1672619480
156718108
1672646335
1672647367
1671466508
1672624430
1669422518
174502162
1672515272
1605370255
1672491342
557809550
1672625930
1550032945
1417653816
1672605122
1672615262
1672639855
483017918
1672566300
1672582195
1417435938
1670390870
1672581738
1672567434
1672561452
1496142068
1672583796
1672615765
1588560463
1672599859
1018255567
1648256527
1671225060
1509786223
64029250
1664799361
1667340164
1369296522
126895035
1368949188
930713947
1667345233
1563962995
1599889759
1670446026
1670494460
1670442576
1585418208
1670449200
1670437656
1669654592
586562389
1489458270
1670430462
1655925816
1670385144
39971479
1670494207
1670455885
1669586179
1669541976
1670454228
1670481404
229087914
738041743
1670492276
728140938
1669413356
823259246
1670422620
1668554826
1670490746
1012827205
1670472284
1670399598
1651351728
180528589
1670456324
1670476760
1670478302
1670440326
1670476634
1670474156
1670442702
1670435136
1662389790
1670441352
1670500537
1670431806
1669598106
1669371542
1668270504
1670503591
1670481728
1670495503
1670497747
1670447558
1670446308
1670447748
1670421126
1670505889
1670448366
1670268990
1670458556
1670264150
1670506699
1670448210
1670483246
536286800
1670484944
1670482322
1670404686
1647886950
1670488316
1670487410
1633475953
1670512855
1387110104
1144714890
1667458351
556841035
1642842588
1667471737
630080998
1667381833
1667409060
1667446070
1648455084
1661146111
1643523828
1666555069
1652744276
1667415624
1667320675
1316180389
1667322846
1261498040
1667317632
1666443265
1667356694
1454583968
1667320920
529274857
1667308580
1667259308
1667229270
1667357191
1667248104
1667343320
1667326933
1667304822
1667368813
1660913582
448371797
1667306808
1663275002
1667343482
82061938
1667375923
1667319950
1667319378
1614361386
1667369119
1667314968
1667252796
1647277658
1667316456
1615618850
1663937990
1667299218
1667352002
1622616097
1384451131
1667334416
1667296326
1667169409
1665987001
53975933
1667300328
1667240700
1667292888
1667338082
712080908
1197372924
1664653682
1667336126
1667361157
1667279472
84523543
1667364913
1206687884
1667246502
1667339552
1667368279
1562437436
1562324719
1667368543
1386057450
1667369875
1667369665
1667246652
1610024478
1666285699
1667338513
1667302302
1561828452
1655180365
1619654244
982782542
732056935
1651731283
967482972
326810581
1646587705
1024219184
1619267660
1655187828
1647422202
1655436584
243292451
1644181008
1655658601
1654932336
1074650874
791835438
592300049
1655534215
280033039
1655545711
1647728191
1655549653
555205079
1493601750
1655497020
1655520836
1336610772
605275444
1634418908
1655521364
1655488867
111133763
1650479635
908682768
1655524304
1655411076
1655509676
1653916710
1655466384
1655297665
1154040966
1636127652
1636417994
1654992698
1655504966
1655465923
1653673022
1654759502
1544330220
1640397000
1655483754
731224472
1655539861
1653224077
1650067248
1655487740
1655463456
1655485560
248766161
1052347260
1655541727
267970652
1429523766
1655481702
1483380552
1655535625
1655517091
1239143983
1655488382
1655477970
64638795
1375250972
1559062122
1653085160
570942159
1655473778
1655453424
1655471251
1655501978
1655487260
1655515783
1655467902
1655523829
1518655746
1441984513
720312192
1653414350
1655484169
1655471048
1655464393
1655504359
1650144115
1590993332
1655475336
1655506940
1652491104
1655485214
1655479148
1655506982
1444015243
1654000644
1558445360
1655524279
1633104518
19538834
1655470812
1655130998
1655430804
1655472998
1655453250
1648342075
1655421656
1655482592
1524575928
1655131296
749720996
1655509225
1351862804
1655453664
1653545388
1655410058
1499006070
1655451746
1655444396
1653492410
1653843211
1655460728
1599134503
1653764582
1587157436
1654558477
107210974
471878678
1655523619
1655505967
249136249
1649078366
1218622674
1641921019
1635400304
768060498
1585966807
282576232
1637358510
371772599
1638159889
25707006
1652301474
1652037944
1586374868
929524244
304811867
1637329543
1637306562
571256776
765198073
1624485374
1372231518
1637480701
1612945146
1627442875
1637484499
1637379530
1637462192
504268190
1637484661
1621398510
1637451206
1637434478
160838721
1621478023
1637402838
455072443
197339635
1637455675
1632796843
1637417742
1107035798
1635970512
1637476927
1571708084
1636991958
1637456636
1637478151
1637416382
1637454793
1636231512
1637461423
461935486
1637451056
1637459300
1398880680
1637481019
1636777182
1637427204
1637451362
1637460674
1637368963
317727736
1637363167
263899815
1636899258
824524682
1637366810
617515208
1606624969
968913270
1565015906
767844469
1636567057
1635193740
1637359488
1636272996
1637123726
1637413207
1637391512
1634909522
173057048
1626702134
703172473
1637359026
1636699812
1637389418
1637352078
1610806165
747509184
1605831698
1637357808
1637358420
1637393390
1630651890
106335589
1637340835
1636877688
1637354100
1637380975
1637336894
1637386946
1615238144
1637355450
1637388770
1557371172
1637321616
1637408893
1637388008
1637344062
1637377820
1637342724
1614293150
1637343726
1118699424
1637391793
1634913152
1637399989
1619491688
1637333810
1637280210
1637366713
232680084
1637372498
1637380262
1610310938
1632343830
1637382800
1637075911
1637406379
1637382518
1637407207
1637384948
1637346692
1637351010
1637346956
1637345058
1637318034
1637370871
604546103
622537252
239148203
1637268540
1637340984
1568826696
1637341548
132548729
1595021545
1637374952
1637243551
1637375887
1579809350
369131194
1635427968
1631998772
1590228026
826839828
1185229801
1637157284
1637400091
855356287
1637370613
1637351102
1637362543
1589316583
1637350308
482521166
1637348520
1621185006
1226836172
1557751638
1431410442
1619767273
455358587
1629703122
1563514897
1263251851
1440014898
458234603
398241728
1627455427
1584095371
1627468081
1627417740
1627420344
364375535
1627188054
1626251779
1627380163
1627471501
1627466359
87767742
1627418994
591885180
1620327469
160877522
1627448300
1627414980
1627428776
962981618
1626465254
30820445
1627367780
1627419878
1627365644
1617053054
1627381062
1627350835
1627369914
1627431488
1007001043
1627292840
1537001467
1627420334
970656486
1627420327
136360468
1627285320
1627325484
758984898
587102471
1627423622
794822401
1627451899
1627402028
1627410756
1627459651
1615592395
1599519938
1387136318
1626828902
1610123936
1627358209
179386481
1039562419
1398045013
220673826
404118634
1608700561
1619781199
1619670439
1607730458
1574650028
1383993378
1619718126
1617199392
1617988182
1619722596
207959901
1618023433
1619690346
1612964113
431825278
1619755028
216607951
1610064901
1619732599
1619726544
1550413141
1064531526
1619759882
1619756900
1617360618
1619721932
1619703458
1570503476
1569569438
264799674
1223360934
1619742224
1619712750
1619740550
1291797362
793855471
1619651928
1417201801
1619727847
1619675160
1619718510
1619710800
1619748290
532574116
1619706810
1619742782
713645094
1619734760
1215072817
1619736091
1619699750
855346555
1314640802
1511970806
1619709008
1619733211
1619749657
1619683662
1619695278
1619749951
1619751721
270702784
1619690922
1614007494
1619753095
1619660029
1619524405
1619753629
1619670216
1619704344
1619705514
1619736338
1619759155
1619739674
1619737075
1619728880
1337450779
1619713830
1619746933
1619710674
1619753797
421994773
1606794828
1619747701
999706856
1619741587
1442663286
274419841
1619744215
1619736841
992026189
1619686909
561820424
1557199219
1464121573
215171874
1321531308
1082162503
550996136
1410547778
1574729677
91298698
156560517
909915650
1124781800
130959181
1156771010
1569200065
773984564
1059103879
20414217
1088392399
1598332164
1142269302
1559301848
1612447164
1611877664
1248657540
32143215
737377172
133705189
48849735
808598137
298387680
307212252
221063965
16275044
33495086
478327248
1551669469
1572125196
1550256674
1571817985
397616238
1573894711
326365413
973331712
325348469
585299756
1574697686
1574743093
855311862
1574665818
1573346286
1574697600
1574697408
1574725382
598216459
1574719004
1574723246
1574726773
1574585305
1458838184
1574642544
1574685048
1574713057
1574719178
1541401392
1574719490
544013530
1574708804
1574654017
1574721602
1574683770
1574717030
1574688840
1574732845
1574696534
1562757234
1569111451
392963564
1574687947
1574672484
1574710700
1574725807
1574680434
1574677777
1557541532
1574732977
1574685834
1574721829
1453859750
1574734351
1573660525
1573488440
1552141890
1574712433
1574715151
1574483438
1574687760
1574652240
1573458438
1566712508
1574707945
1543127598
1233496699
1574675544
1574411168
229067353
1574664018
1574725087
1574706955
1574725735
1547428560
216894390
1574701231
1574670998
1574680292
21680055
1574702534
1030128829
1502920364
1574727451
1574391446
1574712230
1574476932
1574683320
1574679036
1574682600
1574727979
1574715170
1574686266
910505479
1574641850
622359533
1574674518
1440879877
1569187574
1350180241
1055637505
1570236126
1548778748
292800497
1550142276
1569181232
1173567152
1569191426
1518878653
1569210793
1569160962
1566995244
25280812
1569161112
540198064
1569140334
1524073771
1569132253
247802506
1008177210
1569136194
1564632620
1561358330
1569208225
588274490
1563398322
1517693245
1569169106
1568965422
282125452
1523470345
1569199513
1569103602
467677627
1564637023
1569188882
1569166472
315412103
483187601
767991
1567390758
55320580
1569190003
1569145098
1569154568
1569171854
1043927029
365450041
1569193219
1567217209
1569156944
1425444602
1551949699
1242190268
1238974555
1569143551
1106637396
1568945857
1569086514
1569103405
1565984917
1569171752
1087613395
1569152616
1569152946
1514453096
407300262
1539667921
1568181842
1327642806
1569139548
104890036
1569179402
1569203131
1569192187
1569153600
1556649858
1569199873
1568962898
1569153552
1566801866
1337512345
1486024934
1569108702
1546743907
1568784780
1532104813
1569174956
1569147414
1306043364
1361820475
1569071958
1554632246
1532102864
1551444733
910976640
1569147936
1569177284
1569148704
247455176
1398318570
1569193033
1569137964
1569158696
1472695381
1568932482
1551180048
1229278898
534004483
215214824
328456126
600954895
1358396442
1416132518
1178446243
1487506088
1561492176
780207854
310107442
1428277908
1432980020
635153197
140754956
1471605499
1263506976
1424302100
1469085619
18806575
1494152378
1240305372
1038399594
1448541955
975220412
612348064
1491044658
1497886621
983623069
1487483574
1479513584
1400394380
567284729
1486018591
391597553
1487253506
1467284742
103624098
1487413484
192136806
1490029154
1466962513
1376343582
1487212302
1322467172
1336787947
1487533597
1487533963
1487488585
1487531923
1487517062
1487515442
18156869
1487401124
300226779
1487464160
1487464494
1290232158
1487417598
1487513318
1487526325
25412096
1463181330
1487486094
1472608170
1487018798
83433276
1487457702
1448280031
1486036076
1487526913
1487514283
709552248
1278006037
1339052144
1487509814
1478062274
1459857344
1487513767
1487404177
1487511565
1486322606
167022371
1487501233
1485868644
1420422678
1487500712
1487515747
1487509489
1487375216
1487503580
1487502122
1487504876
601914382
1487474352
1223354876
1487482062
795798594
1484427314
776530951
259072389
342368878
786198848
1487479464
1487504618
1478730241
1487461998
1324381016
1487469564
43798250
1482186162
1487471814
1485331110
1486781790
1487501960
1487421972
1260776190
1487474660
1487483821
1013898972
1487389946
178246624
1487516773
1486891848
1484820530
1172600959
1485554430
548770411
1487208764
1394350543
1464077412
1407401000
1421002980
1183069435
1423363988
239927134
1036394497
1466293904
1478225390
1482504842
1464104646
1483411765
1479484850
229228771
1479445428
1354497284
811105849
1479530660
1478513161
1479519908
1479466062
1479533684
1220227183
1351516789
1479510642
1465496066
1451776022
1474919953
1479248208
1478256764
983063574
1453844196
1479504792
1479504264
358975730
1479481496
1479505530
1479506280
1479547297
488535102
1479525986
1479484530
1460281350
318305566
1271823236
945781057
1103191512
1479537217
1479500700
148480352
1477466839
1477441202
1479545113
1366452631
1464882240
1479522308
1479524486
1479539353
1204015086
1479524702
1458020334
1479480450
1479501588
1358573718
1479528260
1479522067
1479496686
1421200428
1479374311
1479004573
1479543835
1392993384
1465141890
1473100820
1478166116
1479451580
1479492169
872250156
1462284139
1479450804
1309013096
1116700496
99557216
1469527542
134443960
1132349006
1479527269
251286830
1479525919
1477176613
1479484477
1479530431
1461008454
1479501488
1412298954
433603353
1457662093
1479527047
1479489942
564556214
1479327602
1425037658
1479519248
1478906419
1459192255
1076749327
1459365738
1470047802
1228541298
325970194
1458658945
1476139440
1476828986
1462163059
509141847
1471090255
175443889
386662517
1369777591
1464147703
240079913
1231651945
317378810
231401416
1464174745
1241356328
1467578102
564602192
1451196637
79559531
1315678490
432405713
1467063055
322805319
1467047396
1467022122
1467027109
1466803482
1466961498
186839482
1467021090
1466998345
1466981460
1466921731
1467043964
617124309
1467009996
1467019338
1467033704
1467017208
1467045008
1467044798
1467045884
1467028292
1429237506
1467006402
1466412997
1467044761
1467034346
1464465595
1462595088
1467010506
1467001338
1465221666
317567225
1466949756
1467038036
1467006936
1466989196
1467049135
1467040807
1467035479
416668335
1467042877
1145254044
1467039644
1061226506
1357782061
342038943
1467054679
1467015804
1445873646
1407186175
226593109
1466969701
152079762
1466895444
1466981425
1466974717
1466982793
1466837490
312904485
1429232808
1466940444
1460437242
1466965784
923594725
435723086
1466363502
1465118882
1466875370
1466962358
1441769444
1466941482
1429978290
1407950904
1466476944
541209039
1466515189
1466909184
1466947225
1466925378
302661011
1466676331
873471446
1466902722
922012212
1465299764
1466933130
1297036549
1466670284
1466926158
1462155637
1466937114
1464314306
1454308177
1466896908
1466969827
1466923062
1466912856
1466942882
1465105292
1466848176
1459202322
1466922254
1448576712
1466956742
247216622
1466972473
1458334970
1420075884
1466934222
1466972737
701338164
1466920596
1466935716
1466870178
1466936112
1362331322
1466976955
1466891372
1466937648
1430606690
1450862755
1444219244
515257696
1466534485
1317545365
1401617149
1464192488
1462976646
536012628
288698911
1461909751
1464095856
1464117708
1464158809
1464141836
1464117600
1463863452
1464010074
996851071
1464130190
1463964493
1464133394
1464133556
860784325
1464085963
1461602863
1464149551
1123415389
1464136886
1464135854
1425251808
1464111762
1394934050
1464137204
213281875
407715755
1464153787
1451169984
1464114786
1464127147
14069199
760960262
613327580
1464128180
1464130610
1464107018
1464089820
1464102564
1464126685
1464143527
1464127610
1463929460
1447863632
1464137359
1461852098
1464123914
1109584333
1464114830
1230167180
1464113738
1463952458
1432682862
1464094675
1464133171
237659352
1464055795
811572607
1463965740
1288550784
1464099086
1464133237
1464129235
1396193496
1415784679
1453380187
45956475
1434633036
523504776
925931797
1367065488
1458641191
1272028380
495283374
1459819548
1460204539
574195659
1388894382
1461490075
1402763732
1450107848
1047646676
1288206271
19594117
943261411
1451913480
545941026
1450005254
69074131
1447576537
15657266
1087108213
1278703796
1451862674
1451878561
1451862404
1451877433
1096426514
1451837694
1451868985
1451829804
1451742144
1435553911
1451854106
1451735766
91468356
902922824
1451742396
1451871307
1446302700
1451827542
1451859506
1412882232
1451875633
1451855336
1451859751
1451861222
839872670
1451875465
1278117661
1451868421
1436814320
520113358
1451722976
119620406
1394671723
900043951
1451838097
1451604722
1006776560
1449619153
510328552
1451846066
1451467411
1451771712
1449502952
1451257975
1451819532
320417557
1436288245
1451861983
1451831264
1444401300
1451778523
1451762611
1450132128
1451779632
1243608853
606457299
1443871530
407699879
1451844229
1425138638
185843328
42946013
1451816701
54921416
1449531768
1451806974
1450343515
1029372883
483069605
1182539864
1451796654
617559963
1451837564
1451842333
1451853349
1164763538
1451835716
1451839886
316332756
1451808726
1451840960
532267203
1425949219
1450335420
1451802234
1451214937
1451843120
1451815062
1451858467
1451808042
1446877399
493964126
1401484393
1449961530
1450087680
163650729
1448355451
1450119482
1450135705
1449584372
228789316
1450095432
1436555257
1450134979
1450060297
1450133473
1450118942
1450092414
1450077236
1450117490
1450083174
1450131367
1450048069
437488254
1450075422
1447722763
209341466
1450114598
1450114658
1450131265
1450114766
1450128325
1135614073
1450113248
538699677
1450032295
1447429730
1450088220
1450130131
1448669502
1450113181
1450117525
1450088456
1450093196
122380754
1450082346
1405389822
1450086572
626753737
1450127155
1450077006
1450075524
1450103762
1449870800
1450112942
1450102951
1449995154
1450127455
1448668964
1450009358
1450093633
1449975972
1450071679
904866055
1438238886
1450085502
90757658
1448864695
1449980778
1450089655
1448617962
146428618
1448974735
1402735146
1446306774
866504532
1450012748
1450102520
1073101351
1450095121
1450075074
1449152144
1450120021
1450105514
1450106420
1450102346
1011713916
1448829920
758217277
1450100546
451755089
1388292289
241913425
1284367651
702890678
1323725107
1423258080
1432057988
1082440904
45454350
1424859074
1343903438
157281489
1446316622
1446237312
1446351709
1446337598
1442395525
1446336500
1446312667
1446312816
1446346141
1446332156
1446306390
1445008038
399109758
1122182394
1446346987
1446294162
1435284168
1389459163
1445099552
1446309120
119629751
1446309840
1446334063
106631069
1446293574
289811013
1425729523
1446336679
1446278682
1446229244
1441255597
1194057152
174950851
1445856595
1446329240
1346425129
1445247320
1446329414
1424498887
1446334015
1446307134
1446302364
1446293102
1446292044
1446296101
1110488882
353129727
1399473698
964769348
884902057
1446303318
167499273
1123381873
1446344611
1446328334
1446304218
255156303
290695246
1446293712
291477244
1444366123
1435374752
1446288842
1108528344
1397277319
1446297702
1446168913
1445122776
1443858217
1446284546
1446299124
1446299874
995118390
1446325736
1446300786
1446326636
229500140
1446341971
1446324254
1446317660
1121777106
1446322706
1446302550
1446336583
328350652
574980179
1402737541
247422870
1228186506
781460132
1428255992
201741219
1274421091
1422675594
1097725374
1438516622
1438763088
172563224
211240648
1362390812
1323486804
1424072096
390926624
419895407
1056973760
234789300
1333675022
81538015
16664126
971925410
245299224
1424920466
1120109768
1431254070
1431290071
1431234876
79883663
1431145266
132071530
1431241590
206957392
1260173888
1431279392
429354917
1431280178
1259348564
1428246932
434473403
399509844
977542248
1429548252
1361380902
1423146678
1324191445
1412973002
1171031294
1428257550
1427739192
1428322495
1421355823
1428265328
324188637
236948220
1428281580
1428279624
1428304322
395805639
1428303212
1428282086
596564918
1365260533
1428264577
1428266378
1337805030
1424489892
1212608420
1428280088
1428285181
1422467208
1428240576
1428266814
1428300277
1428229933
1119393332
1428248124
1428263712
1160989832
1428308767
779056940
1425914731
1410511590
17191886
1428279914
1428303115
1428012846
1428305143
1428271050
1428175087
836501762
1428038576
1428157146
1362075769
1428264926
1428250986
190338025
1428285511
1428267062
1428263762
1383614466
1414994917
155774367
266579997
1428288913
1421955390
1428200990
1286375604
820791427
1428246782
1428259322
1406154026
1428257042
1428265100
1428284414
1428270800
1428121034
1416578268
1053334478
1428301267
1278329485
1347921254
1034921725
1258795536
1409831761
14826796
810100699
1270951963
493841673
63615969
1404225883
1424939599
1427307462
1379670151
517974371
548192591
1424931788
1424261736
1424944885
301943997
344280473
1424914266
1127279406
938919613
99915537
1424940188
1424679667
1424941208
1424888143
1424937205
1424942659
596529453
1177622887
1424686308
588927363
1424567449
893965472
1424924322
294681054
1420599848
1424960911
1424964745
1424950190
1424929020
1424950922
1424930118
635252816
417723295
1424968321
1424970205
1366280726
1424939100
293592252
1424862372
1424947171
1424595541
1424946680
417859973
1424935141
1423697186
1348725740
1424933720
66622040
1422631165
1288638840
19341004
1424954611
54835284
1306646191
1424931500
1420301600
1424213827
1424923488
1424922684
1424904006
1373919098
1405577006
1422960842
1385895506
1424904578
373615278
1369363747
1424851278
1424760120
1424920086
1424654558
966443858
1400381306
1416445938
1404079351
987364748
1361320472
1382377742
541036161
336598294
1240431926
1344675128
512843579
1262976786
1401397507
1403644092
1394394703
49344223
1398579692
1369235492
1320779220
1063886556
1323645014
1412497622
1412425866
247678655
1402663543
1402699164
1401571723
1401440816
1402757828
467596441
1402736640
150206793
1313808061
1402764458
1056685758
1402415052
1399552879
1402771783
434663020
1402756454
310963994
1402681680
1402722216
1402737552
1397045612
952677536
295358063
1402485548
1371756451
1079642576
1402747135
1402725518
1402663609
547267979
1401722383
1402746019
1397225280
1402736179
1227675728
1402737108
1254396564
1402722758
1401626425
925241862
1402718371
340462056
1402551997
1365396540
1402575890
1402736461
1402709450
1391057654
1402701049
483305631
1402706167
1402721918
1402705242
1399147999
1402686786
1402718959
488374905
1402653954
1402732027
1402715186
1401118128
1400901756
1402601395
107517326
1402714734
1402700539
1402716324
1376180312
1402712516
1402737451
1402577280
1402519249
1400983566
1226653572
858180332
1402709953
950033959
1402745359
1401227046
1402756237
332504554
1402725456
1402754269
1402757311
1402748390
1402725612
1402727238
1391646174
1344760092
374184800
721917751
532118218
1394919756
1396151894
1396523689
1391143908
811021674
1399398446
1384556594
344183415
1393878428
1239198894
1382595944
21265234
1394301522
403307421
1384993572
1392141770
1394264143
790352628
227152040
1394390485
925483200
1394381624
1379044801
1394379997
1095716106
1394339448
542540071
1394360214
1394388439
1394106595
1039137301
1394370001
1394392159
1390532570
846886015
520745943
1394381660
1389684331
40553906
1391554484
1394380322
1394388313
1394378539
1394377231
708871351
1393393566
1394371232
1394355246
1379326862
1394354372
1384311252
1394376386
1394341620
1391730301
571639661
842168881
475355206
1394323992
1394330576
1392192788
1389330121
937607491
1394323670
1394360863
1311056870
1393456238
1394362009
1378122397
1331470249
1394303964
1393219074
1030444032
1394286176
1386789355
138858681
1394367475
1394367331
1394366515
1392033924
1394367067
1394341753
1391961967
1393814924
1394320220
57373855
1394233428
1394363431
716705221
426399327
1393850054
1394362994
1394362772
1393469971
1394373103
1394359358
1393446253
1394363390
1394343048
1394344518
1330924885
1181951510
1394359688
1394365688
634229090
1394366924
1394254508
1394366948
1394361337
1394368874
1394346498
931308410
1394335902
1394365118
1394379625
1393556191
1393267189
1297264568
337604120
339760697
438178140
1320022134
979625972
1379834048
1068889148
1198046768
1368977436
1334787001
1362213193
1288854792
1290355603
728240977
1321845157
513578669
1234759424
1337362296
21357322
442783790
1383683834
1384583533
1384550666
1291660542
1383141151
1384566350
1384579141
1366035840
1384568084
1384550778
1384261446
1384540026
1384549836
1384571204
1384543950
1384572739
1384579411
1384551576
422595632
1381107074
1384541796
1384582489
1384544310
1206225074
1384545476
1384563841
1384537694
1384577509
1384566362
1383243259
1384515325
1298785105
1384567195
1384550839
1384559306
1384569061
1384555063
319353051
1384524510
392448936
1384559528
1384539090
1384528975
1384527697
1384562900
1384539714
1384538946
1384558940
454441633
1384564184
1384521518
1384161505
1384560565
1384511263
546886649
1384574905
1378261639
1374234698
1321962931
1341306852
1381377438
1328356916
1230236077
1381322809
1365252854
1379765928
959486414
1324191037
23282565
801016050
1122660014
1381377258
1381380258
1381391912
1381377882
1381397648
1381395890
1362788714
1381400323
1381376736
1184637368
1381316341
1381376604
1381249380
1381370166
1381370004
1381360020
1381392074
1381392674
1381392920
572344832
1381370652
1381364143
1380271124
1381349125
1381390004
1381369638
493319361
90187866
1381362492
1381113564
1381363968
968039372
132046330
1379452982
1139261341
1381388492
1381355443
1381387423
1381388960
1381360812
1381395049
1187107424
1381388348
1381385042
1381368552
1381385618
1118591887
1381365804
1381140470
1381388462
1381355622
1381382341
1381360322
359162573
384744806
1381370335
1381380332
1381360044
1381346966
1381386997
1381365697
1381381832
899800824
1381394347
1381394641
1381394515
1381128980
1381390789
1381384640
1366510878
387080270
239285314
1378051620
527024729
237461731
1379802684
1379842458
1379785394
1112787595
1379858450
1379821182
1280494567
1379845098
1379843334
1379852822
1375774632
1379841480
1379858120
1376814486
1379856913
854633270
1135967516
1379813886
1358185195
1379857370
1374275383
1379212500
1348865780
118031311
1368759756
1374255914
285490172
22605691
1379796356
1379838638
567996582
1379865631
1379851333
1379836944
1379749094
1325314508
1379834886
1379831412
1379828994
1366393051
546597229
1378560960
39792632
1379849029
1379861623
1379786498
1379835974
1379850968
1379849876
855302244
440620633
576289151
183961253
1379844811
1379699060
1379815098
1098856922
1379474977
289707655
1379838674
1377114013
1379828803
1379781523
1379837750
1379806950
1377267656
1379838542
1379851177
1379683992
1027569019
1377533989
1379825532
1378433443
79074567
372817368
1379855281
752812874
1379856223
1306139496
884271680
91294432
1290018030
20581242
1375084297
1375374548
1356808802
1112497033
1375195159
387299890
1374789146
1375373258
1375382401
1375379347
1375386163
341709316
1375331214
1375354320
1371371180
1347287028
1347243769
1347326690
1349810479
1347188372
1347155965
1347370903
1349836987
1349853685
1349846454
350455920
1366889750
1356403830
249855249
1119095078
1374193920
485863627
814034898
814006316
416118115
269184708
1373803758
1374269772
1371403158
1111004670
1364180274
1374270618
1374301387
636393464
1374268206
1374202746
1372790605
1374213949
579174579
1371754446
1374272454
1374272467
1014754148
1371632005
1374298525
1374275114
1320432259
1374266580
1023751430
1374275275
1365606067
1374277790
1374121838
1374280808
1281146636
1374260160
1306651386
1374244542
1055945786
1374290917
1371985026
1374158665
1374283442
1374295123
1374293563
86250473
1374266544
1374202632
1374293995
1374235694
325181052
1363370228
1349698074
1374250788
1329112117
1165745268
1370710399
1368892255
1371890875
1373440291
606986944
1373532480
34319985
1261565899
1370124745
1371973345
1161254100
1374274724
1374269300
1374254664
1373863128
1374274970
1162227289
1374255864
1174077516
1374272137
139374946
1361600881
1374273703
1374223872
1374151308
1374248550
1370624426
1374266360
1374276859
1369703622
1374240540
1374237313
1372084280
1374268855
1374269270
1374244884
1374176168
1374251244
1374253032
1374281557
714957937
1374231720
1373284052
1374269714
1373930954
1119488718
1070375240
95157071
1309495375
1368989736
1368939787
1369011542
1252257426
1369020061
1369002800
320072099
1368917635
1369019371
1369012586
1200377450
1368926058
1369008992
1368971586
1369005932
1369006208
1368990151
1368761934
1369008248
1369003712
467598321
592543302
1334111712
1368952178
1369017715
1366337587
1243743102
1368988182
1368988932
1368987606
1166768538
1368984708
1369011055
829036657
1333538455
1369005086
1368994375
1369006136
1369005764
1369003994
1366401925
1368978043
1369005709
566000275
1256736512
1368944652
1368953604
1366094150
1369000969
1368999428
1368318468
1368997718
1160784216
1368998606
1368933398
1369004995
1365973976
1368886056
1083949136
1369009153
1115346517
942909194
183276417
1362199368
185873286
1362241272
1362270505
1362231572
1361364186
1362270763
1362260540
1362235146
1362262832
1360716049
1295231761
1338515396
318374453
312073857
1358668626
1361388216
1356610392
1361393294
1350169308
1361398604
1361419465
1361408077
1356018854
1361418421
1321261734
69014318
1361409260
1361393580
1361394048
1361347976
1358856492
1361395758
1202114887
1361387220
1361398008
531073591
901505174
1361399514
1361416556
1361418404
1361370788
1361418908
1361418368
1361415368
1361389152
1358284044
1361392692
1361410238
402182570
337680042
1361414072
1361396532
1361413934
1361417359
1361392134
1361396778
1361396496
1361425639
575312662
1361402378
1361384106
1359403140
1361384466
1361205883
1245162811
1361357202
1361382596
1361412505
1361408251
1257379495
1328381131
1361407076
1361374189
1361406307
452592466
1035959856
1361421781
1359056755
1361411936
1360909956
293587550
1361393904
1361358385
1335114949
1354313755
155148351
1356377850
220175266
856589010
104039547
1265049600
1319754745
60446118
535152605
1183172802
1261642482
129866614
76606352
1336066117
1354010545
406969185
1356419604
1353682705
160253950
1356441140
1356381007
1076394487
1356412849
1338493386
1337199036
1356424909
1036297399
1356409928
1356338796
1356293606
267878799
298945373
1356151746
1356429691
1348661988
1356405084
1356422636
1356321912
1356395588
579113164
1349703402
1353262604
1356371648
1356429241
1356409189
1356373957
1356431125
1354514874
1356425768
1356433855
1356427202
1356435283
1318233397
1329349225
70980615
583609553
1037525436
1287087529
1324105915
1350032712
1025450401
1266504709
727558950
1339421210
1350798380
1326542899
1356425534
1355186976
1356370740
1178996040
1356395274
1355753580
1356413768
1356380376
74246307
1142182513
91145485
1356393084
1356289807
1356416629
1356399480
1356400494
1356427675
1356372446
1356407450
274873646
1356251324
1356402282
1356429967
1356402738
1356396362
1355841846
858501811
1356422912
80802208
521263650
1341448274
1341444570
399258533
1340455195
1341253290
1341171954
752695788
1341321792
1286088582
1341484640
1341473714
1341472454
1341465710
1341459204
1341483487
1341459018
1341469657
1328545706
1341475748
1341456996
1340474490
1341399546
1341463176
1341470024
238215529
1341418130
1341448034
1339410823
356679440
392664998
1306558866
978859794
1332653593
1341346627
1338220987
793309578
1341345535
824861881
1341262909
1341142352
1341297744
1340138300
1341321445
1244539802
1341344227
1341318402
998664001
1341325639
1341238584
1341336985
1341335725
1341340243
1336273052
1341304854
1023449400
1328402875
1341303654
1335907129
1341306992
1341298093
1119628040
1339352923
1135409053
1338343200
25374131
1321921183
1229224459
1177745904
935554604
1338003409
1338508314
1338528140
1338124410
1338504954
1266209504
1190032615
1338524353
622257521
844718108
1087342356
1338521234
1326200754
168984883
1338523430
1338521072
1338531145
1338522524
1338505680
1336756082
1338256417
1338503304
1336552988
1338516661
1338460290
91549040
1300085630
454682295
1338467947
1329093554
1338501648
1335835236
931078021
1336203080
1335988452
236709927
1338491774
1338519613
1338513872
1324160856
931349426
1338497478
1336444380
1338513506
1338526063
1338519865
1338519224
1338518174
1338520352
1338110935
1320612162
224078645
1319482406
1325926969
1333846184
20815404
1241057952
1019326266
446082637
491183499
247805261
253228476
603951525
1331045298
1331019066
1331074837
1330078958
1331046870
1331057269
700734391
1331022290
1331061158
117223091
54749430
1331057210
1331065837
1331065909
1331022840
1331055938
1331044338
1331060336
1331061632
1309424808
1319590314
1331052824
1330746354
1229280319
1331064578
1249449894
1329265736
1329261474
1329336253
1180559623
633830679
52049731
13076512
1328687029
143849658
1328372328
1325289830
1329346850
492474048
1316314711
1329349532
1329290918
1329338402
21339626
1329279277
282817427
108217697
1329324770
1199187601
1327537362
1329304596
1318937143
1328878315
1045822855
1329322118
1329305532
1325722152
1329271740
1313887116
770787522
861081372
1326463250
302990421
1319758548
456931359
1247623568
324110976
45582787
630820898
369878588
290882196
1057587678
382743687
1327111842
376979300
1327499804
1327490316
1327456934
1327512601
296142346
1327506788
149872363
1326801961
251171834
1313247962
323012322
1264407247
1198625090
1326780428
1326784843
1326732991
1326783745
581061944
1326760956
938769253
1326770192
1326669156
1326515606
1326519277
1326169770
84921092
179824769
1326509995
1326526681
1326493046
1326421538
462136656
93632289
551751461
1201317594
1326391986
1324554006
1326481934
1326416648
1326448962
1326490645
1313617748
1320809840
623851727
1326443004
1303243898
1326464821
1326399474
1322079948
224763905
1326340068
1326450098
534054243
1323886856
1321013880
57223878
1053035628
1226430577
307263025
1324185674
1324087585
1323225692
1326409722
1315661268
1326451124
1186741117
1326424934
1326446228
1326383568
1315944901
196704998
1326444002
402602444
294470837
536870556
578923518
1324183476
1324201754
1324205725
493015351
1324171172
1324206661
1318596007
1319754763
1324112022
1295265319
1324196912
1283244522
1223908908
1319723984
448652537
1324201609
1322550306
1324191842
1324165190
1251195134
1323823526
1324187594
1315727834
1324073623
544920494
1324169466
1324164078
1324181762
1324180280
1324164504
1324190305
823293288
1324179091
1324193659
1324081782
1324192993
1181129676
1324096748
1324155816
1323915086
108895544
1324082978
1300913467
1324080464
1324089667
1324078826
128039513
1324080014
1324080301
1324078940
1324079402
1324050414
84273032
1324084399
1324077026
1324048531
1324045698
1324074380
1324070918
1324017810
1324072856
1324070156
1318177124
1318385323
1162174068
1324055496
1324057482
1324055580
1324077031
1322094308
1324038714
1324073299
1323972594
1324013880
1324040533
258378561
1324078687
1321954195
1324079227
1257262208
1288718282
1288642914
1282911176
1259080818
1238370175
482216972
1306142886
1040894366
1306223042
1311896042
1281952134
1248183906
20074976
1323288355
1320947300
1323238500
1323285307
1323276626
325064332
1323260725
1320405816
1323273122
1318647056
1323285673
1323287749
1323279782
552273571
1323260760
1323284917
1323277526
232698022
1081240976
1323239166
1323215497
1323259602
1310736194
1323283297
1323275684
1323262525
1323277387
1323169704
1323202046
255946733
1323254814
1323256230
1271580356
1146313130
1323255306
1323256782
1323273404
1243374745
1323073140
1282152691
1322915827
778620860
1296216440
1323269468
175521557
1319601001
317293382
1323269366
1323278557
1323246906
1323263047
1323154452
1323278311
1323255120
1323280747
1323273296
1323279349
1323233580
1323238626
1323230172
1323253754
1323207692
1323257510
893736480
1322982350
1323222391
1321665752
1323237524
1231500692
1321036086
873289122
707903390
1323241116
1323059468
766705560
1316475614
527290048
341392842
1282757455
1286138024
1283354124
18122984
1288133095
141325292
1287902533
1233100490
1280440332
1288200619
1288161522
1288187227
1288146530
1288185434
1288191890
372334228
467291085
1283132556
1288194452
1060508071
1285392925
146895911
602770193
140588847
708764923
1283290500
1282154406
555375309
1283303970
887715487
1150492142
102925338
278211685
1217778492
1276039880
828688286
402367893
1283346198
1286403882
1277202434
620167179
268396943
1287024720
1253175367
1287114404
1027508965
1072845540
709949766
1287047377
1287108367
1287081384
633166957
1252759616
1287088872
1287091344
1287093872
1287079868
376970852
1287098324
1284407760
1286891526
1284387307
635329925
394346229
1083094148
1287094933
1285660608
1287102596
1268190236
1287021402
1277594936
1287089030
945717841
750084170
1281298962
1283737453
592791101
1283838408
1283563795
1281139573
1283297064
1278555355
115204273
452443244
1283854286
603718769
1283862313
1226772248
1277807006
1283361662
1174904750
1283367055
1259616722
1283321888
1214075575
1283171341
1283344363
1283372354
1283344814
901956361
1283344652
1283088721
1283322211
1283347566
1283366515
1283355920
299891434
1283347308
1254332436
48394267
1283328828
1282689151
1280346096
1275086244
1282535156
1266926942
1282934809
1282930609
621803787
1274448403
1281179094
291093736
1282903602
1282908223
1282929211
1272482634
949415880
1277339958
1282897500
1282921393
197077849
1282917740
1276430971
232579345
1271088421
1282252969
976415430
1280309892
1282888152
793579201
1282897202
1279845667
1252965434
1282218853
1060350110
615074347
1282889412
1282698300
1178359274
346067415
329006193
34614611
133075625
346838002
162532430
345079880
15316561
289542742
332461669
111979390
348988324
288868742
276829309
326398107
267086470
83523600
93069452
326433406
326441970
219975541
355537794
146518263
251325958
169506576
254694719
355247332
316467520
224827646
347711335
350479199
358814216
361264761
328796002
16441646
268135044
321268548
16119193
366082803
364378186
329864355
54947030
365702403
363221851
299520722
365535657
365074551
367179891
13669202
371289634
358341829
66285002
217284115
376653551
318291210
374362187
265907829
138626152
374568985
352950417
298915382
377533439
306026377
289543125
385506612
289679383
315771257
384787239
96949420
364889114
402933032
394560996
383378703
395886308
384792723
160352930
410144407
396806257
214015023
433846767
464920738
445391047
433686287
319523349
476580479
483979592
456656340
402310672
387535458
164238361
82278868
344219967
506445391
168828661
296697097
398549417
313407286
38486033
557943606
538740697
572297497
431599792
346413586
606478273
369890007
346721937
204502943
349916404
499696322
148357192
883593000
230238788
1069385503
1026811501
1011771978
827083334
231586459
546778593
709089516
1168820754
521674232
629407037
1227128713
263117517
1282748802
1282773804
1281737605
856139677
1282652209
1282759026
574354304
1281727554
1027850377
256626593
1220455782
1282752781
1282759220
293895697
108219876
1046972738
1264108340
901543544
1282752613
206688287
1282740342
1282733904
1282224836
1282726590
1269151446
171561419
1282747790
1282594508
1282750849
1282741831
1282748978
1282622678
1279229142
1282755049
220421870
817000352
1263050192
767502343
427394557
921720776
278418326
27010295
198259105
192855123
1215637542
234749228
444351066
107086887
313167765
171128173
306990123
15571195
179646542
394200898
119710421
403304303
401073971
396020113
426453264
429350911
278096906
417592686
475242688
477879860
233690686
500728237
469156287
499190410
387535485
226359651
561474527
156488191
557863906
256609242
234530875
326258880
89081091
201643192
711131370
952877310
593136617
385970532
38069894
1013429185
1035210745
410616849
376390590
30420196
365430702
20305359
150852532
169030459
144555365
201475310
32956000
70265037
247335558
283538895
212066025
46486583
17986973
303069460
302967450
199440511
336934338
182381024
39038738
312069382
111075242
305452757
7350652
264082973
144352073
247862043
15312244
80370068
21259003
24758342
146567120
30747474
292769542
19811735
346557768
325259500
39885951
213680757
314676650
21468100
305467262
63915720
332937854
17258461
343477468
180159966
252036466
241512403
294883385
110236748
182345402
71165730
262518126
14425899
303394232
301827355
183723851
327509424
126427293
49718612
48284445
16449079
234931911
298365551
327292333
267750575
108625620
20897273
250223272
328971279
332721505
2243161
324757203
321753529
82956754
38527309
266725274
274717613
92505605
108994298
332356788
329006822
71145710
92243805
328982382
26774585
286813695
291075922
260630192
288134849
334067504
333260726
20198692
152528062
330927204
297016781
252500640
333066723
50712402
69550478
64614569
318960334
331547299
47507911
81361662
331268332
175802331
303052025
231581660
303049458
182480635
213172552
297261036
201856584
279377176
28302705
177882217
109237155
312801588
200659838
41715854
63012757
64645514
101897057
206328986
102443075
101000656
29354282
121493457
308124931
214170978
254255451
325501289
29230762
55628431
226018536
317221968
296599264
15508743
80769387
278609535
70935813
51446354
24343083
255381800
76089185
27897215
318083152
310264777
205522778
275440358
321899620
123361969
292670998
18308026
309053118
250791038
67132479
299174269
297751173
47703389
14452745
130925204
305430164
318632436
321214120
95959307
235004788
321347625
27948230
169547788
16216103
190893666
93487121
151138975
288832213
318165420
282091634
295614245
136892294
320013679
320007281
54875517
285311077
221819794
70574098
14411485
240301129
230862025
238474586
253570792
309588810
308632868
309588441
249276159
317074602
29486297
48909861
309596674
257128768
260119610
87987108
288134700
291577694
247581679
313684088
15985511
293522770
231204825
274506306
17301914
23774237
151796687
271057157
20605427
215762326
310200801
32537418
41362422
14304650
14314467
296710792
309152589
310203463
299087566
18953266
73452278
121090109
167218021
213717479
19633858
16668511
71332100
47654417
17608059
25426013
92678445
18906599
55784636
220899805
92386488
279368968
275812933
36719360
132036727
179672920
73013623
40838211
217471151
126244618
11242082
18203404
181090825
158461708
191370520
197559029
203018759
237736679
274985065
239742733
31473179
292853495
19742429
75660243
220985517
292920143
226106418
279186123
262571261
262571510
21506695
304290321
304465602
285253023
20858606
754556
162708788
18628808
154990868
113405841
35716466
101199638
194973377
110647599
34826262
252601826
156294758
121437473
132852204
32166873
208034868
313179887
162146050
156440184
250866447
15859039
312916155
35293850
20112122
220378920
276351237
219130161
298365575
16129800
172221767
308345764
3435041
302064671
219323171
214884153
279916051
240001119
48358732
199404914
280093502
46476526
309203932
312499785
147315166
18282606
55666556
39047949
307430771
250841705
180733637
118051841
157740050
99711719
21079397
131832830
297921564
309438873
138679977
13163262
33057154
219686676
21939284
216502130
23576524
300750018
88629144
25281262
9560472
57148146
56124185
21750314
15947185
161377021
83401500
75025714
158104132
304967781
229863669
268962565
35077430
217798695
148495982
310108213
161986051
64190809
310670478
84286182
65577676
30872601
167351211
310199225
84246955
304549979
297623169
197426904
25447492
309338237
309092020
309570002
256850312
88786161
304050729
159525988
296226911
248999759
259407538
23830754
96135122
102128285
305526858
308487914
309415734
309411287
18704346
71043866
26710470
309567117
13573252
180896948
243096205
265907861
304825631
86723999
233358488
234916113
159776032
100011801
248046993
111081383
289854261
36268289
306321767
23992868
193684094
65165235
304482422
186733250
36054824
199292840
278866438
305710738
87084269
302059214
35099519
14967408
228359626
304179406
60720402
232739007
91267688
199118190
236869223
134953186
198776276
95032026
227681280
134869346
204263292
275925537
296348708
132766740
167623877
72685022
277761807
299121926
150829259
301659036
144664129
223018531
23224410
269872875
81677627
17224976
27381623
262547197
30546177
297822993
279918006
123995008
296194090
265913264
233776332
267333013
297152529
19877600
166835776
124159838
272754033
52043526
21323607
170883239
293893613
275618650
287997607
216372547
20276964
47252798
182303938
278115319
157723075
196175018
130215679
216791227
29030674
28704461
225178101
22640143
284228746
43060711
24292018
279419193
214299951
72637707
153813811
183020151
186341815
292902418
72507336
140928902
290332619
9250402
216621605
279850017
129279242
69202755
49551221
21435715
59121207
44361863
223070915
95442867
248835865
286421913
279095467
109637909
230637676
292669025
276504005
135853383
276977907
109315020
38267516
275518635
294330579
151978816
265038901
168470018
153114689
269788628
276517886
276501419
253082769
295957820
171958567
227029460
293659809
56618726
277466091
249861616
185481670
279482278
284600987
18543454
181550265
216254107
231044284
286680488
259722375
164019301
32552425
41556793
36123343
37876350
20583388
19001855
40229026
18872278
44867312
64995303
59820329
45575431
39978117
65061185
60174651
59093677
59089518
59094958
45545433
48681087
62548815
56981292
45181178
50280888
58493102
51053707
61692307
21507472
42030820
39802219
54630827
65160547
15736656
51918768
35087840
34193035
46147306
54661257
47391454
20434273
26813486
60247788
48437831
21430495
60193132
19201219
59830870
39054167
59369882
23639636
32569990
43605345
60604741
42322282
52113415
32951837
59380568
65426552
56701716
50585681
60248918
42475511
48343144
42076120
31115163
42756367
55788248
41585958
27503114
41453175
20743788
20885589
14325264
27181836
27279331
61084310
56504985
53372463
64596267
20216649
18628157
62392796
59387352
17646857
63806753
56711169
15545849
47010839
29448368
58192778
37030884
36013373
50702052
20161675
37584062
64821107
50689969
45490926
35976041
52371841
52658069
41545351
54061808
64785133
37507208
16264718
33491216
47583090
60908691
40849321
59494314
28504794
46351727
20630597
27042851
45346960
46521230
30289011
65139897
46370050
61387945
65025828
46234327
53650987
36080974
44159240
29653516
50020604
15497643
40265328
66078102
15643526
57610306
34596799
65671693
54191824
59839669
58653245
62122972
55559852
30272764
30255810
51986731
46887275
60524674
53412754
47582335
53386781
54897979
49377630
62845599
61132962
19004437
38648189
37731396
53331767
44203207
66611778
39803808
21634572
48762745
60908120
49817105
28389648
56883736
61462095
35610654
57903222
16670047
52153466
54336333
61206990
29403895
63437500
61310944
67611061
23961039
22815915
67387512
67950350
68027761
68049862
67986310
68225274
19398978
68645812
68676905
68501476
67953414
53158706
68649223
68405928
68987326
63509771
8445962
64842070
59427636
62784703
21218806
65038639
26456242
38353910
18976569
68110935
70231083
69876918
44964173
39348527
26222061
44608408
60815449
50397050
47831666
50612743
53695160
32827853
62033243
69765433
38991880
56686899
72024237
71610774
58646949
17874629
73051008
36102190
66960533
29014787
53758222
30436633
74149070
56261016
53942799
18379329
40655596
54554094
18150451
73598799
20432456
25560457
30053852
52370542
65454427
64235104
33450066
53554474
10373322
74427019
55893751
32788468
75207487
65568363
73370995
60116314
64808187
62347076
73346924
30194545
52061088
69262712
61743707
48125542
62400309
76351439
78338323
74694858
40489193
80535233
19702594
62820254
51524520
12437242
70634993
82040382
34720359
75524940
76996731
73366770
32323648
79359092
83334671
25153391
18819574
55909749
73625151
77807645
62562737
75531442
81274049
77315985
85357333
79808417
75404917
78742576
84918948
56684031
78716011
83412030
30822545
14974897
79111978
55158087
81103967
63170610
82563082
84833794
50667930
80005955
75288464
80035504
58163488
76109194
72799045
33715148
57815343
81779495
82079519
82817945
22930918
25383404
73350314
56361447
66062578
75063385
39166904
86152191
86077622
83334623
74187638
85839572
55159863
41572525
83199561
14181684
81136179
52948180
86024532
86748074
17625857
72246543
86926101
79895009
81987963
60096835
65128991
74727848
77790052
86558375
14696282
18216775
43893559
88931856
88685379
88306635
90055449
89715582
88311247
88883893
88599787
91781312
92154821
92185126
92075673
16332091
91869059
77221418
63028013
36754434
39127470
91834458
93304914
53051778
72040618
60870428
57725258
62800414
64462317
16325826
24013265
104360047
85523193
103300420
74434295
48947015
67403312
83933747
63966486
109551164
91824773
66450676
109392173
103899184
111399259
111516694
104381801
89391891
89387343
115926561
20066438
114465997
72934735
124967368
40627339
127304448
131918995
29922864
93420267
138321254
125540424
118744614
115141295
64597912
17337499
108570432
110610186
135831490
138890926
105204369
125356506
111292110
110262665
41163813
112151016
125122781
14222647
120182935
99985485
113052316
131085532
73169834
132618002
131107420
123151692
109479042
137381642
16312422
86451986
19173877
143289861
143400889
103786225
60728748
134774062
142696496
96798976
90456459
110148106
144229525
97283788
134163081
104360222
143136469
144098336
130234994
23276238
110825441
143340707
142932385
22849466
102502142
111803956
89237118
112223634
41816743
33876111
102471224
76823677
136276121
108436877
104190581
116908760
109603481
58631981
122207559
104390940
104858139
33589827
95845395
176551820
204282590
225568799
81171048
81288436
120703659
34086699
293505972
90457405
239125762
18962975
234958588
39897996
294760636
248645944
138574451
292434152
151339056
286295111
292660735
282989488
292749474
292236984
148333607
49739823
151687276
23154562
23159493
287608051
291454619
282906196
62425181
255047730
107574494
284831140
165511812
88741700
230133481
293695842
289378896
157497145
212553735
292808949
293833028
293877764
54400805
166547996
61591881
239607708
178259949
293682897
189016612
254210057
206272922
68336788
68170910
271498899
294324125
60530671
294442813
246168793
235158809
143978865
115475516
208559480
239332468
283060914
166666106
230756630
121641700
215330116
111473910
289518470
196566178
293208395
294080942
266161917
60464825
77339077
54936286
230632759
190143776
17766354
79200628
293783073
70306164
74537891
103511918
42038896
132188223
40159294
157681214
118865170
127658272
117147872
159716429
169822407
16193072
131109978
119337884
220760593
274495375
132635315
144821657
84344557
83488180
99537940
134681979
133202607
113759370
144777642
109739379
74994155
57287416
15062528
72500662
115429054
58611693
118225542
145901496
108031261
47938303
136643954
135512656
118533701
144281261
105532238
148143641
15533248
64796190
5526292
121398547
106174056
68961444
20996839
151085728
54847642
23915100
96074051
150973418
153404662
101502109
154937103
106540569
9524952
149908055
61904111
131598062
151546203
155858446
104891897
118798436
158311465
126133240
110767299
125504091
151790410
144868622
150010386
171348862
172644238
170596890
168487259
19560159
179630418
173467553
171860967
170614031
172266568
26130296
184755293
171336662
191012284
170478787
192478017
192630146
153780482
170370513
168977607
39041530
94637324
198972938
179392871
193658708
17081709
199728198
200831069
269900438
264103266
231011730
216246566
251802829
25393674
223993073
19637556
60415939
224575038
13777912
18800086
217580062
62879266
125070221
16469836
14550649
207584773
61228579
176829184
36580044
31891798
17070787
164701853
176335877
17008328
15878020
166490546
35800180
143829079
23135992
29413354
764284
193381366
27961004
76297841
92918959
157155274
151084611
173748051
188160962
187477418
33555818
138387490
187662279
16966928
22919695
41973217
65642972
15813513
15273298
23516172
10235222
80317786
46330382
12578882
20183457
39198626
27250894
28863734
52683922
61350553
37898343
25458378
63651347
