70436768
2338248152
3248315522
15369265
154101116
14785846
4065170175
10257922
444002860
326889905
103032613
3650978894
3389473293
23912766
3092250081
221392767
398025550
110301465
437025531
95329102
69191493
102903380
60808417
170526997
1600177670
271504627
1020058453
267280117
2444104183
2872488089
17602896
16312576
1068121346
986907835
2726777680
3417017632
109378294
32913910
15429316
47363082
3165902589
347324735
113203111
3303293865
75916180
47288005
108717093
765993284
187317854
24807616
6761682
238319766
16264006
824117971
35550962
16212952
436292177
131102007
254098644
26053643
15485441
1450386817
318887578
15652456
149760844
2574974286
119288901
151556215
397356118
391128209
378391124
56174662
3041015871
198232805
901108766
614529023
18649764
53335295
89206045
391115625
468197098
253415014
189747883
27673684
245708540
884378714
136885994
145548166
1610204803
152902472
125603760
489748500
705673525
18286505
20659839
36929513
2388630690
22344279
18796129
31829199
149938659
106345299
181414509
34092298
912421364
575239738
117619149
66640890
221382131
20348431
250911289
180124279
39847086
63677189
926230922
25937606
18210908
16679529
145499533
31239408
23130441
18988304
169686021
53184837
30513101
2200929596
18825961
23859156
68412310
568545739
17915334
23561980
16171898
51707796
3004231
276540738
465723566
18931678
74701069
127635597
17019152
154489489
255388236
2754294570
1941019945
1952195192
110787295
2805654007
214119006
2331710346
2554006327
1906634778
1957850444
1940945605
1957096981
1850981581
1595509214
1701343886
1968922741
885981984
2555913762
2159125014
2162275680
1962363848
178097976
1337394876
45266183
1342096838
2736103884
310083638
103370135
974198634
2847492693
251873156
555814139
126356889
127457703
333472768
82833019
21355920
47727986
145482425
235505064
128256581
129918876
74550725
573299587
137779150
152966047
140741639
131785626
13049362
59079741
36837289
2321028553
105456989
324795948
195043321
143871242
1417313840
1916730786
2830720945
24894496
2703222211
68399194
348379865
326359913
35762475
72568426
16807528
334454321
32004642
15317676
13784592
14089195
19063323
16870853
14791162
19074134
136361303
14222518
38190507
397426407
42453120
1523536566
15171377
171128248
24793170
37600179
1086340632
118906931
107875099
24886570
52939106
238475531
26565946
241747585
167822077
262860125
25743813
54387680
167716887
321445166
15074642
22720074
98765275
297047872
74712538
27758112
217518231
27760317
23095463
81009838
45786304
158402519
271012278
20188930
19748674
39538010
6054912
9989862
406585736
226220799
2176225252
77641259
240147556
477208408
19850467
192990536
1471068170
204236795
530989602
119404683
69981632
602087658
224223563
77938023
17045039
251231168
58531272
158487331
135438474
14872237
9695312
1965678326
242005849
229962088
194471080
1244864442
15794195
141274392
255213571
146947085
2541273241
611831635
483070963
843826620
169097395
2679722453
2452738702
82345842
586648275
66551316
69263561
186735396
79863330
2609593091
356287194
73784124
55343479
132907633
619599337
18026739
2203720572
2415342577
551528487
188950347
261638374
41053575
340468399
745308446
540231454
829680126
220064799
455164361
601311823
152020947
414209161
229694778
314735747
223619367
398365116
138601019
548642309
2615534925
1836060104
175787066
50382599
378081670
374093366
57737828
960294415
2297286648
584927295
42071513
46651250
2207077746
214081684
64692952
1644498102
45532965
39579647
127293222
1711215284
25364786
59447991
177740554
94791919
248324809
16033041
319781247
2400695029
223864931
2368087576
2379400597
191329099
153144232
66569325
307228005
1535142698
58167807
133415606
2258540432
57810355
150604847
94739097
307361786
1120305626
56732702
144405482
1429283581
388678762
624972407
64762768
304743721
106823283
106776597
108816974
7785002
397366316
325957501
21695327
187460611
110833041
360485385
269934256
71612852
247770217
2189403618
306261780
1715686855
287783316
171940482
403736760
1115158154
150213645
182436898
499751352
1027364413
99999022
399076476
70044303
176672373
755890045
280701704
2539020403
78138419
297126778
148993784
735623748
40256327
120718870
18567871
1429480158
2391232105
319106102
17673358
287356277
301682430
66434859
707202668
755953153
57097104
2155649270
596814719
61798345
158181963
1724076636
17243213
317395798
1978646786
1969572817
479315245
17230018
213687893
209081224
21638190
311364571
20783
1901546563
801311472
1206398228
30364057
123945193
110539238
558810910
204688509
212105265
34337320
497569929
63112528
255773815
1345702333
409055353
202599846
140896737
285870890
964675502
325106290
2153136265
1093928569
148609902
245485314
920938374
904561693
1963292304
316141222
171981534
38434849
262814659
1854256105
18220175
17560096
338084918
233857204
20456427
1686544976
1632005053
62971680
27943891
38709939
15891115
283388580
18033062
376842698
128961271
369283261
49494866
169762624
137161312
536194866
1358469637
1240126646
525867245
164297627
186531312
67027924
60733536
45289506
1109419862
18750741
321793335
212381808
393695512
154070583
632110916
131264923
152968869
152602003
100294792
16409683
28076276
1529110369
732039229
1511418080
523441557
539346121
599812009
20603883
24675932
81376907
358264270
45533536
320297405
525264466
25016143
39730630
5695632
18963070
45406850
63775175
15125897
174377718
66625290
55220174
52756754
231987489
214791922
127910704
141052723
80655102
321970500
515363446
243442402
499275959
214925195
466965150
153694176
85603854
42346401
155459701
207310192
26752661
159181273
159003224
21230075
52819651
19702840
155705264
784561326
100361546
18588279
28245852
380433983
19236074
46306646
526525260
540347126
1354823112
205437050
400770714
239760107
729603169
17165565
6351572
55161901
455978461
7846
509656977
16547369
14166096
178890944
288505420
128466223
476675010
126198709
67995848
169927844
413487212
421064028
168561108
104571475
1172544684
210004360
1094200394
337502808
175729029
170424259
38967607
1199121192
531352910
110947759
62338038
149915877
148760908
16589495
134915817
336835704
22657153
386244525
79293791
37515477
22113929
64019328
557995842
557908072
1075035367
568656579
269486713
15756383
247530471
196753676
91148421
112580857
136627335
462487731
116362700
84279963
185487499
111690277
163755960
171617024
16187851
27195114
58217629
274087824
22732638
411859932
476523146
69062293
96399791
205570857
77888423
85452649
89699362
114801712
90896009
500704345
184910040
28208983
329746058
571083342
574168493
19877186
586198904
17028101
479809444
100220864
170516220
39529983
49381709
346742249
24133008
215537170
101928415
28669612
157140968
236699098
23613479
23617610
32959253
25365536
27725199
27989078
61484151
13929092
957027824
29547045
144284168
103167687
13790282
146985042
355743494
24325657
161211454
67793615
797579809
447302142
22360418
946301287
37338814
66699013
82455213
220215631
609815336
27576832
486162379
44743948
101937462
539856267
23211467
37787811
857281909
38377696
449229968
51225143
180505807
108987958
185043487
170934400
134094982
17174309
384321453
53001908
828742454
418376745
130834357
224917989
76367083
614069211
115799837
176536339
63154154
740216334
497076380
637458855
93792732
637313893
21036941
563547061
561780386
287328754
81403384
587207896
143335885
157355862
582554285
91214867
361676783
341156966
14365353
22742225
37112942
381286271
384021014
302288541
154735212
183272193
421222115
105900238
99771678
588208012
29887515
107071963
404644319
558849413
59681606
19620130
52676687
85261534
374080489
385380527
23557312
410232721
120178497
117159644
152967678
152967331
132758729
127380069
49630962
523410913
153046120
215522299
128773369
97134008
148022903
67235369
510228928
118641222
22811432
327414131
507724902
71571988
56257681
175975918
157252902
154081413
155906311
207815539
241394596
176722625
239353704
154078768
154081246
26232959
16657990
16445093
16535953
16626951
283773876
452832442
136479114
66593300
24856567
18753185
24864581
23678071
359295166
186773084
71829959
306920526
20172395
287825690
39930294
306681282
85199353
21556071
175668903
212266188
433012479
169362165
1435461
16190898
126204564
17469289
105557436
71023251
405910680
49573859
19604744
43815496
26553420
43509988
159744665
135846430
12319862
501413012
21366823
19202455
187616691
111209065
15326840
128161946
153955306
144591317
137350352
110259026
257054983
145500255
243002423
30005815
15112249
431556273
72644483
24202701
413128748
180002548
238483656
154749746
32464184
149957549
461593550
408177579
401478793
20968166
156349970
239394793
152042331
32917485
226008343
287042818
47441301
64648619
174266952
17825445
443943117
238011059
33512004
43836728
16200606
182896024
152727475
21168943
76801547
393077684
399597502
67200968
10228272
38676274
134969122
172142488
21793630
60950462
64868973
164817609
92367751
17940246
32922642
15401956
386540870
264192127
296821450
172184799
207478426
87811761
343807232
45660173
218221467
186938038
340305092
20426493
140755192
235032100
182590132
171370794
343449762
21236096
176876672
103978499
105290836
53421370
204916182
61826279
195934578
73989491
51129845
58884117
76251045
218646710
167977407
335595085
336208741
96147458
97517418
301733000
49079440
21447363
79808329
95938089
267443215
2521001
304590001
84089159
51435711
37060788
294213614
128934919
80045685
198739075
276666378
89015881
288229584
41860874
155756929
46998854
248933668
15935288
58878396
117590354
76511394
25485248
22131769
28163914
20094535
242913611
32991946
12546962
224276359
124779370
49614808
18045145
31617856
226005890
224291582
224644224
224293234
226290919
226280694
224614505
225218173
224275324
224223280
224225194
224222031
225036184
224613509
224287928
214160498
224611681
224610818
223964333
224226917
223962952
224299487
224280307
158770581
178045174
218649366
199554408
184287755
16311951
57730228
199400055
202204297
177056893
14458172
107586914
159462573
48233326
79621671
66196251
228445439
225992328
102278800
134620860
168303137
9938852
228911192
151028264
151300247
149284557
85157662
147253406
228073933
35671076
170153154
65520285
131143796
53170393
42130186
193467901
75944044
220819618
156875442
52706318
217910108
211971511
211701199
126844836
52263864
142814700
42780410
52463942
101580572
22146809
98909742
45778301
213412889
70435343
199727993
214942749
65671330
186087411
23773818
21837373
212778454
212610301
153645346
18740709
204649837
164710424
108375074
86221233
57107167
174070861
67635866
61244735
180256507
201061994
128006259
53313179
198045764
186218165
62442788
15408498
35671426
151584389
176315005
112276504
30163229
152139588
184939989
191621729
174913192
172551584
98563209
191121948
85914407
25753282
173548983
123616196
78105281
47187082
190319940
92375257
158049816
182542023
158210076
190140589
133116935
167516349
160260318
174905826
141314755
151620936
157526391
166249841
186961210
152238120
67454198
70320394
59903057
174900578
15395087
179521823
19606528
47387856
69939288
180489593
183354457
136373301
170015274
141336093
79368158
37082434
180648014
73177094
183461416
183052795
182226498
182941664
182712853
178065562
58674973
180519574
156296966
52183890
33221441
38741679
182096378
178771874
43695719
178867236
26960123
177390357
180053039
130718415
75882258
166393894
40108311
120802108
134593931
147045157
177567602
176429522
95023763
15302407
171611373
15163466
22411875
6070762
174116840
66607025
160401907
88976650
172194981
28034732
129330277
43922520
99566858
145902885
163326929
83689105
26787673
162112186
108626853
20609518
161041862
145693341
31219582
11883132
16404753
146530897
104373042
158180926
29734071
95665360
54603115
104884044
4519121
156461620
157005695
33905807
157410472
148824317
98177096
89039642
153619589
142013687
23375688
122087369
52551600
55467905
130951271
19299909
8273632
128958788
54756510
22488241
31641658
15846407
30104882
21414413
127431090
93743401
145074229
122495812
56892019
44544790
85714869
82140426
17450410
95955871
25516907
78911523
18072298
67358777
111738036
113451935
34534931
20012204
18700629
23962323
17471979
15566901
20793816
3108351
7309052
33584794
42439135
100077645
15637485
38227815
18079284
21148293
105504788
105276830
7251502
53598939
104249727
20177423
25092348
16149262
19329393
50363999
23936262
18673780
65516199
51448820
78643993
56445144
90783179
94230964
91811998
38243935
49606133
82795066
72616744
24820423
71429129
48187394
48863565
92354216
48592877
92801405
76975350
39511147
69983257
82768089
24168994
60341270
39137186
97600704
59302784
79807640
85308236
72036827
47870552
17636405
15736190
33933259
15473639
15591742
37971731
31606867
15393582
45513596
83470605
58937183
83686927
94425874
85762016
9524342
15648827
8077952
5480472
29011410
22686119
43852792
46791708
16257853
14266598
53153263
8253692
73398465
3459051
783214
32774989
56783491
16423109
82180925
88998145
71650240
2367911
33549858
17216417
53932701
30105444
30105667
30105863
34834834
759251
62586762
21715659
18665800
43192807
9109712
14165865
14230524
17919972
24285686
6815302
17909306
50751556
807095
2884771
11522502
26885308
14293310
18863815
19058681
38222646
24741685
16711478
93215201
40511475
28168276
23737582
32981735
40627965
48672487
32985158
50515656
93305930
75206471
69491538
15166316
43985696
36600922
30104231
40360551
33995343
52169920
65418306
20536157
14886176
28644321
17467699
22565066
17080369
14464766
19789294
14934818
25589776
42740979
25557094
19777377
20848653
13201312
53112502
14780915
22142090
9633802
57324097
62796429
57024900
19481274
56713266
19404587
62290422
14515734
19081001
60810888
47394361
2883841
60706242
