36042554
3335272084
4064407121
14260960
1020482808
120129298
198514083
21328706
2429105438
3700296196
3547464244
2773081662
487742923
61089463
355784391
1007043217
2560174778
2295305174
88962207
13833092
2518331167
3285838345
462128369
403760493
2472630098
277325075
3321410351
944968350
3350869114
65184105
1080955206
807095
338750855
25021769
324092840
637220899
259403751
374138629
59782049
2485527848
3107954710
54256519
75303314
796941378
3168973218
3234339276
3234036792
2800055148
1726082882
34342722
18368680
424277262
2601947142
283104601
471736712
2610171890
489922662
2810158397
2990437283
104254030
1978943053
35415477
179248364
56461930
15743206
2917868086
175451820
1691908549
2236268935
2784670068
2166975728
2616210848
627799297
2695825140
53144915
2716923021
25519960
14378113
161395767
41643161
18973501
1103923273
193725962
37935496
106539218
36065127
18725804
62311579
54236760
186154646
836477671
233607056
19010580
15485441
20551303
25065495
43384404
19636948
