3234425341
320398735
146336542
51308145
47959627
366486428
324991635
1349062196
33996608
1448692825
192032619
3191653545
2861496711
9281212
82113794
505342980
2248287980
999191756
65555947
3161328793
1473837577
487865291
3083588193
180431986
1179809622
2732227453
24989705
3161138693
580497540
496849359
1125763494
2993169599
98406407
178425429
1598654677
1688234840
23843111
2333403500
3066074551
74381662
2994808270
3220080044
372673418
385790450
52502069
2978414717
1434576422
2951030191
132009680
214402971
1112803963
558462555
1347808682
3186366287
45502101
2914877019
552240859
2730778703
275576596
283116840
3194919350
2795054560
88498088
115665808
44626205
2482636441
229789649
3182371779
3135357791
3014501690
43655071
3160731306
771665419
113982127
336113548
3221748895
3253133026
33177644
2589652908
327577500
1931015875
1453731276
3092359565
864334717
27528690
744522295
231607848
3066121978
3021491979
2873783488
2753338367
3087531886
2981372446
2873412649
14293310
967721934
197589184
90716050
2929419280
531270006
3183362082
22356542
3230728890
220106471
2822786302
15006016
51434666
2793522900
133690768
3152070386
2816649779
2641034099
3054599939
24722425
80643085
1001910944
2980830916
1830223783
500323149
153059874
3092742592
383237360
3160467997
1301379074
3164942658
145643573
241912604
72196469
31583882
701954414
1388090096
67385708
168724398
782845213
389632462
3064412554
3030611992
22586837
2759336980
100560701
138864670
141539249
86265083
229019559
2909963725
239331679
151902622
2718244751
196741507
1109952056
25328965
2941960726
979632349
1928392998
3172164500
39250316
385472018
1314686126
1014869292
585581495
22585296
22722854
54187066
568510623
3081266446
2747266899
140939600
2198475356
1955068670
2941806527
609239179
3171389768
3187969422
3374401085
3169042254
237682970
428088892
1213156886
18161198
160296937
53830650
3176864606
15235829
1063630842
396600117
1255765782
14173315
2370404567
53005057
46058672
26085684
2666706113
3164314830
35927842
3304408421
1355387660
163952017
13805282
2560790553
102352617
285457338
121206516
157260094
1845104540
42372743
2162166428
983284902
1236241789
390464019
1373872550
137927803
49498753
16083270
3071825456
2408735887
1046434736
1452951002
557197980
80680494
130960030
57690715
2852861229
277709425
3062116538
1334296784
1033504560
854073384
819498253
2506346726
3226037651
3018711687
356912053
1228241100
3061394878
1119135492
43645341
3166636121
41169223
541509660
497902460
2747557202
518636496
472897039
22491464
434802503
3061772647
25520378
199311999
1135312291
15098288
50808532
553256969
2583296731
2942585009
2327432117
104123484
83928717
2916800868
69415299
3228596415
547711261
513364690
223552836
2573010507
1141960021
1660047782
1532980429
878043668
396893017
180803194
2529251124
143555576
24871245
266441947
129311633
262314261
77770811
2675478127
145693236
3064666621
2558142387
311715813
3100861192
2949237001
3102417760
2779232637
1623932604
3207268061
2579220423
1949132989
838863018
1670299921
498118198
127439099
249583308
3190817599
136802379
246956517
3227899630
98620679
2594573912
959600504
1252841545
3189658783
27183779
3142957110
1347097650
538153956
3041229515
20751762
3181860486
1583759244
3177180142
19228774
2742241464
2984581355
3097413110
77736222
343561249
117711377
416329869
102424866
1247341808
1563551646
447397895
351343148
2529847428
3220076502
3180388285
2518378040
47404708
328947632
3189964352
14518546
1291499966
3141821216
53626744
3228945518
424962140
454870061
321848408
76019145
288718571
284552664
2791433193
49662976
3046677014
252943126
1355892151
2199119874
2870031331
22983938
2699204048
58805507
60845559
2837776603
2410188981
52100187
362251117
23746186
2655684016
255154671
23569100
2932548569
22480485
25352167
1068751333
2228084042
322616197
1031897496
36234219
190674444
625571692
3038688278
22844203
223882138
325341421
300523913
369049683
3167494996
2372175744
3180191265
38363204
168476659
2840722221
2916227336
3075114708
1694245375
450019274
127510958
1133362740
259639584
2979214115
3192576789
3145764787
1457704742
3107379962
64775619
709526821
19629370
185300845
221638907
172072256
899737088
3131024770
108164048
360318398
3161951395
260922917
2437829728
3055106278
1295545814
208895305
2368193272
25562183
15723971
1769551
2612181380
3060254169
2867823308
110258944
337164796
2811244603
183975721
3150795427
2910015086
258728808
3079620214
1433623788
2970650998
3157118408
3169690427
987360661
2324024580
617818634
2470488543
2377591482
529242197
217584648
2858467980
3169720679
3169646943
2245408933
2271767724
3112813199
3092657841
3112758531
3046975208
2917297587
3133684688
326063592
2737269837
3169785094
3157114416
3157114662
3169435637
3112096374
3138196598
2942413977
1731701419
266479708
3135679931
10040272
71506341
2215708208
3169816361
1341498342
3010859904
177968023
2172732551
3052688727
316980036
136675872
3169889266
2773768982
588807128
3067377334
3147583878
1613232096
3052344577
3157218020
101754532
3157168842
3169848125
929440171
2512359342
3083529163
2436331808
2717947179
3169781913
3169065040
3157280119
393691133
3169862091
2264711245
455817061
2989187499
135967974
628241853
207197970
3157275362
104167095
3087932545
3137310705
3169922447
2348743032
3156364987
2887202931
3128915968
3152150347
3150708946
3157345885
432365222
3167692822
21215397
1877300306
903750698
563389826
3157272900
3122716602
2147563746
2580356719
3157306644
41338008
430057028
837439272
81361463
3157306062
3107930874
2915775896
2790677816
3019611072
3170002145
3147666462
208203555
296088007
3164668139
2574747945
2278842362
3169997691
3170069542
77719116
3169983195
2486390732
2164905835
51362691
3157441412
3130035307
2185110485
1857625999
717880087
2712258102
1547469440
3157428678
2512493973
1411985604
23497349
3157501160
109264396
3170059522
2968015941
3140151136
3131055651
1458585378
128238000
2441389465
3157402962
3056532392
3140457543
2798370158
19230912
2590938294
44616019
3072715017
3124225501
3157491686
3129542188
79498880
3124466555
3170168878
2569256042
2770542998
90417132
548062185
466019178
864139591
562317672
3157557354
2966476804
3157607522
3154056970
3169850633
3157614338
3157601630
2993849310
2865374461
2522976557
102357173
1620493801
331869091
298339477
136030523
3157682491
3170212180
2301699263
3157689679
129561434
3140714280
2875264295
2784552558
3170264620
897626360
2926418138
2889011431
3157712881
411054899
1089410834
3157687952
3157723423
18729343
3001782945
3170199579
3005912931
119710352
805904227
3165978519
21248305
2160698005
3151336196
3122493999
945353502
2887092353
1276149979
1448294449
1537696130
180737826
372830783
3170251035
284641167
3003736276
3165902445
3094511148
3170271741
2885490918
29549520
3157729970
3129607366
3157696315
2758164882
3157731968
3073374370
3040254956
24662686
3170266781
3157525554
3157623732
2149520350
3003991389
44205007
453953416
3115934994
3170350727
3157600284
3090427088
3017774543
2908923925
3170334807
149544463
3168008379
3157793029
2903954647
2818974725
102810133
251290136
87760124
721430762
23213536
3157775564
2499044193
3157742186
267191662
34573148
3155650236
57637627
30840835
369419303
103659710
3144481950
3134118347
3169013289
85405391
3170367815
3157764204
872981377
3129563849
3138039920
3157847683
949773080
3130628972
2569892048
2666218518
723901063
200511228
2952159935
246757770
395803815
2858617683
3085569605
2268930805
3167503443
3088805037
3157783914
3216810880
14410289
3157758224
3090620634
25369843
16243350
98600316
405208577
3156424625
500593646
3166116621
3170528543
542754547
3157913599
2816017686
266084446
2787904084
328329197
35000512
2414884374
165111152
70759836
38142080
1165127179
2583819420
3157903556
715995926
2512914228
47059068
1001236291
1863923083
54768791
1967091794
2966757858
3157913557
2395101996
3157945760
245487168
3157955912
3018199684
25166736
298509222
156618167
548628177
3157887902
3063931637
2512931083
2594194373
2742139753
3166994524
3146531578
139419242
3063383330
3142475098
2579286806
3166624793
2370189132
1955261078
465709986
2478869689
75581453
128110852
244445331
3158049595
246012480
48002020
3170705495
1639715414
3151220930
454176388
270560940
1883041603
3158059225
24393424
482495721
1561137986
3145394961
271122280
2350995789
3158065483
2668671076
2696276221
3156572647
3157853342
3148495884
3065360589
2583081780
2974799099
3170764313
3157203507
2212200102
2803810694
25365513
619979864
3121491365
3158043692
3130212281
1380181045
3170139735
2985859381
3170785871
3094406725
500433708
2888683990
625189571
2896189104
400135602
15917556
2844647888
90499337
3019243135
19792064
485753053
27545529
2174459474
3026321595
2147915844
1469315928
480417497
3158060666
3051382896
3153169116
518608001
3067240200
1412561028
2844693572
3170710449
2888173305
3132041895
268523573
3158100913
67894241
3114992573
3081140218
3158051360
98056730
2694872533
385358731
561244591
3143394915
807604333
3170331617
3109470406
3166063900
290901750
214226761
3158085308
3158083364
1683678728
3158029914
64585974
3170934046
2643853125
3047293711
1436383147
127672776
36992049
3032112277
3171080182
324832204
2983207024
1601135004
3050472514
3170977191
3158048328
142794401
3143932588
3158047998
1328968008
1847526888
579562158
3152544582
2835832421
98867228
2334122147
245704587
2812510783
3075390489
118308322
3158053560
3126601121
929018678
79147961
3148567448
1191100327
3162345111
251167677
17856992
2455250197
3158061894
589856227
2718030924
1083650642
542562292
19176947
342141256
2994250853
88634212
532857480
3158162599
2845377628
3156984074
2902004859
371155660
262663254
372339090
229792234
83809305
3166986622
18934453
3023190123
500157428
2888713958
3035683216
3170468937
291266535
3158157788
22783498
19784514
3062002717
3158118210
3018620795
2656840464
3158162072
3158200117
15430767
16213932
3170700333
589249868
3171023549
3008819103
19538677
2384420310
2902802689
885845785
469786659
424238301
2867124026
3158225287
3158178535
2431384931
2691307098
1573654022
3158139024
51727870
2470385412
3119824529
1655411076
3171278045
3171284733
2960183125
2389879524
3170429872
543927707
2996263842
284230623
3158253967
291904307
2939760651
312816036
991956842
36102805
3079843818
3145589882
28773631
2932603712
3171414958
3171411076
2540531594
2742274638
2784372562
2203178748
1234714387
152158947
3135301363
3158223392
2834552632
2473385748
3158249324
495243668
3145463229
454440696
622257966
32473831
61818995
3171442517
2972709591
197472308
3171438365
3171463660
2222891772
31419284
914135359
3171459521
2157493114
3158305495
2548979774
3003426616
3158223762
303110199
405276606
2887353863
53812367
122997174
50962728
151122581
3158317027
3168294417
434340312
453611937
1423050781
1361693234
3031447863
216969906
3158285948
19278999
957256134
92314205
528662188
916543634
3171608506
3171563345
26611653
2761399063
2231653226
3054006678
3158337307
3159034907
3087582281
179204072
3053954480
2612621050
27138423
3158062856
3171605033
425170802
148917556
22479235
2691049483
3158317574
3171657232
3171561927
3010556857
2715773814
3151289080
3171676858
52114882
327406455
2360694433
435512302
3171645779
3157097719
1684238412
431180396
3171718582
3126461988
25131800
36870762
1350976296
2358330126
3158303040
3171101273
766194355
241934996
931770553
2998838054
45864247
3171657369
3158362364
193574775
3155002043
2821272159
53952283
3171718445
3171721163
3158365160
3055569713
3171727673
3164438999
398290668
14054926
3171781090
1372163550
994257493
795065347
3167761474
3154779382
3011550421
3158400919
46759372
3158314284
3171797518
1134745693
542990721
70594766
1042145634
3145189781
43525096
2432254236
3158423635
761853337
3158338050
8373212
3094784852
2920780250
2883088607
3171774191
2806769492
3164920905
3158403626
3169444793
2916765510
2367112641
17414649
502152346
3131440924
1332700226
1046600066
99235142
3155050746
370756591
49229575
3053257429
2228871464
3041772031
3158391954
2893988406
3158472151
1471995098
3160205883
217829102
627986822
2889383348
1358033478
2567331918
1532676103
3171790990
966125280
3158482351
2226625537
245765426
442562435
382332430
3152214787
469962506
3171903268
301858706
1630181790
3171830571
3171804603
1688925223
3171872890
3171871757
3158453923
3158504599
33025928
3171893681
27927169
2650724599
2884097211
104661290
2961223156
282706782
3066604697
119987336
3171875799
3157942290
93741853
3158453220
1123279831
485878394
3074062190
3119249528
3158513953
3171902415
3119096480
456344746
1596570943
25274883
3171950806
3158472691
3146405406
3171175349
3108044354
3158236550
3158492202
3037867948
3171929775
451772913
3061706202
3158550200
3154719583
1202934745
2231837647
2884905767
18352739
3022148976
3158492040
3158503866
28732746
579983114
181151532
3171767769
856211954
2898017629
3080886104
3158623585
3070511629
508397808
145955936
3094943472
2822438994
14929666
329278203
2846205253
2379934808
18185440
581645701
1219525614
2534272554
256984005
3158601276
583515042
3158667326
2213272536
3088330479
3158615586
19541777
19057089
2459418854
3157099182
3084223829
2765231433
3158732605
3059615300
17834237
3075789432
3158623140
3153283519
2309223755
168274266
2922359256
3158677266
3158738486
388907943
260789332
104504448
3157086246
1441516879
3158711034
2613183186
3028950114
3158736794
118351326
3158748590
3152639154
3158749770
870301267
3137174662
3158226602
3151597123
541405194
3166300811
3037398740
3157073532
53196394
3147078845
209173165
3154315604
2243326021
3073755150
2529022098
3067124064
3158817631
485350359
2912336641
629997366
528701403
3158932021
3158934331
3171957189
2984647679
1864361623
3158931378
3152385000
872492401
2457158773
1123602618
3158718806
3145479044
750466796
3158967294
159726676
366107110
3028951614
2759272460
3158982830
74081685
3049233743
359473110
3142186656
2999730345
521483045
3082486107
3158835414
3158238158
3052222040
3156926748
3159065462
3115970957
1235897346
3159112184
3159144631
3159111314
3130751081
484679813
274443109
3159127387
3159118812
467487635
3159122484
577103993
493836849
181226096
144934325
3158597834
3163443833
54790625
635821688
76927201
2851353976
1966083968
3159224635
463672870
3171984531
3159275954
737373708
768587131
3159323455
2806365981
2950858191
3169679357
928030496
304054921
172030056
2786457083
3159351355
537798026
3169190459
262234163
3157292754
3155668494
45588559
3115128483
2807604426
599032562
204520358
3172130200
39509710
990413671
2595376658
76759179
3159315168
360157046
1903139586
2973287487
1094140717
299036412
3053407679
2995008400
3172184590
3068617201
3172192990
3159397994
3159396296
263132050
991779931
376178761
2826948096
1405950313
834631404
1288248008
3114710432
302601129
250040171
15537137
126736955
306122012
3159368802
2887984123
3159419966
2853688169
3159372306
153791031
477137969
108890257
438469216
1896725383
2839864606
142023509
2671069789
3165838665
116070638
3172252595
1241489316
2358507127
19143837
362270399
3172301380
3159387864
545157265
3157190118
2599319719
2679850263
2532487730
2976629737
3172323652
1143144602
2549764171
19391032
415653789
3101106466
3041324046
1728280820
313212297
3140690377
962509087
3159487724
103600365
260760991
3159436806
300739655
60571450
3149671374
3172242987
730802714
3159376080
17803835
3157059841
3158974740
3159536791
2790080109
3159509780
3118668472
3159538303
3120275467
3165920831
2866424130
3172409073
2816909965
3172462024
26498368
3172379367
1050188564
2813651800
278265943
3159563215
2354753094
2999706599
246656555
3138063036
239973178
2813026500
2841226659
3160440105
3159542420
3172521412
3152630102
3043232054
2749489924
1499513978
3155050250
831933787
179392170
3145169424
3138123654
2676544729
2230308296
886400695
601470388
3131579998
3159587683
123239990
3172568477
3172542519
276859020
21409960
3159589255
3092912605
3159597391
1239541680
1056918818
3159511009
3159601207
3172582755
3149250777
3159566108
3170486255
3157643534
3159604339
793018740
3159460621
1694936690
80045885
921373512
173080104
3172520949
3135621439
2565429570
1849261716
203222034
2416017198
17772566
3115854416
3159538542
2312444012
14750091
621601539
25680016
1042824554
125533464
3159553308
3172737604
47922226
26408870
17218077
3156120264
2938826125
2259252076
2918608169
2507454473
3013656368
1062270584
1538931625
168993505
9046782
285252217
625551034
191608209
3159419586
3108641536
3118631482
14128528
29896131
21543462
599998777
53074848
200027942
50510207
3172775722
3143535513
399288754
3172732895
2788444322
3172801912
3093747126
2233190636
168786936
2341591202
3172770587
3172818046
51176805
3044822860
188491430
3046418478
1131497977
3057531746
3172742493
9719522
2295839042
412446312
248912658
386532712
84040926
895067600
195419597
3016527844
277891785
194088035
923164710
3159697188
3097220477
337663331
75323609
3156449316
3169493121
2921146627
3041818582
3159352092
33916169
3158418966
214674861
183561816
33991263
2559301448
817727946
72753428
84693754
3115102554
3172858401
1663008620
3091053182
361159822
3064333685
3172874717
161943023
2480852531
2185440857
3171935489
549715082
3100299307
3156582547
3159824900
3014630779
70179293
2848204028
46444980
1354388599
569576220
3159832784
756443755
46090951
2421269574
861749209
3087424178
3172932028
2911822461
3172937751
80886475
3002557548
3172957791
3172654701
542317285
3123672228
3159892483
205967428
2994993997
1596232430
1906377948
359438769
1061989500
3115735653
3012454833
3152444484
3165272002
1032564534
86499436
80385676
1615769402
3153883776
41337630
192855983
2920105220
16148862
340497359
3159904268
202544774
3112327758
2148511336
2440748282
54185142
271065205
3173107912
3159866532
439028507
3092757388
877790576
558975070
116908999
305213551
546004600
2154187802
359983540
1926418544
3164013389
176094687
1391941212
267844893
2788531110
3173195818
993316585
3014923792
242995307
3159897468
2259139135
316102790
3173186506
3151844544
235469481
3173237872
3115707452
3173057098
2963660945
3173247010
3054412268
3151979800
1249755242
3159960560
3001813740
204928968
3170873494
3169979529
431528367
17039301
1871767250
16634168
3171137403
3159926526
318406385
259158858
178024877
3159975872
2981803330
382246287
3171748121
3173290702
19980737
3111289619
27564587
3166996053
2240219125
3149393611
2863468378
3158602580
3159990524
224199652
3153014388
3159980252
3077234212
2309238492
278361800
3172815957
2928764163
3115493109
2338695670
317104828
281346429
73606660
3158141582
3173395984
3159957636
736699753
64378291
3159336330
3161144861
75302402
3159962502
3173417506
37070793
3160010006
178663992
91248843
1357905138
3100167800
35258271
1471929936
2572171003
820357038
1327552838
3068040705
63936667
3160022804
1250083027
181677171
2799068005
3159908772
227624321
365037557
3173483872
103738458
375824723
35163334
467746221
2568559656
868228734
3159989310
3085423985
1880053914
102701288
858039276
1097500296
2742414226
81645514
3173470553
184672887
3045920065
3000379755
28120394
2926110008
3173198392
96218488
433153936
3160051448
2706503359
3160005330
3157710198
3166127644
2331136010
479765175
2802706747
3173566240
128583201
468736079
2710543473
481724905
3160011966
2345008257
821048940
465930533
2361402306
3158327348
2928953709
2910421778
3079830675
3086427586
2148415255
17927410
2317079289
2573492503
3167871082
75192391
1267896757
589356179
574925564
3015642232
3173579567
2312240179
3075434973
3173704294
487810979
3160089512
1230511609
25128020
409917992
3003664768
48535517
3173741866
2178900019
62919683
30332488
360831518
2582386623
64695477
3160043340
3159983935
1266440352
2890878441
3127888010
469488709
274079153
2828276012
2749532160
2546144179
2507803884
631417695
3051796126
3173787881
2890097234
2850804679
74221640
400688894
22960016
3160077860
949578138
3173656997
3160106450
3165142013
461098190
575374150
3117293032
3173822657
2356464374
17133622
3138577894
3160141927
1923749612
70634457
3173840501
1364615040
2247751412
2349070576
198398824
271023060
3160075134
3158347955
609076616
2928836622
3131196309
3094885575
3160097528
392209874
2780494983
1284268148
3172408102
43110773
2951160641
85384648
23927825
3089785580
3173992270
3171856288
3173950445
3174002722
167723353
3160090758
3160173541
3173941635
1083594595
61117614
3050953868
2972055671
3168636244
3174048760
15459132
2548856186
342619692
3059728949
301844485
2264831340
3160083270
3174016265
558828114
3160184545
83722885
2695043748
2937358353
2894243554
375737616
3160147201
223261183
2885922827
2471388702
2509364384
3031937750
3174055019
3015250115
475356982
453833627
309748791
141410605
3174025245
173924955
2342542882
3031303485
3160167260
91640633
1498656277
109690479
439331931
3033602405
17408643
3062314824
559655985
3174108083
3160766849
856464278
147502659
2806206836
30320570
2180350801
1041651170
2791157792
336251139
3095266696
2963057182
3174087369
3087424784
3173790286
321973819
3145723957
2551235136
3160215655
3141900416
450834767
3170362329
2888629016
2474909897
2148877429
3174162155
3160184822
90682906
3148938741
26791781
2294595920
439581891
550125797
3174177059
119074493
3174189497
1280014806
37702346
2876962733
3160231117
3158869237
3160143252
3174254860
373264394
3160199444
731019612
2176297586
1686475200
49558994
1595682440
513376667
3160239781
3172635663
3158074431
42201997
383209768
3160157184
3174242579
3174307672
3084175937
125274272
165570025
18455000
636764274
480040723
2252358684
3174232023
69312628
3174200871
1027054981
3084928599
3174308428
3174329830
3111724146
3160196210
538322121
2848259962
1413200904
3067533743
3026445940
2458593355
3160226114
896231238
44582570
103325029
395502086
15504380
1721783310
2473604610
3160175209
87217442
844372045
3131568369
3171512279
3174294063
3095043527
2752232829
2834362872
3174385306
3160267249
391495537
25261937
33884363
3173704606
299033602
522162752
325208395
3173777523
3174317379
60608730
3174101908
2429701973
3019267029
22740744
14814120
2218470804
3145577612
416021157
2446996146
34669870
615744832
2179107563
60972797
32549625
3160207890
289245999
3129406391
22348830
3160211700
2762439942
232096667
3158925696
3096903909
2824237818
91425959
2707266799
3174441791
325395160
3174450917
3160297879
3025195085
3174367749
2820834247
162888476
3139650494
264353680
3174469955
3040636603
3174431283
3160325437
41980825
978998816
3124720881
2361443059
2320924789
3145627968
2896997056
2227968835
364942975
3166243846
1240716056
3065438057
1340850194
3160250826
349149043
2384212054
3166649127
3160251906
1510703773
3091219873
2462214409
1517737664
2209711765
2884885647
3167783183
3118589118
3152451098
3160320056
3171663748
2970405934
3174631282
3002603424
1861788373
3160268058
3041605715
2925773945
3146175850
2932735260
3010836734
1485298921
3022640834
47957440
21824969
3160351970
3160300410
44247366
478318862
3160393543
3030701810
3159877650
3154191610
3079837873
2496376330
3174758920
80610000
3160378886
1398433514
2999058100
3174793996
3160392086
3059995436
63023663
2819093192
133629630
273994960
3174084407
3146879461
3174748373
98021927
99066593
3174817900
3160407476
16519374
25165329
3078660693
3157866557
3137758063
153134252
3174760893
3174187186
3098243141
3174768238
3160407854
3160416157
35300950
406272711
722677994
13357332
3102413484
45220642
3174887566
3160427912
2944550790
3174786651
2855315006
3160004702
3159470773
2761635715
3092712129
2915846678
3174909232
251848632
3160459231
2897509212
491640153
3160447856
40619970
299876255
2912254614
3062717998
383700802
3131500950
3158600485
44493961
3092659542
811121437
2579089074
2958216806
3149548315
493640363
3128522144
135314899
747148640
3172105612
539482429
66858452
1480420988
3174925907
852878911
3159901993
3160436814
114137580
3174990533
2753766968
2978275627
968844187
311830255
62690303
3160249585
3160402740
456945520
1858583744
2402613603
3175018481
3152261947
3160460166
3175103050
17178303
3140730672
336995390
3174967978
636660584
2596815842
36672365
410584444
2547477397
1900159993
429548688
3160482192
137243180
2608099951
3075770801
3128889554
3119355670
3160502604
1474016156
2873560480
3160585909
3160497174
451380576
71536439
173616323
3160560602
3160267646
1467944772
3141277878
41089760
3160623625
3160536348
3160593440
3160630015
3125553714
283165011
1696268749
2898200095
3160541766
2873863892
3160545852
3173260479
481078228
3160635637
126196460
174939073
588143217
375946532
3160567182
3175303643
709383810
2410371704
132047979
3086420552
1455828924
383112725
2805848593
2882282405
3160671409
760368270
3157310120
3160605198
3105191996
145942175
1411230096
18213202
3185997500
580743501
503888032
524435437
3175743927
539326032
1914802550
3139028124
303190618
489643658
401067416
2507729214
2715659808
67477965
257224119
1964871835
505695528
82101754
2981522008
2599030637
745016396
110586362
3132671319
3192772057
420464938
298827694
2889563912
41927424
382774428
3098032006
621543
3133609471
2863944899
3001821810
2660137974
62565534
3110923131
212811398
62092603
39598782
2992530780
507108878
390883446
3178210001
2918331289
3161619744
3178365430
799015512
3167640647
308004051
580797558
608740175
3059973533
290633920
3176835815
395209463
29147860
3162020743
402581623
83246649
536581531
272127988
3162135289
3091861463
306941706
313442787
3147925509
2274849559
3156431850
2722224465
2998219549
3047873100
215624325
1308301357
156564588
283460405
2776284631
2506943538
101088254
324161005
622841478
26652739
1374340129
2997029305
29129841
3068657363
2422304984
47251592
3148967803
3097005196
3111408820
1727098068
3162018571
1223954238
3033110644
1866495092
232105393
1170047210
872500668
1463787757
3102812417
3108909421
932923651
19744069
2546877985
2881461890
3181524543
3194321228
3181868872
3181804593
2893136352
3012617180
3163446348
3042293920
3005482450
2292520365
1924454353
1716840326
563402235
3160644805
3174459843
614185598
2157450183
1849417886
38489678
15134240
146569971
3123173152
1598420515
3164262138
3164276268
2354305141
3180136388
42987132
77921413
3093467396
581617029
542982970
3044849682
2251120014
195137165
300499034
326108194
71440318
6121782
859133972
3097990431
577527359
3020444003
3138211978
261441411
344124804
1465913240
3164796380
2909352866
3164943319
62744426
837677348
1653673183
290723682
3088261494
215942536
250331733
2797659598
3165358237
2376550798
986637704
358090173
3078239058
2788614397
3171551477
18903840
570748390
480513641
743762586
305825170
3164827511
1215742980
220601500
146757886
3293847305
1378627190
3144288291
380848774
1720687418
2214949724
3098853855
55630533
3166217827
501669903
234168319
376090617
280544407
3189765173
2303439245
3143651951
3058535187
77090824
3190342701
470859329
739010820
3190974113
222925479
3164623022
156552819
248933763
245059441
57331275
3092832262
2417079654
3160689682
416663701
839482610
180769948
145706686
2917284457
275674476
354660248
905036294
45535136
2266303444
1452819774
455024343
2097571
1754641
25053299
158396052
24236494
10791192
41602160
238297613
13787352
262326533
32062804
352557959
2277705397
2149710152
449255955
49590782
3141817726
135730830
3032354557
380367111
2428268087
2519983213
377253068
3092360879
2322861381
184871497
131416090
3082490447
3166078639
2246346929
229652696
162042766
271701945
730559876
3194460173
3129540850
262216253
279529591
67091714
219137424
3184514657
111130960
2974797117
100127879
3194432626
2254052605
361996217
40888204
2305217868
3178419400
3111013593
32882826
11856422
149159896
510406331
3079514799
2882132401
501622962
3026933991
2442354826
3091467964
3116454785
3168704603
64852901
263652124
33434417
1301303052
3123643620
3084072185
2277587130
928431025
3197429627
945844062
533253170
102837133
27628823
21929630
469618332
377134635
2993334293
1268181590
3198372365
3164255030
25100864
2738609554
2544126684
3195422175
3180242505
1674685746
3255640289
3169206972
372279949
3169435645
51033458
922773571
3178189776
631635811
1482946676
3163435884
171303482
3169720441
3199694501
3104514931
203917110
3143452695
3200261681
3197372927
19819664
896660515
25625070
469212444
36412290
1487577812
516637503
3027154803
3170877908
188458587
180706805
3128025012
633945456
55749778
14241372
3161765822
3201381724
3162345576
3165679428
15557732
2214351720
513588254
470773107
3071276699
454680822
27837734
2802418999
372918371
18881147
987404791
1686272269
31651299
28370741
1305211303
3165412428
3008031107
2997534971
3171930506
3204992518
263156987
3177688104
724672855
3206153699
3164382398
204823277
3195012686
3166077695
440609201
517807815
3207582137
275923267
1280009785
2304210213
369469509
1033216434
239898151
3058233910
3173338896
2816948333
329699723
3207518973
564209591
235348820
3174316153
2686353036
488924333
166604726
2200603518
2390178229
3153983883
822904202
3200022803
625459035
179958871
2297661661
2947543752
714514819
106623649
3043216584
2570546452
2398044097
1081937808
3021889021
2916751245
525966866
1177142168
372037745
811357518
2942315163
313668698
316789054
3176979049
3177131593
79135585
2881557749
3210000855
2244623242
3172006674
61373630
1401459163
3177337208
498271276
2360606718
3171861121
3211881557
3177634406
64008740
922280761
2746350166
3212966817
3246925181
2179614161
1598712680
3213418265
3221662119
372592303
3213891951
3214007615
3107765951
2965724379
3093179562
964575008
20522727
2752247252
2570078370
302120779
613741760
24565067
3214759191
609680146
1890609636
3018081124
609052182
99975811
249244241
238592947
2552912387
3191488153
2787849464
527798033
21863546
3150359678
3198109563
15622692
573059686
3172472786
1560525932
964548320
3178331611
29784278
3178321406
3135434554
3201640359
2886685332
3176314935
2450519969
3135506809
3166168534
494253623
116951238
272110380
2238198800
296814488
25670580
3107988877
3166386892
2890011018
42519109
100189156
2267433883
3185824331
286253305
25592676
3179149568
3077937206
1612908577
438184691
3160289749
483532381
2828092407
68054552
3161343380
2737292790
3145412089
3221822135
16971459
1629135282
3221017773
2669576578
68555714
3078333998
132511955
20280574
58355315
3068298357
516852044
1537012812
1016979727
3211172110
784089157
626646677
280614366
370588226
1288149666
3224124388
3160486188
2488975986
2997482533
1975386793
1482439579
3258941740
231936564
907695492
470083219
2436304734
3197780771
103942653
2328903922
3132943956
2182338321
2974848548
855846528
3224687349
3032869619
262220043
492417575
3224990031
3169887048
47729136
308788376
3225416044
624843037
3181242720
275969640
3225860997
3131557462
424349973
2573993016
1052423982
2253942029
25416640
462869550
2860904434
49626301
251786066
3029468848
23078883
1201700467
2814697530
3194153487
55005389
41781246
843709800
3226790409
2355315978
37220680
3149942866
3040889590
613121980
2381775030
145486322
2474522318
129938163
2829222198
84550358
3177448987
3021627144
1456184108
3130946698
105135058
2758535093
1680091326
2896617484
3227781976
3228467679
241884532
27817675
2567945427
3228646293
3150524343
3228747803
3179407837
92160048
2976950535
3228636862
402194846
878413681
194125954
3183844856
3142428754
3182012810
3230065137
1724795994
1318046894
1500078578
1578444367
2936098081
2877874868
90146161
346169937
3180407627
271091983
805968446
3184499300
3166953201
3153101136
3031626002
3184565156
410077556
70125722
582172838
123428758
525015102
395415534
3184796550
306097253
1934550325
2976177279
3233129584
2870648385
299566612
3013443832
2981890077
308737336
3185249828
1252441950
29262109
146056419
2995076652
3233864457
321444955
2466076915
3162832634
3154280232
1168461654
1917090768
636471956
3235589728
134850995
1422329905
1709880234
2810140541
311787489
341786536
3236367059
3236541382
3236678278
2970139091
75070266
749782873
583142768
492450435
3227267758
2457976397
3238014249
2225063034
1171604634
602563997
2598139765
3001032546
2855801844
3233332133
1924157984
461320918
15577282
1382951136
478881087
2895433868
63227803
3238750503
354354655
3239281007
100759413
89244128
3233811905
138155881
3239548258
2174961700
2737958034
417980093
3184555934
2984719549
2446647296
3074782139
294696899
2809547834
466768812
2881728104
102880047
2555321684
2988696088
3181998248
3107727692
2871285338
846092922
303179813
534715628
437586445
3131079137
2283726874
3240569535
1060128523
355793231
795711440
3041906633
3241884239
57946419
3240989710
379775499
3221457693
44119222
3188999396
3242292357
1226033378
350927620
89881717
3207849057
3189362496
3241576528
3189675618
77265304
387294625
1702579777
364493965
2274572358
3162975542
3107932604
2164385024
830164530
3241039720
3020244367
3153233140
3244254905
2783623037
3177537643
1469971063
2816269674
263021011
1431589224
32371257
3112803884
33981838
2239655160
3155106661
2451878330
72575721
3191072485
1334589294
3196932118
360596160
1635407317
611931116
2300063844
28451340
2471180880
275448784
3196236363
3244483882
3210460330
2993966654
3191978731
702628120
3248474529
3169296596
362231986
2473158432
76581369
2582543506
3221906662
1964709103
1162483123
2930415995
55355050
372658955
3192489186
2429582847
1305377394
3180911156
3054431422
770812118
346515650
2866690119
1417185392
3087867226
3138197215
3241925235
3241576157
2364167627
3092403405
1503984876
398795048
1083676208
3248107516
1894156304
3248013532
3193454268
3171221144
3016700886
171060963
3023091923
3226480607
3248896552
974153106
750213552
771719911
3193090152
3249664138
3016000190
3191939532
2496226256
3249712863
3194056165
588950382
163973473
944639066
3194767156
3224630877
71256631
3189059467
2826048452
3163441913
3251500091
3251541689
2886602236
817757468
3228087417
3196022543
3194448936
3251951469
3179558678
2902925375
3194668448
2864633513
414950529
2287352553
294851522
312875662
3083015705
3130023436
312086272
1274979481
1324150076
3004245525
1279683108
488314311
3195079231
80861359
3051061817
1712714574
2914617524
3251538239
1527295495
2819003668
870467402
109411367
147669337
2413571875
1853267665
3254206883
345592273
3152278829
3123864583
2491699747
3192675812
2934761871
3195770497
1546323732
100259691
3252882028
159617371
2548687537
2988800759
579517876
2218473703
3255517114
892218168
3215217692
2937912463
855539953
2903476607
2933193379
1700884417
3015260908
3196127982
461045044
3142849143
366142180
3229153996
3245197059
3196506420
17558363
168720670
2361976538
42398139
3258527883
3164569964
2991287020
3196275588
3125712685
3143725923
3197293165
262148691
329413021
2966755418
397269069
3244864289
1651322240
3230584858
3075831172
57109616
3095054918
127049792
161099163
3148585135
3193842420
3198393330
3241402756
94397216
246699075
3195005850
181238693
3265388303
3193296238
864405186
269812563
45435037
3253880717
2478792931
17562466
515809642
2250266576
2447584416
3259334230
3094372951
3215865236
1651463539
120556788
3218039304
381772572
2438407924
2603223612
89440352
3219132601
3219254155
858396446
3303182200
3053557190
192496270
57118957
281400104
2911890289
2939466579
135545232
93109747
476415850
3045436233
66304819
2610614748
3225767768
1650068436
587799552
535646450
3196493245
64013895
52190926
3219313958
3243603394
3255966207
2915828232
137549397
3219728101
3288870681
3289171762
3038244473
1434016110
123042986
3289264773
403095802
2564388611
33944582
36167075
3219748436
79820791
3060593534
3263129523
2997734017
136691542
3032280779
1447358318
2455392058
1541668332
2750638993
105795669
860684558
30239717
3184734025
3221026339
144938375
3265878887
3124509538
72043177
2235086298
3221038890
27069387
356897847
3246511097
1583004457
240141015
166251219
2994357165
2817584781
3035664295
3179410332
2921469294
2981142807
250530172
3224690329
3161356149
2478150649
47610991
168410361
313064528
2786306937
3221744689
3121837047
286699989
3221875472
3292288071
3229944053
3221943031
3022936227
3130782472
2256400640
1368939121
2894358815
30340655
2729512305
1584652213
3222231344
3118423973
2232152747
3016615104
1655486630
2394086134
3225740555
3171971384
3015366508
3222501830
1547914489
573572268
14707086
390289821
408175102
2865432797
146214876
362400467
76443269
728126132
3022752355
17910664
1158176006
3293268567
24909098
705141228
152196725
197908982
22260020
3199757428
2781620521
2193543312
1426623595
10782182
184628116
2975271859
3189319274
3293512240
3173240616
27503383
34806101
28499529
2705310827
2834155667
1074583783
2918936502
56773878
2272271737
864945422
79190619
3253063474
42463909
32767284
589400990
2914489144
24456036
2458092501
17060652
703534682
3027216537
3293648603
2297093259
251916417
428427457
3095463599
84903070
2578147789
498035094
3293679591
3112027338
808430288
1556195816
2668876188
2477661686
3170458382
421297711
3293874281
58707157
111132939
224274870
54273622
1723298268
3031248105
3223294434
171017203
3223396242
3294118119
60854553
3294303167
2998440480
3223645633
3107747706
3099707287
1240336736
3223642836
3294528885
3009294069
3165892160
2744335349
3290898587
2886462019
3301478500
223368412
1005226740
3063916899
2281252572
2460314563
3224304324
2869967985
567106048
3295121919
449073377
1372379916
3295471313
28991892
3224480790
2683311420
3202392946
3295613013
2865308905
804606174
370040039
19861434
3223583946
2832443144
3193133675
260553788
3127946459
2825610685
3214794676
703567946
1622258058
72624608
2830768557
61578933
2577212935
3222648822
2734128884
3225701708
3054441077
81584288
312977957
2609821148
3225831302
441640106
734362074
569768711
3217015171
3288582244
2890549283
3296045302
3226157376
3297796821
3226291825
2564380190
96383522
2954879710
2878725350
3227557610
429768226
3233388854
2939840691
3282397767
1013258840
300040915
348897273
44739217
160502356
735201073
294126426
157270690
3226578104
2932303192
2235748860
370979519
42956112
2193978871
270422614
68711925
164906986
3225833162
3294491607
2935239486
3227003870
1570392206
1147036658
3227148865
2369444442
244167568
3196496712
234644419
3065977779
89559733
3227316668
470243224
2691431441
3293241279
3299479329
33846170
2842883584
3192308089
18655779
546322142
2318465188
3290304149
1511528798
3256646937
3193554564
1616264994
3296932503
2243089641
3230255692
87269938
349943978
2734336640
349337647
2682626306
3242215168
1356946891
3299824841
2191043353
190734908
3227654028
1116380282
3227756287
3227674872
509238646
3228088050
136585971
2884832373
2757745769
3227801108
3300055601
2358541200
3240157337
3300176590
3161996905
194711983
2538627170
3300133665
3298891245
3011966345
3296267956
3295718939
56821315
2765094322
1090946072
562525763
74018990
1331203867
3228229082
776948335
223626497
2870799513
2999601262
160999394
1128611730
3300405429
2885320808
3300664985
3228425347
3300526083
2863863786
52149636
636034389
1894870736
19567905
373171143
3228468863
145443731
410996720
3299789201
3101990283
161364968
19688153
1692380448
3108328469
19058949
3228629359
3289581843
3293709891
317656346
3227791642
2435500532
2933186451
3301281581
3301502451
842163402
3301510871
28012290
2751762094
545184721
147722927
3301726749
3192680148
3201013839
2431856250
435918823
3302015434
867518551
3127876767
3224027803
3302057709
958986162
1603917637
3089772542
3302158497
134382751
3229140534
3223116284
3302094489
2601118092
3229313587
603724114
3157746047
3229408699
28108593
3035127061
79878095
3229486123
28922995
421312463
18458170
3302539295
734210834
2178572446
3229594932
2597642882
3229630158
3242490261
1282900328
3239446065
2721672919
2766970463
3229742448
241707641
3241898637
3128427998
341742989
2990473200
3247949381
1193803388
3023029346
3228860918
2921051796
3230211739
1885091450
3249759471
3230258689
1348417346
425746167
3229801651
394507691
3060836348
3230483358
306421611
585056535
512091770
1867593828
1612991258
1651627093
3086407089
3096473904
3230789737
1349546316
807441175
2824909130
2746461230
3303597527
48541818
3111743932
85872613
3231090031
409038161
3077691377
2562805116
1877796464
3231311869
1227371714
2359742322
2781465380
3124189449
1139731634
3243337671
631459387
465704407
3145096736
2974483348
3185681059
1916513502
90366944
1072931480
3236871046
3303079995
621195188
2977433499
3305010773
3242416505
3037253693
39796869
2761675986
1582483291
3305057613
2402727214
3198972034
493364694
39979985
3305658395
2385882013
3305827942
3305813855
3232501308
3038124560
67114885
3187563584
2822652571
3232911864
3241073728
80221999
765978673
3233067337
3233073242
835664868
3233238403
3233211564
3306338865
1405674673
3302641840
3306002073
22631480
3306549490
403859962
3189866814
22518224
242058945
3233342449
105372064
2986037830
3187694029
3219582144
399955452
2988628309
3256922728
2971480294
2573332380
2264754494
608385170
123987679
365606466
3246162226
3234078440
3189158899
113112724
1177809403
2850351192
3166288595
2895940338
2720471660
3158456408
265021916
3193564128
3233913212
3234422653
3234336120
1309945398
81689994
1951640696
455613522
156716455
3196474913
1096700834
3234653888
262354282
421439849
3234678914
285800125
709718639
3242846967
2918522765
3224626064
2272453536
3230195295
1876588321
2578138722
1148726707
23766967
543032017
3306846477
3219212293
2944087422
3225959151
3235116013
509699768
32354998
3305770774
282083572
368660778
872332808
26218148
106274865
2789839169
945060181
3049306152
2361181459
108613331
2644073687
3307069119
3307119569
1686409458
3294495754
2862146236
717599442
213284728
3233911770
3161423228
64259774
2542687135
61883149
2959873700
3307269897
186627864
1267642910
3201017283
2224342268
132296772
443988505
3235325796
510313240
866842320
33721957
3030981862
52265575
3198032214
1568301565
571001679
3307552216
3305548421
3235499366
1961155315
1684919226
157786343
3232938828
314212339
3214806058
2241207898
2998643022
87038692
2886855645
3219435264
634491679
1973798610
3230133422
2449981266
2987912553
3231092154
3235702370
3235840037
12865852
3039434076
3155243083
3230702582
216067586
1386483410
3240181313
936488731
3307009083
3246315243
3020208130
3297766457
279519445
188640548
2562324484
355667478
3081833135
3235970432
2402376583
3308164264
43220392
3308129849
3024115977
150552396
3231212582
220032794
1101136658
2660090394
2997751536
1845001981
3241911671
3235055252
3308263865
552905020
3307116425
3308272505
2588869759
348146239
3042028603
1672977318
128104228
302719204
49565342
87922729
787638235
2873761333
1026352652
3308392523
2393253668
604198946
3231466921
2951455281
1023169368
155796387
1148323272
35839334
2965186715
3256484837
282105881
38334548
3308517718
2829714369
3308628742
2324903580
2727991810
3223779920
3236326172
34350951
2164627856
93293770
3308594745
3308622557
3303514625
3306412930
2628931018
2758229255
1098508033
3308749841
63585803
1352753706
3308718183
27486415
3236425620
2934088773
2314344788
2789655088
15550854
1342691580
3307483103
3229235232
3233821130
3220356847
2223801654
3303989163
71218826
1886524434
3235559576
3060663062
3236562978
92677195
392141398
236268313
45844988
20164296
912275958
1364369371
3308923929
3236670170
3236682992
3236655336
1702495826
3228951671
201378583
3301343489
298803967
3224230347
1651087532
2223718634
3228453057
3236829601
3236811361
385402252
3306049985
3236826038
3307877740
247047509
2880233283
3236854056
2563213247
3236875128
430840583
105754871
1665965522
3227384012
51703665
225014630
1140240362
97386773
3309339545
3233913175
2814498248
1063192946
3237095702
3119633453
1586748961
3309339189
3309475876
3034787172
2198524837
3186924613
573687480
3309503446
3309456437
3237181429
20791294
2446177704
589202940
2950214428
3237131058
3237130890
2834582434
88117251
3193209628
264211472
2881406923
202214692
3264724097
1374752556
3233828454
363286819
2589914958
3233884868
3233892380
566275559
220969744
3233867960
3228986413
2740177272
18312357
37054507
3138806539
2362411502
3233736918
2964477520
3238902423
3303831419
2783289902
3216186337
2687260485
1617980046
3231556100
3241224381
3233705233
294864098
496833288
456726486
308504891
3306711065
272743806
1911284264
3233639180
3233642312
3232629366
598167700
3306656613
1455035965
3306687317
2959199486
218359569
24263341
1886437284
937120183
2610925435
561164955
3306597435
519608124
459445398
3306187301
352352263
1328488572
72517797
3240947289
3233528209
3306016259
2762020526
3233559974
2747556157
3303569367
507244768
1622115572
3233544032
3305799039
3306542169
3305698815
3225899642
364736513
306749177
3231359378
357803687
2949149296
134155874
1147581528
154268388
3002710833
3306454191
3233498433
3233431579
2852115752
3230827971
3233338206
3306512860
3232795874
3290493094
3229705950
3233356873
3306376659
3233335471
110009192
3109822570
29152983
3233233704
3306212609
70347658
263502997
273630928
3303479997
3306036173
3232709491
3306318237
3234080831
44238268
3232712886
3233160486
3233159730
1249534189
3233205668
3114270982
860566662
3187187492
3167118601
3161950322
3306264495
3231739542
3306121691
3300612910
3213031450
3222652514
3304439385
37011724
3233154691
3029280124
3165981888
3292052447
2574160400
3016115226
3233066502
3233057640
3233063108
3233136835
2233832813
15011138
3142698272
3229879789
3306015299
3233105245
1103564970
3191640019
3306251656
3305124809
3306255502
3233044610
3233060515
3233054257
3218020984
297337092
2720062660
3306149411
2747416942
1460651264
2942268909
781207776
2680706149
156176058
2992239209
3300912844
3306036785
2258353516
2563130727
18848193
3305833545
3291105741
370528913
3232814708
342209748
3302395877
3306001097
88610072
1390750795
346007801
3306016804
1335915031
2511436891
75178295
3301601397
3219029000
3305876523
2214649862
3232892617
3305939932
3305848199
3305668305
3305895412
15808858
581792189
86262026
65501009
2538861248
2884089831
1747703534
3232837201
1777616768
3231605730
3300494001
3232741200
3232823833
3304349397
113581942
3305758049
2616160351
3305702067
2923379358
3300981507
475918804
3288678179
326216108
2599615592
2222286184
3232664676
3232771177
60548981
791490703
3118613474
2431891646
132221365
1155186890
3232638714
3300271103
2978455985
2745402667
105626838
2799086855
3305595603
948047941
2369553722
381464316
3232586220
3305657026
82723242
3232663597
2894549535
3288131224
2297777941
1742597832
3180965820
3305499591
103787886
3232570423
3305579092
132756808
2552598762
3305477595
3305513237
3231500118
2311600082
161493479
91994325
3298148033
2394338480
3305503444
2942785218
1690310528
2449641505
2965519936
3232378850
3305422661
3305422847
3232409467
3232381639
3080892406
3305462002
2413531217
1369085628
3222833784
3232319576
2921213569
3232303514
2749965227
3232334461
3232286996
2428723268
3174868611
2884002783
318320136
716914412
3189189696
3220104583
3194363065
58681538
3303637546
1493395321
2903489180
3090358051
3232247617
3304127248
2685720700
2592654330
3305261235
2308047861
169002869
3232175180
257199732
3230214762
343390102
3305063853
3226040438
32766657
17467024
89066835
3305217435
3232150141
3161495946
3232131229
3232082438
3232108099
3112757451
2237726724
3293535070
27569008
3150106964
3305194510
86963734
3305062653
418327614
3305097539
3305099381
3305037321
3171193671
615086246
3305049791
230827720
3304991061
3305016053
3304956669
88271339
3231905436
3305021675
3304980327
343107325
3231892662
968615394
3220020584
1485749485
3305011348
3255689692
3304974940
3304960775
288418317
2543877578
2831182018
3291143530
324621134
213245924
2379795968
2891838617
3290371119
3231848742
219596493
3304719347
2477971748
3158697453
1029103051
3304808457
3228138537
1178640307
267601452
2178367050
3304837283
3303894652
3163769100
3231836132
2460774806
2182841268
3231875041
3304842502
2931595153
3076808787
2182747796
89689188
2544728480
3247065695
3231814340
2873436632
3304759205
789278304
3007895379
103285362
180657891
3231799333
2419644810
532409628
2766100432
90817902
3100481326
3304658751
2695540544
3244981582
3227993740
3231776701
2927162393
3304576419
3304649339
1628154732
3231700538
27520704
114045361
3039795136
3304509045
2352416367
3231645566
3231639344
2521277212
3304513563
2943041535
3088180960
2788852169
3231222643
3231254420
3149367776
3298602275
2746326556
1697206292
1416265652
2482667352
3231569203
3231477978
3304480739
3304441905
3304429881
3231469050
3296149491
3300446079
3030066678
54381060
610911134
3126081867
369103330
365356342
1449563803
3304479706
620100813
599763142
560507396
260535053
2250323030
3149368504
3304415705
3304285959
3231462067
3231394922
3231412087
2395381616
3231372440
2154094866
3231349130
3304363007
3150856950
90283136
3304405846
3231266070
3231356101
3145491792
2371239840
2206888310
3231232812
3304321361
3231257030
3231294643
3304250859
1110418856
51695910
309388811
3193389747
2529351457
3231140742
326161736
3304313614
1432090992
3140684560
3304249433
2356688198
3231085980
2360811708
159496962
3304209695
3231062688
1957575444
1164628362
3303561305
3299835723
3304099689
2678694181
1376711317
3231046556
2703788582
3304045935
3303708921
3304096031
3220994642
2327664592
2742005984
290446393
1335641516
3231032630
3303982455
3231015026
3221599312
3303970005
3019670147
3001991057
3231036127
34808640
3304028830
848420551
2977353390
2759679470
2705773711
3288623801
3296797846
3243947583
382971992
3303034150
1590746964
1880734129
3230588892
1537042592
1085065200
3230609822
3141871737
3247950753
1891205647
206647113
3303511167
3303600274
3303549383
3219003888
3230568463
28732200
2227915729
2851707884
396138735
3124998444
3183143949
560100286
3230347344
3230372418
2260056692
3190489117
3114415724
540463190
3221845405
3230281974
3303413507
3303392069
3253999181
2985793529
3303402424
3166084914
3303289071
3009280110
3155028380
2574483021
3301858197
3230125914
872408934
29740554
3299898423
2615861359
1170712135
3002693975
3229738645
3087367915
3230150197
1385700806
3299425187
3303218170
3214800184
868090416
3303067521
3294731392
3202443009
2770469265
1487294358
1040007576
3303029913
559587416
2539550705
404983226
328942367
3302717355
3303015887
2150027969
2664561038
405240790
2903100260
3229929918
239849624
3222070162
38230144
1615440678
193259116
328993139
3166843471
617919610
913644835
3229886766
1046251670
2940384087
331939197
216089827
3229927717
3302929546
2927215828
1536938744
2899406207
3115826100
3013229305
176926324
3229868995
568426796
3302796567
465659910
3302875972
2158029159
3040902297
111530498
287640191
244983310
839224004
1037336826
3229733485
3302517945
3229701943
3189465236
3302721400
123815062
2842469889
1487371430
3302532335
61124349
89255890
2746753343
3229492638
3195626666
3222790232
3229518884
3223363344
2276666599
3228808038
3224175416
3228419905
3219577938
3229405158
3221043336
2431614493
3197616606
612433621
3302393265
714264028
79388746
3302481922
403953968
3219739807
2736059282
1462301352
3229399399
3302455546
3223590030
3290946370
86736823
377250559
1575343560
2556473636
1367615251
225194189
3229290416
3302325215
2786913428
86184395
86266116
3289705607
2617828963
3302350090
597370430
429858739
2685562124
3302122541
3300690329
3076983966
353754882
3260763441
19495613
3228960666
489409045
3302043117
3302096356
3229103102
3229112936
595675573
3301977267
3061834262
3254611397
3023049256
2773335430
159279146
3295891258
3288314127
2279586091
3197250956
1528359396
3302003807
3301987649
3171666745
3301951817
385904836
3231189917
3302016178
48587343
3002990872
3300876771
460139364
3182410228
3112149174
3228951180
42931159
3301891341
3229057849
3186883214
3228966024
2749572932
3193958977
488846258
3301912217
3297690699
3228978992
1452740790
3291037919
3143420697
3228991639
3296588213
897624277
1704326256
3221017837
3228928058
2168437130
92415792
177637333
359447467
3301746171
17700752
3160398038
3228831644
3297891867
3177922402
3228259316
3301485357
3290138705
3298896274
1345617870
2517760020
293432642
3298134627
3301294989
3228742944
1966714238
3228195319
3228782450
588082742
3227845694
787490474
555068698
3301452977
3301416189
3228704148
3289911214
3160047240
804346748
3301385991
1105817226
2935229230
3114075353
1902919370
2814901326
3301398508
3292493788
2917901240
3095163281
3301220519
3153638337
3124339539
3225336286
3023218459
3226835136
3264638891
3301203275
3228533808
722425789
3228522018
134190007
569519346
172742836
525943254
2450475091
3000706779
371495447
3301014591
3301118518
3228462894
477710793
2952875825
407525247
2532951931
381837019
3299686822
2981895579
3300902631
2354143268
3300430569
2873643257
3244974993
3038325691
3300530967
2834513776
139602535
3224981730
61069252
2958351886
251824109
195926920
3297172887
3300816814
3148659047
3228423140
3228364104
3228452545
3228355710
3255266116
424998290
455121497
3300665021
3300618671
3300349156
3172837336
404993240
177178972
3296613820
3300653806
2452369253
816795415
3300547349
3291526233
429912579
3228267522
309355339
2596669262
1699625880
3228268404
3298850757
3300100583
271889235
15399011
1002958344
336718120
1381690856
2914904413
126245245
3002136298
570553370
167203065
26095046
3228181614
3064378217
3300401349
3064637673
3300376605
3300482128
2973674703
3195546048
83841190
3228241279
3300369226
625501816
3300373097
2347215912
3300322995
3228120156
2453515820
31652673
3300298995
3299993397
3241542622
3223043957
3300329261
1745317537
3108730817
2926351086
3022019736
3228126410
3226598048
3213065097
80036041
3297035853
3300252609
3299488702
3180164293
3216027550
3224718372
300280867
2829447838
3227993292
1333378124
3155481146
3228049160
3228029929
504205714
59707161
558101206
3227979108
3300276730
3228057889
407580117
2945106838
3217180724
1577588900
24206827
47327011
2278954196
3227989382
3228009337
143410715
3228008689
1599796604
3232896891
2234040212
3227964392
402855367
2519980477
3227904864
3175892662
3158290673
3227945726
3227944496
41069568
488540325
3300198064
3220043389
2341371310
195335190
832588981
1723114688
2845080480
3300098099
2484054989
3227899921
3227867030
2394433684
23877204
2361863137
3187126328
3226742324
3288069143
395278608
2728444997
208216891
33543536
3165654648
2840920284
3299967633
2963372771
3247209971
3227706636
3227720388
2213217944
2319103861
2944211757
1646058528
2326198314
3299934849
298584535
3161686611
3227753042
78018789
3148646887
3167283531
3227486820
3227545256
3128645027
3169798696
1179711649
1568404316
414551655
3227353009
3298379873
2835249402
2517262720
3299305162
3163237377
3227243478
1051064606
3299342338
3299427885
2883254182
3299498788
2872906233
3224688740
3298844783
27287595
3227193606
3125420853
34838620
1979143134
472332811
3299261259
3198038058
3227120334
2715683836
255088099
3227163818
3292847835
2526459365
2865612058
3238762769
3176909400
1607825545
1547066214
3222656221
1250696448
497453711
1377100051
3299232970
570049418
1520049456
57135903
3299187983
1831740876
3138506099
1070303762
2916977941
3227110627
3257734084
2399325560
379031808
2454173202
2450603997
3241613465
3243891929
3226757059
570760305
3225137149
3299064041
3227041471
2948997778
224991213
2868944410
3226871016
2887825210
3226947224
3225034088
3226976065
3293167421
2900070052
582648274
3226975741
3292781261
3226875714
1555633579
1954006700
3226966699
2399082185
3226906292
3223708712
3298431639
195579974
3226862540
3226808802
2731614085
2826084355
2804420696
2380247454
3298793451
3226793148
160942994
3078926480
609355875
3222567306
3224774366
345271690
3171760643
464352489
1227030199
3290947504
3289860021
42560645
3298795673
1613329608
3226768676
3223371613
2873262916
3289640507
3151937408
3297620128
3295471468
3226684872
2767504225
2944875755
3226718839
3043742791
534372777
1723743018
2696828065
3226727473
3298682399
525836573
31324926
3298674275
49160245
235176049
3224807143
3298609071
3226607076
706361202
19035461
3226590624
3298555335
3226579716
3226625990
36791650
1570729285
1390596584
781197468
1048929150
3225422073
909263047
3298482279
582158252
3239208688
3185560555
3223738886
3226569164
3296781009
3063053157
3223058542
2727554890
3298411504
3225025477
3298303631
3226551967
44355357
535261483
267933592
1379651539
46740963
3221438538
2204764788
3298249349
2561068914
397195127
2226173088
265216193
3180374972
3226386960
325626380
1458664716
999977684
3298113058
2959904954
3009976872
3177443737
37428151
3226356865
2404369370
3123889139
3096618583
287280213
3297921681
3298002028
3226317494
1132587721
3022914274
3226325599
124229352
3185003690
3226261274
3294920290
3297872458
938626884
2930589882
3040078987
213674383
1256691090
374365861
2362439972
1929496806
3226121020
2512678850
3226165052
634829554
3226184005
3297793294
2540267168
19768904
210741812
3225892232
3296593011
3297643329
1319887482
3297581409
20973776
3226126399
3081485829
1147030723
3297084651
2341604099
3224901457
1874335740
2431292884
3080055586
2868515211
2894498544
78664837
1269572653
2342252767
1461558637
3297567142
2392544888
129392313
2941988341
2777726347
60941862
3225880664
1111734542
3295465767
3295928728
2656711074
3297379995
2822321834
3153994268
426454195
2670971755
3219146534
3225725197
911053897
3193246672
3292354931
3215200809
33438740
264319257
3225760910
3213805171
3145857720
3221774792
3225730502
3297287453
3290326324
1423815036
2535569207
130207012
2769184918
1921689764
614244803
3297144935
2923867077
3297172493
3297208780
2327360962
3297103209
3297129215
2735633986
143587244
348744190
1397043919
3031905485
2319405409
3225665089
3225571794
3297116890
3107951160
3222930404
1378867434
3297025732
1681350326
3295765775
91171705
23335196
3170835382
532286543
182247601
1024699736
3296980055
380778703
3225592298
553418081
3296930949
1175510742
3296908749
173399877
3225596443
3225522108
3222393884
3221281225
361517124
553428155
3171410401
3225551492
3248008198
3296928034
3224502560
335865352
559639897
571224644
3186501401
360814469
188626505
3296773960
3225408392
57981768
3296641299
2930864515
3288675761
591959494
2835607102
2879722581
176097389
450239779
3187756194
3294144417
3296663446
2732559981
1527446083
3225165396
494975983
2646198958
300555891
3245678158
3225189140
806994439
490752625
2919745642
2803876134
125701857
2991466183
3103609463
3144473892
3225145946
3225186097
274954822
591576433
3225153013
2657692430
502747463
3225115885
3295644641
3294991336
3225098911
3296307257
3042318311
299002696
870087984
3084578204
92785092
401840141
3225052777
3296340376
3075013178
3220547311
2265711467
3123936815
3038608046
3223150716
3224902146
994770805
2250127702
2876199044
3009825713
1135796612
3117034772
909456499
3246491669
3224826888
231477260
1600051057
3224864006
1947869084
236277622
269645785
2367120096
3221694956
19317704
3221758002
2562547044
3174140300
3220504814
2970576468
3296110012
1373263333
3214407658
3224746052
3067792666
2205929299
359633447
3161206236
522618655
3224726462
2626113808
447476218
3295971995
3220924454
928445592
3224626002
3295912853
3292497105
585926858
3224692669
3295830717
3223950097
233853593
3295734999
1161391416
3224619710
3244793945
3231597723
3062454085
366407255
3224506718
3224517162
3295645113
3224505024
1953678805
3224494146
3115645945
2345492401
1362768049
31499374
3290292099
3295385169
1710220758
2993743547
14532062
2953077020
283094008
2263615663
1438036123
2308105223
3061519865
3180098229
1546740830
3295455969
3295504295
3185560062
3174443739
3295289416
1534330128
49890474
3295348317
2728424702
3166037569
2793076133
3224374650
3293030314
889272247
2955948979
3224442931
211280897
383791816
2235681576
233165213
3221866255
886343516
1975500258
3224300442
3224361404
3121941049
3294818123
3294461093
2872765794
2165996028
3295268806
3295248203
1603600242
3148516949
3224210172
3224257376
1075389643
2889413865
1538576342
3295173501
314817128
938167020
3295125489
3295173221
3214459605
2852075163
3289982518
3224241487
3224249533
2272068332
3197834036
3221955691
1365622874
265221783
1193882623
3198491688
24459509
1935716222
3224100738
3295085387
3295142752
3295065023
3224119604
2535647879
2793629333
2515663478
3294993519
3107475161
3224080820
988736749
2517665156
2365785228
3292215484
3021568331
2475228169
3223016964
3222679081
365159312
3294890411
3294933628
2177831007
3223810873
3294748173
3007443103
131347090
3223799228
112560821
3223690417
2693045779
370182956
3294403360
3292951455
3223593950
3223579136
116538476
3160107021
2265736212
3047644658
3220780627
3294145954
40407848
706680052
1538342269
1572211944
3294093189
3239221240
3223201285
3294051195
1368114162
3294120214
3223341572
24256596
1023337513
344625775
921286340
338664761
1227897068
228941733
3121379446
3288179693
1931806986
24064695
3230044947
3195720602
481711956
27161757
3222753271
3220249152
2225939747
344955064
15903465
2409707294
282774039
202911791
3242432433
2600800825
67707088
1877257362
3293297067
3219730566
3213854603
234617151
3293208033
161436909
2256460342
1976364326
124892106
3151804671
3293296721
2472694496
101800083
16395946
3281779833
3293293264
59818888
3070806843
59807947
346374545
1498918885
258536861
258141484
3222648584
2897746106
346787070
3291015845
3248698107
201810100
368895689
313431000
2858869143
3189900800
53191059
3144985923
318945033
148803637
18450230
2426620082
3059515132
3222495594
3172101249
1328721650
148248079
261314056
279257480
2593130048
1270044511
2963402740
3293222452
1010065910
706146654
3239139617
3289695389
2447180924
115497014
23343780
1711231309
3094477492
2318701973
1056369360
349050981
3293140186
32234611
3027306857
3183171351
174443424
1337579240
2833710639
3222331608
69315977
2280035358
3194665160
2216513174
3157374806
2743550422
3293133202
1385262462
3189576558
1411713673
3293083030
760971672
2999468706
2184191511
1891030633
3264162525
3252778528
15355807
2781581584
3087217908
3040707923
2921095213
3292825474
2984098260
65454981
3196271674
2491754340
3192918168
3292842893
2972387203
1529413165
398609454
1343264190
2309750467
1964104165
2293854824
3292713333
3292655429
31736258
123854583
3222160334
3292693095
630674661
3222098190
3222061242
3248911942
3290629143
2807758595
3222013272
604891670
808063795
98544612
3292521717
382962254
2516701849
165042413
1460750329
3221766277
3236446749
3218895205
2569052735
92716870
3221921958
3292516558
114523095
3292415565
2655752814
45008681
2813588688
3184804831
16830798
3221880942
911401795
2453787860
209242082
3161498413
3291940203
261963784
3074388182
3292195474
3221921443
3221830326
2393438798
3231225400
2748070782
3221851820
2176874432
2591388110
3221295272
888007333
977798498
3292203117
3014863356
948267145
3206155322
1597015646
3035229686
133885692
3292249384
1655335280
39880285
218055477
302201340
2178784235
3077385614
3214583943
56063825
3288765159
279250436
3129009798
3291954148
3214812805
3291748247
3218767184
3219374864
3019503743
3057357353
3221785831
3264577703
3221744059
1930266817
1674057049
2851756265
3291722211
3221761525
3012097944
3291717795
2901384035
2425526988
3291743267
2800567196
3221656968
3015810052
2941190449
3291285501
3291597249
3291626649
38215965
732074215
2412087439
360304129
1250965723
3079231059
101914864
3174087497
2664030619
37513578
3083535276
3099692600
3220352960
280203056
3291464409
13435972
3221545712
2999243527
3291517511
3074189185
3291533290
708718505
151008358
3291380687
3289051804
3291321173
2797952186
3290255243
312571056
3290165141
2963793923
3101426542
3289663679
3289635657
3220069970
421830569
3192852008
857612659
3220075603
3011922575
3219271801
3289560807
3214616166
715461788
2512602875
488669759
52642453
3289538973
3288721787
3289523021
3219849192
2961772488
3289506491
1958968134
3219882090
934110223
2567699698
3173253753
3219654738
3197699630
3288913415
2956307260
900593335
3288852789
3288948112
3288919942
547792091
3288934738
2724578053
766044416
379086358
3263779474
2718700383
3246657166
3288768495
3195604980
3198534121
1276235431
2667048431
3119441091
3219671587
3219674413
3256654102
3190096141
2552653494
405053757
3219634580
3219629216
3219577812
590045906
3196646774
405108345
11637332
3152498021
409536938
3288481959
2587118516
2572026673
2181072818
3288507851
2214498541
1058243582
3288550126
3257924231
3146428438
2379009859
2591204317
3178569961
2953212695
3254268748
2571226843
141867981
3288268187
247253945
2333462993
3219280285
1579993608
3081400420
3251542803
3219270973
3196715683
3288114399
3219138606
2554121624
1004308454
3288104769
2478287436
2379881535
3081794865
2294979806
227300853
3219063546
3251251000
1071548456
3214619702
133168756
3194525526
761524850
284187691
3219072985
1376360546
3218926860
2876704145
3245967615
3216339158
3215764812
1654644954
1450308049
3239111997
3280745919
2767023160
2544089905
3280292476
2998268039
2574405687
373413786
3214627921
3007188598
1123765706
3263172083
162874257
3237203555
255527024
279708474
3214207975
298873490
3055368402
2876356462
3214061479
3279303059
32573589
2644769888
3060101804
3209550649
3213480673
3273799883
2439742484
483489439
3258452601
3277685962
3276812992
3262293562
3209921702
3209027196
1074485690
3239097857
1027293601
1300003682
3207980018
3272986569
501898923
36043446
3205299302
3205530048
2913584947
3247233987
402285536
2298665362
90146382
3237276593
888698917
3108078286
3182476681
3251787880
3187246602
3201728767
3266595905
3198579938
292454252
3194374105
3199656774
33161903
3265143609
198048144
3184107192
217420734
3259473881
103809941
3198918433
3198845023
3198851995
192579948
2928970681
3198739244
300517600
2681526103
113732429
3264789214
3198675841
3198657986
3198635216
3198635833
3198587612
713103308
3198505818
3195013621
548825403
3198531907
2340181402
3195570145
3198229916
3198199976
260112842
3150909114
871483177
3198121616
3190208624
3196191956
3131147499
2865970150
3236222890
3264542326
3197927022
1440021408
3240890345
3197729191
1326535494
3262075420
3252054081
3197771022
14163008
3201108399
33663023
2748421843
3197785760
1952151085
3227790814
3262198193
3262183066
2198468910
3259381000
298999937
3201143788
1863311148
2805604380
27353584
2887848274
2510422267
3194711222
3259872497
1285913366
2713107534
3224641613
3197071658
2184622768
37943049
82815832
3197037872
3259583320
24262728
2780115207
584417807
1174286438
3196896278
115695749
3196874870
2708433409
3259012049
1404154464
3246115198
493418368
3078571326
3245003086
3144117321
16712981
1365190939
3193488266
2974009180
3253297655
3196630638
2240217966
18881726
527395400
3011228625
2400773894
145005443
3257836204
2731112749
3196669747
281699549
16164530
3257092407
19199743
210136789
322921225
3196556556
3196471310
402412175
3257326511
3196613065
363375680
3188045143
2809878480
84644019
3257179900
3195950089
3257157406
3256973559
3196506170
2649109176
2778429895
1314400369
3196466922
21958505
3196529563
841405590
3256584076
216025203
63487889
168577975
3196504771
1747095482
3256777467
3196455614
255940546
313467829
3190121522
3254693957
58569413
3244142962
3254454995
184417109
2971498835
3195563750
2333525725
3254105770
204879695
3152596531
73633833
1672504897
3253018605
3194887658
2326420368
3236986427
3194888900
495047251
3194907127
21683008
3252990197
1915314937
3014698203
541347119
418610267
1376109889
3192003657
3252908319
3241494689
3252822616
397632661
2849247683
3194617122
1090479139
388069492
106454782
3239423183
2348541144
78791950
3247528305
3250437027
964949498
3194011292
3194005778
609429064
3250296610
3194001583
3193853768
366730697
3250230880
3193921956
3189320556
124585991
248215505
2989121887
477047820
258674185
277511254
2912669552
3249679150
3193892551
3193835130
2566069974
3249753629
24932461
720150910
551847334
75677787
3249476613
1116263298
3249264045
256018845
1070441850
3246752445
2308494714
2821493698
3141774210
974403997
3193374324
3044607316
3084718575
2990504591
2563855880
2301112707
3247933803
2833128134
3193286814
3187381988
393481385
870615055
3243104327
3021162162
2786709446
3193190684
2150253938
393959309
3021515644
3243711965
3247644633
3246450513
3193049538
3191986010
2772855470
387230162
263060418
3193109653
3192694693
3193027796
3180135344
1425106705
3247498162
3247473857
2855488317
3247381647
3247351773
3029550971
3072163258
3192879553
3192823224
3192893521
2565712360
3239047461
433480349
3192029646
549590846
3192828200
2216699989
2793465007
3192746094
3247240403
47569820
3247233875
3192726108
2469885867
3247070579
3192549174
3245258003
3165096567
3246503103
424010097
3246736109
3245473391
2982351615
2512584708
3192422634
3188767440
417302204
3242188570
2861494037
3244542963
3192473257
3139302169
32651029
20701564
2784480809
186403153
710495509
2904183407
3033725582
3246260692
2328503582
3246190288
3246084897
945372386
3246083381
48609035
3191942534
122167492
2459309670
3191827956
413748405
3187060461
2477946943
2569046540
3238871051
3245943893
3191760428
3191760608
3191703096
105814746
3191758579
45381821
2994742076
3191728225
318340580
37599351
3191620704
3187172365
792060168
3191523277
1236756289
3245522075
2744673548
153712542
17719669
3190006428
3190077991
3216479434
3189985608
3046865355
718637000
3189902803
3243384207
3189793980
3189841855
2901507838
295033224
865714646
3189504414
2855354306
2572594754
2890672723
1379378504
353800983
3243005505
703134538
3181502765
169276490
3242949281
1006112462
3187989920
986810576
2831715670
2837911424
2601404478
1957489800
16906792
3189197514
3242685131
3050854089
790527811
1034679511
3224859244
3189056420
3242241394
537466689
3228138981
3163830787
24029533
426454828
3183933464
2148547587
3188590021
1631208450
3188650748
3188506296
275420847
3188520416
84798864
319822753
3212147459
3186001860
3188511709
20071760
619307979
36978860
3055524435
474807394
3203885884
36388868
3188035754
3046331851
3065157142
2691971915
3225191577
1011588960
3228937691
217204451
3088448937
2956848004
3231357255
3240756364
3221614379
1307603774
3240548831
3075394612
3187943059
3240638585
499082449
2607333174
39709597
2804272783
3187750188
3098284631
3194073171
3240399358
2692771544
3240312857
32166842
552645379
3240217157
329509825
2835418941
3187534790
3185140208
2936863258
957357914
3137447629
3177535716
304554822
392596307
978883663
618407511
3238715621
1597336446
3143747927
1119408294
2178215047
2994412362
3221227229
242147431
1262152483
3234410115
3187188764
6173832
3186956894
301984275
3187360939
3187224690
3187038278
3187261748
482483379
3187237358
3239953606
15099904
935415210
397112220
425218015
3238526201
3186413569
3238447673
3207790569
3233115334
2684927136
1003586917
15484284
1569172452
155728638
833365968
94245237
59352331
237853117
3238087864
765207686
3237878943
820673394
1292893230
1704119437
2618600662
3236147663
3237718407
940714166
1177614302
2327633138
2527075862
3192053135
19931437
3236715179
3045107566
1040057462
3011728111
2886783142
2345429153
2615652072
3236548853
3236404648
3236508455
3236346051
49557027
3131103861
2593114759
2981275972
625425811
3186404737
399360292
2348821747
588061550
249311588
2151163885
1372102806
2803352589
3061206730
1409342508
3185861070
1940445265
2531740783
3185847824
3185792778
3185824940
3185820494
3178022862
3064639725
3185828791
58737445
3063816727
2226092880
3185334332
299013530
377165886
3185799979
3185752603
3164724325
303098895
21557462
2259550099
739409377
1033240776
1633490918
3040514329
835244414
55332656
3010075943
2812594684
14828860
2663120174
3161835764
3185172030
3233497558
3059152816
732314485
2443516621
3184921302
243346876
3232920683
3232864797
3184960453
3178714484
2382471963
3184798890
3202792180
3184752420
85768519
196837095
3177321234
2705809442
163519067
100279152
3177180504
3053246902
3232406835
3102250093
3215471381
273095909
3150883658
2989156675
392134275
3209037977
103773419
275676422
211950895
412880057
2800039222
3227580586
3109613419
2882262759
3182459780
3182454020
3086224302
283865785
3103283504
973934934
3226376026
161806027
3182302508
19788155
546920190
2582267514
37615007
3201820432
2771953892
2314089487
127343849
2996453330
1328993851
3099256971
166232947
28673484
3087437162
3225816723
3154008355
2240019888
49379748
2895418051
26739595
3111139607
476354819
3180802075
3172167370
3180733831
139409096
3198546046
3151805743
3180347551
3223534527
3178067845
3196171041
571472306
3216001253
3223104370
2371018328
3180056466
2300477282
3079166586
3222491997
50800129
358612473
1578642565
3219973930
3115785741
3208040577
1258429579
2565653099
3178965956
57023250
3153012531
2874934407
3128866668
2413844916
107202881
3023766472
2986167331
3185844455
498579670
3178618688
3129158668
2813812656
2581094263
3009801660
3178455906
472989647
2496978522
2852130978
7845342
3160124684
3218301910
3004113596
1000493544
1232262860
3207635458
3216493217
2960943465
2825406516
3216973558
245777030
3064310823
184936369
3156418374
3042556391
1496379260
3214585875
3201984045
1545789440
217241744
2855671594
3214486313
3213019996
101811617
49204132
73796481
2702214379
148489517
3067100631
2481741871
3110508547
144375196
2852003140
267791653
306400349
850084705
2677956866
212478380
2525749831
3156627372
3124630291
582835533
3177725876
2937349453
1653260809
1110915637
3171836869
2599364072
3177647246
3201570490
3100248792
3205280217
344772695
3165339417
525604815
29446444
3109379971
199268523
3075104277
187614339
258093389
3110671395
3177417662
1364614488
1257416240
1167376832
2424119635
1167863760
381806237
3203390152
2545229372
3033011644
1317717439
258021936
2998539682
2594275940
141669756
3073263374
2635165411
3209606039
2850711097
2179518225
3020150838
1281224822
1530407616
2493836551
2892391941
3170900172
843667993
3173354132
1092189457
3209230972
2728278467
55303547
3084400787
522302647
3176835330
41793665
229934506
847261998
1593262698
3207881926
3197851775
2862490963
3087080328
2606419233
3170196874
1138504669
232753284
3063350082
3124265579
3172387202
45696373
3126810957
2681935494
3116035276
2286235472
3154336532
514115932
2784160830
3152332238
554893442
18806825
2828851201
701448495
3172444921
3172403324
3199081163
1073941574
3168960420
1911124195
3063924221
3172238190
2858763259
3060632930
3206231488
3151844180
3172224294
2566182966
3202253290
3172165248
3205883393
3167840901
2336203920
171248753
1919329788
3205794017
2532939796
2548716175
1717760538
3193221886
2357703780
99315794
3141904774
3171868868
3204652607
2980442854
180969822
255748090
2620089290
3171837757
130118428
3171758000
3203996283
411121154
3171697164
3192983699
3171737234
25312721
3171637578
2359389180
3203755391
3109557533
158107253
289237666
3173703929
2958562580
1928284022
3171464940
3188742820
1260766826
206797993
3171395982
3202735991
3171446161
3202672809
621485389
3122053255
2709514820
110844657
1325618978
2749783724
2411182434
3171260316
3165956167
2818601456
774258758
107347043
3171226321
2806982180
3104374876
120980604
3151174700
3200602337
2729850334
3118932324
2876587536
3156271285
3171118682
583551903
3025145620
77092910
219627730
2495365579
286057489
3161271296
863190649
553826603
3200305385
19928900
3123862454
3169815126
2859465708
3118013568
2951940180
3170181104
3180091079
362091430
731245722
3169761126
373467172
3156887396
3164707117
255888119
2227131796
726319122
2931878974
158838353
619302602
3080902664
266809025
3177192023
3161622710
125950943
3169177860
432177928
3169271251
2799278367
2981580773
166165235
563699932
3189827355
288879087
3198807465
628626473
1848838044
3073381547
250669318
2821467466
28728481
3166145611
3168835626
259768025
3198538541
2320224048
2409629372
1918858021
2199157405
2408870653
3168959785
3022236525
2325807692
3165607184
2329682090
2450327862
621869500
2975550860
2189970756
1317998550
53004053
2958726485
3168389424
114120582
286413223
492059173
3134878267
2931147823
3197040521
2462921396
3196982152
382095767
2545084403
706290379
3168267013
538567248
3123068610
2722385137
2881246479
1703222156
1619689098
3084204466
2715974409
2245672661
2516351881
3165729630
342396941
570403160
2760487527
2828513481
269685138
1208932506
2201250440
27483398
1226067566
16194080
3119542897
337351024
619293181
2618807003
3116203306
2875401441
3058793386
3167351575
2900855720
332882223
567819971
74101794
3008089163
119697790
2966451447
1131437816
232461939
2964887093
115916464
2485469882
3088911994
2325309789
3166563536
3182859952
3071501675
3190220859
1169954167
3166486500
3145523244
3166447644
2527335860
2916298478
3166478298
1537083308
200482537
444884471
3147121543
3116558389
2873960011
3189477610
81853174
3187955062
3143076469
3130775571
2501945869
3050622068
2917558614
2886380289
3189375868
1549286779
18739014
2449504064
2986779795
545661455
2454551417
2597221525
17002847
2953202187
3177396520
2953747835
19910164
3166162063
3188154610
460711368
3188696518
3111216417
229793656
3157770314
393254207
73974004
3027069695
16462209
284710190
30155615
546579421
3187722701
2834213566
223810210
112395107
278047272
2313920048
903978145
531871315
1732309146
506049561
3097679650
3165501986
2981276991
2266370599
434536356
223777512
416146950
3164516058
354274031
3154600841
3186719151
118122166
1361209202
2668858369
3182833660
3115339391
501750576
3179067603
2430788875
2525830416
595648489
1272739177
3160613514
1943455615
3185715953
106950971
2318508578
3085520235
516151239
3160255412
91913026
2856079986
2930558528
2802493484
213055615
3183566409
3164395242
3101582096
1638781656
211374515
3127282016
3164298078
219840150
335348201
3109728558
760022904
604438649
2354399012
120506558
3163701781
215287437
193377033
134900926
1372217190
2158740906
3182172537
1270219681
2918650180
3147493040
3181208141
2798668760
1703607997
3182015356
1320449826
2445458514
3115302302
439174793
3150082628
2975541741
3163006009
196816914
613581396
3171947871
3162942752
484909649
2268401694
2201197509
336714520
3058701369
3109173166
3123394079
251374173
373680773
3179864835
3179858279
3162739357
2460141692
174891848
3179555459
3130779119
403378142
3176796316
332065924
160981724
3160972585
3130582555
1937153430
401057729
2289779280
3125036386
1123813356
261282316
1286186263
3178609865
820983811
487247225
3161694398
3161622564
2876443557
2876518996
3161381833
3031619712
3105102889
327970598
69683775
1747374402
20236392
3175909606
3170304609
2773712074
1911425660
2548268827
3120886023
3160693838
3150802281
3142883870
3100797799
447009871
3037896950
1620410922
2774611653
2646547703
2174732305
2792780218
25738290
516253793
304699480
94567642
2363385870
2976131315
857065890
420624935
23216430
2357516816
27747286
61685347
115063577
200157208
817577772
2193593111
134149118
2926037731
3070414297
2870726425
3087550174
3001545110
44957464
3044105351
23921411
3074437897
3074633503
1249177488
3066311811
77185107
2774519638
3082342193
3003564011
2807688924
72650262
3015556637
3064532541
2374432430
613111347
900171
3061608492
344884261
1327605192
2899601155
3069202630
3009818278
2453272152
2926222637
2382355772
3065437376
355342969
2222397932
3086489511
3075712728
3002538354
128442129
86415766
88419766
3076081232
2612059021
103412970
3030436869
2911240103
434427534
2402903557
65338666
3085996397
3002938911
2353789531
2902005906
26204785
3047421596
350853674
482392913
161634712
331330238
280879259
1292197946
3070491070
3018712070
188826906
89076148
418101032
1408594800
933571106
334220117
2566241593
2921457702
372538616
1124019625
3049729172
3068270212
1112310667
2238176094
3044425783
2806450985
279775332
1315296895
3091497489
2227677246
16258132
405607402
78753776
272368579
2883293918
1123035852
2683557734
2980427525
319948789
43993635
120265475
2788881342
3049595457
2956906960
806533346
2801363855
210771427
2814283717
24058777
3082096001
2668740468
2616186199
2569839860
1312460263
335667311
2838637597
3076041452
2941787242
3083248682
3043803844
37955481
3000627114
2763659028
2801473442
2329518613
1162791145
3021218374
3084961871
332666941
37478380
110202049
3091283843
874901492
28702790
3016797701
158224385
1909502827
2912787527
24047043
214181075
3068471695
2210759556
2183764037
3078776355
3029394042
3091451405
213129350
2908221713
449954027
273381850
3057443050
2998881295
2397828696
3083137862
3091534210
3087514897
784791128
528759168
3087112620
3038099858
2506963328
49924525
140348934
723616244
2957135718
3017634832
3044872677
2953528418
2810950638
263553241
1582780584
1140024540
2312278856
2533880023
459351883
2997572642
1549724268
84676081
2955338221
21149549
16577209
82660736
14271966
1934842249
532250100
2392005707
2438175795
133134668
2959650192
2993800081
3086018390
2174249928
1525544264
2802215892
495663979
3075266358
140360623
629644906
3012835023
84493501
2882494530
2443143682
2735872094
2460747152
940358101
2446878721
127610528
3041450908
426154674
427632070
3086994275
889378939
3041241826
2310656622
1061085236
3092707121
1355854014
3094241976
2828637958
2974977315
2721558033
28215445
26395004
230001546
1647017233
701095884
3093749761
2351250146
26277423
3056090008
3092957657
1665121675
222128796
3040487333
3054228590
454430818
2975203895
2732335326
114365892
2627589412
2885196537
29158495
452357974
431216125
2855046668
2874640030
69195520
2204390161
2263672840
507070601
2284169815
146043351
14309883
79888423
2545340287
1515423259
3020283042
418401182
2912290738
2237719830
2805466434
327439225
496112749
2961960377
3055242726
3095975112
3096120847
1076375718
262143409
786497058
3091427046
3096210150
1005750908
3016946713
2326671938
362539494
1149230664
2956601630
3092540639
30388719
2594077627
1224989382
3096261878
539837314
124412503
2964741371
3091388216
3124626455
770186258
2894779924
2520343274
271990188
3120830310
3120992298
2674403870
3094849148
2220661020
608198008
2845240641
2159531216
3003292335
3063322771
3094979907
2209440498
292225938
3064888973
2494831076
144762203
3065793455
221484841
14465204
1284209342
2996160768
1949589678
1089182324
1645169515
3095641630
3096760970
3095684734
3006307653
3094859920
476151114
20148134
3092578092
1090973534
2879996130
1283481277
3034885154
176569877
3030036987
833528456
3012168416
3097040810
3097035804
20017439
2335932145
2469032119
531514174
284241195
979401001
3094698209
3087659017
2381530368
1861773902
500048755
364764619
444432058
2524043367
1611553171
2237454376
1627999220
3091974370
2916852705
595673409
3088366151
14813069
85274683
2364323498
3009885728
1368625861
2783756713
149235800
3096709475
572179939
2862068255
227004096
1396352972
3097954092
19770381
3098006089
819845683
624927391
587747590
2367509426
2228601854
813712356
53102028
726851953
124164392
2953716801
3002316590
2979520781
3098262709
1334130002
447166520
26137474
3072871758
3097175055
300274265
15573838
1423911258
78904154
3096901389
2898702594
70955534
3084258406
919474206
2419845312
439844544
3072810562
3097453377
1389769812
122505866
390361381
959855204
3036866918
3097947329
2763338725
222517073
3080860431
2179498340
3098245061
896203321
2996941820
3041510599
2414709972
3098115975
889662332
2590559634
2748117270
3098094669
338205187
94716074
3098721043
1044557065
3074133490
2900043324
2999028120
24479107
188049241
161020909
627567103
244561920
3093372554
3087467233
2994342808
3078360309
848906492
1013707411
2996490281
3016942783
30261232
100070822
2326876090
232627725
110657539
2513739721
215268358
516300704
1115294136
2393605047
2190908480
279431464
3092659101
213380042
854484973
3071993632
1412778991
282515033
2786920255
3057443806
3097440130
43236989
3099626282
3054468379
3099380371
430693325
78201688
350392972
3093800734
3097516721
3050891539
1589537390
2477455316
2305982099
557267942
525210968
2358620916
3057664447
23002907
2877205855
322747348
2969844797
3098002998
3100182307
2367096363
3093862412
3092137695
2889723804
3100217588
163456865
3100239398
3040808986
997834628
1060502768
29921227
3088796787
3096419633
1084625594
1051840230
3100394604
2302971817
2900631715
3100799345
632250397
2925152803
2920955138
3091403517
3093010479
3100648321
105907349
554633439
2722871628
2487822416
3091938477
2290200890
3101310022
2992642758
2784451576
1270934161
2997355240
1437604296
1063969158
1484337738
114697352
2537994132
3103231372
3025676372
1034301726
3101565432
157733353
21907415
592662010
84290127
3100539606
433020290
394131861
3095758467
3101749350
3012844688
3066159864
3101211831
3101868259
2937231989
194532592
14111400
2250363603
259558639
3101997804
35947800
2336250489
3102948333
2462625805
60486185
141095497
1970178764
88229798
3076786515
3102294715
2346837576
310237784
722359874
15801136
3100811026
138954165
24073471
310314016
67351660
3035520206
1468491614
2674218080
2486982622
2288632549
2193991530
338721537
2509710879
2734439621
2178875414
3094888095
3020677576
3104092396
3044810003
2890813755
106441475
2886676992
2167490420
3096898431
2406654984
67414314
161477456
2974613361
105380254
3101718064
142826472
3104659059
2814389232
67343685
339326135
3104962205
1135177230
2501779296
2961328443
2338570956
3073777748
2239579885
353087196
122440618
2468455345
2580220469
2930161388
3058730592
94521438
61524466
3071958059
64720135
3101746647
3102758635
3097528606
3103531246
3106324960
18279029
2572996359
2949704213
16951166
1695013518
2952277794
3093470159
2800133398
3097225020
298292152
2965265832
390263113
2254354302
2788172377
15327070
3104299196
3031127209
3076385565
1946372804
560940250
2999676555
162504111
2862114683
156954360
564273601
2724025175
3089160604
97449165
3107356145
3013163965
3107151485
3104658000
3104761099
3096689557
3099126443
2962224874
1707828780
2267534032
452427191
2616201238
547718165
3104825292
2306931331
2851607909
2397272078
2908204718
392585856
2656469376
2251394174
2491956481
3031809192
3030025330
115458798
705400676
19206962
3108033154
1322975348
420513435
3068623383
118798140
45205177
3095115902
3032807817
2680743799
2964457770
3103911284
563906824
23632864
