141313300
290549888
304067888
14814762
157506261
70345946
17911526
1591568383
15540222
2178685814
14272162
16891384
548106686
12699642
14231715
14125847
97904497
55525953
14551527
167834639
12473952
584229130
764870
14521411
140108433
166138615
8526432
14375110
95623227
555210755
14259623
734903
68695762
764166
299674713
155376512
14615235
106086334
371010149
1819511
2241579097
46953695
15067554
12842872
16900280
10138412
14849487
2486001
333136035
1340521
9525212
18137723
16468446
2367111
9505092
635793
4234581
35293
62887223
8145852
12708
