3320854942
237670274
21663311
60685149
36352159
29442313
33936517
216776631
440959097
297644496
14331674
57107167
89086285
1392044197
51241574
216559112
26270913
20019950
993434234
109303622
91162042
70403209
222656107
1543672171
342875835
264831411
54274982
605824568
56883665
356282707
2730142236
2308383446
46480073
2230098624
2714492346
704261928
19263978
1437893028
2163107466
406998369
2578658130
1427388054
188525525
2596467373
23083404
851142163
18638502
950344464
87696613
42384760
16302242
248900032
1638316645
2365804448
533253317
573880597
2155912940
61219125
145184910
560386834
107149046
1901956082
1199702528
31126587
19038970
2269366910
1187985746
137775228
1330457336
1339835893
34723850
38504687
34279562
14995146
2239671068
2190785767
587500130
1708026258
184831476
1967296639
469414310
171727607
17424053
23781239
22157005
214580632
866767866
213645533
81172761
42495643
1876208208
12803972
1854745111
1655559871
902187655
1471187485
1569929612
18552281
1157771108
1560779438
757303975
16158467
1091525000
516643916
262786853
1408286328
1117669099
29785523
31275024
449103933
263824569
19923293
403632664
358855692
38669781
28171935
93206508
616114145
1017440053
295275468
358048524
256681522
502281810
20012204
182107650
275212621
9541782
15744490
23627028
28635233
29840295
19137213
24188699
34097876
33514869
569229676
19397785
19472585
17918663
38449898
42562389
18328191
18170896
16727547
14282672
26810542
1769551
21898041
14499829
6450322
26551204
19428129
17968875
131837246
25092348
23080244
32122637
18027611
16828372
16543522
32062804
199962693
21979896
213037272
132241469
21585543
22919519
26048311
312185873
534249758
280557152
66441732
104643031
74175429
177211481
143063451
106217193
268282057
14074515
14543569
161344057
25140900
28221296
11856342
342072272
14173315
18169644
1083659508
1023798258
217973695
1250085169
388544934
39415315
207179435
1221852248
47954159
42608400
1257836437
989320459
1270018770
307749482
590450944
133424498
268558588
253263664
275181425
111435350
540227452
14270208
1115050418
1161241068
620478203
1172653766
21580467
33064824
17529896
103146527
28220400
19248106
15179874
49557009
2836421
193314533
17899109
47703620
21019108
262399571
479000195
524517126
378199594
331070678
552928626
568422337
128337666
50393960
6519522
15134240
25372825
14420689
528251665
36848195
400298469
22019881
22708797
140093395
209185548
41602160
228036628
48473095
366108325
526460842
300961953
472993981
135983139
160975598
614426433
243327564
944251322
279169912
798908826
250386727
260396714
331692243
27492791
471587428
75069067
838252207
919795688
1004075058
82463334
17991893
84612285
67402151
21773999
106816456
123378243
187944895
59238436
42638402
243247252
373403727
235362128
179103996
138530516
106446960
233696188
245519414
517030245
408104549
1093090866
1091987564
26053643
605654181
254590305
614568232
17846762
12234032
17393790
38393473
17861851
42912024
584956481
968557670
506783670
41807438
14662569
52047686
61504755
18486243
2097571
16184358
25053299
9245812
759251
334984155
61253155
590315991
139750463
18297346
375185498
73013623
23471291
331520264
444378105
108801441
87979491
569481720
46499643
20511841
431936406
158237818
487850388
169289385
176417690
272211748
185788759
569683254
34947898
10921932
188750542
25077448
456123760
903694026
984907417
1020865789
36943699
98666399
75375980
32108745
568351655
960835082
46509773
631726070
71006974
293371770
342166428
104628727
152442830
196386596
20382652
56462030
179568985
23957003
18071054
165955608
40399460
151438101
29067091
78141671
70442540
128920475
116325497
193886118
15846407
19058681
20632796
43507939
34478848
318642965
338726127
36144455
206474312
813286
3568351
53122490
303827856
20749410
370410269
218774284
103056218
9629222
342418783
243634794
437659192
11856422
51826970
28109359
25953115
116010087
881106955
141969164
579891530
34946784
29228185
121567887
192971881
108664055
43881342
261894547
472808469
14592723
339937141
195096966
16874598
108668938
761839728
304055467
595835382
324176641
485183114
259387971
18057537
29330632
117506202
58528137
43072503
22866987
34396691
56159176
34436704
54092452
54393934
37727867
14208611
15655027
197703138
33575373
85344270
31419286
360889320
115183975
224703076
552179468
313981523
420958749
456155201
48505944
594412050
585734744
824124164
32560904
400272482
275673085
112443324
849557682
257668322
557790217
808887590
22940219
17220934
231552136
191072501
414781286
552059793
54324768
730769312
556790269
558408647
61000414
22685294
23788448
562775265
119466630
621182770
557517527
14895509
186598799
71263866
17068146
66185823
30281599
158414847
20202335
69023634
17856104
42790918
347974719
221375041
386590351
47681255
744206797
633863358
88295045
262750126
374019904
286477076
149162374
255059151
368290921
93697934
122467925
482142704
56787323
278670989
92081462
85661029
111883481
54624571
101316237
100601004
278776049
485924782
733611908
705289686
701252048
415709331
509642025
595773983
35563232
595827527
620422921
18909919
78342190
576639685
428917678
324180994
85314300
263408664
17840058
55650121
365961765
44224702
198070902
35936474
140605854
40309141
611675807
119411734
266198375
556616944
309026093
16985548
18056442
601357472
371655167
374355277
97530747
418873806
333484706
18139461
75072439
7174802
340280416
30512482
28111113
41338503
9907172
25760301
7212562
6449282
71820451
26304307
552990553
561411561
562366139
527058981
151098380
15101483
36151556
180522017
143585720
480395899
266155334
16865717
572216529
248864782
35834368
465691315
15840710
41201266
15134782
28441529
18723000
39170683
575645786
58088947
18791048
38531995
16886925
39047949
323207892
201760549
30501051
17066929
38662905
522399262
522331220
425083231
490129789
112732894
146223067
22082335
545476503
23166140
117518652
124003770
214237263
420610380
207669798
415681756
39290661
22177258
351890125
20534054
573898637
129892262
357870913
389596055
508932138
119466953
189014793
82702958
14641392
20402036
14870804
37496151
113425204
381576320
419074428
14602975
5548002
526357710
147973872
533465220
540383339
114018364
493734776
469202728
82768134
528700248
348379636
368574002
467740197
480074724
48452065
191062870
388903956
431126331
325230230
313876105
111899433
374580017
381120085
18456892
241973070
78529953
460476623
20328312
250501041
255811293
19032079
39599670
174413936
152814142
164318403
43165641
35748695
33651753
156969952
156713964
200980447
185747144
18151680
61538885
74565856
45053182
66679489
30288680
73501054
53042449
67980283
246262855
493421569
200880537
481823092
83069345
15808765
123113165
31859256
29284584
29510771
130836123
22720074
61566158
26721952
18739273
41488245
17590505
26261464
18792043
65360778
14212793
8731922
80163781
259301963
197189740
51154670
76499570
14879930
18466646
208635535
21278570
35743357
40286359
37753457
193010762
17964468
16635859
15295015
237437584
39402007
56508013
59889081
79045940
270096997
160304045
193827001
30577056
185727079
73143907
309387455
21342749
37291805
53671677
195061156
83862050
113220303
380748216
386484868
19644356
424928386
253893808
271046540
17145499
18060633
33996946
18028191
48740163
24581397
27014121
40245960
50318253
50853987
26736487
14437161
16190278
172790620
15677068
93759830
22624628
381835137
47513877
12699932
17007516
247422561
442993929
350886924
27045634
346718713
259395208
14085099
255553561
167085048
274148894
17350019
30062010
128263500
18913121
54547234
275739731
43383705
23908002
166102873
34447694
52327824
87414468
303820402
77307153
107352526
386564868
52418311
125536787
13492552
319858417
15815704
14677919
18555450
17195317
38212356
104881877
14363353
16381061
211891907
86338185
20780006
211981606
52422934
61485111
21132639
23783531
16539565
29457738
46255201
41462898
154010353
18740727
41895801
17882742
38883394
18026859
52845275
48050876
18989384
22009749
70511793
191486937
197649754
16312576
41229669
158128894
217165904
288452305
292599839
100803434
37862643
153478659
19294822
36719281
236568531
19192100
23798922
38705388
19247844
34430522
229883733
177330882
123136348
19066998
91390383
48269483
336116660
184910040
97591913
82240223
43628400
76563142
238792795
325116714
128908948
137832336
158043942
5986922
125749686
263119583
57931117
396724991
409486555
379765354
16985914
19082219
366873866
296778352
227316254
6017542
112236047
15947185
10228272
20439458
216070654
42959221
19615751
25928253
28160998
22383838
214117728
180066380
17869912
31541702
89800837
25823792
309375736
119782669
18972519
24158257
48758686
16752235
16145590
17879972
32128783
270684376
18204034
105242077
83938964
87310295
18077899
400310783
154671222
18219120
117541474
18790337
290883957
114264998
278668879
415502406
149246544
28861486
16873324
335628480
20728397
25100180
166270127
53853197
21313855
18917882
67392801
22676390
19362341
35859588
82925252
25092574
16951443
14780915
807095
9917652
21217034
94360081
374156756
410182686
427453842
421412319
443947730
240365217
19923144
38429011
178326040
442617729
127480356
323268805
441951136
17220643
89321577
32913667
176921524
146099195
24289048
256062479
89371866
23794763
9610122
27977856
17557155
19896732
333345513
44425500
39092982
166813374
22053234
21658969
74620941
32378575
26079630
270488046
306308715
115832274
198983141
194899760
190767251
31625620
127087840
17942220
228757925
23069001
215508777
229861997
35954473
213466094
200391317
43283406
29555251
40080940
177249094
101928415
23613479
24531730
430760077
15394753
21452249
18534190
130497148
24150063
95578762
14903013
42800422
34255484
179998590
26257166
14515734
28669612
96156911
22256515
16436551
47427230
15729331
64927061
55833729
18058609
36346197
272059169
30662150
93531359
350407567
271512695
14823120
378352735
159245037
190591843
14738804
117879066
14268564
241215815
274430930
304054490
304057458
320578962
164551791
87032414
219326115
42644915
70562492
253309622
28051257
28601907
16122216
104184352
51587906
260364007
262609895
29982802
126087727
85193045
94606098
54682125
7744592
14880616
202246898
145038168
54822955
20109973
277546050
68471807
391893240
92367604
15648273
15182343
106750036
243795079
37439577
20778387
16211434
22642542
97241477
22734978
52852598
20661539
18228075
35664799
73206956
57371662
104630046
14080653
38453336
357071875
46492955
21799613
3108351
293850289
24313777
22640681
182054833
37886032
24934490
244291358
48516633
48086080
245841151
195809074
14336365
22705734
20138789
271447355
274649460
37008048
18940252
21346619
34782214
394363062
21090027
43574424
96238208
26680837
21927612
20560130
71329313
23258618
376007584
17051560
350350366
208350439
43794870
348519320
172338627
47493997
2087341
21540725
304054298
160996313
27098210
16888241
25019277
304046460
156506948
19364849
20248215
175568204
59702137
205802808
44171649
284913526
336026102
64758072
254282984
232229513
82190568
335327937
59792744
361369841
245312106
356208673
349861869
153193444
263223164
18359049
301704900
284378722
162190230
109524559
351114177
348495400
7789652
214298787
155396230
16286532
52229559
10364262
193019188
29782269
274577820
312211666
14802044
18082946
12199152
299161189
166801485
14379115
10076702
333499456
264479054
338230058
55311569
304058067
33719856
17074440
127537018
276709705
16787479
118454894
16370646
150506383
65158202
61483986
256554165
41243676
17670138
98992079
14773291
111442477
15485441
22068282
70634152
52526819
105297131
108367444
119405380
59956050
263366258
19633476
15768951
16648790
16201819
19185786
31137047
153842256
130575807
269375113
67132107
84884489
15463188
20549654
32141437
245981589
274058399
29324243
36052291
277572191
26258900
91404422
276098707
14818045
285064399
286662359
228525476
262165090
271002116
21426306
22256645
25661626
16262688
24581361
49943475
27716402
24212723
98175329
195911896
22191432
26843564
15131310
268889873
272075336
14295486
87577315
105728658
180872102
246896465
277795151
29410054
121626486
272770050
42906429
158727050
256090695
191293375
260983540
18705877
21708145
76836810
16209537
185165506
226685057
98259195
104561488
27663998
63744921
30704824
32171318
28184604
204472178
225220553
80158263
15468275
120237442
163992714
92685993
203697878
177218423
119498995
177806230
19003731
94055090
122445825
17574968
23949032
18213541
17939941
83846395
16721564
62434987
90504206
29247574
18210499
140808253
23273409
205880499
18350136
163439723
20071031
15380717
55892939
15504885
29517725
26329195
1775731
132295107
20050047
104812625
2883841
23832022
8771022
82686143
85587561
16654952
20655304
72892116
20308358
18848053
21799582
15342216
128184014
57048329
81382474
176808890
66482863
24626969
18242032
156303631
169509469
34518587
26048111
74118017
25516855
19786148
65770139
30774656
148301362
132145715
119422310
41638079
22930069
41686501
41671787
74725035
19069184
41638273
205015368
41697496
33537517
175235092
164263938
41654542
41686294
25301658
21033706
41616995
169270807
41705076
26064041
18695382
70419335
57041767
80516015
55616465
7666052
76079558
169714084
31524560
24179616
153482933
9279652
28418204
74488217
52746486
10160882
27977986
28358610
19611139
14824849
21414413
190592520
182972598
46293713
18612414
15332302
87272403
17396810
40918816
14713360
42153469
199299110
17041361
151624003
24124306
46300813
23199697
29117427
14238142
31931070
20758800
172409975
204120124
204464730
14852542
14141269
204447380
23200200
215539295
80943051
1468951
24578634
118453020
116484400
24738970
17396021
79018754
48012825
29087379
25073877
29976668
58319471
49724210
21057414
138072063
19928703
25605797
19193191
15519430
41995398
72685208
21256721
36980342
33145932
168665261
195808823
83312422
41699068
15562230
195802652
111822035
48069781
155800643
31183437
48431759
63522954
157404563
129575180
43421894
189056625
20930543
95321729
19564474
34667148
67621625
20706664
35289761
18949610
18813482
33612911
24015102
128927364
15245440
62516304
178807628
19120850
25629334
17461978
49704615
15205798
147668753
21525579
40101517
22638197
166646090
187870546
123632608
179537426
29495727
161683568
14855562
18140128
80628196
21248584
21213658
123763754
156895609
24011944
179299100
93226402
181774387
39523386
2488541
23931810
109612743
19667589
23049880
16145224
155662760
152408891
66840080
20020647
79853601
33661108
23624565
17008726
98805277
150289875
47916936
26594945
24266551
16149746
100049422
115734337
22650211
84722671
15012486
25589776
14080923
77252571
102854298
96865272
75364980
19874736
69422998
20452568
37253587
36944416
29271796
30046710
17469289
148496087
26217409
116481608
65733755
30312100
14496843
15265649
18219917
8369842
17328745
97510880
164759167
60752381
90938600
118836898
48770854
54959882
126146818
61403055
37692905
105051693
38804905
119318453
50172145
68751446
49154134
21255527
149265202
59433780
158748053
76376775
16806562
46457075
109062742
54389440
34736672
15063643
21688312
19238689
42649052
69625014
25341216
27115071
150846769
36766108
15837750
36469850
33657625
19775340
103947222
16451909
43126121
15484139
101879953
25355724
109947675
130859770
30855079
20211747
22406410
66461541
39412606
110775637
48100887
61418225
39363353
60395840
128312360
19708968
71876190
36176678
17596829
34109390
4993511
21148293
20692045
22026158
20154745
113862680
44516348
71046648
21414060
58816328
46238000
22156181
20209459
1861051
24185375
69373847
23518723
19035424
43627602
29280295
125324223
26055939
73482835
73347967
34373844
25540087
58756410
19568471
28173324
50060400
98504605
123746064
65268606
25653660
94617713
76493212
107516840
63545850
12079312
23444482
26129816
29990500
14999554
20692138
46479217
17242874
17796018
86664924
25456478
50093474
18949041
117232187
126444786
127232264
15005770
27457033
18480451
11178352
112313961
17918969
21912616
43017370
67702795
772368
72716047
84404237
63586621
15566901
15245393
35754926
41412498
24087382
2367911
26628211
103130238
46675058
110857079
20998647
19169327
76046548
19336336
69763963
60445537
42162472
17243809
39267493
23626980
45574883
18723034
39425354
34953600
14196617
43348982
52088860
48086045
48687689
20995729
14420767
26238595
46941383
39182090
19780277
104451397
33827194
28785486
38668678
30946638
15723976
89548905
19661906
81107658
29468848
47739394
53181926
69044941
15224867
21681809
22216725
18462765
42971330
23786152
27585991
16495257
28716779
72069428
97435817
17695629
38717345
45719448
20172287
12585012
18029498
16787814
42643159
18139255
20169695
89525420
16783267
74393692
57512733
49515393
59885339
42948321
15230705
60410775
14882637
16224237
47945650
13830252
39550095
25143512
18675053
25315285
25422900
14647200
80848872
11274452
22397654
22013500
27691535
43698856
87016990
17846734
21419504
16684965
31243162
41151535
27922157
18722962
37299667
9252172
16558796
35753126
50695085
14834861
33617046
44189108
20848691
54282237
73200694
16079269
15393520
15091978
15815072
38504863
18303300
40863897
30244233
428333
58503668
17515059
15562948
18766709
37796314
20161581
25840746
32959253
16521150
30313925
20436059
14463848
61853389
15421558
15006351
79152738
21760875
27140948
19519252
26858880
55146602
22105018
18224213
26287227
16726954
32668692
25288166
43089674
18996424
18024574
13058772
19756722
18776024
43473674
14628748
31406173
17308891
15169907
8069572
27594295
17195274
18077573
14869163
18023816
22665289
18039712
32156557
34298637
63840958
24622728
22843068
41563087
64379856
23434446
39596481
39812424
31518990
16471084
17995703
15716090
16045066
17395920
14868453
28375789
27649962
38700336
19585674
19342685
30772657
28946746
40385462
74698671
25525308
30768587
30770403
30767565
11885802
18832202
17544559
23281404
46385355
26491100
40172846
58955730
25160449
50651734
47723145
30278532
20824312
20090888
63488455
16830518
50380676
20822639
22400253
34294342
37278837
36689424
26284051
34354533
17219499
15840195
15223945
52527415
39598389
15754281
15637594
21030857
7768622
29927569
47630489
17426969
22698525
20684748
42852604
19195914
21867446
17316916
18167482
15864965
31167970
17900835
17445041
43915128
19608079
18024830
17292787
14079438
28625223
20158541
17433617
18291469
14353392
21915666
22217027
18115036
19549159
65341422
14091037
18944397
37469265
44519096
15846527
18129528
12701412
20710809
20562301
25170188
20265510
22263958
26580864
50366783
18080114
15356389
17388916
17992503
15089174
14857770
18082738
40132413
19199340
28164096
56736161
18352818
19034602
17781955
18024873
17444573
25530774
18024899
25531310
18034054
18049467
56790567
22827960
17878939
22407917
18939375
22721513
17647701
19286569
48442572
18128265
26527812
39192473
26770785
27091468
20639369
27083523
46006331
54991635
18939092
17827834
19389906
19609867
17237313
17346943
18024091
18024735
17390555
31931778
42900116
19776552
17884610
41586549
19339056
