45492848
49044100
1364436108
454960499
14526582
19638600
1456774508
56306382
3254158682
14260960
620318064
385789748
3320813792
3352668748
833979648
3386581239
409049426
3091852929
146703132
803718391
2553259182
2581471892
2800939645
2994437001
3111168785
329298792
86844234
599433781
30230072
27571396
521474733
120153772
556100987
285834796
532393524
180859822
1169942329
1324775004
2485657381
2240944676
399490489
2540510454
128267983
148954913
777956221
24124490
1887497774
27949726
222249603
38807340
603085863
2174667398
154681700
39509217
2230666932
462128369
65547246
360045622
2322925584
334124941
2233441969
300367579
95043262
2290327933
298598425
2894710300
25977114
808943234
14699835
201519497
1581715892
1935000776
2593558765
2733147660
2893115916
17883984
2468191652
116017689
2557344300
352751583
506495843
118952409
613740305
1282019288
1319342845
1182733368
27957969
22791829
97487983
2373137431
2215982359
119843901
41863287
138772723
2332850300
785928422
818511955
370344742
1115687545
138769091
23864490
294694959
392368539
41873370
399102994
367168204
2313837181
101676014
267354244
1662932532
52952737
440915174
64954510
1076876342
2240861226
327424714
2240919380
203670524
389884039
119184129
222261420
309978842
1578776131
16751618
1408307936
218604962
1425755738
1344358808
1379983274
16201819
743585142
18539631
14216681
91478624
25581439
85830100
489864090
141722819
345484797
110289953
819852546
1072964592
70208300
1260648582
1367872614
595783041
806927102
859135772
150871288
806921569
1395458390
24943171
365633749
24578533
23473326
34531801
1072029978
24460495
55309127
37286625
199492415
22381176
19147974
17137628
951893821
583333370
17713857
25232059
391098244
383545325
108179986
32124653
429576381
23240478
353883705
476149277
794206261
476989344
555462588
18074692
831434418
524520732
583934377
50632758
18121580
443127946
251373127
277078332
309234547
234615276
9420322
322933840
150290471
319661020
125257747
370240677
317771914
19345454
123326795
344921645
70786269
257644407
103476656
79938222
