968957382
1180800390
2629267407
2400613213
4103947333
3054761594
277595625
1536142129
23544596
19637934
17844280
500042487
152801977
26020351
480930665
2869120824
2598369192
3721400233
3028639477
3695909484
3316300171
3227626903
2990602482
924376968
1262675533
2326592306
924235590
3354391034
1698027222
2845657621
3439372581
3259740476
401656531
2689153873
3313732898
2801465651
3307283367
3013644672
2366146016
2824260738
2881303495
3033725427
3258146167
954759504
2225549726
2216276430
3094617768
3286999658
2256990096
634973437
1698040651
2330962716
756583314
223002974
125099468
2337772638
2902190865
393797039
1963815792
906333649
1330385708
2896099018
1931452777
30973
3303293865
2456774582
1008075241
1706169776
3227908418
3091452884
61003804
1138691498
3224791718
3224733516
1468571624
2476503910
26007726
1230419840
2478664826
394997394
3184830865
578695391
1390932420
3213402976
574162342
544394452
1146796477
3171457550
3097099208
1041346340
613139029
1146893766
232698585
2373079716
3102220062
2231976360
1257367430
1849789224
2938502156
2179092026
2660978924
503948744
3116064834
3113241787
2519364556
2885300081
2546818220
2655640908
3087959557
2832326654
3070704836
45786304
2152035066
475199073
3054923474
2877069762
1242202296
405069861
30495613
2513587546
2400399049
2731150399
2178154789
43042353
2624763695
1102225208
517883956
525312787
1308693114
2990335076
2989368770
981782682
2983282986
1232709960
752573640
1653453180
2406186313
2265012434
2277985332
2797012202
462260355
1034119346
1279109394
1873522231
861961040
1352650034
818274379
2813956170
1129996640
609258268
2484360784
2586746204
475438796
2955734231
2422478858
2185550088
2616252595
2949255014
2733994957
724717604
912751706
1888070431
2247757362
566095191
1424445978
2314942802
2411813930
2473477338
2436105756
1735156801
963073172
2452668068
1056806264
743768376
1489128811
634296505
1101437810
2901825293
1052210964
324742508
2915650386
1881810014
2556947122
2652899504
318626936
466138151
1525401852
2465442356
2875960953
2259875245
2329649780
115867980
2796109089
2243473247
2451985843
2838434576
747655758
567514695
82214299
34754358
1547513437
1129651405
2559588605
2761546677
350463237
2309323416
1104779168
2520285131
2870266417
2465168754
872583564
881541913
602482787
2465462172
2503178774
2853427999
2191231376
2832201854
2779144985
2827052084
632660477
1279330568
296623811
1922522906
2848209668
75846564
2800059061
2430657781
2493670394
2465461027
2423110118
2613365830
2728617892
1855980938
1255715976
2754050685
1357783742
2784028317
1089204217
2755815229
2161621008
2777094761
2802082656
2800305865
2211918709
1663773212
549775114
1228396700
713430098
103108403
748730629
2731969559
2759991693
2237037260
2754026145
1242824372
2258564864
2555800332
1038524894
1199155525
2744097135
2261995740
611083664
790578126
2361460466
2288732628
2534672014
2594264244
613990206
2566388048
739809366
2715221743
188140162
581312437
598721261
592578555
721429520
2436300499
2539787495
2208396582
954938868
2684479796
2722679441
2669920381
2657569824
1457505752
2716341933
1058378184
1186890343
2713826487
2649674203
2649547058
2183471142
2712080513
1113502952
308495756
2172750962
2278386973
2459245519
930701618
1037561100
2592489702
2191679461
2196600516
2586404113
2301027210
2493813129
2567542441
554759141
2550774906
2171662536
2396963845
1623436801
1548952183
101928415
1338181020
627921447
842941249
613033405
944663972
891550890
542292528
1922036598
2391878168
2536381563
519075040
1460124086
1319288480
2473436719
633576197
2231585185
1323212126
388672231
79650494
105119490
23375688
70054190
34507480
236699098
33597201
23613479
27989078
23617610
157140968
32959253
1865412834
1623900596
25365536
126798479
616594036
581494085
1038784814
2436575486
603023146
365465681
2420510928
779217836
2411807298
2413295874
987992275
2235665582
1699950402
1417037947
706351464
346412756
1311464096
946910072
2298566497
550640341
2387760218
1390448424
2200470446
841087285
855289675
1281109806
2251110144
2361546464
321329622
1186736922
2352094045
713689561
573842120
522336567
2326496852
783461312
442511736
1370222306
166739404
153156412
1703750048
549295907
2163903138
1180498206
1124301402
741941852
268414482
413487212
16190898
1226316817
395033500
941520001
1648173282
60425478
196795202
21447363
27260086
169686021
1372975219
1167264884
2265323947
1223552671
1611476744
2258467411
2256112411
2206107980
392785641
348888440
2209516723
1890735566
1330050860
1700402455
549438382
224489924
1295468245
1461239102
2196777176
359621231
1652121210
2177155476
2152257901
2171411005
1892727390
1922166036
1965725702
1272717181
127360861
1606553528
705961832
1894260330
1888711975
1862723995
1410519134
812313139
341072578
1636419354
614857661
1319295716
1634498498
1711560834
1245141331
1643274361
1601729515
1595250955
1689099481
609333871
1681753748
1674225529
1470096378
557102325
1594092499
1626017479
1586939426
842214895
1576130707
1571700913
330177342
1075733574
1556536170
303820481
143959205
457989073
1522367394
719419147
1489040216
1424374544
1217052301
1465598336
143257853
1420616599
167989418
1429334078
1390967761
1426808580
1429095259
809615994
1409340637
384056706
256986185
89423854
437030761
864979904
520140180
1064998969
335026570
178996379
842331998
1355425158
1126104084
1340889781
604994579
353979257
297549966
760169216
1107217116
760817094
1205958698
399190783
1069093987
598610641
605036001
1061551728
1083554372
1287727567
1306020937
339903101
21044360
1296278443
847679660
149760844
233930436
913888212
865464343
484925672
597743045
325313120
376529461
916016636
953904079
536944035
1217291846
829909237
1069979305
1046744072
634128880
236738600
515980805
553905461
1256006101
1064905406
822221402
499056312
1123565172
729812168
121213242
147305691
145640922
407261533
956883866
272055657
219049532
314794936
462468431
1055768420
584259430
1043738965
30462739
99020338
630720635
85017105
940362680
567875577
735343453
1028905034
1043770393
973254140
712609242
350967440
366782367
401733783
603309115
226690054
576671108
901130370
330088723
556618846
870951206
624213868
460598132
805793737
345811633
597827580
860681472
369156626
582046604
867278178
