38696899
26270913
633017631
3491925381
256070787
2236655390
2372530070
17687596
1642135962
66897885
5402612
742143
1562935142
2522828808
1461069679
3622455382
2190715834
168346472
286726062
37503673
2709231588
2714252052
175176750
452978241
3314450450
1850714905
3015908922
3313393544
290180587
3357608412
111382639
2179975262
206638689
69171388
44629961
1947091476
598638417
2383990486
331143796
19480855
2187634797
249676801
86885840
1350010873
54216535
15881055
107247014
883543328
2566763209
91957553
2933054706
52113138
34653715
530931451
236106823
47107294
303003477
372026745
118816141
39149553
1573948513
839792958
769168248
1277803717
2994379801
57784625
110541902
323410421
209395028
51303865
57140971
408768047
19762725
29142183
2570137441
2581574112
218641620
348602211
92349553
387158167
2713341105
92747160
384378528
1904211560
80571901
45947362
205967864
36763318
2830920939
2811621342
107353482
275686563
85381728
15915337
29919878
741852296
898640923
2273768360
6284652
237221262
406633833
259989947
92593401
2541999628
16674726
2346574400
39078554
37127932
2987970473
23403889
896431099
14255306
2982499909
202536489
1260866558
210238655
12481872
197535638
740697416
152108680
121889202
17018219
293256611
138373076
586250197
360868916
36619322
70617951
715063459
65264535
28081767
2298483697
62258395
2165890303
423183026
2340784058
26117278
19279990
78509364
625270741
1672183004
1858700041
138633110
220258826
1139395814
499230786
2491867898
1673820865
2564762520
404339422
54668957
290273580
37696756
396857756
532649228
467829706
145664482
235930869
1565304961
277550439
209253668
1703418026
104558395
19322347
752576840
5920532
28984577
555702683
237930051
1658697422
180694834
528929735
111959774
233958816
354455373
308729843
29873662
268027960
108800712
23006348
169354436
94652068
295015326
332004413
114865182
37634334
85124556
1108922767
188785100
129537122
39511834
1573999458
355376675
547560296
27698202
33830621
211139970
232923689
229554250
262271483
142730813
2259160776
845907223
218007407
1433410734
1856467232
580967619
213159538
76454882
198768558
46627431
144192561
2150217020
256078939
191985864
1707855049
373524546
1830525626
156146977
1457171660
567283426
118484539
18228898
1216756398
612820859
17002774
47555522
745002644
43139414
16302242
203376374
64803251
301042764
533085085
418130918
87595152
612009655
356162725
206553470
150780158
319935777
145699407
1377761360
343627165
119940705
531912415
1434619693
218979156
24606183
1023128869
336229800
589466690
16091912
418380713
34097527
21155533
31432267
831952538
45863492
1546503612
1306101326
32898836
19954913
500910883
17521840
35389321
167704836
148804238
1432977446
203256916
280720923
526080388
227228874
44275141
15639696
482698688
180955405
25013071
87819852
14438560
125134129
536586582
50840365
787455746
1245297984
589103152
131426859
87446987
370265432
16091823
257637249
110768954
36797882
38544530
1170199538
273708686
194490441
66505224
154301164
1073336054
178589678
280350843
20728733
44750555
152899258
74623623
220011213
268441207
83792935
172870366
764411851
238333360
359852602
37213578
100659191
300280398
82916196
24917299
180505807
583814483
32422633
344091320
15236312
319383272
41131772
198289780
94644088
276199422
140047340
43997722
16887507
305405883
78035446
341691178
42193274
232086811
50037099
212717611
387453595
191876333
225672004
136749632
355654307
35661705
36398956
287834630
458638776
145642433
142172884
43606006
55893109
186334479
143214921
69871234
747681012
146945670
325125352
46739376
208708810
487563142
73465014
40505182
122539722
738840348
211341717
132467547
376469540
288990849
399777371
112258395
108957853
262945254
207802422
313674921
51036354
108111047
81785538
67039106
283120186
184054487
17002104
67787975
610771954
190803158
471234398
588835553
232887666
24735562
627097808
627758924
124818550
69919503
221129686
58696782
146327424
25675613
81502179
139592527
107815083
132989876
24063915
156140608
58628774
235728965
47093068
282952661
22411522
538256036
555415971
526530812
433403343
64519183
63835756
542859198
136510509
299244346
46165067
529315273
113519489
46875124
27706753
266967327
262211513
299775738
239238679
309525605
359829426
25904794
202727259
162662192
325032545
440402030
184959034
465752494
393028587
170756639
263099844
77123865
23556955
187656216
287022399
456927748
211669721
449400616
284156407
31994746
382531639
377748100
439404713
133573983
201588529
208238636
291981590
408015226
401279261
64226540
55065029
86992086
69726190
56570680
259678929
325220566
32171617
38313401
175543332
319883294
63612330
366456558
14154188
107826295
294364542
113688911
153098837
221850321
328852350
33035500
146184496
238194104
342793841
45300926
330566439
329477247
29716398
242975465
176683018
260482500
120460471
298933083
46527771
44606764
261753513
163570944
112795124
284585831
110326738
185248005
33897450
242970838
29603380
61667405
25987929
254530437
57984491
252643717
22316692
30302784
125566123
254162925
196808401
147738094
244277566
149007443
75200479
43068811
185055625
147360850
34462601
158825113
217716844
29366830
135993569
215998832
129302398
51284526
133842927
25428838
210933449
29236301
35510985
17733742
35052530
73134924
106640623
122134157
197019460
46366686
200356640
199904176
96722554
36886419
156331839
112200886
5988062
135396388
42156487
75651526
22064428
131940895
53612297
159249407
41219563
144939556
191387171
186843389
148542994
173218486
22937559
84922830
185056836
25372781
50896991
115543129
114278360
64327822
145535793
186510277
44226681
31304827
145493876
48397524
31909073
126026787
19647756
117525772
30770194
20017140
94754087
28108224
35413459
34613288
129397207
19010580
131389639
134664967
17283874
31100597
125131971
21433380
24029088
23467120
78460432
104694223
131968610
124218080
45821208
25246209
47437163
34359302
167157059
59310451
155937834
144450343
33827542
26811983
23212153
72484016
123481584
24448188
14998871
34733394
19923144
57107167
120487203
113519818
28772390
146439026
27368791
14470793
32952592
72943983
142936365
116979236
86818342
128704772
60026651
8351952
71657938
135775097
23540526
51340770
86581378
22718736
52802873
88648268
116581650
84626338
39988368
25596511
22719497
95069246
85451739
121268040
104737954
37817378
29448003
30580640
70921794
15244947
42478595
13087382
27398242
42564660
110400921
106763127
96075245
19204896
106585291
31055558
74869584
85273278
81328607
24535214
30353246
15150763
24450021
39373519
27147170
28706024
25197551
34134062
21325929
23996230
16382229
27124862
67124659
30979309
25566082
28194996
27713094
79616965
65931441
31552004
