22997153
820300945
3407272701
3081638356
2495420484
3083384216
16880389
17574446
2321431724
3324761632
2891498468
61214589
163724029
24618148
271097728
41453566
3248302549
1055880565
1158414636
87403396
81882459
14458280
3533231
62934615
63488047
48638717
14308012
2993879783
162611402
600435408
519661156
82736613
2804304182
58656364
19390810
2906487689
1870150748
67511506
315002750
48572412
784856
22256645
404700013
16186995
1887189510
67338726
222592773
278697821
2745409848
17136315
248348372
357750891
121291606
751986721
720589187
464526695
96206175
14627153
823905
579875039
265131521
232854159
5174191
41894068
15933910
55678606
858555920
35104478
326920567
32783271
945620898
468455728
65963384
622267474
113067380
28103651
37384307
22817893
977949146
732118238
272681019
101829799
755346678
506163387
1115300798
19407975
1005094622
31065443
33240435
1074326629
52612163
16279527
452671746
64996766
14949293
293901483
466658477
7695102
23860789
14337315
369566811
59243580
105153168
170899680
1337189653
16492009
274258517
1121803352
30577497
778983966
122028557
868213638
29573746
544683883
948119011
106837463
43540843
921657955
1106204940
45275623
112614654
280185021
24474774
252825938
167842594
297460881
12384352
388526227
618223
6423
15756383
27677483
20863653
409001727
15900357
121228633
153087575
358163388
15339701
134021136
83765303
21324258
31059414
240354622
27538577
24238446
248934649
49169645
17930372
249806568
29522364
316014093
14437146
122205893
281658442
41461237
100173940
36066839
33303644
260251606
16841164
94615198
204762281
266698633
199549879
82197670
28481809
17515457
138140251
244599340
16553407
15884197
42924853
101648069
66529507
228130409
3059911
111645399
33201570
84101125
37811435
19740592
18702840
220422041
67608235
178832344
179606513
47585030
190756417
104622400
200675809
28809609
215948940
55610056
204954918
16896485
40166784
202843439
131696436
51137520
17215726
15159691
10848842
30013944
23657386
20188834
76195967
28688986
108205063
23617491
22650211
33514869
17574945
62618078
60957229
51401556
37729168
26048673
15949025
202411528
46919646
195803318
194152344
27993779
82389071
197645688
158655040
18655468
191247949
85135014
11804772
93079263
35915129
48741905
146270222
15671505
83699743
95327925
13234492
17197348
17948572
102787298
111986558
83935524
144059845
36231321
21832644
75611169
19011948
65410078
116801767
165671480
18007579
154548103
91995202
21012522
125457201
18755762
17756323
19043845
67652761
19738658
19280664
179187147
156891263
16655097
20343199
17054494
16958142
40126979
7187792
146200468
25940364
82092716
61650184
14738526
18243499
17033150
61462007
132144470
16186045
36109274
74566964
86311244
28317278
46722418
82431350
20290428
65835621
57555904
29327455
30642854
57399063
34371842
14859244
54431367
121921467
108987673
107126668
54726889
92182754
28706024
33208575
26830298
95482934
18606951
101055994
28212758
16698391
98240734
100426966
17044292
102722648
17037844
16374234
19662791
94267385
16306247
58812825
78393424
19044575
22560533
86079852
93512140
21447017
18449569
26267779
32895218
71658966
27714144
91712953
16093024
30230172
48357761
51027398
37333637
77967558
89130298
62714846
19039786
68222535
42469764
85008766
66985792
90309625
17010893
40255499
80123856
18980681
18755826
14419313
67582812
14519892
29511169
22221653
86280772
43055997
16461397
21442110
8937222
16499252
26657966
20253942
23465125
16948736
16861651
16415918
15842589
17016740
23099659
35095868
78176093
23406760
11522502
19658936
11350892
60025762
