256107226
1183779272
22062980
191227452
305004004
18297747
84172004
186108187
20578052
21134853
417516965
49414066
27150723
238475531
39887890
39618811
18087796
45316175
287333780
614787677
465089964
41402405
20733972
4062155951
188184596
66381461
18192214
948454801
190100837
3327720838
310374952
620458364
2302155379
200174596
456295047
98214322
71424847
314987088
95360377
3260518932
22315241
2916305152
15717596
404312938
169974762
3557789548
3044918950
366614172
117613887
427666552
168996912
2875270030
1656086203
27101698
19817778
2426183605
631686353
2300220256
68738412
28149699
72926767
3004211085
3291177865
260473599
270667262
10433782
570939354
709993
20010519
879521
13029
234523735
20530716
39355413
28818629
3173441392
275361193
138725262
180200031
14091091
2734713482
20106852
2695356887
22194091
291734275
54885400
18695901
8940342
172414996
37323374
19731770
83894645
14693499
17700455
17256904
3290070855
3308310760
356334842
54645160
222953824
2359926157
799342934
55317152
2835886194
28403347
2199541
3303293865
178052933
20951281
14669951
3293671031
2974857543
165681512
1536791610
1360736396
21538116
39908656
47431717
181680003
110474219
634255790
464795252
20769514
287710135
37338814
22197119
605143257
13322272
2441831348
27764782
58345164
609278205
15782216
114186459
45996727
63824351
222241051
2453244432
277005880
3119846786
430774957
2916428187
539483047
234253501
474057690
1715670350
2205936590
201004841
375802934
15997284
44755750
23354659
19674502
8399972
612834596
33473521
40270176
94618543
20578222
17273535
15358759
2176738226
3064914587
47786101
81004613
72192463
135265376
317234761
52852598
161023696
27684414
2826399295
180808097
2585518105
3004334266
167421762
247114704
2726934279
275197798
1026946670
92112822
23827692
15049679
14787713
2361481867
21253453
60336774
169534973
572336127
102773464
229219088
238253340
117662694
24919888
467377351
42921216
20159596
29894397
160951141
289590926
3000794259
14882435
18241604
57751359
45409605
537547520
172894749
27475215
289088823
1271050027
2990011883
372536101
28196767
21368060
498144170
109011397
220164244
2951864951
611919442
19873356
38008261
9507342
17017636
7144882
21445580
26285079
21934966
325663495
28631637
258854542
217083195
19718700
19079396
58550415
2372501918
372386913
90484508
17134268
18812572
86141342
232268199
2372144636
167121041
757756454
103972238
91916908
2328192246
18198403
72425137
2291870822
16332522
45381821
2820522181
765424
38386328
458255358
2855563077
1601946204
187733628
567781080
118430337
426962930
307743499
260266028
5796972
1325362297
49759525
379787858
366318209
24595639
16454564
45951847
568546368
7309052
459534627
15280572
32218418
312314261
24469619
110583750
18642609
425753010
256698038
50393960
44196397
48743186
478910055
380648579
15074642
18029775
27711856
2264799067
19430999
14602259
100367386
212144618
269055437
123417995
15989022
2546983970
14636374
17022537
430048955
33514869
61780365
2244340904
19261488
6211582
17005368
22179997
316702436
26763420
10252962
571039895
83288630
18222378
143584215
18493809
15937533
80096621
332638587
6385432
451586190
191231019
369245377
19068720
21653754
24352352
305810968
579995383
279390084
111157878
143141524
15993122
258452767
347599287
26077202
18859933
196778265
309282144
813787194
382997671
21057978
2721949102
83422942
40886429
186154646
2425151
276101472
186791663
2304049956
589309307
52291018
860032838
329697987
554119845
203735730
210684204
52938517
138226384
2590327105
614614984
589638312
105677153
339449330
718757090
283080674
49495067
2575447734
78708510
14824849
114773910
482274280
2422637491
2517117270
742143
20611397
1193892870
22650211
19731640
16249481
26659703
424769341
174511884
165997837
404542595
2149410287
89005882
20552696
18775270
56282705
32340023
353048844
473022068
1529383075
2305428572
267917020
1343229756
16305330
306908486
54303638
43151804
29280436
16555985
85590185
20253808
22189352
16827148
13213122
831641257
147071542
617378736
281136269
131351549
22970129
1205695862
121574840
27973790
82774009
50760138
25004897
408652802
138022128
77921494
21658275
199427424
2290612183
935429406
473493882
398323499
45668062
454237315
48294321
81924558
309823307
21872782
19834403
28169971
1559680400
19759749
426361748
40396911
39585367
280244794
300348649
15113565
39114551
256114857
43252279
356395435
19377000
117867607
41874261
606420660
229530210
74501824
409537766
1668003500
253146370
52437361
981775897
19803365
43922181
16015561
14085854
1184488814
1391708539
49806989
568882952
1732514167
331678234
44057760
191590691
340393525
246620703
952086582
19031936
391409009
406442185
23390625
104568027
19086461
286275280
42926854
821806428
1715807066
62526186
452557041
18783285
586671909
50824482
38428725
1516298550
19111234
23958568
585741559
394210451
46441649
374356748
600864347
196003183
16919977
31419215
31470455
753437988
22300832
268606311
22955113
214509833
24013481
22971826
21362977
291468371
15259258
30735143
492263490
25522083
21258078
19077617
19343674
81105542
43784863
21733454
990269509
1551204368
39341439
45346085
23972042
344792411
17316885
66454861
60056154
14864105
30370105
242458567
557899934
246841894
106854478
128673641
177641164
328725482
66368876
382300412
14940354
154005444
98743996
994541251
256241594
392442761
603537927
22883726
19677982
16020435
35114805
1198481
112047591
19787735
32886693
25935803
16350401
17389023
90746345
20660342
14497313
87096816
389974502
407432006
138612722
246604312
289323100
19792457
175500549
333451207
14869836
751841568
15172610
594615037
302209247
20649538
46167792
136454070
149220151
110812752
44911470
30615100
14476328
111071017
14962604
17846348
1472358546
96829836
118483749
45707366
21449197
411570224
28339843
56993835
6323662
627721553
16583854
351754528
26497475
16036624
115556805
197709535
70653
39545259
14415143
282545479
17967925
271758491
23615171
128887912
14345137
18069108
26642006
14353392
256573865
10080132
238843647
19725644
28134618
17461978
1947301
7593322
41683247
4119741
20005684
18713254
54885334
23484629
15473958
17628446
95431448
20536103
15891430
248900032
7848802
28113052
14529929
18172905
21619519
858051
15208246
5988062
69181624
1586501
15315056
57411021
25110374
5990172
49411786
6345392
26533046
17446621
20525702
18804364
518813611
228758054
18284987
619057519
23836537
460470940
353344542
480698133
18678924
89820928
31127446
33235204
163598915
297556877
2020351
21782597
4283311
14892214
23841368
49968865
200708610
28422142
25322292
1044591
23241651
16955991
113490650
74478182
17563708
15947300
35773039
92335270
386614524
21204798
15632949
137638516
36758754
427926964
18143190
25687502
32952390
36303200
19656220
14172201
80331801
209241489
14123751
44949890
464163488
584198802
1133129990
50446226
818040343
56899051
19667832
1140451
89593573
21316253
331733913
35176496
9692022
22260999
236026761
85131054
339332911
116341480
409610020
65431946
326255267
143132365
318121829
28123862
38802447
19314650
18511475
198697572
74853246
37970314
104263696
1917731
15210284
30313925
66369181
813286
73181712
22819823
56798334
241544156
74518740
170424259
25319414
500704345
16673982
20609518
40071815
9109712
16568227
15227791
22657153
18220175
196925561
39000115
15661871
83883736
9676212
11856482
1774391
36184220
16211434
17219108
19110632
11348282
15110431
18736652
621573
16895274
16580226
1435461
21581503
37710752
15111030
15636291
92958361
86383503
27098085
64208380
16298683
8053152
1976841
15438913
15920171
6107422
12245632
32423136
143629481
9542972
23367568
212915108
19195460
11435642
310047586
20608910
29752603
10184532
255798950
65453869
109099014
573330111
17846546
95689367
16189990
15279429
20265254
48133822
33792634
14861368
43464013
16720946
26813101
24216951
26585095
7744592
11856932
22080646
18552281
19816859
1434251
845743333
19402584
5520952
30345764
15447034
7152572
14360757
17918704
71256932
18964696
13784642
15898172
24886025
16547325
19927627
15633626
16220088
11178902
14199378
19395722
1440641
19412366
16630098
16517711
17681513
34713362
759251
22587869
428333
15224867
17918891
4970411
15163466
21035409
21879024
19923144
28370738
2557521
21254264
890891
26257166
19426551
50004938
34630995
18479513
6446742
25589776
10810102
62290422
90420314
44039298
398092540
17169320
19397785
41073372
14681605
50374439
62591681
22679419
15962096
1344951
20659839
22461427
15901190
6273552
15155074
3004231
22832029
30309979
147707954
18510860
13524182
472987747
14362028
935481992
1411902361
19107878
91478624
24491882
19720197
612473
1240289276
16176452
377031036
24926522
146836197
40748588
17436250
711510265
207285967
74773093
33569008
20546557
226631680
5741722
26028721
111700487
25178152
25921428
292777349
119491006
11856892
20095865
19560540
63004503
37029298
155580867
17904241
2097571
11855772
9567972
288336783
155556393
157739327
66247691
100818214
64133160
560024124
14662354
23833641
14717197
20923839
788524
19024627
140928543
21542489
37820042
20002475
20814347
593971141
21353251
157684364
16295907
18028893
55510435
17934812
196540524
119146152
85850590
319785911
16395525
393722421
21980439
238319766
832363021
24094444
254218516
487198119
58961683
1013827207
228794007
1370599946
16548119
45565185
453472838
43763852
110938362
98222741
375721095
258954731
63363893
185741839
19185333
5695632
82296803
435094186
104770031
14173315
547142960
60995534
378228848
21982720
20444181
165814249
22233279
42425014
116017186
31189293
64761052
627681621
65277959
1101265219
38769433
1158461929
1164467702
47701892
463154778
16659530
28345779
41439294
132496568
126118634
42389136
50338601
190368782
27777926
301012485
256845781
476193064
454361836
38421062
20249103
245498430
363834321
17494010
15949714
70807410
745714848
34300951
16335047
47493322
356163520
44211758
22400304
167411876
18839276
259448981
113172990
89232843
208700254
28154148
766203619
801263917
713369978
14696430
62063012
712425716
375146134
101544169
170835993
22063727
497911968
513812830
529415486
33525761
17425181
518107587
37913926
151713485
546965980
448382522
12005282
11865882
357092583
17258992
15723732
43435902
19915329
52842580
240700617
570073131
237188945
25372002
61242633
461372563
494216732
22049155
19011374
20264263
23775292
31053563
299895977
11133802
38512770
47091038
327003627
9624742
459362054
9696182
388551122
270949237
43230234
224674172
94013297
339266274
148518423
51876060
98027652
20598720
186552980
66805055
39796874
18136692
134891395
378299325
9126752
156645676
232407563
18646135
70764269
41026120
22029004
27955833
319218084
65950225
15339508
38013328
16244978
50984293
82943769
133464702
21498960
55064554
27898198
14469461
18590012
16683301
59824526
46696817
125506546
9300262
28502793
37917164
40000765
14293310
154309049
19186958
16331010
250884927
266207117
24773177
16303106
36937588
49734054
119250381
127861493
222288561
15264675
93069110
21457205
17685505
104589290
79862902
150646927
234126639
137806029
31664542
99981044
16310349
289824306
310478794
49649821
271493002
148913553
318170662
2836421
127327223
18768225
16376937
16797358
125400908
221679345
16012783
9917512
1367531
12011422
282745210
9532402
21902908
301192319
162115224
74822738
17471979
20108560
19695252
142411092
22183090
174450940
54276326
16340178
36367491
18995454
186488857
77105397
16196911
16581604
17566437
17598047
20172395
18815539
43469093
24963961
20455625
13784592
7465742
14780915
23597877
83665153
272522396
6017542
15164565
12133382
14075928
2884771
2467791
128750686
83047883
1652541
7587032
11857072
15754281
24362769
15108702
19308246
16664681
3108351
8839632
63001307
14870670
18497435
14360923
244115934
212098970
8936082
15647676
69163482
8861182
39367703
240734425
17057271
46598192
12804422
15057943
113400818
14677919
122867233
287845769
27056418
45393612
16760131
19258235
16299627
55338739
21628154
80684362
22059385
20962674
40679590
201767628
15066958
810424
5770442
15012486
39818483
30434892
27029537
37687633
16145875
9763482
21921531
15687962
18052661
15222806
45564482
237432055
30203220
48099210
214976391
15864446
27655610
18444468
104267638
8862532
16715398
9229672
17469289
122169458
244722043
48884468
48117044
225961051
17579106
182398325
101348982
5392522
14511951
26497906
151548026
159153701
26493330
19358607
17073455
106673610
18906097
83396249
18805405
102862980
63500429
6576492
22049097
66379182
20419776
17544803
69468853
81897374
15738599
24560143
54322036
211635204
130160106
94129050
126511890
134846593
85998185
10454572
132235973
807095
17629860
5402612
18665800
51241574
28785486
43425975
17393196
8285122
