13308642
67900460
78523300
4254009279
134522417
1187330941
301982599
519798770
456905460
86057616
2292565884
260306257
2916175961
113490650
41267896
3253430696
8131272
2292488509
22209201
21245956
757310918
30665669
3185207251
4228183829
1600567813
3008301599
2863787846
22495264
2881486245
175163263
146673353
2262540398
19351599
4198141815
21484526
3920415424
614517275
27457788
75974281
1132994426
939802436
177512397
1947572312
3633594441
127941629
2466301080
3098498030
15419358
2631570888
16943743
3921176183
2799751139
1955740189
2957331107
2251375434
3225668363
1968808981
161163433
2871006265
1691127547
931732278
2977602406
211301739
1668549600
1743498001
1949538295
2747298880
2817949958
2838049186
3289418253
432748599
2181045176
272110899
381289719
2476515662
2817923834
18983688
16204816
2820453761
3608661972
1387190622
3346395153
1645978945
34768176
172848250
2623640399
77059348
2543716844
3254796819
87452219
368519366
1137391579
14063949
1265726480
22642788
425492759
75019567
123434827
78271586
3022083809
2800820704
255087111
2946687513
2962823135
2753751943
3344990140
119151925
3595203797
606776750
2916305152
111142901
607305892
256392621
2940121509
104790170
468183242
2437634414
703808448
3382121055
3308282189
746201946
2985990059
28420827
162411004
2903415374
3316546573
50652904
30211837
196500849
409608373
3420285388
521495786
3415312611
1074713202
47489753
2396779855
976948010
606357050
506958753
2321698795
472516307
3334490439
3107789626
2996797754
2198122730
773862404
108390865
2831363289
285096812
2333293982
124782655
1730320867
2872051883
2871945608
282275320
1012278037
1266372817
258109326
2733723912
91279573
184149724
487039635
71567529
711192277
321830056
618889136
2900830914
137864188
295731821
614945178
586953346
3340474558
2485275084
2864314343
250546675
210308712
2862495071
259808059
858582938
713436078
616914139
1240154665
751492326
447425165
2832617855
260110281
182633497
2810395514
66953593
2329511558
3106787658
1439139938
19015287
2964985833
3107869259
104364150
3009632462
378965393
303505099
950944050
2823410928
19471846
2271530344
2229667098
1953500971
298318878
2476674458
2865668345
2589671154
556444193
2831436002
446724878
14137559
2571342366
21381909
3070114050
287019371
15299119
2888535423
2831064341
2918089872
734197130
42345999
15227791
3145171558
1635084757
2242587030
2974750750
2876029102
229017460
16335197
553504113
149218622
424705392
63119285
228049803
67065873
1853228562
366897431
2871404379
3075683053
2705002822
2518058154
2350464696
284154167
2856918562
1178882917
19609162
3304320597
1423614704
434891525
28287251
2666936809
257790013
2929718880
3302507321
197421420
2905985579
2575205850
211593389
22403968
8772882
551200721
158558510
94046611
21371939
23260256
184367476
1319377141
1536791610
2997723990
123666193
965069406
1171635090
369392090
2987605712
792978680
14667729
2797884852
997735476
2857499935
746119952
3037792020
1686315325
2935678934
2791529257
3086789309
14745740
1109003965
22063614
2974243444
15564815
3112569449
2784278855
17444386
28344264
550190796
2311000321
166838487
2997541582
3153236154
49718565
272214537
54134690
2463867379
156285331
1221486553
2797681808
336116660
2855287858
247142874
2780748674
521067102
38316853
1727369563
2793066487
2423373294
16015769
164349995
2802722088
177438106
24754569
192230195
16817838
1673265829
2854323813
2493246408
2357977123
2892432693
2850255627
2847657333
116942168
2272138994
2983295300
2746967055
19623009
112001635
2503081470
3004084072
920083568
2484275342
931238660
1550522623
438994889
366493830
2792833279
20420845
601425440
2960949718
2665252585
2864183621
1581554946
383200963
211284184
339165305
3089901496
2837175356
2877326811
2790811273
33315943
17884830
71869533
2879666753
19684933
2911554610
2955444162
160662502
1870303963
285925478
2985911415
2889301018
2837642577
299134973
90322657
2376881202
216579396
2640586304
2531859438
16906660
21449974
210424042
229251600
2806109387
109741789
336002124
2740461243
2794683217
24206059
111188050
2893976604
2832072719
135385733
2919308995
223304261
2987613632
6160792
2823741170
1116295345
2588321996
2531176532
2171484548
2861423605
384560959
104860547
234107154
2987266691
22025945
277475162
165640851
2241410978
68806589
509099646
247748720
16725793
2837966127
2817936454
38012607
2871971361
2580747638
2899111405
115216851
25744258
395236271
2866991099
74275571
2455878782
453221269
1695839551
14987233
28333748
238319766
2362960556
295213856
2893926747
2833454562
2682780438
2411290603
790037016
2877151045
20822989
2893264993
516374757
40082439
1220052816
1318542156
2897907727
2796851485
1004731904
2951963678
401824511
2826800366
2846551735
175428809
19123126
443501877
265220205
456413346
2872639048
203466008
26433538
172947906
33923443
100475365
2838273310
1939471255
2875316333
702057780
2561555594
1242190802
11353012
2797879571
183036873
24610050
412916738
2832271336
251045973
2931474600
92905075
2831606139
1700658962
2448345704
2834707943
56230246
2874963194
2802662834
2837982711
1323229609
436998316
2884736493
14371270
2195483984
393756935
12364172
64488804
2896847550
2790691692
327577057
349527367
2811157786
19124682
2909919507
1876100544
2885187435
17916671
2749546339
2374365391
145404165
1556456528
374078294
283043739
23978832
2883864873
574647893
109380627
185096297
2901670105
82541017
2866699092
339566435
221891968
429523010
2855989883
596672741
2863074171
2359819182
610206135
2876378805
1626294277
455444298
259037206
571868731
2842780930
2841261419
23175747
172288597
2868641346
36203413
66827240
186747466
17952975
65633110
757169850
2856632771
67764381
2890086038
2583292039
566492902
78095035
36910886
2876182731
2898774523
1541997972
2854604945
2874514649
2525635410
2893158570
2857186526
2877232677
622932874
2873133453
2849624224
786966108
2896965578
2877082156
470525667
1578494773
2413421161
2902074476
2841707500
2312424494
2868558311
2862951821
1730296904
2879055304
2393066191
1591038127
960575401
2709936560
18027864
2310957528
844139450
158208055
858951446
2812509127
326703715
2784273150
2788844058
14727238
2857905234
2805190984
780073794
2881471102
2852487425
289291613
202019047
633181008
2167610257
2897063192
1852732298
428567211
72305309
1944230208
2764458266
2871504424
2877719896
2825424787
1613601134
2899827380
32508431
243739078
16661459
749129797
2788246943
300489029
330708285
73158088
2856271814
55951726
2591631931
24734335
110633585
2398491534
284044012
2877134026
2786936528
385696730
2853028473
2482009255
2836996858
2826414247
1540486075
2829672089
290008273
482393146
2847433912
2898427430
1043680452
2898884216
2898092005
1113205585
2889082980
14769585
2883102823
2874356625
162932753
2205623655
2319486997
41707415
2811268788
2772977344
939734738
2826410406
2837015837
741522595
383465756
350546448
2867410569
2784707029
143123814
2836248333
2858110355
70082375
2815827402
2876023690
904587308
24733117
234212106
2794782427
63529021
2875338694
117133589
1195226809
2786361273
188022249
2774031603
2835829920
2330987621
545265372
2897957851
2780772273
2844512584
2843870795
2773896588
2838985557
2893030518
388384888
2828139544
2873322143
1011035732
317947090
2880462577
2848339246
566858982
2485883137
1265769998
2468009479
2853427248
1889098668
2840824778
49870351
175632668
2456822375
2865880754
2828711670
2831601701
2895896323
45075781
2893515060
2868395829
2854687332
2681467501
568278064
2840585128
1274422645
2815277345
2896835628
2872428455
746689340
816174973
2893517239
2864224153
2890519873
2864224344
2838338182
837965185
2842160277
2842380646
2820468747
22865374
1160512627
1536755006
2767726283
2818295858
2818100251
2787106341
16601898
2798674870
2310429786
93663419
2831145645
2191831080
20825069
2575314530
2861352816
372563847
221967789
2466340032
261091273
2571843746
2834790789
384647191
21573892
1383468769
186996039
2783951664
2874826844
2896940221
1424028409
2827027708
2813010462
2873376111
322272570
2886882180
36546167
2857734301
22557046
1516445281
10856422
108155579
2799002006
2840743600
2846735297
41367821
2705642732
2865611657
2806046831
51266230
433778530
1542649094
169326150
2833284949
589545108
2822871973
2842262117
19534310
2410623764
1649137771
512696611
2654372454
2742814075
248206059
1945697298
2841166300
2305185066
2424010902
2820923855
69832934
634338292
2437486722
405100143
2553480625
2886682062
2863890777
2506164654
2193894922
2788026720
2796546096
2797951880
2799282698
2836345420
95697038
2260871203
1535339618
88136391
358863151
218493884
245069148
2281482438
2802216965
507975361
16250987
2563030626
40151031
486568168
1028049817
2652997692
495011347
46421599
60859525
55773932
116106897
93731975
125189782
127761044
457442648
2822712590
2822493293
2817820231
34977967
2835546702
2835958269
2837270523
363824987
2837366796
2840824575
2841078495
2844058193
2851384224
161027554
2861501732
2863320144
542107753
2867052839
26658684
2839117701
14381559
2644656877
2813228318
1378212630
2587879814
524788308
181219456
2520520582
704237150
2855585004
171280752
10685872
32622476
2831147669
950142270
67983046
385658646
295495204
2815513658
2866499545
2478660487
623236042
1829249059
2833599255
2829241051
73660909
169501111
2848603513
2561228172
2778816007
2831053181
2812908133
357498600
2311435027
2831076659
15683175
23380438
2791835904
1090262328
2801506834
1694222593
146608835
2834518025
2842731465
342105890
704538116
2270857670
29696561
131273661
519254062
1569421542
775088538
2242878637
54317216
1592502890
208798621
15013100
118112029
987111476
2854720148
2810611336
470880589
67917587
131082277
38022929
20973159
1028041303
318557116
1700482940
138944368
93702505
21436890
44409179
2865447754
2866813191
2864880993
2474650254
1321393400
2579224845
2797610641
91172189
2872543355
2792857484
2834289021
70190202
2796417967
2411433529
71079669
140542416
954497179
93949976
782472337
2815224697
2871165186
2400953280
900705962
1656516662
2817528572
2872444620
725878448
554400244
602687997
2771858395
967016827
1707309488
2837875481
14669097
2844320013
615260784
255160382
224231200
180528062
2846051793
1371796633
2805673956
2541766878
1868582228
147030458
2822560650
528071762
1641108439
2856010706
60054555
799062414
394916752
1460549084
2832342387
2821531091
550691160
35231502
2298688470
2844542009
2832326409
2895023364
2729513808
2867858329
820003056
41778159
1705989870
13692682
2803014658
2759886809
2789138395
159034813
2815520829
396987467
2775492818
344209049
2856460387
424038222
708888523
2857609488
2796471254
2848272946
603819718
2288462990
584180446
424087650
28488248
2843997934
94651101
2751259861
2834440515
2803927925
2884915968
85686980
2853946413
19595289
2706287791
2578138580
2782765159
29768127
2467341829
111653616
1551597474
1323366451
251512062
2587304504
558488365
2398491372
87351771
2494398422
124251944
2750149424
16155438
2783018803
874888082
2830074510
189224029
2817163837
2826807566
2834274253
48531274
2833570910
244604905
382133518
2723843195
489949379
834466861
78392805
2798458089
2793104246
74026693
472265508
296595412
2822300431
1026535471
494257164
2795906819
469189091
94547797
54864534
173956129
274109576
236992559
513791004
2821438355
2814133260
2789172305
2829039293
307584252
2810676792
2833408754
383581914
2180716357
2849877140
2801890131
929025944
1858786956
45451746
425462828
2276637241
450815034
2839921589
2841194171
92769076
2223926278
2837972170
574521629
2879444486
2690628133
532501620
15293113
346246513
2868500768
2850707357
91673645
2485508100
79542658
287399939
2839438477
2876771815
148089228
2775714218
2541758438
913138123
2489227429
465606946
2592153931
2830047422
237430424
493726972
2887833895
2838256043
61166489
510203749
2777326004
10924412
2802765676
2534342832
2168574427
533817628
349859159
2789890544
2827004453
15226282
1277454542
1335585896
283692320
73914728
14137885
469021752
2772374611
2169511
176874550
2811881168
462580108
2423425960
113714368
2772264097
319603324
2790113098
21514744
2789209993
557265175
2723761986
80211578
131341282
320860323
33805179
272175633
2830537024
41964836
485293634
2826912620
2825755019
46340918
2840896178
366256329
2842913452
127812328
2834035965
29292341
20031359
15348894
71643224
1726890493
1425500808
1864979270
2834284119
3183721
13461
16629994
48840909
19314650
17309168
56366011
28265810
930040429
2823082149
494495783
386520098
2784830698
199788362
15256077
28754837
2844264700
637210748
135920825
2845946979
27667643
145353450
6204
705633312
2825833779
2497064084
2814008060
2815279566
2829532397
2831586907
2835016336
2842420057
2862020803
170210114
17886742
1398479138
1041346340
48456554
1473203023
2837892202
2845238149
224797393
2783426917
115601411
226293658
362100909
2331747274
40703920
2814019506
2876019242
992477000
2777177352
2791696601
17956471
335369838
39835648
1892901222
1149694885
2353149163
2837381146
238435298
19313066
628292989
72810542
2433661171
52006553
43187274
20945241
47405998
2782040341
557648531
2786197941
2873661066
2858749471
2764897681
45711301
15222083
18146977
47255381
18783993
155635152
505775222
346714563
330732361
2812745721
2832127183
18200596
482388629
629127032
2861561803
2818992403
2618545285
1645241
2492801743
2244398629
17289561
2814040284
110218988
2780075550
117652722
29157656
370418635
240949604
49234326
474556898
2813904001
325295651
2688750895
878296699
2831769015
376255732
27719084
2783080351
2789451130
1046238242
468841864
139292752
774389106
1614843343
4550591
2824715120
707067744
2782761216
114999983
15070269
17532059
494123018
73887400
2430330194
602669903
2797386391
2816483449
928272938
2504059135
225352208
2813034189
2793220776
414398508
2232448621
16023944
2804758704
104519838
116454409
183126361
12245022
469001942
320478918
170240467
609649719
2420459282
2279505289
164689788
329297201
159708757
2850659216
46426258
2816645488
20726044
2808867112
2190682908
239396684
601928375
1713182929
54679731
311847810
113965001
2793807454
822607872
56562770
522603933
66801444
748195892
80116699
258083321
150102533
420176985
1284994188
2324320442
121112852
2764172964
14940283
86976298
1332655236
2849321642
434534348
282378495
2807602670
131653345
20037224
35565544
40310301
2792681689
2477197932
169067158
272270018
2683063328
27976785
2791121294
2788274419
16647197
224310598
20589568
2786568912
17469332
154376291
241182587
93793323
2837371897
15519174
2774051122
73134729
341814309
54795290
2706312042
545334149
2598183050
406334712
21740553
795626
326236006
962789539
307011224
427901656
58282687
601894629
2780069678
41134351
387334888
209669688
2607096330
2823058722
60367635
2785255490
65974890
866626268
20469946
2807677458
16428093
24068503
574962273
16988193
1616345101
259448011
18328421
413505368
2792239634
180548361
41455567
38268322
38102088
1947709525
2795057922
746578496
204447420
21536352
2242547935
305433319
2265131550
2326309104
2368624716
128073354
106638964
36689779
22333411
190249654
857456761
544001732
68584653
301456355
2547125580
2472126739
885490776
1964928762
2796746353
238093393
869511486
303150779
2787171762
2787254808
1499808391
2752897908
269131395
342073359
61176010
2775504008
22128432
51680298
334243978
2769935160
95067738
9270192
896018820
32949727
2831977303
2761808526
2754008947
2816482591
854203626
1542685398
2323409994
1030131884
2808137828
1573654201
355825599
490491827
2822972467
2452372932
1166107657
44054652
91042156
175958307
2167729699
36922206
2824969189
30188972
2747504632
2828525894
2744002243
2235210511
1952528058
16088638
1379053122
806573540
2789422208
42082673
47371263
19454588
357423120
20961162
2653204868
2826306403
25622873
193271047
945122066
15913043
2833345254
2777193438
273308933
2817670945
2809119696
161520383
1246375584
14422788
156382488
2350345334
532073847
2800705332
2759582555
365218954
198351204
1909243326
2456865570
34283550
2375850864
2800890451
77118357
348491691
2257366560
195123573
196538976
49534986
142728197
273576329
25445796
244592761
359530857
2782756512
2811698041
367511757
95188073
2814885768
55388433
1491094638
2421921523
2510592962
2251370335
2781099703
1576921448
2765206075
700150174
2697205598
2726075530
2588008190
207815948
2696828833
750343322
47286619
240492000
2776031265
143388925
2797578403
2285246018
2758222104
2824635320
2149008254
321947842
1640202991
2532646400
167460855
339601420
1722584059
2302265084
1972057856
2315874928
2474894699
2806977060
2787619146
2283567114
17325645
2793797630
2799084259
16811031
85985754
2743934803
2819697918
19757162
2532648118
47786101
1737745465
2188296327
13777142
39426618
90782321
271653914
150871021
2817005910
29942059
530964531
155819024
2506962415
1486744616
195894103
989774846
2455731174
2202678266
423163830
2829067567
1597615160
2778696502
2827554384
2826525018
2263135746
2793794875
487154900
368391850
567029347
2780584860
2825144994
1342544430
562393058
2213444748
259415613
596228750
2795274284
2802432518
5797952
1599501475
2775294374
2764011498
1683985212
237844654
2411867900
79243628
265465256
32467942
2787635862
597771429
2808958753
2293075705
1385975335
2471733908
2810556386
389910442
2798410560
97118572
145365694
637231539
2558739331
2674931242
2221694352
36472968
1449869628
2663983971
80664116
2802052958
2548795801
2598430662
2458801806
1335462446
311405077
594826831
8537412
184310053
2715935234
2784049716
2527822254
374227012
32340602
2783905694
2724784319
1019140945
975244578
2329542980
2747746256
20820163
1065153380
384968498
262538589
2810864653
2760482854
21934749
833673914
116859768
95731075
17874544
764586908
2568749329
15566199
1107096824
2332314889
37398598
2802424662
2336050548
738948236
369869543
63485337
627764842
1113773941
511242257
277039971
40956781
28882145
136274193
2774340015
249062561
126772485
2782715964
941514594
57821198
547232187
18643437
312696314
267363667
2801270976
2759122319
2703775844
154540847
2771680909
2699887286
2534603048
2817855583
167760471
2789641838
2765738045
16878634
39476778
69681766
830859110
2806671613
1927732304
50245876
2782186519
2802164402
2423820284
1676631769
527938178
578321883
2334885331
1008989755
54666674
2795953345
33495086
472532945
116388363
1413339252
244746802
2361888122
58661424
2813332094
2405059345
2782331270
17141121
1915707343
375943181
15788621
499428540
308407039
1052040667
812611700
2187662275
213706308
524678152
15143478
2613974564
404299686
2787141758
2745496827
2782041548
2772694988
950813047
114684274
42737663
57513010
720058388
5834722
2752990603
349123601
2804854327
2150970733
504958147
474887754
460697784
1166763595
250944017
18744815
303635804
235273461
2526242036
1356030014
2157283603
188750594
16589206
85640989
1357963177
805034546
2321536963
147851744
448845116
61401281
289490370
2305353847
2787240097
1339831081
260885813
2770281900
948714337
2800681614
526537146
1696983392
25927878
2397861914
2775396834
2787101798
164929952
21791940
455144516
752385482
22285609
416507329
2662173163
159001970
2769265765
2757067388
2472399354
1733467884
304377933
1431436446
161469460
551296825
1088371471
246467722
24464724
14303746
170719160
2568792332
2789994463
270016438
1903622864
908068501
178410684
26213211
32258091
208345104
278959565
229364851
2280846457
2791671474
512249750
2783761682
2556707266
128781497
149400264
52132735
372942088
616635926
2747114010
1717465081
2771118955
2781843242
2729874426
2245460094
2480177340
701983068
355209313
39652554
207784631
45115986
1621306038
56497637
31433713
2781610628
44008449
248478594
2753872050
133413133
267993675
18382146
263633755
183993932
28759458
41687358
2796783230
1581848742
1542293558
14136278
14835756
113137765
2790560502
2782859960
37093993
2485364050
709509499
15182629
201105859
163491404
16710197
16574839
2769200810
1149792644
26258609
2777083032
64678757
32497528
50799278
1064157584
242886594
14905123
2585165988
32233286
2424974508
2787184154
701166529
341956010
2777611098
2476351008
2262038604
70466918
20523846
219204598
313788361
583756751
14612263
105922496
500240347
19331456
23581830
200038829
25380727
2310394356
14131361
1383916249
1488983330
1566867008
17045226
89765059
54556379
81777334
316860563
398503721
2387097840
92326132
580023601
293353298
18106205
518574152
29659608
858845101
22051366
173332472
19084990
68783373
37965649
1448133924
215508074
52901593
1226427252
116512570
18444530
149355943
826072081
246506495
22866418
9487272
365334311
2475614696
46318367
992871366
594594161
2788757714
166240143
46609399
2790540392
131926467
613899472
345497264
35039044
84997999
768426908
19217369
35277914
22166232
1411997904
2772384200
2785630070
765807319
20865139
1345093688
13972382
334921581
176785453
105310392
151871519
1558996520
161700448
2782754617
857023604
2213370912
21281200
31136822
487398325
2751837302
1712939281
12798922
287492573
19178396
875530044
424806929
305928252
32429400
37921839
16747981
1114707756
30193628
19810490
138690155
17209202
41609275
1256051756
501904770
269500652
106646062
76397241
109334785
716901834
2038811
25227900
46034624
373592207
6725272
16340925
99562295
303135417
29758446
23127272
312937997
41519078
26536370
18334111
18934484
36803580
480556692
62435820
236543716
