46839456
16655930
299364430
15442689
3266848870
35943
21301903
3599840892
15392457
1913966178
93428043
36768736
12741672
14137929
36720935
152862026
2175047682
15652145
14486659
18882629
3004234438
19556080
414
6385432
14000222
1282121312
1919231
14497568
73840293
673953
9332442
118263124
130745589
33836629
1051171
66374059
796745
513298480
27385146
596192833
53193096
275686563
25073223
3289308547
146616565
6774272
1402831874
30783608
13889622
3001615839
1208273809
144010545
172331231
12196
65375759
12949292
27557206
19564861
148420961
46142761
85948513
384908820
28249159
22707348
1004439055
711810403
15771056
46063
32718488
14120111
22223377
2342082565
474986411
3272064325
17432408
26382995
1581899310
16425746
14954221
3215861
2314312269
262560073
3228908948
3028870709
15871237
2720877595
30959601
1119728647
15412900
460489687
19526865
1149559219
1412878110
7526892
461092374
2884143112
48008938
1170253225
21206601
175282603
50940456
216939636
20016270
2572889323
2973779705
96636621
112243365
1344951
972651
816653
177275441
39235513
17029916
163562125
321047987
171093616
1395499471
287018260
1287181285
20551702
15787539
217269889
153856511
19188399
334728476
14851182
430900523
2393692934
3006242110
613816938
44686962
16581604
160055442
2916622773
260800000
604734326
1423027783
309236605
53395172
16699600
14902831
2302193595
17855388
281684972
316140174
21343766
43375637
16929520
1055371548
118530643
381203
280716675
420537199
860281
35000660
20355636
1042631
2290023245
209213183
17406029
4310571
46243602
13370272
78453
29113855
12029252
17607834
137353530
31505730
22386817
19038849
15558039
158497453
21760993
83598715
29762189
19993441
47015565
36364217
2650999212
57358609
314332163
15698507
2759909491
2810297102
14215678
15494294
17636894
50952829
254250853
949500618
1489084716
991745802
8172772
13666
16969447
78143293
20501465
29280436
64688863
10990552
471941392
169769013
21914674
166725635
17420373
77394327
288715969
242925135
691353
350141214
55833269
17754586
88789814
113377426
14361414
16355854
18648616
87269158
84364416
20268133
10862602
8170492
203063180
19378204
14314709
60057276
7312832
56297884
36868747
33213413
24351951
273661146
1140507684
219707952
14951188
12331792
1458225619
2198886554
213484515
22039447
1554068046
173843226
810695592
396116707
179134443
203073354
19876513
21303638
39323917
787924
1023176196
15101375
19273033
1905330787
933211814
1907968712
22128352
20868500
54950153
235764167
19333968
200176600
156121420
58152842
104714009
743768472
15561397
19456931
50641762
39929647
258796843
41670928
1534211929
574526759
1603425318
820738782
47791189
58521743
174807917
392933525
430949299
5753492
981602185
607575156
400014554
320333008
7511702
14711491
64498695
101715387
1382573959
34011289
69344109
50454317
1287315690
13592212
138075752
1542530756
160797890
19725644
57711175
75253222
296930388
18775344
52076089
273628291
16923993
116763916
87798068
53867429
19652425
78965021
17627061
25507195
93623176
19707919
15971887
13982132
18955295
18047597
863109518
186154646
14761795
19272669
65132477
182781070
97223779
16435126
148991478
16435408
22522476
260022048
123038255
19621110
131632349
17220934
7662312
19636959
373617611
50360181
108436377
17825445
98963477
16092161
69679499
20652237
20856024
38833642
14334743
91015490
37739721
17518626
150723226
14245867
75302325
19754094
17896874
30331404
14491008
23486491
14378113
20551303
17462723
20571531
1114932710
40932856
8683242
15414807
22714898
63295553
50393960
41337901
25385148
50360725
17813899
211891109
38498866
459649375
38125281
2735591
17118646
181184960
573943969
17574251
18028594
22705078
9420322
20685061
14345141
15480722
1921151
228134502
382253381
16173031
742143
9697732
18743550
15093212
7224702
96166483
169584722
44913222
17083588
20236725
18014805
19006934
17503114
21661279
158865339
17623957
22009731
11512342
23462787
19397785
39864099
16631172
19619047
22022795
9779032
9313022
