317176953
1421655445
1257187357
240649814
36327407
42200593
72866948
23425315
2541584630
198560057
21312961
21302281
86928736
42871498
153386946
2148398869
1132652034
3338932324
3159073199
2615023398
1510128186
729997920
227761688
101766311
46084486
2785480981
315421768
3802359972
376295864
297258042
149078122
51361009
46671396
53001749
2183611873
83521919
311028372
22252782
77577693
59132109
297648980
1326731006
191551530
23117707
775464612
57989242
523415563
80473367
26688378
62765723
365934285
81133612
15220720
19204281
296979153
38267947
260741931
51263711
3119988399
3245142196
87818409
191973989
115361965
16449839
1484220991
74790934
15492359
177530080
8060932
105728004
2979317605
370573869
3557133980
23330998
5120691
30846824
4019546554
25482776
69507253
4170504922
47296423
20151889
34374040
735462954
2806756884
69541557
45785002
87711816
151106990
44706837
60783724
156710859
2934046657
175233156
13850422
146832501
2177139587
17934625
537591503
2902915631
1114663532
943130996
1693474219
28759497
161318053
2317470080
134832284
615073714
2541673915
18239249
1572648817
34275139
242698430
22771488
488373285
1609748304
1466758298
90323207
182298252
1964021324
1652711108
25049056
445353382
479813224
2476895522
20402945
34713362
1754641
11014272
28140646
32359921
3040844088
2899268701
929197765
2856443472
1472101243
3188629370
18424289
2907739345
3727873574
17718356
2993672256
19897138
53297738
40400019
12794362
2315474990
81300791
140469448
2188150651
34217542
2855442949
3259793684
324897050
340441440
127121446
2468788856
124953456
2583806562
2475433110
67838461
24112747
1484611
572619533
5402612
70001932
444970866
138376017
1652541
1599085766
18742124
36339766
52487389
18267548
38630618
2686770528
141080858
23484510
28219805
39743812
307899732
213539531
312517209
21069075
4970411
156651229
14293310
3342832965
2775998016
1244137812
37869117
381589648
2934528263
147518224
16465385
195246861
1274690550
1968475471
355352487
127863830
590327724
96087281
2833723424
735122173
2294172542
84111527
86479411
69544220
256495314
17990493
33338729
43434913
533139119
3253584974
14645914
1557917959
25441644
17712469
94022742
390845554
22642788
208165466
474553345
1265726480
831470472
15173859
2399266382
111339670
1509963145
1265727487
1915336519
2897236908
74121873
43579706
71984758
2585154385
14697685
2966532212
116152001
120722362
1250111466
8933572
46861140
2837413381
27407990
700381477
44857140
2900347866
15656642
199233142
1093090866
83529586
52339151
347035710
1536791610
2933084988
2923501202
2916305152
166677579
24879944
48940193
1527024211
460182458
1994321
29391063
3194984288
2392299180
3524808074
369680637
2558019330
3177530305
50279781
96187076
9294762
56992330
3587432715
88886171
271539279
46145841
2884891316
37648300
1688879478
22898182
412217875
3302038338
1963945884
2833119062
3282045398
3029495182
3319682382
24686122
177829660
251008339
245687754
349277970
100181484
235502215
32359545
246136955
73043514
19192999
769968794
236393137
59461392
18544084
121737893
1879022035
49511619
421701259
58223243
180246090
101836975
1243126304
486322857
2550576708
242873592
358063249
1723230211
622868850
3257757302
3123883238
149884554
59993667
2378044171
7738912
2586977832
3046490198
100478847
56730970
74983078
3045231870
22342567
194720254
765644827
237674047
203953174
19519947
3006989562
624517612
145168608
2997272688
2264419064
104835947
2241167263
18455744
3074769187
31351724
55508771
303328401
49275647
31726915
2410111879
134758540
28768776
17162499
2383466154
9130702
229715101
102058620
1694040764
2410085989
292280892
717632257
1346891520
3070876300
3127040009
117439544
355748049
2248872301
3097503906
3221130264
2940400554
52040011
1174827270
2474031151
742143
44336107
195248527
786958314
108252113
473065458
100174414
43855487
3150940290
2578308889
783963930
2775598132
383747289
1292528808
820902312
1712296868
573918122
1073676020
17249208
34262462
61767355
51241574
1246175670
18476447
24854366
19389921
152797988
23284990
231033118
3041294294
1485248274
325378431
52382278
52631124
2420284867
17730215
25349292
600244924
1512388178
17711847
1598094566
280066134
236698120
2957456178
49900276
355989081
317632982
25475608
14375047
132567193
39212988
28315501
290607047
101758895
235667511
526382615
28114735
17839398
138478972
13670232
130368147
9300262
244957467
39922594
153503737
113612825
130514731
303276746
118170127
48706493
56625574
60297896
115378178
533246749
78313349
75625997
57288354
22545453
17469492
150481419
47814419
180748385
54311364
18209971
22509223
134416828
54468574
40878868
919614626
178683363
43680626
40802917
57314342
1616039276
134369482
1719291733
2237153665
2349961080
18069940
1428109148
870366536
143079503
486884889
116366915
1328419934
16708781
2790518743
90613510
54504199
5392522
813286
41814169
26792275
451869617
989138972
86152476
17673635
28359405
252411597
185159449
141279172
385571062
21114659
16439471
56943973
34409839
75024702
102322855
2959626458
14834340
405427035
354149319
2315464056
19569194
303633122
83522606
1915012974
2253665018
53687815
1506479365
2545723843
29971409
2271293785
2695009326
139295703
14627653
46436729
2831129138
267861878
2097571
74513865
1913838684
16248619
331136088
287551576
75507420
1642135962
30444692
525055951
2874557485
2741767777
5722742
372346211
165506153
125944392
1562935142
358741497
365578598
17754768
1571270053
36445094
2561995710
2558252576
37874853
362921394
2587240482
18373968
15762260
2475872178
165005002
168166424
103770785
16219269
382275399
47840951
55201626
118579264
2902507831
62733964
40297195
2977341373
69816481
12897722
548128364
31127446
123327472
1626294277
49330590
2566535282
932303468
17991281
81608789
1951047080
121407739
251636971
2467791
415860281
14677919
161205886
1100927498
86106315
1111282716
45564482
1207648771
29958928
12716032
410220327
786764
380648579
16343974
43861191
24674124
55540018
1482075170
1208821916
437522838
1255161552
609929745
2254454330
3496641
46078438
84339577
636350901
16906137
83031278
1582853809
159714480
1856414335
302971361
168259012
55190116
21332200
59357565
414946220
14047387
2312262702
2289628938
17710740
2400320881
2218274526
2359926157
24506246
150151712
191134282
1446783193
2253142422
272019676
2451476942
1014922465
1939711736
71298686
15400294
2765974980
65112853
46376581
49586895
151395708
2180371
253473203
2707085628
48906364
35773039
431773266
37432982
117460060
23405846
2432213029
113415132
725900664
36951816
17342842
20751449
241178934
178719304
84001426
6509832
37034483
5988062
63073975
19929890
56676407
65417675
88708298
16616757
139897603
336611577
372677761
356685886
85293311
191511134
18042971
14072047
53000919
30891818
63550005
2489431314
290061912
335099279
75051940
57261575
38647512
428019591
1415294162
44296725
15016162
24001226
2466778926
2804407224
548116457
973983732
2826743402
2916470293
229195516
121148010
83531741
27082836
40187858
23766957
21565678
623045225
17729848
487118986
114085514
1955065170
80330381
1401726968
13051532
57094856
17735875
2829356872
1618603819
15728161
30699754
18622869
15446531
15978412
749963
152570227
84816752
28134618
1877831
64643056
807095
1376389952
1671848557
19527964
274606076
30517780
3016185331
34009240
16838153
893350736
77968947
1886700072
17937017
332016103
1107443437
14443876
14534827
24693631
29946674
293497191
95495638
371705437
2782312248
86135637
1884016339
46704429
1702902050
1979591930
1411029007
24289203
1707281120
1906085454
724818308
152311372
17175213
35070732
719200613
65354167
203872812
71824728
295817930
1485389442
111962216
1925578266
161634802
353008411
356093768
316939684
1089331657
1683455346
569300914
9397732
2466393157
33194672
2227695199
1974470773
15954704
200441285
963706328
2574072036
468035482
80376881
97152350
19140886
2982262892
94532626
2982269822
415436105
1568616944
67919750
350239845
1429445815
17919393
75246331
10361002
57951981
2784269072
2955928989
2751434132
1625745750
72745782
14728486
66102417
472962312
105677862
172271676
8805142
15300300
135801275
46373774
1662923078
2729357216
90151312
28075840
257620990
19582962
95144455
24154153
606645922
71640989
56385011
2462686598
10782332
82409398
39024923
2859401016
1217669886
2796272245
464304815
250310318
1088949722
2496461
108391251
79178279
86276106
296107913
40003120
1359253178
200396350
107401130
372837129
256918571
447728696
419464029
246194416
104876117
2533102244
198017141
579049958
115102139
1571956418
58195321
147250393
51003218
1041453240
326572285
3512101
18136711
608869167
180157531
394679091
76950830
109895721
35172466
18837791
75237089
42372799
552707818
209929522
1468765225
297267729
154604290
312790865
871937820
1344897174
491358017
18217315
60034394
154092084
2388861787
165033653
21853673
791173483
38685872
274444021
12908182
57671815
106662970
217391337
99146895
50228660
70386846
2583707576
25784345
35222128
83773894
2304720642
16680002
370237064
559675462
1269258001
107404025
424226560
6582272
61373822
393917334
2555305411
102704469
538792219
17537467
28366439
37589601
31399326
1214350262
189180763
17243582
16900353
41981944
300837591
303862998
98877909
1579422614
27601238
3668951
589204855
253086023
134889052
48231808
224894035
96832964
175443479
2344810351
232550149
38789489
245208137
24346422
160983477
313891118
14322276
44340808
1916302158
114981133
364875799
2298112052
20123671
43652223
56974609
77477016
58489996
91772058
92773212
1019469630
317630228
600742243
217480168
883607461
30629297
48957003
46903071
32361058
2262141
46957051
234087403
135835480
150351282
480525355
424484966
32858804
2231202272
65865680
1033379606
100999112
92198620
84021687
1073653525
15720175
2239497246
106876700
71491139
60075391
174991012
80664593
38161191
68167553
21734241
452050314
59724733
21841184
183213825
43922300
14916964
76935110
57230220
925876814
17865713
254541750
21092524
124056683
130813352
1456085383
28412580
29828667
18719736
341894625
38580897
103537059
403900573
117013227
1098423133
38212537
1050622416
53007666
2154982212
2283661718
71530488
44949890
56627441
1588390411
405407345
166960123
44606980
105816524
339582604
103849564
78259714
2311557998
29173795
2190026348
41832069
58549744
140836336
61730121
1298350543
28535163
207906489
108577950
117012523
18861574
38281904
53892049
323839489
1253614164
255351295
92806682
557719049
27408017
85639342
46791411
289274330
370611888
237632983
158659355
1191912552
135085257
375474419
103072306
1333867200
423615378
910007162
356972011
580612746
102275048
155904242
25974152
199766003
553106626
141496671
1153482612
1552045182
8834252
41048052
5871672
23058879
31119205
1340732064
111316603
399923070
1657730988
19305157
416882361
42350663
1445372666
21534951
12984
103086579
116833605
87199783
1484608740
956888676
23839835
63749116
18761671
23568949
21002587
44356836
42018126
493314517
27815263
523078739
52774415
458460064
52668006
17986699
401471773
259111114
87942403
382728892
79498684
741520723
54014913
243318995
75078881
68914690
195575801
53640157
1052678220
48988376
138142342
14672778
16076032
512759635
15203462
50338130
13357842
91206855
35723019
16745361
255873659
379544677
1479637435
47101500
163752397
23310483
416857073
135233648
19060867
23975060
237742285
524262813
24107523
70428289
218171152
14786995
68164273
384938070
1412642076
25468225
50973651
304971850
121026704
204832963
27061115
1099124418
143114327
1052586019
132268766
296792658
48072748
15766082
1247938260
194424473
217514102
19593016
480134067
769411693
67558336
57239022
712030506
54710153
17865815
925094390
570576883
1316811403
274364089
19693432
44593541
99276987
839214360
1227253801
75977310
1061359813
18527352
52763416
51968133
127790650
20664363
158006801
107168854
360705100
788963971
65599679
60015540
470937613
392773603
303059786
16141134
73871975
493314195
53089452
134047949
362452673
432313632
74977930
41593150
321809921
67378384
51667138
291697863
601663957
385226943
160925953
119048275
349013657
308387745
29398579
14860646
17433151
119304556
46608340
374526155
177865192
48927755
250495841
583897542
143776014
452638864
44331152
104271823
56312411
206107815
389914405
18044851
468625663
45547903
105446589
15307415
89370350
74084039
53880693
56039856
45184617
346316391
56946565
64744912
119116960
102567747
617812352
318555418
24059402
37963073
148224229
145603832
46839580
52340477
17797666
246649364
62846638
88360540
79653821
16427565
450577886
512141299
98210147
17572743
87893295
16977059
545110987
36676241
24668049
38649374
19178965
91324935
19522258
7788062
53391671
14905139
151199638
146751977
47049617
41766099
17715247
311397912
125966728
361222648
59051881
73431630
454692246
36645296
19104221
14760750
51552352
48315849
33992890
116524405
79169144
56026405
454423088
370758706
15330834
52332335
458451038
148241803
40276045
282163133
19760270
26997136
18628451
44396229
293063175
23930272
248049221
81236782
83462360
72539202
62356591
74129593
251564985
123980626
441636351
83658475
56026433
263793754
14889248
296118382
76134964
54506584
4126501
82061416
163016323
102987028
47856457
121457572
60843563
79108693
339172099
79945385
49578370
33866039
60247413
14087171
246416643
154875149
206292387
20850940
17717614
177886974
40863710
49792706
81546053
89142964
19243089
99894920
11530262
53722000
49960240
36640651
196500134
56685329
139189823
41631797
44317593
8302842
99471291
11589192
39778096
97633212
6431582
200405440
22558481
14756306
20771519
10352582
51951480
66397140
109652683
10027222
40284258
27602873
61716396
89482819
155285529
23719690
38856791
189917061
60142022
174194223
45577619
19328199
77509999
100960520
47543773
73648967
243584516
36076870
83291674
1947301
34131007
138822469
86478153
151432737
22574178
27239648
15405421
75509967
31611246
50968882
49909770
52090363
13507972
28350927
46073276
16237067
17983583
114132739
17060020
45161002
17197378
14201574
74964902
11564692
13116802
56969826
122961058
131873356
135860787
21985976
14582087
18639738
47685065
34141121
18745932
70652594
108153063
17205415
164213375
128217529
42582125
83182871
17482727
66159588
118449896
17668544
8422662
35738553
24961826
27208120
45103737
42043572
25106021
14175873
66182636
104141949
44303210
42414011
43128194
58409919
44704537
17745925
15620533
16425793
81299137
62443954
23095992
17839493
4848221
21742517
4416901
17672825
18159548
53097744
17145512
44425241
6463042
4047721
35202527
19011374
21014078
54463072
18032348
28137012
6809452
33163086
27602673
17381587
50944856
91581445
100246936
52368740
53256946
19329136
37629039
15333047
43568964
56304605
25966181
70730280
