105826497
462697600
362551621
126591214
4340756775
276369506
1216886083
3049358967
305915930
137305432
3781848081
15156227
111717946
11533502
1215022070
114780024
18769380
48004154
26626704
463207368
240896338
258917725
379276606
1026991098
269544617
21786618
3373676867
109018412
2470151146
2397654540
400043828
237281470
19391955
209496062
42526570
39995301
16964726
3305501861
624651206
43150543
369599578
3296403052
3291755991
1444985467
3097106344
3247819709
377295854
3303926709
201644197
783249146
184935645
351660360
3146533538
172763910
15454510
26099828
21591508
90429375
353647985
2458471272
3114725559
456030124
255632499
3089958545
83685047
19534873
243273363
211582387
218977216
35193165
708923730
1709574738
278662649
27459014
262602714
193042121
24529551
718278061
28330309
3025450914
2601914562
187487780
355702307
53643420
2170806801
2539636085
60384295
980454247
314184506
1266612342
244197303
17340546
89712619
576301139
2414700144
370619842
2571722936
2282441322
2483639491
20980592
257646015
300844354
1485158466
2323627812
140750033
189376144
2260827333
243100027
386248839
259236007
47583644
2179286309
43984593
18177929
102818468
543709880
75308272
2585396407
20737992
284152077
491600315
1449294158
325126187
888589015
902074350
2490405397
324892219
370058754
20582958
195124486
239916537
2440317164
407756940
310999290
965918972
2414584800
87036741
24976277
345457593
986911016
722351406
56443228
2335746984
154506641
2358359655
578501259
322628051
21291531
227982344
2249146142
326858048
23624812
1492589918
352768382
19818376
1462798688
21499082
104217808
18287940
207969912
104833300
197048403
215160834
363643160
15654050
82073314
2230152836
999465102
137661203
216450169
70361794
338916616
59460397
299711464
109001491
117715815
138845104
395181295
418827011
361214705
111732114
14899708
224195153
924054523
6857062
293172480
384763712
175881341
36638052
1690762902
373330561
599318878
1216746757
47455758
211547059
613696899
58491020
370833353
1310248706
130546482
35290250
19705915
1465812650
474281823
348679866
398583103
268400722
37065289
995937674
262864633
21211195
1179033048
1228008036
863264804
23757812
192850240
1098752257
307924392
38592915
61740757
852779892
118816141
160526482
202789721
64435270
271936273
865135194
835352647
17299595
456694340
380925549
218513083
104283097
63083335
548387808
411017559
338019755
278175819
385927476
372579848
711061110
611779687
262708501
623246684
23486075
29461023
18776131
435056519
233615209
34935227
180452636
116560657
378713367
130320204
527400048
214153705
291023562
297358066
303888108
567158023
418257260
37895236
28776227
192873816
308405915
374817176
135628957
504418445
132101099
301136361
470482855
387339491
447101347
185344587
393927746
19470331
396258080
388519142
299196504
279527572
228706583
366553069
338599801
19583545
357589142
327229401
105271124
248132365
102157498
92782106
319053933
121784956
252797580
207408385
17852087
214681896
16630431
102054190
145659423
331587809
164395714
135615992
57959831
17789392
17630711
320885306
214843138
20403877
23615801
234833097
38993997
17602747
191861468
76312781
323470742
96307442
198486571
98730526
239010185
248278554
213046816
46252306
291867989
203412190
803106
152968561
112033798
198584761
40712755
265408481
149827229
27450709
21315916
143779789
26983283
106405444
243755799
112545005
102674048
45332531
216388381
24550514
56986489
42525390
19966557
55114163
176721240
135106934
189952024
126418996
190233012
97095088
17208119
2576611
16627544
70927540
77441685
19003424
149268864
2087371
70140960
20864338
36399311
135933023
28967018
37293256
19045458
39594651
29473552
20859966
23753828
123845914
22005625
19652551
37853821
94678355
91151543
26565149
78407416
17534737
962961
20048111
18172155
6704222
20412851
19394186
23772211
20389652
