959668675
384330450
259283033
2608274917
932013864
3165945888
1486767462
431071870
16857735
3234108048
796210272
28676724
127546379
3010143747
168804714
344108179
17983686
25539759
3197559114
347411113
930818888
1895679738
1257600356
2574001358
2845681325
28465478
39790265
2168933815
3138206694
2903166449
258025056
3738561553
3863605355
3788427073
846009488
328878936
3640908798
72882689
898533348
34991028
562372370
903377622
3539369717
3822233052
754135908
319777415
2741886313
887905129
2287887180
3300078317
3908662753
537556293
449110269
2884071963
33786290
1358290958
3337133659
2302134816
3023863007
3990358228
193927362
67657700
14400622
2838019151
3219185870
1963995792
3429770793
3270132552
50538109
20897273
14134180
2481937027
22577886
3145185641
3488700859
3185488506
46204483
176336596
807184478
3390061349
2499727724
3123220880
50477823
2975468251
3277814538
3950481494
2998771683
812542670
542962969
752404544
33410754
2865078826
1692065287
25722965
367932654
19365750
2609762756
383418826
158286198
3031838684
2695810070
611350965
1370971824
2845849081
4039483894
190317345
15614998
37599351
200415607
2495139440
3313176948
938422214
3213948946
535932595
131262336
793044632
1359318020
2203755894
3510500595
318208086
465075422
1186365282
3183794557
634104898
139974630
3435865394
389185757
537904539
433559813
20477352
716612550
2203758170
17488335
14542751
16907425
17188176
17517952
16511184
17460714
14720244
3383885789
365626248
3102292272
2750513041
1267094970
2748552019
3385592735
341762709
316023991
11299932
2950911896
14410652
397153645
2203768105
2297077650
2440013852
18845325
3342828273
21829480
3248141375
488152532
3279847110
403171779
15219770
2386034021
1338047336
2292074120
2897624184
19512273
1952076517
58610997
3271656026
1258959031
631669280
3225713069
57368963
1132891592
210522936
603393224
3308952466
60542559
2828627929
425615784
340798768
26876136
529049104
3254645736
332371553
2981832653
714544105
2836528966
1634304428
3243016340
1346954671
119534385
3307911585
81014765
2998799499
3183076102
50037536
27439619
2265032756
2175172735
273400168
3172390969
3077866248
29048085
180485283
2971298278
143516592
11780982
932957318
192937458
3001577560
187476053
26395411
2204042821
2395369232
16976447
2869578485
537739522
552005607
2958309957
75996133
1121743712
2917394612
1549705375
19713521
3221162030
330509973
531351424
438050333
2689817233
200163987
534546163
227161165
2362831658
29130296
1261056434
241273903
142388057
1363449445
49431834
1113114961
2973974590
973539368
973554031
2808725912
2937613910
283635695
342601720
16448113
544529167
42057294
3128420660
33923443
107288009
1702976208
2349372794
20987538
26714962
16320885
18772468
33641950
826537184
2989224970
2305308380
24222640
3008839256
2320507177
3108271350
2895094386
254732884
25537232
3035227281
582496504
2956994951
615311296
1856030857
14055088
2994474844
22966253
1362552121
2915848305
556118417
2996883688
202238625
2321322426
1419413276
3007652614
1117703917
831729216
272237835
444320419
2374775708
823956307
263285926
16389971
127030142
421558068
192392840
18092926
468916175
576539583
309480442
33946024
2282822146
25385574
467523179
218733638
231810890
47839991
128134542
928589274
329954688
60436043
1328085931
373018802
1895922452
21586095
263801289
191662607
2594247193
378907086
98495393
305655577
17907090
14144027
950077800
18201366
29899648
366912232
1623194148
575640880
2553788552
525789813
713381355
85589618
139249428
618800638
406784853
819998173
55976150
115389737
954015079
1206885618
2175192882
21827845
347291458
132994627
60784269
3016958449
3022045469
1196531330
162973821
2994099556
819668389
2777871397
1331104922
2971986082
1099542679
15582188
2417620232
2312597335
43037025
606663661
900136014
145732922
37901168
1636815955
2762253282
16588947
449973178
293209198
811912106
81862972
510726529
630755469
24894416
2562154980
3006440584
593871970
100567766
2168461388
2421072613
18102933
1149793788
2184195506
2421118248
398644168
2860663563
58808978
379767285
1689378834
2891769745
2813095986
254410443
126665405
987852578
2525748836
21071385
172852209
927719113
88168692
107440670
2966864649
2695311619
1197362822
519529733
617246776
2659696782
2793018356
3020768363
455996058
2844243429
20775724
1434635390
243180005
829735580
2821142984
1408226012
570696962
787986620
2599057032
2718609396
1448986688
1722647352
460582124
104297073
190089336
18664770
885721369
71362507
749748420
890302164
67322084
97383592
2588109960
864313800
19250737
2441603358
522132942
1729770470
2840798923
1340423527
49835691
2361944108
236049225
504867242
532603860
24278642
412776430
1717651020
2848815176
25298932
19296440
23251075
58966831
2451379435
22283872
1433064330
34751839
32627901
76057201
973543291
1192453831
485265056
394541418
834094464
40187779
468810139
499266305
892355978
2168961860
383269821
8332592
3000476891
557315773
347057474
2464781310
892111028
19114497
182265955
1485615276
17907878
2788278833
39063635
794645850
21380503
252301375
913517954
403166926
300254302
93963674
212097279
266056967
141878237
458214340
884648612
2792409146
251668274
343057279
1936187388
1862610973
885746474
272388054
582431201
1858908798
18863455
543685732
21424262
370119444
1164045972
2386332272
1360662888
765199782
519527502
33160996
7179562
1007288292
1023649345
292590965
1335002192
1280576138
167958868
170514197
140233495
2897820959
131244627
120181792
998576058
502743360
302795833
48871593
2288632549
23667876
2438889943
15081182
1115978809
1906666825
1903011067
485373368
510409753
2920319624
210978450
190360266
96307231
2828425213
24009801
141301490
247124972
2915120701
2332264339
908732282
127693283
733478227
98233607
537851841
1188547537
1728960020
2907941303
461747789
2752002711
2896358673
352546242
2575783253
2707571696
251240960
79797487
2356073252
627062744
603708824
1146358172
535765658
2364026722
2398498584
53221588
18815657
605635673
1668523076
309298818
1456311144
151284118
2844534473
780734695
104921039
1884770508
2268194546
2342181402
2773068746
309961788
2785215960
52086107
67328110
1542335869
96863903
555024004
142119757
1717464030
275616153
2252937154
1444313197
1914434568
2203999755
1558169514
1526082500
1594875145
567295169
174817281
24099461
755848861
249442064
35216399
1098959714
1869664320
39369267
1425554215
489879335
544923353
542086147
2196378314
633007028
28096105
552445999
1414334412
538266517
377129602
2544111799
7820152
2708101094
2461452080
2751081982
2745510078
39286260
548432419
1604723011
2419548278
2685199019
1621868402
2168408986
1656007723
2400725088
1206445651
554652971
2420538718
403561377
30206446
1615751540
949539506
45985702
55217832
62884010
973541797
2790228901
2372879976
92752327
62273783
720870978
99407203
1905292321
525631358
2152799365
265084821
31570570
892501837
41211760
247981000
973535684
88228561
32144891
260527870
23038122
568032922
45019911
21155483
270441409
19500176
2439158484
837897956
2827248869
69159422
16478130
20826129
2822117268
241972988
886686444
425418920
356199275
412796982
309286871
2279678299
900812700
925656667
1092966205
191255002
2371329001
2809960655
554080983
113955207
51738464
779883350
48047188
14486438
1566855433
1858640754
39695182
715460135
2309141593
15832957
39584513
181620591
16672662
952112047
41758974
2308954104
2235786332
1948322714
2312920213
1290239300
20702013
628038157
390905408
16476840
1512460285
2738547689
373226298
2415070573
2320127936
946406934
26168301
116642061
2409053802
935642286
39888656
27917419
1004070072
16106357
374269607
27799202
1904238450
515490243
28472070
62077787
53141709
177028452
25873619
2270543852
1187578082
484168620
544032777
907258501
2439699816
283320945
2648441622
20410334
63241623
93863314
434438083
766203618
105295143
1146336084
1266461191
25139077
521762150
37283140
1917411888
1715591142
342789658
596700256
2410866554
571846363
2316246829
376909085
275247483
844766941
262749118
290097255
153291923
773808366
2430980629
2607431946
14828860
42170658
1280809656
112746155
88314388
329276061
739517828
2198298228
50174923
1119870176
278279975
55953050
743527070
1061126178
552361165
2576029938
23909632
199699465
75632916
512498711
952891352
30318790
2440548048
2441763583
2440196822
2439532910
1855233937
630645066
2199322069
305877707
396577487
2540722420
2559568342
329706765
2383045087
737294036
259349567
188806656
868255176
88078856
435099091
620451650
476188409
1012162320
577281559
588509962
1931859192
96442308
518744362
2164997704
2650147916
1566844316
2796397825
2209163646
1225749145
21962160
2252943958
18906599
25899052
128049980
1375684140
2290338409
320293368
1371803480
2505702474
701429731
2181278580
37246842
1345822466
614001886
980733554
885684950
2416445954
88458875
238726677
2499089461
708522042
458909659
561802635
515154835
797557909
1189205892
495359954
469484420
288629888
785830202
795913692
554117316
45920157
2230228950
909429824
238677878
12787622
24713549
8835272
1355670361
846133824
1105925390
426825447
38709892
423073574
506529550
1472456450
17510457
37724913
832782343
165479082
2733651047
21588316
48739572
204183944
1302483643
246244995
2274110685
2649411710
20107602
1431531822
20511062
373331421
21773630
1395987716
222695674
19877089
454651841
484138321
1669395464
1641078877
61015562
258202120
25541576
2342256410
1977419539
972268302
40158064
356434482
63596827
586991072
1977202770
868017104
351709930
299046498
928533452
194619305
81347607
556551795
42379486
22789752
413493599
18102864
719359008
73493835
1932204139
1340785494
959349781
2237456584
2451418584
2196815964
1214048395
2363887313
1461449719
1496375624
17552642
2397132581
265464670
2183747407
46303458
858942456
2742960011
1700847936
2483010143
909096770
1416972583
23537344
1453209829
770745098
629482056
703308994
868810314
381108914
407130574
880237465
111081551
65279376
2162637748
2712101100
2729613672
561654065
547269263
414703687
1269990667
1160445668
6742412
291506429
460848476
284542517
506958753
1961327156
1658058056
540930006
1299803965
1226538908
1296182228
16555555
505300048
2646906824
630927264
349582502
190905427
50130164
2716045881
577920167
2574956743
2155495290
87381346
992193380
2214755390
874606098
2176147428
94721866
1226495796
303429035
544709328
12874852
509815698
20440309
54702689
1113637380
362857078
1167559862
1668756914
195092201
930566035
262998922
2440491822
24476209
15656004
2505217933
551644827
33345380
336710813
376302577
1666504591
2464700790
44832407
2197173692
108085194
2255316241
37409515
1367206346
1589160426
545499563
24147136
94857536
17393362
69681766
109297816
236928181
363292578
86177206
118190428
40443752
432964366
16383523
400962072
2375449800
368545981
536803217
1618667491
88159559
16922916
23089425
76525772
629407115
150546196
381056467
175531983
161128380
211800056
14524485
1409687828
39651447
16127669
44171091
2412814124
2395268660
357895797
119399703
2725466041
33495086
103106691
212747787
2464039092
19084128
24225659
118885276
15377115
144657491
17486092
493609953
555307309
2549065404
66889818
205336320
2414648641
2560054502
24688850
2720797988
180564847
257618318
15177871
35120520
49620984
17372211
31891798
37391190
8071902
53146920
2178922148
465670866
2387124546
47019897
397666788
850006352
137380559
904780472
2288526260
2712502676
417535779
1248690163
1181521622
2211918110
1403077680
824108455
2241793219
263471041
2220433850
49226489
552644843
49136127
2502895924
1349866494
358358638
2546562188
480534671
1171091263
1157143663
385125725
336696369
364813013
829446506
22354925
299161165
263406775
173106869
621400341
1424105654
124727478
444606293
43662736
1570456826
16553955
209387058
461064094
17648725
22440812
198615011
546204587
630498418
1496820510
14913547
344770427
354469047
844488733
359745428
835827074
898922318
393768350
2616520477
14494756
93637779
240400042
801100676
22173790
27114612
2424200324
453537985
330744332
885703507
2353937130
967083368
21426342
537775187
963260377
61153399
748030279
613081818
2149793719
1688304139
2715582681
288864280
569479569
1270142634
867044430
1939110636
1064362644
721241231
26218305
166455908
1723005396
2546952403
1074583705
454513795
575665243
207040407
23715552
20596146
60695143
2248136970
14117433
1596384240
621464755
1345704325
17793105
271276241
84371179
1689136092
269903211
1694683982
216770668
889506740
434073916
603037450
376375089
51609807
387244490
53689588
1118004986
224760049
363808024
2191416554
26834634
414003816
1268570407
37360481
242495902
2445431384
23731756
2422633351
2424205688
538481859
63300391
706779061
2405345012
1107178933
77801464
422216482
36988190
73015226
1463737411
960908192
2466261516
2239548626
19181741
1587669602
1572171775
2393063119
273557104
766415527
328617850
2693801937
18018468
16552921
25988969
1645835802
2219956818
55638848
463466671
1206618644
29428194
2499988608
832886564
2429027815
923879792
1007064734
574942825
574220290
1203094424
1716086210
2448240427
172314205
318763011
1671319380
1350303332
2449650492
258173948
286233279
44905705
988222976
625541717
87597088
393190233
405710258
2207780696
2305888410
101573771
804768722
1499496380
469853729
83130695
62554155
12587862
42912666
147074313
17670328
43858228
2311466989
402854241
1541262253
52888254
1433354462
18358521
20557629
24382424
42304448
735634662
217254150
529551094
94249055
599633958
111056827
2334274885
260920107
563955584
20336516
805599150
557909211
1132678628
189705460
421924127
22270993
38017472
439404524
806895134
259730237
1279640251
558131946
293866703
1675606220
192329667
16512565
311990345
425171276
535482569
980930306
576724899
398455975
465312881
15530144
114479860
241140071
23131695
2607548723
2163290364
1674437238
2413485091
751214924
1342464726
64072619
878719854
2323149134
94620467
107792558
388986101
2339587658
514734706
552421902
21840130
64253201
15215142
1910919804
14880373
987487946
41535784
2303152944
509018908
308997977
1107466603
2598380821
21415115
1164916981
889980282
421460415
1911110618
533670216
117200024
20000549
253570906
956500429
17859623
512425046
27367383
2393196926
518256180
915137490
239432753
125801164
18176907
65517621
2267796877
118752327
78746288
506533151
352999575
327753054
622750531
327715590
54938472
818158974
954539653
274017531
326308224
463714083
2578843195
18460854
1157919126
33628019
135557861
225630549
593909294
21607744
231809355
525954207
1214311110
834712357
237170349
419203687
232352841
1633670438
185727912
108460730
534714740
206395751
39047949
623649088
283194963
731690714
246854614
68880760
1628317284
1305732091
2512732765
472132412
103099533
28435461
420730387
2453274829
1869973452
45876826
15238700
1484957582
972909709
1049681827
2391591091
1899052010
1927796461
2190864546
1952001066
2506273614
12638892
2361681650
11330272
2322944041
1738698822
2255243876
24935003
1702885741
2261027240
1971635875
1576166689
1955132936
885794358
135697030
312705978
317284206
49207725
21770389
16939296
5879482
2317019724
1558202438
1475289596
7275902
525630064
1328316884
581325160
15260756
531891699
1051854842
1262191316
445850148
701611053
1397408886
1414001749
825572521
281100179
2223128570
437531313
25048206
28625375
240939791
100638300
61288050
605576332
1330237752
19948119
1491277147
1153197612
23740525
213320007
307195127
318567964
255951248
421680562
21797184
1261405470
2173310371
150575192
14214838
91646687
410227745
307183741
578525346
593735572
853246909
401272444
2332154462
30485679
41029305
516915321
622969430
270636028
21645910
583905612
339617258
888475392
1169044374
552000006
235998409
252639207
525643462
1617231420
1164147576
2167875728
1465892191
239153238
1087366033
2206335537
2209322498
115278676
17087959
1555970208
81774795
1940209664
1147778072
17494800
1327809313
1950115176
1720147980
614084380
1632602898
1090839331
2501457877
16460283
21289812
611919697
410237224
525349028
924347822
311257611
1668088862
710976812
322989076
380611631
368360840
1934412049
15932918
776730524
1663975998
1368500900
1687108951
1902339674
328544609
171241822
2358774410
1959451087
1957743416
1958082043
22014084
591161523
1924014294
23599296
442357672
418889692
24368748
1478500520
1270837801
1398106290
529556957
263208756
253936461
2469918408
17379547
96872181
1697315450
1077671984
18469492
2345217828
14093404
19408986
19615940
512327871
224307764
627111891
8378972
564927741
31128730
1104442093
21958995
885933012
512906824
101008045
17025588
338031989
21104711
205883446
21562642
1065869268
25194540
624080892
1540987351
215749324
200061946
214257117
630549306
2171257941
95053351
489354531
2161405860
1923871626
2369506560
1874682218
59511805
297457814
833963088
25035164
818951310
885571634
310401449
182894143
31471175
1443780102
379962842
1428815594
485373898
2398077347
2168939907
21059384
467723007
293267862
1270272169
272705700
29098408
1058802138
1383230862
1335564913
249438453
457712573
33152496
430768768
40407177
27739608
121593510
1433732959
1889124234
25846188
41280377
443044262
1258161890
224700804
42668060
926715786
33962024
776458279
2305519965
138388479
1957499384
1918263128
525041762
369249722
81538015
33408119
803274337
387528421
543820693
20974444
621821595
153112228
1731425108
21522858
308524859
41975205
18161620
910092864
1523084330
1109951413
1433850084
1426631756
56459846
743420173
38244366
18261890
1379413123
17192613
35784576
1905484693
2328148980
212369811
1883209784
823449859
556629230
761829432
1879819243
1247793756
997810836
236682033
503291228
838855718
2321780701
1395265676
116568327
800642714
1641260388
754185648
504720798
72547151
16264803
855832310
469506220
781094754
1183685479
1329751134
30719558
331467423
2223706189
1201081308
2348726658
2157663212
196715224
2378220080
2363153406
2184428881
24618161
633563306
347627434
71108258
127099847
1777368416
497667581
1362641252
196292489
49243712
312149882
2324226404
2228497113
532746799
1072651232
1262830273
392537035
630862165
2368740697
498625409
71857967
16333508
1070242490
59454488
1918167439
964675442
1450324590
702212952
1840174130
1396939398
861273458
1488430273
1795116450
811726752
19479214
706720984
288489092
270622340
938270082
156374894
19839641
1697668345
1359226843
21669254
856195111
862191060
139557494
314260116
30467603
1287498895
768198540
17295837
1340907289
1222949941
1331163434
1312739587
1316556301
552848796
403715681
161615348
829157137
50434933
410076442
1803872840
490771886
1560779984
964720946
288498428
48526013
397218846
20538807
17041360
123694443
426949523
332913645
1447062295
346246528
22914767
290964685
702291044
1400789210
120868146
1132189957
350018443
28534205
532285060
524239382
938335874
221573322
1226500387
932795072
2168995328
394741450
33692391
35123416
2157333626
7232892
350509998
785240078
59681943
105974236
233765761
953248274
67073062
537631568
2329355566
1554422917
446654989
254258301
14475700
1514055458
635773124
626095261
268557035
19102612
1327711254
885733974
1695349602
1158606878
177307325
197933211
2322417505
490785774
824308788
623423360
2216151008
1037566045
1455296102
107496518
727132566
17867513
792660210
55440384
21484891
961350990
111225697
376834925
261749735
115722328
185065687
153227410
18453843
122641263
466102051
482971832
540405511
50057841
20711368
339890076
777312246
19729501
18180357
1069819256
24845808
29137190
33516945
58765247
65375897
493798148
16258256
1693894483
1033882896
175030884
461726699
1902635004
19552528
126704226
1493267851
64381036
143685085
159447476
1689882661
585439038
401666662
366109379
1164775704
49057307
60308396
236924921
611177595
353977399
144699670
329247033
1436047242
1457417467
163480602
17970404
491472275
1561539391
54391097
2289089401
987841298
268423416
1858974564
1691113122
32964917
489461505
532462766
1400017483
636383511
883773486
165016093
374138602
2237922350
1618641848
27867738
14085854
856758258
531484849
1308980552
709170414
21410757
174222065
1697446844
7279532
1167690108
235652586
65790247
954124423
16671869
184018200
70405247
2226950659
35067421
218552769
930784507
2192417166
1327424340
23255247
1957876418
893856362
252783363
1147086920
32282657
1884374228
22696182
517010854
409780993
18456220
2304680448
2286178927
1618968458
140104768
2309454895
25767670
1430814439
1556741598
1321055226
2237531113
84470472
50679073
197499997
18032457
367021773
242313340
1146349951
3124351
84217658
335115633
21669806
329670657
16814500
1502801730
373728675
148030986
130098780
1441402320
106822606
118953812
415855486
1568675466
1367238804
517039011
444386403
618172850
1395867992
444435561
2241814172
1468941457
309374492
1188039708
955961820
583122991
53818826
510120656
594914359
31409064
584911013
62981355
850277672
115562654
594870096
152133436
442996741
731128693
1109469626
16155881
1419210638
136530754
16817222
841039189
57528178
1279783315
78070018
905019768
526408100
1327527962
485179361
23350413
73408582
952641019
604730210
167305932
25492182
26447410
1135449900
111547732
91856333
1261312346
481298678
130212810
17983559
454159132
863776506
1513797000
58685992
634114158
75882186
517166803
15255845
147799780
874752151
38983620
1115848076
1177626974
316836681
1620386138
1556853488
115945502
43324978
466090255
26504239
19511717
359661415
114342695
35787028
584917194
1148636574
975217231
707231288
30824911
360999263
217575068
1107704136
968670690
178888579
357318514
533730815
565930491
410399203
30500021
583122791
49372625
284832945
1969439738
838756044
23330730
1429039952
29051099
24785594
528349176
1441113806
1921969699
1426253114
534789796
543875276
839442698
1669492729
45239177
46158090
93088579
244187812
18660028
69483012
261008103
478855762
39562794
291941733
334266844
72350324
182044362
433417278
872607492
606785697
266752257
143053356
26556275
91493488
103675142
122737652
578963077
72743334
20445121
16214349
22283741
59141515
475361307
263285930
26900055
606828849
39152579
342931335
711507721
1697291257
24586958
823112684
23449967
720841087
935076804
2252839610
287371352
521402218
1525441063
62815642
574624998
1881426768
2206262871
1883553439
1018957536
911133390
1831869626
876731610
631517182
928830631
1910085619
276499803
861712795
526632149
1120510262
49311062
339831428
874397544
25770408
1499361558
33511714
402223132
540527107
456300007
2244149406
276538471
486108074
1431621379
1436982998
17975863
479181526
515442760
1639006058
130068454
170025854
477525334
170224321
44707136
1672084256
88394635
1679728657
123300331
189718357
460910735
613538217
2173016900
1969122200
26652733
372301595
32258396
824296322
1620892400
1666020504
136432427
351883539
122104735
130608234
770520350
71279269
1360445065
287314441
18437547
577434930
329839187
400364870
846152197
1959743076
21665270
157443576
91399348
350293633
116198288
490173274
539357234
545377339
1201545840
33409429
1004781354
1432029667
21965432
1564167697
123134034
576257042
503613785
2242273634
1597591268
1861074817
538455539
1145485878
1664133018
83312898
1216651544
1415594922
196871565
263926377
49118430
5644772
302877784
15329593
18315506
510245805
1219144500
1096901059
33611715
388493964
353963217
96631906
1020388116
600684414
351262776
271710717
603107377
863813551
463455531
481466658
515597525
254193327
1683735242
374331041
233700179
1390452294
472280781
16992416
39755667
467101832
16386126
440601632
379498878
472595625
400416809
375447114
470744587
920120467
253648539
169629177
33186808
22329038
21431249
15000796
1409144677
22104928
2903461
9160832
467296247
92433879
187891974
44727425
23125615
30069494
49964679
874741914
166246321
985564789
743924732
942838170
751352658
785821477
1975142569
45239605
756100196
1613896986
43841487
57924467
858611688
863082703
1043951983
30706981
865612472
23169000
373127573
1146066422
21460388
454249913
386040621
471498274
1615863618
1687066314
1704550544
1241691530
942218402
1325184366
1959552685
12888932
14300087
17402877
316126656
118401061
14804002
46479775
569915255
2232067033
1694776988
14718729
1018134360
22809423
726610183
569457680
31874242
338341096
388413509
373703200
15314226
846673729
428673568
479132341
1080848592
601364744
38570287
1065897642
47494634
97009960
552892861
743425316
2266344804
88283186
255696250
137954423
787976137
935457662
18557981
545645778
55049762
1301940242
23449062
488667759
418463848
855654883
539787370
1835852923
1292452904
1673165708
364610603
1442670451
21575132
301153389
552708299
362157378
58801917
118500135
578321883
12014232
27789999
14457043
18870094
250911899
525814253
930683335
94712225
17092999
69768385
756240828
26591324
21587082
352462668
2231199264
16438132
14465607
546886420
851316548
342894187
2220714282
151961600
905714204
254957699
277599473
42151130
1088140784
716603186
969876055
59461030
401748480
1103731093
358270358
245990733
342821167
605762052
586996391
272133104
1304255893
111388892
409269117
1403726954
344690154
785524554
1892327010
486341080
788189719
1290270200
1358044088
1385106248
484362447
737558749
1123325898
21424216
1906792668
134959712
746280547
70491757
390398191
1628321575
22298089
1697206351
52559087
1436017729
559969624
864078074
103384284
915594294
145886542
20112265
88494677
23039411
418214001
2263309716
1861363051
42903387
44186262
549223039
181290731
556208923
1232702786
52972702
374253930
1173548922
208083510
193533176
378757660
33255309
737810892
1149378091
20834145
1155465373
77012250
38589890
574998676
216195586
167621823
73986605
1005486031
902596597
1658916246
14415941
363883148
49787356
72176154
49424542
525998738
632431820
37016742
553126021
21482462
948281251
478153611
878916812
25888995
422278649
36792190
34996703
11447982
252163888
800940458
48961660
1240578877
1964968338
489967925
37416378
2159504747
21775637
27478843
601076863
563818933
529562997
2249045161
1002962226
942535058
244746802
347976255
1928355998
277252491
20819980
558307659
7291402
23370064
14127864
23138382
144612867
1323803930
753444630
928291068
57215100
221832107
323223149
588532665
22643800
35263465
27503607
586083217
794401550
2252978689
68207839
635545865
49534373
12988582
122819549
831864182
20867269
1559386724
1020304968
43035602
1804829239
803537880
402090275
49518404
16692171
16692057
562924534
125813890
529555835
884304968
343772856
329274990
30736021
50836292
1699098206
802831506
1651130064
1528084508
94384054
18949083
993951462
1679970553
289127830
2233655412
592327138
595924200
18284815
908180946
1877905753
53284800
1969905162
874942982
26128513
1205428022
1591941751
385002041
146244551
348141480
922027992
1978588046
254782844
258102381
880494222
109602760
446228264
41501988
173390100
86986583
18314149
21260858
1901707039
62687972
32449327
386551109
25534688
405963037
45306829
29445904
1354569602
800929074
509706442
23856262
113527315
15433452
109782727
105604742
45684095
995276304
913228118
17233536
535114284
1964966491
295309894
1944440994
884893716
1421059088
599620358
309054008
1102504771
18892099
25046130
581419617
2188773344
29215332
1077390931
950678312
125049304
28696411
1218595380
629527375
1390794780
19477874
60420690
1915421762
2171877901
2181121594
1662917528
534339384
143695063
121656624
1253750108
150433
535964550
1703300834
36862458
754370958
1585539428
202441445
370324628
186090418
144570961
1634254471
573972193
15886750
94628131
491719838
174618314
1355247529
2150012910
386746916
777059101
110162490
1952968722
60748546
24400109
636303971
17970907
727285854
228448495
328328151
2178882809
1078008103
80601437
18235613
988105718
1680789481
1573806572
108620159
1856204466
1524915968
892476403
24643079
1026980124
353730821
1124229404
2172370922
1569253903
351361539
1907943324
240957851
29284444
128574513
1250538404
5145071
117631204
1151478956
34434801
21789755
1235918263
940503344
378022786
45641358
336328667
809679248
39885951
202663084
107633302
1589905238
1912392294
460637119
20732140
197025105
1901646103
1231877641
24914494
22179884
485341505
560014133
799653806
456348281
15014747
26118881
95926972
848040139
24645354
1372786812
1005920762
22770745
467085529
232720513
541213195
1010067534
490975556
193759500
355630581
1936011294
371464860
281343000
545240167
17618766
583490818
1901850828
498939401
364844072
24721342
329628740
397472545
24354879
396353004
14367719
1296458654
42400767
619516056
115218307
151014957
394613745
465158270
18124830
1403833190
1162219778
949835311
892263229
1566632119
144350248
768427327
947843994
81342455
29082715
140216501
559248630
458003944
333886898
29722978
158057137
1236621132
1157168911
346924655
185978528
503633271
571268440
339799979
250922773
154256457
461547076
264271174
429533485
368544047
318633177
1320771006
126903716
793961694
45450902
35281083
99932683
281402050
1932844638
857001662
1245293876
857401938
52824967
1284745723
1191313830
104874562
478157435
1684560672
443924415
321467768
1849848000
232218349
435958880
1426309652
1013330785
1537798038
133780263
133876131
1489407936
938280404
215163102
260567394
387545232
23931838
15363308
184383206
1903257068
1887844819
76064527
103049510
49190063
16052860
272497924
1239803190
2170799293
40381370
124648703
259489745
101395252
1379501748
545927599
453597695
19235719
1458765055
22996229
1400905896
1401054152
109331141
532671426
71359942
815783863
1158273516
16703058
274057621
123728076
576774795
247503994
559645321
1670994878
569462028
474994622
1581905761
191677608
84492035
32796690
942868836
109333748
727327692
1280447552
17628108
62348901
1645888874
398472018
1971864613
1658157224
1167684505
10207502
842217397
54294356
282224096
751661942
1331914398
18727763
1847178114
878990767
1069137992
1250037176
1655392543
946561712
531524608
45031918
180212590
399770251
97005294
69377338
35632685
36644497
7358142
61076635
291986367
406647936
52944689
1692555433
26344615
19877135
252896293
276331592
1541961049
189425613
30639729
288050175
26790916
715044396
231295638
21327035
635464700
534903573
33079769
74628767
112562263
1045140980
1093266444
25668746
503449391
1945076340
485970643
863178943
898681722
413536521
25002819
28480010
481703749
309302289
534841292
388388380
1436085950
153640008
25876092
58869220
1969639363
969318211
11245502
1546900026
83068410
198039916
880504676
1442853974
312260303
249728205
108552921
27817189
714968243
280254672
794177658
1904871961
210423504
794824172
75596864
480994264
837132552
38908846
1938605436
119481835
366088059
84871879
11102352
484018605
1435736168
15851614
1450034648
24915114
807315834
542986589
599813808
43508994
17971747
181995339
600581009
545453935
25006677
26571580
418555035
878439888
233667091
210265911
264268489
174316096
158060289
97963881
825250134
198305999
47226549
16710420
502067536
169245808
20347310
22099720
16557667
21707592
168485883
54769979
212302405
42126668
1133110230
518709658
25713562
455212095
27368525
215672860
24869690
43354788
1541601212
48281694
214578857
464780665
475563208
16190478
1463170585
20215316
621107984
83234491
1685271080
590467561
930801715
945038419
223719518
1413793885
141457038
1606848835
1886152489
1356992605
104890099
1132391474
1864551366
1441220839
283966114
410882229
461529001
94607882
104336635
822232050
124024091
17714851
129684911
933148316
350522902
1317650570
51274577
15164931
822257431
38450727
1252826672
1528592107
30816000
315878798
409062401
14802066
276315767
173437122
399003454
430173496
1104426440
1452624438
978983136
1609475190
592276666
96618303
545675702
623193637
425335248
451160234
483151487
394987486
595271661
438449199
318182225
537496763
279695141
15722673
500300203
1269230888
909214778
418867782
837826093
757172814
110918004
1694530352
43286529
632466068
423876843
516514025
61477804
1692829933
89741201
601278013
21906070
40532427
428081159
53997854
44567281
181792363
1486042717
43886440
73774016
1164567182
372924469
259635452
615324778
73678167
1431873422
1425523170
88222637
885517404
323245161
83453461
80631675
168908163
874685227
390520212
67293615
118836179
440287004
1440171428
556070052
468716753
149315713
1633983318
1677904704
620824240
1006669717
902826799
1488423090
613941136
305715280
925298426
526598801
296754348
30543835
72080906
316130434
340934794
1561824516
1019060826
49793399
53863109
17983365
27285591
411098552
1129860534
426314487
307154654
342678370
383896720
382382269
525656191
962397368
892071500
622849430
15893319
1251812930
1547573317
1594669483
45838237
405042955
558545453
48059095
1638870114
400753085
475762986
85918885
1633588020
18890115
1097321029
992687658
1635316020
1626819890
1609782145
278174025
1630744099
448152766
266646311
15232173
373527632
1618632246
1124191830
120042752
504739096
45949547
1631125698
1624389961
468165608
575659025
26742474
438515957
16270580
1354753051
286521745
867467498
190589983
846813392
1260813852
25291723
1518563984
1568475518
551075319
398516712
23205346
294145954
1047975170
19513353
19515059
1129702742
21343653
581446995
1594275470
92220510
233783186
1226408898
66265121
921942782
48585896
310494686
489009439
530871728
70156027
106098830
163540129
107980048
867150168
60699354
125183336
39447439
30117864
22821055
66951419
509703930
234036636
479017574
217634501
485310678
795680612
152807288
1583518596
387416970
97912404
1582268436
63964199
20118767
1575647480
125165623
69821125
41439081
906992988
872935832
331489082
21651982
1568650586
524863586
200511208
570816898
33059689
553009752
125793686
573472835
900364604
477274258
209484116
16196491
398544461
18616085
124137039
61723100
808156722
609573775
1330047354
489125657
93093380
254219851
1341255336
933249834
109441206
26106957
1443545893
298629655
152844614
634603674
554090235
1031121882
77717608
22795567
89496720
177374693
1254533012
780787512
537770200
526793617
25733801
415260449
18614189
377842343
53194812
554335063
23195603
24305174
288283415
366819502
89277004
140640762
732980827
57915401
60334421
156566780
267547309
720750596
29591488
178988078
38162123
1465956102
18879321
1492409720
417451460
96476726
575059691
166301543
18551209
860025956
633349748
35638299
26409496
988071074
192113308
20269307
423823340
1344439788
1450545476
1350501204
438492337
488023733
606345587
258464999
173459349
575673139
885970256
167862232
562448643
32991235
52399952
839915725
1029560786
25975551
860401771
1167548456
1511317868
630717039
230474638
15326798
449429709
801657973
69954953
222842683
25112567
66760872
1349495466
845997336
413430793
1095149436
622659735
27433174
409859294
94105761
130911219
543702697
1478630004
1300558818
1221749017
113788897
124945570
212348957
197323074
745591364
1366128067
897747902
243160380
20009204
191162512
161048339
946292498
19937774
543899246
1458563664
372364734
468933436
782369828
139020999
616546922
1464855043
335971166
1421830562
1435771489
620532546
1006615872
141610612
627505338
52024198
48952344
334390100
1436553920
509972048
32289135
1348701708
25689715
1132492033
1244901126
17283154
17005688
109192303
1012605522
711408848
21059342
32259774
1011890714
792854598
1015846418
147248857
1334259907
355230761
433556073
1392355411
1369766779
73074409
1358917987
15369253
86117819
1397013229
382913055
1003202060
578151342
454515349
50094643
373783051
123332889
16471839
18602971
417388541
816768036
314853276
793076880
241721501
316518438
573223653
28235566
1226480623
167176831
24107788
18627463
36681617
32125015
151806187
301062487
429794003
731562488
1066204172
416548392
339102143
272771845
861548858
53663887
39427853
52673682
877873434
523352920
127476826
1133009036
499938304
25022800
80708338
61344211
29827578
311460528
206943947
550472722
818850848
412781307
20100378
570911869
39724207
886943677
22760824
921431790
84010542
510908276
443845325
21639792
615687834
158946294
230867660
1021014402
1019170514
21287115
906620078
36008885
81321861
414424790
52998511
325729241
871582076
428619678
262700288
201497041
246898347
28248148
906944563
547969112
24120392
110294530
192926798
701063610
115831289
825687720
624954526
881956778
316130122
187775073
821105712
462190612
363165762
264409018
830087702
53544165
449325332
267546429
39954410
285080769
73439461
18930003
353316616
46805913
97569830
93662320
630942183
381628626
119831404
16060050
79143246
594183498
762838513
82705698
746708882
605026517
580416661
249366112
66138954
44960972
15459485
365617708
482145912
306529176
602099301
128329446
746857734
373459163
239923717
606728179
739480411
46522291
706908252
195244184
416346713
54319065
446522146
19185786
191673182
157058219
621145878
220076206
631391016
702409478
307392448
732883362
422701560
545743894
334359243
607309307
179163479
231573547
369885165
488904647
330594825
631403389
297204577
147071670
615797959
155167759
228928536
387651371
416391216
720966757
731640432
635399691
515663889
728958114
332933756
624893285
717474961
395358186
173718046
713830568
120170131
136480256
379688556
621622970
548285905
531837992
417010981
723378146
395094759
364414571
720824094
719554580
533597384
332092171
459890942
291467427
268569146
622494359
226846430
631009272
322894646
403424848
365844875
21026788
197896799
636241260
170513224
382137436
199776410
150975521
90191033
346739450
304141532
456396421
427970625
587087575
279253966
371030758
452846768
100107570
40901518
611988146
176863908
329103708
43698840
141775551
411797444
601961708
246428394
38550646
160899881
398655645
18635755
557487199
592655150
29266836
286983001
406544672
36169612
243541816
552012886
581128461
455218036
191299662
303693725
272193166
105822325
60165125
90024957
253749797
556191361
372129202
32484824
31164584
220658231
546138461
552506946
550639672
15209709
382252722
546679668
46045072
29704943
210625060
542786967
514898853
531970245
289702787
522256385
529748217
414209158
210563949
472863732
474895509
474651538
220168714
478329279
18017252
54433276
436061114
380662006
302438379
353042203
14238788
252014350
101255296
342052253
213016189
42043332
122687244
333739866
449182189
236539099
99668296
245513630
505485179
21206616
493051532
301016698
493272310
300202266
163977996
488199000
46449563
344185558
391199616
224379442
113666274
18097061
481184558
453634057
339848343
96291515
379377234
478322922
192895653
185497324
433518557
258831900
201470339
163154333
274481273
462427084
405949077
200201909
357325029
110520621
483470919
480877015
16980311
226480829
461309203
480784353
217816704
96467968
21052984
15296714
386900451
16332365
143050808
342306279
228032488
167035309
186172760
456268243
372870084
457895892
21329300
464432573
61862333
62736428
76046772
1057211
29534361
194790390
250236722
467094235
461327703
449443731
21438095
20299552
86148680
73197504
95707952
99621983
470458194
458019558
125793661
32312631
379201361
453190060
77561355
451716112
22431811
327448764
468812156
28602899
232416625
179025396
259240776
376307255
40537218
22770373
28018672
114285596
378639763
347277134
131207868
314945398
257295322
292065668
337745090
28242912
251664113
420841614
444359476
407433644
310389076
193443704
216808905
413902817
293034573
437259235
409200088
171854295
452691852
420665617
436079424
111056402
43788916
451683506
226378007
452435055
451223710
51968680
257427455
16448408
373229723
271523666
431164704
302781671
448118105
17374968
299327055
406446893
358032935
441236745
235966381
443093167
376397653
15732660
308378651
378616688
173439018
442609226
374809130
109293791
436399362
200988852
69042204
307620779
44954753
396845806
160687681
430381875
437859297
64185778
419016494
333694841
286863925
190807611
423868773
319179707
381453242
69578735
411919378
414994048
393236921
14192683
258987890
248669554
227050689
430849702
424652713
42596464
337635113
19679074
371639910
166225105
429363277
19407861
55036260
377478746
364583871
57116724
427576107
418620943
428322656
145334093
148486636
155201220
398916764
425852647
381834875
146137420
422824976
21689441
287399224
219660869
265445458
352684893
260067804
424802240
383894717
32595825
382351617
104027224
55892508
422917383
14547043
208956765
155780138
196564497
255245279
272269371
422460583
58023639
157601193
331417500
136622210
394795747
400139330
282980275
397971770
47490285
248448879
18008009
188590108
17347991
93208569
403800205
61196374
228142175
268121859
378744479
359094855
122517949
16581398
361454353
53144406
24451938
150745137
413459022
169156322
159172886
111415667
350137844
288645593
72951132
30607214
302302651
125905975
414787862
18984486
201537942
59572093
238208685
42376866
399836513
292085763
299062149
407270662
405337498
228831051
410348789
24569810
187425926
403174400
410795094
170513866
404821012
400297707
79951860
393281025
378664391
188011314
76098307
364099652
306162432
201572741
389344072
241066543
22031737
230974935
35781442
50225122
363117293
375793363
111335100
378494577
16563805
110251996
143029386
397908295
367819008
377802583
16634360
385364339
368071746
315899106
28390859
73958033
259400088
292470445
237309879
45837382
393188124
400830116
218132338
98061559
22239593
400615878
331696325
364999683
217690151
249816620
201750202
83088571
316239096
49718612
104403686
189645884
188662146
106173867
201615376
163969636
293333996
38789414
85164028
145311919
385107980
19622633
87766076
275944100
86320997
123464666
399917902
53886585
369731530
387393251
44669959
178512955
21323094
388437759
200402291
347590027
295840916
89817371
48733827
295502292
293781476
94910410
112896514
77134432
369185516
24777487
377574179
175960180
379993045
42803500
45212350
356231492
22587187
126601553
358088955
292607923
21904953
339177465
33083365
89731182
271170736
373956870
35236753
176013108
231502989
371584414
374578350
374680898
212813819
217820202
333589968
374232356
318456895
208185616
339740906
288597026
268209494
179931035
103550181
370411815
366234312
35443351
56556853
346960735
44064925
340749811
332616845
150780581
16990143
112090291
299658715
289985144
227476456
218264198
28952143
193979720
16370092
146186726
18944608
14533659
55715207
10119442
341396735
204805477
16787092
171084149
16069024
21556083
38510578
21779723
254067972
35657867
78040598
102361186
131116543
10563792
28408205
90604955
72866319
25504849
63630780
141217285
90668368
116573581
34551241
181591237
18706957
23016099
185228350
169717380
231851324
21701063
33847994
81567939
93693078
18576176
23705983
83503447
44807657
16559906
80928174
108199006
132291065
113585491
77400160
23785615
24432483
43142046
19165291
23677143
32799467
30769258
25331802
43683325
19498780
21200241
16170787
18409645
15035873
25811792
20012107
17762454
14954009
16787811
14386602
18573382
3262301
17827145
24402307
18361070
13745622
14142750
18510539
14437816
21654317
17902287
12014132
20271410
17903329
22126778
14685553
18661641
7239562
16150075
14894013
24360445
16481781
18098327
14137994
25165698
14823469
14972908
14749329
18858658
18063057
16240804
19387319
1372041
17497195
11058332
12607232
15670761
14669398
21980131
18412801
16213621
14939375
13082862
16853793
17210585
16529999
19037238
14209639
17381978
20512795
22001813
17613563
21840455
24842930
23722152
14400501
9204662
18120397
15082765
16561308
15636909
19755825
18200201
16061242
16684007
14301756
17548135
17481122
17134616
15153230
13697852
20131183
18047686
17932844
17307877
14192451
21209822
5210841
20260265
17072296
18478601
18250327
12286812
16315143
16282710
11855222
14335240
15642618
16110016
16828265
5896002
17752522
17973275
16277226
17856297
16133261
