18365574
6892002
12848262
124194620
151878608
2182951757
121782261
3836163197
3312633830
26089197
16966104
49678128
2152651916
18682950
220899197
29486531
60388060
17588216
39944372
201479562
24948724
15492359
1079958956
1434311156
47336791
451128139
997629601
2383547119
32302688
1619436805
68352208
107225267
346134835
76470849
566425295
259951757
156988361
412369431
2980468707
373035376
1870127959
342218848
989935105
1280090418
240729876
2178920792
19724455
2315684790
34063938
19258235
3308582189
3302836605
391889782
270911449
325755704
397951393
2819474643
929931630
2340201506
1133648246
2926957401
789616842
1254573974
1076270510
1158953300
278561269
2264895228
2801953540
2719640965
61171612
533503007
15490438
1220400871
2836430752
1470495865
2966699181
230449986
15858340
19560819
374822255
109269437
16365291
2987606068
2798845530
1153538011
445613079
2549597474
3344134679
3289988492
3040561609
2251187527
377481181
3406055261
2322854948
76642704
3317305571
2902168621
19854095
1527978612
53469538
34000178
2918997222
1160702509
23910806
227907104
3012051340
2393533334
205785306
1944525776
3304596961
76239672
3156978230
3377354296
3254963240
260340277
3318139308
3315344786
46970454
115132643
381106127
853585735
2365377655
41823469
125233653
20515090
1961113274
268607705
3275206326
368458178
14592079
17877864
2834105690
18111493
848465148
86667359
2937952835
57013319
2416307101
122794247
92415827
735151980
23251100
1563079915
30477451
1408579652
1472984846
3227266656
33537967
265538733
1857726774
2888574801
2170000762
1913216809
1000291220
2703298458
2338718388
2833868216
569413002
3241349910
94720169
18227802
237858413
2417781540
138815717
2339578817
253916402
2835768895
81755451
2240214564
108411538
1411676834
820236583
2352105680
2805928220
75326134
467651673
2319621530
1248407520
3246245354
3219611094
2345997031
45692284
619101692
249342375
87925316
3012517732
1560778950
167096910
206363516
580969280
308758674
744318842
3325853482
891851959
2731641084
2697197100
16047616
3060145645
1246626932
608288975
3064329179
1620857317
2486034890
1355315143
91004713
102270165
3071152067
354582942
5514192
81809705
3169260990
2953886501
16074627
3011064933
2391602148
64808684
19939596
163928541
2837448125
2536061541
1143861355
135747680
133769431
3054289645
21712038
48320268
103550181
3225291601
101953121
1625887195
78704561
1951903794
3161498234
2584044030
39540686
3297484360
3229949484
3302134389
1525101715
30249176
2832470170
2573444599
41743253
3120529326
3075816270
49876550
404780488
112380952
365639242
1891444831
205417631
216818231
466895951
95243522
958289035
52526265
53066892
3017532268
2317826977
277040021
171208484
72878032
116852766
79294290
346742938
581937444
30078815
3191415162
817119540
413342643
2798432324
2255349492
3178110483
3141561077
2820447207
3067741424
3178591868
2609147771
3159205370
3091710503
3119316435
3068205723
3184375148
251948235
3289372217
3221907108
2887357521
3187916365
3221913246
2149477652
2980482140
2690527692
2239479810
2200641522
352382822
277115059
2515909928
3222771055
2198139054
2818821313
713010134
35619936
106858629
27704087
66719445
41796712
180541507
1487510586
14238917
16193260
17455384
38890420
262784219
14620491
107502115
1558550930
1223476890
1399889100
114043643
42524088
177419277
328465563
3118529657
18535331
20846505
2336869339
485695551
2834597675
1276270050
2221206031
95693986
43879159
17033708
1934315250
3002788946
476781955
728786725
19430780
715706952
599110041
333305746
349187641
20477352
472170569
516760334
2387604200
506540846
300076375
1279618789
374533798
246885577
44009156
701510238
167118688
148387238
320912477
6398152
31270821
312761383
16000711
15210060
2331347534
2919478952
442483059
314476479
218423826
2735347057
19858919
2453499517
90777425
117805892
1959641286
88593137
20963481
11673662
74460479
30681076
716089051
243768472
310298662
226193459
2483981784
381226793
2966210153
122030129
193085856
2857998672
22459342
349113353
2329120808
1082745968
2492285185
2411456959
2694737438
55500431
98744163
2914273076
25222559
413184504
572970511
921416988
320722487
16711561
2838698624
50633388
39397148
17374906
2197900471
2874834891
2915499241
169364387
16563668
1138155042
24436600
16418946
3166106896
441134532
52193066
347211986
115013442
53023423
301924223
473046546
534856740
2701342867
3124645619
3024039868
2894562875
2962584202
3061786410
1472132695
856445082
533736423
403882421
2239816244
2422563636
2824762014
3108405037
66542692
2239805832
1857934321
13001192
1537711831
15234461
23637826
1412168383
1532572194
986912828
462254630
829462874
1054141442
533783958
28086548
293338829
2701492915
407003104
37553950
232183410
112266869
1030495537
2801764678
139936116
2974072936
358508008
1725100538
23797015
21757452
20363480
109081754
155245930
520234924
29654120
2192758383
295508085
2965473267
97734896
14486811
41192758
535867345
29270273
254132248
351500707
2475693956
57123496
2863281375
3018246467
574611765
2596994875
1729708189
2603133814
130749583
383269821
2808219345
398860319
55003292
2514460020
16050296
1764335731
109581730
18867844
234085592
50582574
1668647840
34390936
2993283127
589267111
478042067
2171417172
976330716
217506104
2610391793
1175697056
266652760
588465294
967466442
99379334
126757355
273603872
916988274
1655507089
26367447
3088715075
415493043
85982611
22448220
16657699
199338555
87762137
1543082737
2265036456
34700777
342370619
18246926
45075781
127936182
271512704
1077189271
78669790
208120290
53039176
132241469
65416742
17837184
285357536
312840253
27295244
121597316
36511031
26982121
348667570
79280102
115490380
64862896
15458277
2411432324
56879674
22050529
54641489
373883201
376448253
208153889
920051202
307897027
110866731
2322117006
23956621
15277395
2188726093
169417378
2688174020
278256988
407101523
2774062997
461301890
290568938
88515943
2936394558
24664073
2165245332
2584659632
2367564577
2298901963
319305618
341648046
38139626
1184496192
326890702
97073640
30595320
15397465
1525689241
16434714
818016918
280233654
16976447
70774194
781853406
187531883
852039852
253663760
347214118
532397963
368318572
376718009
206213063
3011476025
241631323
988587362
15081182
25155400
1250632375
2329236396
2489101754
1545035312
2875544881
112677242
34077054
311476854
284485839
2927269430
59143817
315823524
2658912553
2296124966
14262772
1055593891
50159254
337717172
254719698
190702378
164336694
16578380
188738156
26028187
236889764
21010886
1265199511
211542360
438544080
314065655
221488472
16192895
109634296
833513995
76723741
1855788019
1001734520
78751796
387985479
29586241
53090314
14993272
2946511693
2349372794
368139766
2505159848
2548217982
2771035693
2655417990
2699808260
3001743418
1289267160
161372707
14420911
18244332
185870371
23410228
111676995
415507521
50200233
32856634
17773720
243803232
16379823
787737762
14062221
16926069
149730739
442146243
15864679
69075721
2792512009
611011586
242675839
35270579
231505530
1281203928
256964232
397814407
137213605
170732404
36525601
189616315
1113978182
1678659668
1329438223
2727917184
25545209
463719333
2155556912
220195443
456050411
23988568
25007589
2186062965
87245587
106838033
2918355506
2918353892
20327119
595823380
15245497
1909916257
2826984955
11667542
2203603314
147815462
1061319500
176468290
1100511037
485772608
1660468830
2460216512
1887486780
31257471
806743370
220998317
15439395
384785417
22773313
128248212
18213559
17558373
1945085910
2924876946
91913026
370433736
429271584
2601684061
2426054005
2492784560
2778777577
149991398
2444416896
2171680880
2613691675
2402171258
2176975789
1027092416
126256491
14800270
2157115771
2897949325
2308624962
946262438
2575252146
2548535678
2774246371
2927414077
200583835
252202098
1657435867
9940162
2927403355
2534249509
613663752
259065808
17059832
353496431
2738132155
2909397931
2318844277
1520404843
128550900
38931262
19170906
157161926
252800692
19676754
27318985
21118985
53829677
2436535886
308798915
295174399
13463862
773987054
19717776
43550495
1350087181
15941900
166211200
2419684453
1551857246
373195981
2904272735
1176834865
22588300
2936819993
2838635635
350446467
995740669
2800619734
17161562
96863903
152568491
501131573
1335002192
2235534860
102436246
2241486025
132713392
15394321
559671160
17070751
2307675307
28773971
1654074679
334512913
18940015
2627072608
261711452
1662485388
2696942600
750118375
2207351876
2479982156
23791417
72120315
242329123
33934350
21128179
171522412
169539163
96844287
378038204
44491318
15515858
7185502
2577493770
1651171776
2553000006
212365380
29904219
79541863
70306120
16026940
54937490
528567731
16599332
1287444138
2451712106
256628776
152748438
92544571
1631833746
558856151
152130518
202952121
28606058
2238406849
2794655227
1230162950
14913837
2884372827
2909594965
175439376
312468366
1361985764
16904934
27971300
1960789190
26376283
16203795
38026874
346836110
2784820064
23217162
2184750482
19958098
317871841
73181817
20297140
122368183
2285845686
370650310
92540043
286233279
39525563
466563898
2279270671
937835065
558016516
60531157
28478061
24775676
118766212
2680053056
2355066098
157995675
2445800677
847769324
595596656
123954881
872513384
755634380
140695545
169634370
273987936
222502508
14936771
241318160
1632220008
2350149006
492991594
580636399
399515171
28574460
28083259
1663697137
805275654
636931259
1949020770
181017132
2182714230
48743186
2258218458
820906980
176632996
1449000090
15663983
18200006
17224164
20770063
298768006
22638297
146501677
791635
2326241875
268073711
1465204728
1203079184
861728694
474886791
52378276
2671999855
17742742
577277774
463181166
147057118
123767543
27068058
2492324246
2508444607
2260482050
17905508
17525764
341442317
2767744945
16864146
530950089
347663825
902941208
201497344
2177130499
1240408567
1535038393
2817274837
83040268
1580507606
199415887
199757437
96675328
2180667740
1240496286
30305119
2437462676
1614020766
326522933
603888429
1546208882
176559858
393175893
257581957
2831032351
2814122929
2841675509
324024915
549625870
2415996188
149207282
1169513815
22445069
2278442095
1597512079
1260862429
13491082
1317785365
2256400662
2745440845
282649205
2409443130
2356244840
2217130946
504018069
1638669248
377963634
1825444699
16816972
2750513041
22434736
123028610
401563492
1202022558
30464208
16441100
1344278179
426793539
815951162
17204137
28387068
1615612106
284136802
2492974551
1428372373
112479899
2511569413
20228233
434378270
96972239
2534533238
1482726786
52998511
28168085
28484970
1324834568
49620984
19713521
49269819
232698219
70405208
415873767
20468205
1143500780
1113426913
70461418
236450005
1855247174
2541661730
1714139142
2439202501
128612767
60349138
868637460
2246012708
125737840
444133833
49698134
4207961
54208274
147649517
18678924
21220931
48802204
21619519
34310801
459854857
2270780718
16814500
87996215
108468506
1544302130
2170115539
360304674
323487376
158357978
225265639
293734411
43807366
2329358257
531162864
1621500241
2348637067
1722180558
393831982
310357691
32201563
21392684
349418922
755679103
44422830
227435509
2214101242
942291877
577382219
115514485
59835069
23245572
979129165
449555245
1573873243
33886992
49081015
2183077441
2436404515
140229687
218939578
292970304
312826801
394415454
339287244
37153105
2150959422
18056067
222299037
19084689
21409818
80886503
253226223
19940347
22377408
22994568
16400913
17157142
244141673
61513840
162691514
80370892
21312627
15007263
122418054
369297102
244247852
18276930
846498846
23407427
14519349
120934786
16917663
460542252
2484687792
176963020
27264459
11134252
7713202
1526812140
2800473742
15207668
375443543
20744615
22451908
14344823
179577543
61657281
22711015
2792078411
629575609
2733774651
846498133
22800982
188322224
1101966596
608767900
161001912
79767412
2416035558
2471614340
955481971
14154739
1596715765
65695254
208778660
275848915
783869731
1262776610
101593416
513599652
2265258084
528864074
1563332958
58897862
885058776
23879310
2806708806
2328040231
84825190
259649352
31127446
46176168
1549705375
15164565
2385845052
26395411
35415477
15147042
98012335
154259357
14529929
50325797
587668423
251626338
398906549
211923738
6349102
2177533513
2811407915
2719138272
1428434406
1894382352
316713921
50774064
40615373
72883028
2230188942
14515799
2843697919
321572161
35828536
308997977
246925493
533351475
230760685
605152129
2674885669
232050451
473276096
352289827
1322339628
2408935094
1355983182
773574270
17260074
14094882
14124331
918736057
20349759
21441362
19029851
2316204612
2416315189
2187014587
303129981
125215990
2649163922
247359326
1530958898
902326920
397603456
285259938
2347617482
27860681
33933259
69231187
34889448
20596281
538456752
36683668
282280747
42651647
152866991
282282694
36774033
141947171
455024343
357648167
20678126
23389575
142937787
275704309
426909329
473188163
572062434
257010511
31227588
124237063
88581667
10989152
28943421
2284096854
18683406
23631835
117514658
190337035
2387219936
2413001839
885387746
2246553955
2232251594
95753389
19495715
41380057
96994334
158396052
20187065
14617444
38530021
68987936
76398031
238297613
408583222
2423641254
112507731
38544426
54406648
38694921
19353534
52185212
65431080
18345963
17445316
21757155
226662562
2789104542
2533422577
153394049
305579552
280678037
97959144
154981289
16151935
446506935
114487731
148496835
339142682
39562348
2463554298
720186890
278005891
52737721
20267632
2217871722
14288359
132181648
19904067
36024932
15009098
2550249877
2485665320
2511133711
578162124
2737759410
2202041324
17090308
1965392359
30036913
153488664
17463660
994293373
823716703
112841585
56377319
18388065
376302246
1498239344
449956694
54338860
30413539
196518899
15257684
317378810
1359561
2568313562
205336320
965592506
73253501
233933230
487241174
242822343
195251196
1703062142
176122526
2515480634
783910074
24249169
231634830
46046512
215731930
1120092486
165096250
17093317
38512058
300887803
72875264
561547330
105299047
71105920
550303663
2548475144
294948776
361316606
2402568709
1223113206
1510452186
829473967
403760493
920558106
2313928494
2709870506
93932440
22650211
52070270
7744592
29965800
1169038074
50340794
17006157
41814169
17004618
749537952
2310842214
2562779562
591602621
448092089
517472905
460457856
411110060
985186471
248493334
29557052
2692877159
2537188686
26813101
20608910
27901418
205392468
59157393
610922415
79827261
20109973
273987943
1669287324
2634644233
2520520874
635188313
22533761
330509973
895741794
590085209
484090865
18223646
2694663858
319084883
1927851414
2616460788
22497729
25107150
143149375
1691827158
38286900
24594278
1729843861
2178423014
21419504
2467046839
1096028684
2458536390
2500572106
16117365
813971978
248897235
34629605
757023746
581414468
226662318
234870299
39166602
85652519
45932653
305578753
608069878
2340652147
1870119325
2421000840
20854494
69639335
18246916
2534051419
2473493863
380572117
284764300
2269782206
2592816187
507460060
2175115381
757207596
347586885
2393345282
114085960
2333730624
333672211
389199593
548232195
2614813940
555024004
1507928251
2587950847
2181090014
230044445
2434001850
408993947
14940813
2550504162
246589200
2706319844
322536924
16608381
1531614614
2592025530
123907274
564884471
554508569
1631505654
83197153
1635828884
218980359
118085849
82968508
15856030
16273972
2743292714
2719665336
2660916828
2346974096
14629000
2149877280
2327607428
1533840589
2259469279
899434934
2229164275
14105540
32650360
2659634552
14754224
2580962390
57806173
1936283666
1636340558
1938663272
2402548327
1051437492
119793051
2520220982
24872725
912652458
1361903689
129168092
188188387
952429878
36806468
1187793236
2615568428
20434396
2161776998
52259660
253014508
10890652
13301812
21906739
34710922
48916915
35304762
3043371
39600478
1277406384
76478405
61383797
284093185
101640334
306328018
40255327
443914288
1248243313
1135659194
56366905
2176493124
63702640
2292464070
2218542325
1903774922
2462988067
2328483552
1032288734
1490068910
57948087
705287821
510056992
65353100
1912333885
1917163806
771136856
228942497
116909103
429392484
259689332
387356379
1276314746
113391587
2690569836
193957365
53416950
547131703
2281170302
461403889
588559501
41742701
126523687
116631683
9930912
2430792522
50117365
99919360
110182628
16580053
1917731
623901764
26069309
110090882
2433050426
1593914592
18382340
43215603
227691474
1451182549
1117997072
835747213
1179939260
2548174322
1588595550
807184478
247481605
46510345
1196206754
247101057
17339508
133232715
1873723778
721642508
160722435
217150768
16310610
916952911
872423437
15695513
32789366
258983739
275043456
540406534
36241120
1875601650
308809901
2358353479
32164801
735083186
950706132
2434434464
86773118
1038082506
15601483
206753504
96564060
18784113
263918540
379800937
110547002
16828017
53689588
1976507426
52223012
348227976
2464039092
2424420600
51382997
906292964
1954011474
150546196
148800323
882192152
1413106326
1952076517
106804211
248090088
220082437
69648081
201531255
631865146
31917596
198873677
494478410
1382388385
162611402
73986605
2393876529
165622748
1057435849
237921163
2402148228
32896052
1014275791
2209606452
16548435
317079008
330290154
248760485
274178216
868766041
1502220312
786533342
48861137
1324097010
281218259
2364420145
2178980492
2430661688
387428329
948684950
69993213
16392208
1427295834
1911014984
14477950
41816240
396897811
1911500317
551398146
322615951
1708144410
260559308
2546261342
533915010
1292948893
332511669
1911223447
1128988860
2415261992
2450393978
323392744
1914510176
1895544444
211642597
243777891
2617078495
1009456262
191344412
14333634
89769227
2441024298
202510181
1045854992
756663138
18749779
838414495
243582414
726157430
383513910
1289898205
1967043122
47436746
299900985
48309928
308687093
2456811799
74165810
2270794441
42501345
2270765364
2578752559
2270762323
92771309
2576856273
456897775
244998644
5402612
786764
6929302
14154272
14191254
720494670
809004936
1930922520
133865373
89084561
30973
2270712229
46177695
144936008
417811367
26909511
1675827913
16060050
42783462
256063036
41291327
133756788
1176582895
1468536068
1290292878
5685012
1524826260
1562177648
483409546
45571759
86256982
584016075
182220456
464163488
1449744306
52626508
2491566416
1111866942
622437626
767632183
17075780
16933525
581306475
32187100
1561323054
106313085
1918697988
12601142
709404201
799748810
1837143518
410823160
1458661261
20742284
1537174038
18230026
952230764
34827248
2411495790
1879150345
140852477
321330611
1278123914
1089769477
100041200
2433034531
453548744
2270714486
2204227681
2329448268
732392138
2493769633
1250643049
186429844
273729767
248869163
893659159
593930667
371959445
375731426
95303482
1025155070
141189815
1244874006
112836037
24201405
1545188491
897594368
623709090
42198628
124826748
1640683052
252244285
2538121849
68149704
1906340281
1409836806
1499361558
522540775
568735137
1956032984
1133129990
295230825
397023813
553557343
156514552
24035547
36398812
145770909
59663618
477410739
125134299
16586626
220766386
23214110
361266452
2147844793
123543362
465247662
894527666
2491767721
325435463
1961788999
957750715
1353522607
1591254643
286297658
516969711
112607220
118269391
17233846
2228184464
1306504764
805198934
470810726
1093978434
211653825
162349948
105883366
247148204
34272622
22028227
224074946
225553867
1169485394
15841538
16579249
483771071
23511356
703561088
169237233
636765660
18177925
114565298
16598853
437976331
517849192
328696209
257639903
820168651
1336971175
2191048106
516629307
23472396
1516562180
729078128
2332319425
2174714148
458836357
23453611
1523775542
594436122
533013402
20897273
955350608
1413474480
1434534536
2270707610
592337133
91298698
20172367
312161856
1536274003
220036733
397998902
489675863
89442213
1470177307
2296367101
977321107
197461502
2217101520
123925844
2306738563
92434311
317913683
60609358
1449248154
188414742
60420535
20696670
260720498
18747318
151148362
177630316
112758430
2316319956
390193808
551241480
1408267675
1898747659
132364247
273969847
823352617
28150490
74785952
187178989
18308371
372451848
198361418
1220630197
15209135
21316279
362479773
1613694198
1416268934
144350248
2270728189
408003345
170808650
390905408
1650584894
1880040325
190732151
1443780102
105588068
1638439164
2239373498
252557327
2209314398
40019893
1400396450
481704962
2171232373
861944574
17289662
959492120
2335683668
1516688030
2221314516
244049497
710278115
601125120
32877614
1633714752
497342871
1674299478
2380457550
701624635
305277457
2249441437
2235120684
1470870463
432616318
84344247
1418473062
945884922
493609953
18351859
2270784114
119043314
17930077
41615372
62539653
14614615
17154954
109611471
14435376
1060686104
210925267
573885890
554286092
475023158
418636011
1741403935
1092238333
555307309
23137109
1139626651
1135826048
934454336
1544905993
1618492723
1055976170
71073514
1349851796
337887509
1426380012
1061730824
492529034
289579327
280862546
243273771
1343648358
94590661
293574613
632530067
994167697
574628807
551057609
619301108
1716272125
207080466
37951240
1567544120
237368031
65678369
36472755
809999407
317952795
16273144
109046268
179528236
488407513
896425202
414102345
107546283
414047291
180032621
431956605
497360417
282688489
863734010
194863595
190764318
490067026
403296588
371446747
562271920
522393623
513813051
2153976774
932810874
393002551
488099252
353913129
514849103
1004565390
1656022891
1676528876
12583342
522668775
1511731052
1469272261
1246955856
2183254489
1581308780
1551275042
472185498
532048691
727626301
1490760793
109596399
112268534
59370946
49993725
16648790
56473163
509198352
217285514
34547206
96495126
89711490
41942881
294270121
272553030
175602909
2238022573
144230111
1354347163
103120535
1005486031
1940581
1248081
17843236
795926948
1026689384
870503696
594528754
16816155
15860016
16429603
14208109
72042658
2228606935
16468500
359596148
932566086
1055593748
1583878302
2263467936
2385505992
1627564382
16675841
1484260813
2175384132
1900473164
1095836894
347720426
2317455918
1026782659
34089152
205529993
1685825136
432578840
355445941
314137707
48881346
2254938559
228530378
245520753
712454833
339936927
1515065096
800511314
256292657
265479080
32794868
486006419
1546963956
556043052
37001650
18935711
1384831004
93087739
455425065
705221179
41453909
46196718
1575044924
56871717
68233373
177257171
1244853630
14939259
7999392
44362897
1242476707
231163505
330526592
314236515
256234212
985782554
516877181
219374840
8276112
312938622
569915255
531291518
243283086
40262562
31669996
369053122
295793366
758426588
260582890
80917007
919956139
1872571082
89085592
63340334
17367335
2355347796
536545314
1143776857
836434826
1445153000
463010338
48359247
431864103
18070840
72912318
376753045
43995880
100634950
2342103655
1922974014
1452969600
1954293848
2304656882
244582088
1511620268
1618809210
946192430
942637808
573634397
2268184255
42728966
21182766
48376104
17879144
154169277
57323426
1183488078
568463163
72326152
17010904
50294938
2241219528
360054369
2310715393
247351807
381032464
70143420
540941139
206230993
26371180
26103360
1702156712
84396432
212241000
24374097
1688735642
2222083302
102265488
1392898712
36129624
88183759
103938046
378839117
548800205
993423362
753739256
487406817
1151822880
91942071
587676584
1249424088
233705918
151903568
12566322
486219094
1533713718
214497422
28847676
444940567
30268257
451564597
1376537612
813520596
95441481
550464587
1200868393
1083710910
44171091
1467349976
532334668
2270778943
1154529216
457115078
526468928
13017772
90417209
23125192
2274980449
79914086
288715977
20064866
15369494
15841258
335390965
122832836
1872260556
334540197
1616155980
135576133
448110981
19735987
197707120
112481921
197586544
744388753
60680268
371465104
41634520
1244070788
334053327
1444132754
164357675
1077778094
18948491
846196898
558887833
240818409
36452050
1199082138
1408782037
166990746
22703645
16031927
223970563
25101996
69773058
50769180
196168350
112047805
110445334
481256599
1199142001
371368491
280086263
198289490
125512325
18646108
6017542
15754281
14293310
289933982
14173315
1511070128
31540671
23970102
87423751
525379529
1609286323
1367531
126080573
520820011
1652541
742143
2097571
22843047
18587947
428333
17471979
266842118
269947559
229531446
11348282
759251
1525062476
148207332
14700316
1392310074
14159148
602966961
15947602
876615481
364938826
2553151
36505209
22434725
1700426708
314850618
1733612088
820491782
574675590
1347781009
124597100
22776772
214721199
43811545
958046947
1682790540
306592657
572157338
340498691
41213251
1160832954
166541087
16493868
145716640
50677180
14778418
29130296
1525342994
73936002
1537605050
20482362
14060968
1855274228
16251797
1575731102
207323988
12764202
24357823
98425584
1945294129
55370049
314011033
17509945
414880696
94919897
291711902
16261638
17499507
123926189
250339461
438620210
1961263303
20865466
15882393
132291569
355617704
104688573
624835541
431983412
291859435
475496036
39364251
21414766
44541019
374639994
54466163
1631660924
1582339772
32476087
376077163
1579647342
1158423500
172846897
798940807
1730555016
1266916512
1674188378
627634003
397462571
398704910
25694878
1617292632
450821006
17242551
117143608
25524787
353628385
19135836
21797298
153988643
1927258460
2170792588
95438984
408545307
116507549
275471220
525779070
354742495
935594107
417393341
85483782
111701317
352339068
528822374
554792751
28937863
261498304
484137067
329231890
2169276684
275820011
175711277
11022202
225309965
71102590
416370934
33371149
387095659
66274892
455905821
562201622
965127931
262274929
110863229
1651082887
1419924132
991581108
228730835
59889953
425366596
240026073
24568660
146037184
1149949772
17544220
11883132
380939290
385561119
806908082
441987565
627340926
484674178
319658435
201218713
188742654
68677062
61155321
347877960
475744876
126951163
122323151
428575082
1949964170
19049044
258501664
1244132690
1877001864
81514592
870905857
24642198
19000607
401898288
459534627
16970368
7563672
21639416
133547723
781263242
944288546
1405715586
879506959
1964624935
115925046
509001150
170458614
611922523
1519634587
1923010758
15171172
244746802
457567755
20336268
1280871883
45900567
1319921
106216046
1890274230
43342190
1872104419
14790817
62988756
14920785
216444984
78342190
1706590962
425980460
24886570
268439864
184910040
26565946
210938747
15820664
413487212
16190898
335382174
720430046
884683141
365455866
1491010590
517423630
221689085
2425151
2142731
986863320
40148479
74286565
15670515
38679388
2459371
180505807
802698236
38489678
26854791
40295615
323460165
194100404
83637011
50779888
544670629
36670978
743050351
68791096
22733967
198458235
391320739
13964502
1251437035
481978256
342614228
629215446
21135496
14592008
40744725
604241905
31213362
16534711
164308771
42229452
177706678
192856497
569018849
19029306
1009610258
254596406
38804737
244041978
271532578
1169598444
817847126
35285112
1216553618
138637876
296424124
99777012
54251779
197751206
435792288
1690802738
326450473
516011776
491066471
860423041
961565498
132568052
92068089
14431400
748044662
1915567339
104692165
60570706
80340505
35847861
179022803
1472419472
259833364
6577642
234706864
240608994
116645226
619633067
492519443
76923829
93507405
178892386
81515159
234535069
184477052
635700616
5940592
354144505
39783569
44172752
15010265
409056061
988441321
15912508
304039256
257423965
259328939
184601034
78568834
304003172
402370357
300865925
525619362
339080301
475457300
234428942
518561938
305591010
859318274
81676531
1142383212
1629947234
1604132676
743439433
334084617
344254586
216175836
253863995
89269664
1601391679
1397907444
1684607598
874817197
346635880
323596334
358254915
409083482
1094306318
182281363
16341601
23416656
1457484907
1093379659
233228356
41218186
233587712
752495912
634698125
18284059
1615248840
564805932
1214402023
1002220777
1436512609
1566074456
807652422
281086586
23116741
537590820
1543200818
716410525
466722458
733012555
508749683
286210085
261622395
140766236
50683788
1416443617
27118409
900357612
1536771156
105410288
498972521
362413914
591101848
702348805
17304911
89741201
104553468
1158280380
122014550
46016631
289989013
60751586
23271911
160623542
1138133107
541703739
93782318
16135990
238185675
154599036
16612183
1326866130
25707034
355784391
86392183
6253282
245565058
222972184
361468994
628325806
39507675
276693962
233966512
140022731
178404404
24209476
410778280
182421263
460857249
62830022
44095512
463318539
36794666
873989054
113369350
28812925
367004009
13000872
2726631
15926431
398717701
146431397
69175584
21458923
1353461389
17348525
9229732
14801219
40024222
26966058
873739591
1055765371
50749272
1497354108
255245279
151532364
37088719
320810597
17278675
438671717
1258177022
74364120
1226627928
17988404
21892272
14186094
259352631
262294893
131229750
1260977732
1275649974
20383605
403671644
834394100
1246193100
1264782908
20791294
97231828
14752230
16895075
138221532
471560358
131308230
272001831
237737876
297424109
352312626
32670606
621004793
815986550
583862299
1271032442
84614572
20186316
70837868
827545380
1154820271
1347061363
88185290
712421899
1182933978
138530516
38372614
24236494
259412750
574168881
538465315
158456433
552385240
41602160
99853098
12772482
1491382922
1192537322
75008871
876943722
1335768986
219441818
23443117
23385289
44438256
9548232
18057077
170039453
25562183
119180589
831817183
913200986
1528248768
279148037
1137380594
1263916987
484018605
700176349
169701996
831685206
879161563
83316868
285240154
53569021
787418388
966021020
1285638192
1176980946
471643895
1020102066
586530660
239527990
893230412
1369564285
12791412
1227919724
116004105
360834923
410187814
46367401
138845026
466968339
381947245
891578424
1526038422
863169798
249940917
296271142
331869855
203071766
616391194
966418135
66242516
984583040
150783815
10913192
405714341
20189768
1219935192
1113136994
189435996
435094988
632655828
581768430
15970392
349604129
172511169
263209541
516759025
253230739
31169370
411773208
56134410
29837407
239415383
20078327
285694823
278578012
300622716
194031376
15224867
783214
258477657
46479015
183745149
1241735665
17446621
18948541
95786879
14521566
164331723
286775395
338888758
310240310
282539104
1450642356
561435572
301037468
49165567
113358912
528447816
1256818470
592943212
376198430
109134032
315570218
20145384
17093617
43683175
89738368
503161953
1249431
12805812
569991546
75300453
443974644
891977809
539391345
804471787
49868294
157904905
30023503
704449940
195130874
291199911
581190459
483070455
575329308
605950723
346921768
457196020
240820727
74179247
551399105
312083760
219871193
124653526
19685081
18462157
9541782
19464428
50687788
146957964
17448575
303255655
31536214
19802584
451069080
41636866
111629530
67572570
19167037
1428026214
114528637
492859061
39337213
233015283
557524015
274287609
27254739
507626374
1305534818
22753616
1009186182
935448637
836801004
21079030
263067051
577449163
553832935
442137608
318607701
90674951
82566670
1345468681
469809949
889541552
5383942
73224714
13306282
1323185802
18027434
344666268
1354294165
1343053189
26029612
23061555
54170862
39170683
183033795
313443940
24764259
772070653
947237779
32523291
116748080
283687745
86626845
21911159
22665804
92612083
495734459
256659681
54798400
279585613
40793687
163535738
358335325
512435624
138570579
16019014
1195056774
360706089
1418795520
436818989
478878156
745817053
538348494
327979201
87823130
718774549
365108531
853661756
111225697
22966253
238589217
236403070
373393540
123376846
40218214
327610464
330953586
262274778
1287657698
34286722
81619592
111076005
576057814
325085051
289434446
624252755
234515551
213647134
260421230
19088832
463900333
21680756
1450340479
277749363
1394141545
24454249
21527658
20347310
345456338
20793678
257564668
106368459
272615873
602190876
184784026
133647771
465807050
79809731
62554155
50094643
377124102
510773561
16066655
277120302
22145200
87818409
1254044786
292670998
211800056
186211233
915241976
387014084
268339839
20958510
16703058
728876460
194617173
394837174
395773875
136330606
1370152970
14870804
140253522
239760107
205437050
55315217
39651447
34826262
460492234
21675363
290792367
1380649531
35120520
37877645
329232841
30079747
164295363
1418815518
410355075
228347719
930427134
212386235
562913848
232342189
383411820
596771331
126406569
109939301
814846392
1056349267
55121922
31891798
16126957
1380889405
109886980
731626014
17680840
624378055
194268846
36146108
159565895
159573685
15945699
180403575
313475386
93924482
260973480
1193072258
22770373
1008179210
1154812746
40741781
1380040556
1291615860
379860497
538681567
732548839
293648370
322819927
340424220
85144671
38512310
21755134
386088745
93965237
151657287
257305767
215683551
44037108
55439843
342488978
304751912
848630264
26244602
47112574
166182965
287891906
23771696
156214500
60630907
752047242
976538112
18173982
333558459
459645120
47419860
18144218
26881854
108430917
1203591470
382605201
1155074984
24661347
19539314
48771393
1105345266
274510502
44137955
16046258
33668000
15485441
41679588
305815470
949969502
123711463
80913997
517856980
165115270
390854077
37723563
431795171
551279446
18032222
211952720
880571208
1011600697
297763780
102713503
18952617
313068266
1005162505
64250735
503591635
30862829
540952195
20272531
538824422
107268951
15645871
42650489
344320398
291992070
14117843
116766949
292465659
17724000
1002530934
23896295
1365601280
883693622
41211760
561092873
272933351
270079789
108675193
26391721
40141851
1055358804
14550649
32062804
35741196
1011751304
23709845
556508557
1329227868
1297741848
210349558
934880641
24226703
444378105
371350147
1341231684
36198290
469030753
1353401324
1323321721
15412070
1322333342
582928294
130140981
204772139
273577912
942717589
1327687196
1308851304
1044270854
586369697
366837571
1259980356
213062048
1285254578
224753508
28791669
1283780629
259238518
478918112
525341357
469537629
275293683
587959764
520681841
152681376
108051385
90750419
750142651
474276716
1287048476
131197463
27713193
416409556
313373667
78408666
27188645
15131310
462633031
550108465
39443932
50320600
15846407
429865382
137210010
57706618
69394206
346741143
513658183
488979647
795862662
46409817
902799979
905507202
421565028
88125037
88527145
705207817
551401384
529351283
1284949076
18005741
17077260
7350962
14463848
1175987492
17314218
153673444
30087814
111637149
311137675
231796277
595540403
48355385
534244718
356618939
307799838
919834573
701831886
577359760
414988289
209383326
107471295
247475218
826328359
18723974
1347797958
633282973
18190205
515573992
263921955
154647635
106829423
1101209040
36999418
139974630
126122735
50011496
11856422
1202656272
906569281
48391773
45190383
27311044
29216764
15745368
16072676
147725246
107125748
16032925
293546375
265986952
26589293
1154506465
50885929
75301926
39930469
279647298
1054682952
409984251
198162268
1129214288
343222799
466013757
365492532
91728526
16409443
401666442
933977916
856430412
81050969
429927936
44957814
418113838
329842422
22786326
68477476
927738756
133127731
353215735
457486848
484274913
15467464
39564141
172496840
262326533
390516123
143496417
243333357
32224948
37307226
144307485
899193782
49735209
71408458
787519512
1043030688
429164848
1052030562
1020854532
494315468
516775937
42877227
901786873
769801244
480935808
158989132
1053414709
491002022
320422053
56267786
186746654
1009832000
1081073461
279023483
935350832
1089636338
637184071
224778433
14836995
716559793
776530920
995204708
171144311
464847218
715764606
40281642
407055170
538423657
1030081406
1101432864
969235266
114324297
45615281
159617009
131399569
319962895
1037693264
57489782
195862743
1108421683
387679606
16087958
1112562614
352148739
1055363330
405962316
169914086
397727378
636506554
1118130578
134702828
24642929
1008554191
312671949
915467732
535623489
1099029732
34374940
543756736
1098935714
540266942
108356567
608192002
18561386
14067636
64256643
545360624
79249894
860226397
1120524696
30775658
439109522
589874520
878169612
1060653402
1137379962
833301217
9533962
830201095
94404581
1109544061
466603103
40623909
1004353519
1141419042
1061765004
944155958
598747652
218679389
117517882
929948329
1060922563
11637332
735475524
1138816176
1161481466
497150446
1101137114
273585280
21139851
105872009
508102972
89356577
362458925
1168406185
1137847651
240396079
891350364
583876713
730707608
276824620
88438948
1135142616
28374190
733151767
937790442
89043205
557058926
62547770
634342734
211614713
262179001
58505554
82163160
487813799
593751043
20461360
28876859
404147165
37568811
606500000
203698771
283660297
369877992
17271894
1177300500
258904085
496890800
1085115804
34959635
499865599
962707994
189907207
55115385
19871666
1111599638
887000491
729094538
525899016
21825049
404349601
1011588576
29764352
10342142
609403018
140833907
864956438
316929451
1016358439
352762498
1135024945
152034082
194268106
34966950
837228577
44170177
84132603
785206590
1094758171
182561601
82927269
224269707
739327465
58615031
22797576
133424498
931929582
820154430
946987530
586004455
1202549797
63557904
24690619
589277722
594876504
1222613234
1155240762
551918821
1228417472
546442145
78206002
84716978
217233498
1249041246
917483252
615505278
1249662612
142538145
1165870982
80879145
802509853
54086596
287312982
355054635
385583819
1198494241
348430932
159143216
757980714
193868568
115129937
146115076
385614440
1259501928
545585700
88095682
486882991
509662020
542960632
1056504176
280517502
1259408257
1101970784
975162193
250742136
1120604384
1276598474
17013078
341980029
214211463
70075187
426802452
1155590011
474339103
17753198
122735691
701326392
472149564
22074672
462908326
370205954
851100457
1274129971
310275922
448949511
36427831
583101522
537124061
20108354
17992326
548623611
1130725382
324013748
979845469
94124106
636560302
1304671934
1310092574
1231432123
496262764
932957318
14409892
915322634
140412012
842192785
18291291
74841222
137153114
187419333
95301468
15686613
218634414
113946795
19109017
1182584100
1221099516
174386344
889223894
258839558
1092586880
527772033
33916169
946481778
1231905601
1253076902
720791149
143142485
53428419
108190236
17541117
815732916
24638920
21417018
101850661
366563215
339902343
71424033
204881628
17266725
38477856
22729725
41180674
285749330
289361320
15470631
126441727
275332762
61008852
220756058
59207457
22208164
69017708
912503826
612836770
17653260
53220330
127630871
265931773
113087543
74208999
270480176
38109868
46668984
743596616
266987043
95944876
241006357
207561542
28703779
130019077
459732633
387910641
561189988
51241574
28785486
105242077
18317022
10748252
539138809
25428892
49992096
557151599
715751988
199552100
254211369
427799256
22634164
29867260
634673172
899847998
142397187
19613871
52278264
255067316
82812304
212712969
41402601
14566804
67535823
76427245
399128598
449957516
67883306
841642134
18700332
55027083
15723732
20443852
752605820
829260830
995595264
40637495
602730256
889585219
429665558
264214045
319840157
14537303
18500081
159111501
626164034
547588187
453397790
25315222
182228386
39251633
60915121
80094297
36137344
34104616
294163401
813280314
897911346
902573406
708228074
837497162
31143839
454144215
333705775
26803584
173261752
271248106
35764613
48791956
563334285
89471824
15450507
588310584
120228163
378700592
457477421
321444777
381885412
37391190
1007390414
426162316
75373091
26389578
1652561
434331097
320201044
425232610
627097469
342643268
523836924
377288656
424614529
758019174
310869334
359115560
267869210
570231965
858401148
236429973
16242870
539574243
52714712
93419602
12511062
90794330
558185944
905329694
842705042
16931765
518205960
1058110506
23378533
335482803
263408081
555935167
807095
453098989
18790477
224473188
184579612
30313925
50515486
15235829
99722142
295267698
41103524
14569203
211376192
410193079
240810482
39832093
36947400
125322205
17331649
72651016
264319867
304685547
454370291
26342881
87830864
57426620
53132167
298711992
178062281
62242100
19397785
394209465
50746550
405559638
111334327
20234549
50393960
17968875
49226992
49680475
61226902
56589967
304375712
236974040
233588029
277482324
25823322
108619944
112555735
337716902
20446774
281578189
378906101
449160988
211692768
461528045
280512147
23111717
132598775
31443331
318568590
70519269
305976990
21922603
19181549
174499184
49333809
72759655
344254100
20091230
81852163
17984956
818951310
17669783
273663977
153336648
399736719
347506749
207782027
594702515
567421702
15927998
288015917
140520306
45970191
404751491
607117551
548074719
621570420
627467290
124976399
255047726
360059958
38715968
45855964
736182486
237435863
87489015
377085812
192057165
292483019
441939550
40106106
570079468
178586167
298873490
28696033
53462166
846433764
463999995
914769044
537323883
239839539
41694653
68761151
171681836
152579301
884897328
295807155
23074847
550571594
540843643
484808024
467122878
368986836
409559489
55434962
23866483
947256289
580257753
479823885
465964637
620406813
515081899
706435554
469467855
53085206
150968375
357656093
970603002
761708960
588471144
529749958
848411336
743763
48834856
284300239
458027712
892056200
211301022
19403628
87335832
45138871
492434268
525306452
28414358
977156598
820808700
394724146
18723954
236934777
18992010
15841837
69801092
278169504
772228976
467431591
298900963
801780559
540222968
462764364
19729130
75412048
20808574
877275655
932815508
357730662
93229811
428792479
49826497
513932887
29295157
541818248
529054392
19514649
375949561
187735569
278093318
188326015
561596811
809413027
28790493
379406350
930272390
5981342
13396002
14528306
923535498
50024361
34582490
33653178
208198640
15383592
261348587
735440678
152408786
397389058
101756062
257092224
14511951
135147411
329673281
266705311
395887195
117031835
868847792
195731701
69681766
570805324
15600454
104607528
43532230
757604954
21008119
291836697
131832830
387978466
43659743
20414217
39047949
172432681
3108351
581016982
351582644
578835187
372981988
842366334
422861139
97030853
15362505
533718582
324398380
605292532
90252325
263936767
14116807
169146823
37206459
620499856
608109357
541958701
25281063
15504256
770104249
300755895
155629096
21507883
17070787
65589378
807855456
356148573
485029369
19068720
33057154
330409007
130773243
14483068
15367279
14179338
18141787
233538730
11471902
598753184
281508389
281345179
490679277
409603933
413374322
34318182
113108699
249259583
626896822
18993161
182499996
86899081
760187414
168838457
372903110
39393184
28193775
38186171
65577676
189770284
409518033
421224225
612690208
121517473
19041947
16248319
453340599
821529494
156227933
267920463
96182178
12587862
19478383
33495086
612072119
256383675
830471174
783712963
56293707
148508573
144723208
155741634
8071902
389263463
16459994
430446965
52442808
111038546
15274836
18353495
732225085
634953567
174503238
460269372
760557590
168840820
148418872
19825816
365172062
8402052
15134782
19124391
794671645
621157540
633007423
725487121
27645657
823905
481182094
244217486
56403977
255490833
18849884
263727873
462978953
162139712
115736043
435135788
244289533
80071757
14266331
360151878
50682693
461092451
142325491
26692376
132262029
22535018
101260795
204905640
5392522
21783950
36218838
423719892
53969578
23834675
267921808
381524360
20856740
103564025
100601004
376751542
395394751
69064550
142361607
111655880
263654661
290201147
270554449
178534061
49493847
18252544
405761946
19142019
403625865
318484464
403088756
349139695
133469010
255083128
401285186
15588657
35129725
387219448
249977223
89170448
370759839
277555904
303226322
364932994
248296286
60925947
47622780
179147359
15965292
51185339
214144433
135621076
226019126
2996801
245481567
320911314
317322960
124863754
226168899
37346901
78064091
98759848
220939530
20609518
18897866
76917544
15929273
91076518
115174606
37981710
24347695
44955604
92523818
18813322
80294798
21500655
84865810
256135946
148283921
263309004
107070594
37963496
24730466
21293091
16576447
74967302
47591702
18498684
15689068
68650016
39178217
20166590
53043422
121719512
140850113
87180240
98884567
91589533
178390838
6467332
23939671
71349174
7115872
12133382
22685200
36843988
43025668
115159642
202432806
20775534
30953385
262695633
274300267
119786080
213176263
17391221
95294978
121784003
18817904
33896079
21131646
45974171
21924247
24119001
15013572
76874620
23456517
42618185
44190387
77051484
16129027
39897996
34322472
39295248
18666361
66350411
130524625
42026951
121622091
96803699
252226496
174625829
15564635
268570459
268779992
193380879
129024739
131190015
56363310
20425218
94586657
250901041
255088714
231894651
146444772
66576304
238234522
32685048
96008439
273786378
120164942
247880889
61157857
212584863
20445725
95609330
10215212
61541396
192029537
180462072
107047633
223973717
44363615
179834765
135239893
219003149
85813651
27033505
51206612
94799156
166597954
81034185
140087955
18547790
20597167
273620860
260307439
256383902
217160046
87453455
196557535
27063567
25523996
114301490
146120931
263764841
56734017
57333022
70674352
19535210
111345393
121093250
104525299
212317130
48072964
239569025
14153075
57044704
198970635
181601629
153917187
177330882
252170596
253638514
271563210
222266163
224582300
153136930
55684698
30292024
19290654
158774959
268191903
268245654
17160401
85624187
22159074
231397794
29483153
18056743
25117791
62631803
35836469
17499446
39580052
111383833
19769928
42834576
22384611
79532654
100539156
38032752
15834285
13772812
15682266
83582038
36439171
233024640
69487089
20159798
17123861
89799464
60992337
18079802
74724111
16798194
21666287
33722587
14679972
21010620
16215824
18284409
24060437
155634643
173848098
72747360
62398623
68966985
31384588
60985053
31267825
21046304
45865019
47406652
20600517
14381721
17043831
18083415
20245142
23801638
23617330
28366099
36396735
26422048
90978569
19696566
24527559
242188240
26436660
20068744
23249874
87968529
26892835
16304596
55565305
69390660
32583324
34794478
14276357
15329358
21977552
19359125
10786452
12010892
138237491
20453814
30235925
35022109
44208598
149198685
23663257
49121092
15526699
22696360
51631960
34738799
25199005
11630452
10400562
32438976
43401924
23086830
45869985
111723769
7918672
21358843
17453199
56511424
35003987
17265839
16357899
214276420
108434088
17066724
162645312
216058025
235019463
256544970
24628016
33276161
151560298
212323439
80769387
241602010
24616698
15747938
256523695
252677295
14996329
15369137
207810781
31208840
187890612
154290672
15852821
38600665
44979041
174805981
21298392
266826898
204975259
779247
15397441
6240362
139571476
21198456
21103050
91135772
54658845
37421542
182542487
90972579
16201819
131599574
22369800
14604049
234518263
124881482
15839517
61570188
244149163
20710523
171780331
32492731
69021149
255314753
245809560
188448548
16941641
245105463
21764120
11879272
117129650
262353980
257634357
51172197
155628515
51167293
122485978
33837481
255292645
218636076
236941754
18639379
233059940
91914455
258671232
112612551
24671422
121579615
16196823
212262476
231324302
16044542
48267983
38393640
19009657
26314247
22170191
32313154
177663215
50742057
36787809
8683792
22934698
83614783
98268929
191415905
220097169
37743394
57606434
71529893
64858280
131115849
27626952
201284937
73350523
103407799
76277166
116275693
84555812
26747544
102344445
56977553
59739414
22495247
26384966
17226612
21880565
96279257
170559535
137438452
28609576
49756241
119207165
117518679
120286857
252681091
240165516
256155778
16284004
256176067
227007429
87362886
18332827
30475426
200610313
32959035
201747830
23719200
99598961
191046872
226707711
249766520
162072225
220560106
52882696
185246210
13753352
15842017
77008675
44023842
219520760
243238406
198567292
219410985
240844906
247137360
83490848
88642767
169506576
34021399
43106751
155684369
40070564
42537486
14513471
27037879
20979053
34718083
39722666
56488059
18294275
119450282
20815041
41322543
18693989
31569357
28073854
28436760
13171622
17437735
34287054
238191071
243217334
68958317
205907310
57119667
38521818
242805068
34965370
78905444
221396333
29018245
106789870
40707592
111063495
16096567
205923548
47839226
220265877
119507749
24972934
109988635
238270074
191193852
216941605
113197117
158201435
17939077
85948671
45373839
59889333
114656159
88236775
73413771
121930538
35058040
94739234
48840102
108029586
150672204
125233662
121845379
116514326
192109704
23631612
54587627
36665317
24639725
46148894
149041108
142376305
76731900
55032019
97585638
61119238
40375454
59987736
35354355
59544785
28432641
132203620
39329046
57246212
132930881
68760367
74207059
16902445
2519
223684529
179263241
215944160
231765940
36203249
22813422
14742431
20147730
18073350
14855250
62465691
41356666
54860935
21310609
47585965
14442585
34917727
23445459
44938621
22623663
43076711
35846368
41320694
38986882
36967128
18723114
44314871
142782502
207148510
153118135
240222081
210941818
180170036
17196953
193023274
35727020
22182478
15726096
24780053
22835920
46471454
60167514
60987692
67012155
112699830
87205368
20244156
46679867
44189660
61222317
108299324
87472049
17372405
37687077
24160942
23999515
16257237
227028538
21684447
117224554
113499560
74525097
24410350
124266502
180559204
49901731
62709282
140935432
23321656
158094616
54036574
119246375
170968479
241316318
156983058
24138642
18789565
148890556
18146585
18452497
181146665
20856592
28026111
12182912
49451814
116256055
42691636
23619288
61603777
131583690
104598723
171133271
21319206
19754409
183867968
29003134
17652742
18650879
15256214
22581242
35961020
17199370
42100943
126422190
188395915
60650931
27164223
23150912
16787615
61045324
236613032
18398317
18546572
57523022
13735312
23124274
85921613
50800414
23144981
51172809
24132213
53398440
20564480
207149149
33969229
15445377
15803400
19724375
33230842
95932830
103113103
18477167
22527890
22025982
58644169
30555208
17866762
31120478
122798999
44141651
16998985
16828796
18666714
19498203
15218100
37000484
27091219
58372420
25457250
21788914
119563665
47447773
17761029
174471355
35940179
36384996
212278099
28045712
76108038
16472516
112310741
82459479
6218912
238640403
112770298
17191670
108745686
19210929
55119824
80324626
126083544
107433498
124844900
87697213
74521657
19870420
17515889
17511765
26123690
20297202
162139850
14737374
19032841
88852671
157141439
32040470
17021998
15434757
151569077
22387436
130372256
53156657
96690466
229195801
84875178
33221006
27088956
15844880
20978193
14298341
60117129
25460605
164674093
20900675
44246778
133101417
59384900
21572212
94171982
29442636
199777548
27909203
244785567
43263852
23116323
46423301
40308375
206218253
55346273
23197285
182076199
90286846
121228686
54458024
16320271
122493076
24439980
21153978
28147332
30442782
103519196
14140147
46291488
69442374
45969524
78435202
68763874
23402430
115391741
28590114
56844604
49796748
131551042
166045354
20961917
35733922
19995370
27721113
108499198
99799080
2899761
14197745
18765742
17459292
152040059
107836729
40951501
18726890
33938896
95130095
121584611
19890566
16013096
17668279
164448674
18157428
28625824
14876077
205803
89781617
171335114
86951484
17671138
54978671
21518844
15021556
190083704
91781661
18845041
73202999
39665677
60995769
39111569
24236631
65268060
48908270
59916022
100028198
53220896
36402334
84613922
21583392
19137287
23090360
20967173
17302026
15661992
207243704
19633047
98750962
43962569
18456369
54071821
60695143
52165737
32877921
145667028
161336079
202679817
222172741
175018925
144093861
187963614
29099718
235666288
227052890
114420052
89201565
197181024
17310027
240443958
19210265
18824031
180900514
186139219
16876070
227449145
15189507
117945346
123925671
84144173
238065669
50480950
174241350
173231813
93075434
20536091
114372539
19051297
36107632
86301430
63017756
42903387
186620689
48771812
234048998
35829928
27694585
37030683
49690040
119222404
196491041
18577567
87059766
145795884
16973230
177431283
32897552
58938499
32652500
16065647
115514334
140978009
18686801
34889559
98340227
34710170
34573310
111716178
39656646
44117802
169468659
33756598
132897310
223841500
39226252
106451186
49284680
47698850
160956783
25364326
127565404
34631836
27722962
54637548
76366904
33175903
57978598
25561729
87784002
46624164
17867582
42542492
41325755
65466445
34581872
54868573
52864066
43886423
74566615
51717242
17833985
75094908
38821707
34422009
17493380
31720614
19774555
18697491
59739644
17221627
14442889
20628806
27900939
18050517
138590258
17542775
35789155
18896703
14442554
18091025
23941720
26368586
20277810
74239473
14442567
74688840
14442905
215781410
127265159
124481995
61237524
196285791
232346858
207891562
205384142
183306127
185669414
185014238
231513155
209429267
182596268
98682427
156031378
135662727
175107385
179132797
138772957
65721884
206510917
191782017
143154453
148321580
176932968
228941647
231496926
41412087
221598158
228917883
27573704
88994978
221357072
74285874
37294378
224763079
26077026
211124355
190600733
21861371
231400572
38722208
227158836
48935222
15645613
221887910
123514112
221392482
29979745
133879298
47992328
231286082
15401540
85396295
18206108
213641441
70759726
133116647
23167250
53735720
83845718
202741572
68816031
41424192
85861803
61046689
85857516
132403927
187343498
122094499
171315336
115653590
19032844
121596471
70999014
61283706
22310997
163264873
35462339
16139374
80628196
78081631
20869747
14869188
224495373
202383327
205795516
226353110
224750290
168872039
178129003
127039104
95354168
220017562
57977654
117000075
201944989
25340851
2467791
106558698
227394062
166810261
110454285
222738922
228108743
22072638
110085819
49010249
218341347
24299551
205804892
66736030
130834392
105539699
37049675
200891132
212234611
144364299
50243276
48293256
203769765
225605839
219646675
201002448
41580284
200956336
200230325
129949964
19055824
36600320
17627816
153426666
148076910
184284712
219934115
161391716
92015367
64844059
206244617
42073701
175457992
116479528
78130930
109615426
19665271
178520362
34617390
49722887
17244541
70427991
74757499
17562068
186884225
19600869
17000625
19685588
189577873
33374365
15680614
185776017
48213
142596382
221111123
48347045
181419153
53695472
19408341
169879749
40937698
94606561
20276794
139759116
156253212
22264379
148479765
203731798
23215471
165565715
106618445
146569971
97730793
24360125
21252723
68784178
98669059
26878182
80149864
209087068
61541685
221454999
112843491
182749147
120854874
84430599
47701054
21360667
116997282
197124922
36689487
19412711
26623392
128232717
131205752
157989349
175080211
80935604
114262296
18029391
138088528
179954960
195857126
17426156
217444090
51845229
111151320
168777465
110934736
92996410
217144412
127870973
186535976
76375609
46496617
41173589
118682816
208567048
208638412
168741932
57734265
52555164
56165647
110542397
130272950
121313542
23453826
45920697
72534705
14074515
46338768
198887785
86697288
151681375
68820543
152641450
73742121
184499576
210872105
171621568
25677631
19863259
209730881
182020540
212370332
35706211
209172063
107611674
106758717
19781942
60689132
28768910
27339572
122090334
85850829
32681339
167670873
212308602
17874544
210135723
173887211
196898413
205361100
118842942
20740311
87741695
205160001
176503790
67076815
19372187
52654671
18905678
26989998
40849757
33120077
95630522
54959988
127141832
48110051
171539217
91193098
26106507
17086148
44777959
24520485
28377750
44735628
16333608
111195656
34409465
48120344
31171345
17375661
16476025
10777522
19446030
127692756
11274452
16953480
110828437
116999455
21463519
76532791
69402732
69372703
171209793
70822654
18772032
127648328
36220671
111224556
135657542
87982760
73051652
95694386
117611806
49759981
175938037
22023172
157855735
137860299
81215145
75068110
156756206
193396020
41856927
53494284
188489813
22150874
120627505
132288608
105222748
136498953
53288855
18835790
11915272
59254782
186199836
37344745
146884863
37060786
137367561
8161232
16976871
23498854
185942349
36933826
36136974
25885519
22713080
201398603
130176143
194291863
17261378
133369441
193573806
200287099
100606273
138484793
206641035
18314274
36149833
63014874
52109314
107863669
90727900
48256631
15698459
15479817
18743081
173492868
19406992
75356465
19630975
27030381
45978023
21808802
19863254
55310913
171149469
53932575
8984292
5391882
22845566
20955168
10156532
20154668
14345566
35821471
14868699
25657401
16703461
14438417
19615098
17086831
17853673
29730065
20770172
18806753
16581734
14206711
25928253
10791192
25087685
23864985
41866944
18928877
15368404
19658936
38531995
18192818
22752559
15723971
6519522
28160998
17002395
22708797
15566901
22019881
8082302
18170896
24965771
17918663
21898041
6450322
16561884
14499829
15587500
1769551
20270337
27922157
20436059
16616061
20076000
25093616
14282672
6794502
18058609
14869478
18999585
125754980
33696028
44783853
93083315
33891519
108115825
29327220
59574931
44059512
145087987
54608133
158463003
124294132
22388225
18483581
23776025
124311445
67343665
16300786
37764764
19362341
190313403
193039662
196219154
21917719
193051687
135348838
47497885
196752649
194669538
44734680
14945689
156771027
97086584
42689768
44224901
176729170
18248029
15832032
17026822
63832357
59720928
190863394
23758874
50837459
140162592
14080704
132248524
124535215
29255310
141063943
34049919
56475516
190349335
41660436
120239804
24192025
180969440
16115515
93876749
46302507
39511351
150726982
32076602
87719772
164427090
148864877
138878275
22032537
128294173
115855634
160508492
67126503
97660686
55277032
123661447
185373796
122248779
145751953
118892111
139805302
20447784
74181052
160975300
95606548
172502611
188023094
178011901
98315011
176236418
77040318
85822197
16534918
118716416
17764984
134093663
80101540
14262217
115132522
18746559
621543
15927455
18777628
122466689
117919435
25503514
55000128
111145991
174732971
13787352
63336944
24090040
42883359
28374090
18314743
68533908
64477358
159902123
131023592
29529228
44902232
80904317
23540251
95267434
41849334
127398127
154542969
144963425
64489349
96805089
17467699
22296212
94720819
26640179
37207398
134898774
64925824
116447210
106518082
45724798
52757856
99809938
20824494
52493485
14592723
22175924
27730714
24710293
27524967
39926925
156586826
108702981
19908529
39250316
36482004
118637608
39415302
174771248
25510555
97701650
64234808
133444981
27999938
129532353
130943888
46180418
47235556
67199014
123990459
17135457
116811451
14467408
16632194
29516013
40097187
87236640
21814129
20554042
40466071
31932788
43145427
20791247
166294511
162135149
118774033
122386578
50754230
95191866
1044771
29085020
114824986
21425995
96988680
106134843
133855686
19104024
23093328
65236078
17543145
21013378
119702807
26810542
67054043
15189714
17325911
102052590
30918451
84617942
125508472
17651492
29774360
121720470
130596216
143989778
42696167
29500742
52991045
44697596
15134240
16739280
34698595
17846613
31906672
27087320
45868446
16957615
61598728
45888991
126695246
39316456
14577183
56467371
15648540
16312080
47383247
16451635
56600072
19909871
47982517
26054718
53226043
78262050
73017078
14777730
47394380
18084025
72677513
131969712
10228272
173988595
20409140
156613587
35921874
98906388
76840708
143654638
39850532
18789285
47699360
168202858
36136553
97172912
138479542
58814737
42912807
128646303
15237333
16985697
19324355
15222256
61561721
43338087
23475979
122749735
101613900
19272490
138774731
15547079
23085737
80263650
19395651
26140667
75721641
114032845
38094927
16131664
153241735
145369612
43293594
95274587
10459902
18127256
125150700
67585729
21440876
125211858
126524550
53129665
29755987
73220551
115724483
26004327
30087203
140533506
14590903
113065221
52874400
89110336
143109933
15875056
102733976
143482783
22826715
14849133
123332658
21709207
17067240
37344518
123426309
42885752
138267314
70823975
16437134
129061788
130253278
30289309
21071836
62018294
87871205
118738914
116328978
82672382
127683811
22072412
972651
26936491
123962170
116552854
93727494
61060303
95511041
74987040
109666509
71460130
118492236
112598225
92241877
100959844
53015852
116520239
61076898
103306200
107461961
55246572
59289307
49778612
69334634
14874398
61941416
19643227
63737919
119394511
59183657
67339080
54482861
116913859
50674275
77165760
45608825
61381819
48508216
23498358
43332521
70756312
28355679
108387659
43934001
82245988
40985302
52804000
55030062
44349510
46167162
45619727
32445567
64703161
36771539
36396563
99387548
30225291
29779064
29312285
47915904
28326259
19360034
32706594
23868374
19666018
21762776
34267043
21685852
34302911
21442873
21121491
118459910
115677960
95720406
116600683
106179511
24628474
87773714
36725223
96015716
12524522
15914058
37004976
21240307
73417073
17721770
67470682
16410165
16992487
71602712
14563894
75395804
16397684
47994320
80370332
24423139
30290588
59454178
89577038
85375993
16069117
95801408
22896983
29353601
