2996910546
44595330
17239667
448634500
153916819
85741735
3013304275
67849717
3907733561
1243126304
75475601
57207846
115622213
438525539
106081433
561308629
21186231
429864309
2686770528
2926595984
2183611873
1475013896
2495825948
86479411
249090055
1536791610
743662538
169410723
2147760103
298552136
150342089
2892809359
2729506932
974086316
75989138
2805358944
105710210
57235218
1255161552
18872373
165391600
139189823
92906057
462902673
2968755672
211413815
74980737
76558553
135110894
66111769
4126501
558654135
21069075
486322857
437522838
2572925208
373468913
2880576936
95023423
2708915372
1927325972
16581327
292765961
194213012
65473357
14120922
102957248
42573217
61755650
2665160532
293433652
1156301318
1081213921
2898586069
208417986
552842384
20571756
111854692
337552244
886557108
714003800
141208596
1282946089
10650592
576078420
296612629
113443228
131873356
207997374
2860160796
156556954
387573617
376106733
34245009
709123651
2791245386
523058589
17850606
634423684
2513324478
2228021594
2793864469
2253142422
2686834802
2765974980
2785480981
1923373933
2166923089
1479387656
1978851349
288333760
49551150
251521725
252018855
1368737382
1337785291
1302871633
140072521
143776014
420115184
70681570
355874903
429677475
1170885648
2596143056
769727912
614156493
2574072036
296313827
482057355
1191912552
702534799
2226496302
2177710981
2469605695
263113526
97389694
98560085
1635310159
302136938
1618348710
2225723400
15875921
1159480734
1954663130
412867311
236813029
1030736720
2534310320
2574232910
920488039
231033118
1447949844
1244137812
347035710
2312262702
2602959463
2330453996
2338580636
81875925
25967276
117320454
200490829
75001715
36611777
98649937
389930987
50979738
335131129
12870742
108900981
183093247
89443197
431336956
18071597
244890156
848587650
1181185220
1243539806
21114159
246194416
16093478
1409729683
2237652775
1726006819
266714730
468479147
36076870
65851020
2359235036
2409230946
1974984006
563151720
113599496
294499000
1264132357
124953456
2381667174
448906431
296348269
36057824
23283603
529374380
2373688789
1389693252
2597413135
2541363451
67057594
14589119
2359926157
225400510
1269695654
1066064184
18344173
273310244
2183816041
1056850669
77732185
97217966
1324334436
861337891
75237089
48940193
14399483
205339205
346742249
17983583
108538423
42043572
1533597631
560928755
85221650
2284770451
132556818
368711188
292114382
185527889
412801575
429035507
412781038
507026258
1035100758
271292659
1288050427
379544677
49744183
1576890685
598298759
223796444
232378544
29385549
128044583
2222673457
1213502011
222516693
50943008
1176135546
2348515142
1606048885
440036961
270771330
245218929
117473093
101215084
1467228402
163034899
1857961322
439488777
22129677
188065489
113859460
200977317
137239956
94775494
19064614
37872206
596177884
2195497346
2193923645
42606652
622516669
715596630
342012616
786411930
115621365
479036064
754613281
143765429
414946220
320563079
1102984189
258283931
83663427
27859875
418926544
67378160
100174414
21551205
155561448
1490985685
16515099
369611610
165006055
44425241
145607857
733281091
56627441
304815805
81624423
68668384
83212615
315421768
2190448674
617812352
725266020
56026405
157903916
1576920378
580766593
1700298073
76134964
291557277
1652526218
311601261
395787463
700568101
1021419306
1086642313
1139649950
66092787
124730481
1346439824
586361294
1028211162
106967351
19760270
1856414335
1867843520
1513504760
69544220
577377400
34131007
56985219
1317076194
328941811
30417501
141633175
373410448
350128848
1251083774
207809313
320532361
319827276
446506935
1910442534
350862570
883883034
55506561
19407053
565354972
58777972
224665664
42394827
298400853
172377027
1564971439
223569986
58214898
1217445456
29282980
49939631
1652516689
101742139
1492538024
54487223
385926583
79708561
381949397
314441881
20536157
546033211
239411196
92486455
358814014
1364930179
577953106
1347211842
190692903
861083240
366947884
141191423
283916211
21331318
109314637
615085932
1320600308
328996951
317708215
59425706
68497896
153264772
132992534
39214789
1163125105
233924133
175298380
168606635
720009812
605167589
780741258
490442018
728306550
230940060
936695288
1072993274
130368147
622658764
323839489
361124314
112622781
6253282
1196254680
64009169
17734669
1288175774
66397284
969509659
134720718
989137039
597301440
971638856
947192262
114714921
78789634
138387944
1052284897
557970866
261090708
130599451
22598822
58243368
75843743
132385468
561335546
950165300
347911120
39523524
6531902
91274328
198102660
110165955
530946933
392773603
575188047
86478153
75035841
434080966
18238260
711694309
122592711
42704438
183230911
111545417
450539646
156916860
372677761
24727891
808144508
133014884
15283912
65583197
358063249
631926517
223831644
613321095
440298377
592610600
581579728
32822724
303180016
77714495
16307932
89202391
512872464
139951730
106345557
41766099
296107913
79424503
107930490
295743759
14072047
165363745
94532626
219807531
116392212
531032735
513067381
388272261
86082216
367263377
354149319
169058509
56969826
23975060
17797666
136687212
135180139
142221927
280134476
178617657
293373892
21931363
47595335
15483485
263616114
293321411
18929773
165365383
86042460
250831586
374528145
103323813
140689911
374654335
381674024
417671438
106966318
359825204
20402945
418718009
369037907
526256506
64426029
69357262
132603515
17874544
136396305
204273895
101779040
47041104
13
56595288
77206797
518311852
44704537
18812572
361139958
260251320
93825359
149741178
19811479
19980499
60391683
11348282
368182367
333982951
171836786
37011941
43434364
17462051
56788480
33990291
68480547
391684374
295026890
194996573
67594122
206871837
52551600
422851987
317034396
160833157
397155014
318893454
270830708
200163448
88147848
393227168
350922801
74145298
42350663
41814169
386447710
51241574
505694805
53019062
241104234
163930581
491344527
80808008
81824079
364061735
101314413
143168042
494963931
505479044
373314181
505658051
428196467
91581445
74084039
113425681
16237067
21014078
50679734
18393986
62739627
183572674
289521889
52030137
74265849
20664363
6809452
352145373
74661969
72326243
30857481
30848360
29959618
30846824
29955899
29958928
39743812
6017542
14677919
23719690
84093786
165085226
48103735
43384673
373280952
56685329
57948579
74457733
60532319
54301530
69844678
150185079
339566484
39240673
14952608
81299137
14201574
50973651
177886974
13508182
296118382
11530262
363797725
259111114
56318573
25482776
111316603
11695892
441636351
109823938
104454186
15954704
33338729
21507843
43128194
245687754
122658025
401471773
742143
47055387
49239873
177547780
55251954
500526402
175877432
2557521
56363343
413055374
103219005
267158021
131442917
299066548
95385188
20517081
110701859
97383279
117660277
156132825
242567007
10228272
135435893
208913657
178737463
40885516
180380465
389974129
115649566
440172131
135327703
57272886
146414919
63663831
152251488
31728447
110365748
25421094
347257032
400636503
16077698
42610327
193419784
153474021
274733653
127765218
48842114
350224247
131088894
79293791
492893104
29681153
165506153
135998994
109299940
17710740
19897138
17078632
237632983
287587232
80664593
9624742
17369110
34713362
759251
41898533
84316208
83102012
309066576
52344859
277434037
19329136
21114659
331136088
14824849
371730289
332188446
103770785
61458407
339172099
300392950
358136545
104148676
251168288
244833721
191000091
210792232
17211291
26701672
45796568
200150767
121033748
309824558
344634424
239356338
50627926
30313925
14224719
153810519
250495841
147493686
27860681
14499829
409089061
294830358
356893311
133093395
140723053
271690376
133216434
411344981
142050599
361315016
339246056
212828566
32939851
348375714
18288362
70345650
238235271
173032589
72800021
144944472
243284052
56332451
2425151
390800554
92367751
115396897
401613868
102895261
417632438
122959195
149373397
324897050
360474312
470628559
138706730
114894699
40148479
90347940
285475285
17701543
124069006
98939012
166917496
19554706
71876190
12044602
31336036
20045106
19058681
124722110
46410698
108391251
78259714
405427035
134758540
68138422
98829143
245857954
373416209
222572806
203051084
72511763
173466713
61126132
471741741
3069161
113663424
97788700
42351951
63073975
224119031
13659012
57953364
69570247
385909720
23288459
289798661
130104041
433279998
38647512
360501476
29951362
180306960
17483878
94833341
102382667
131228928
58170833
256495314
368205893
179036286
301440887
172057857
97893963
22763833
355086026
18071358
284920800
2553151
260217132
356687235
43563011
260634464
261113883
177589433
245753223
31632905
61180382
355989081
29173795
28082599
44303210
44565895
50944856
57561035
75246346
75509967
176899918
37901535
67577895
89144521
73338664
156618227
77010227
109332553
25106021
192739472
293498326
146751977
86910582
119011566
90184329
64357914
71285253
44335529
31068178
35743867
47383149
8060932
17717799
41796136
4047721
37629039
41094453
14582087
13425652
59983585
14803701
140047339
76427043
33933259
2142731
49764782
15131310
783214
5688592
20
32843303
128217529
60247413
97442036
62768884
143782803
37350044
36052760
53371665
105654296
55534836
57947109
41097723
256573865
28320064
38609912
36288082
107339669
112099774
28358405
123255714
40003120
3108351
51982933
44328971
14075928
26772957
60937837
104141949
17802221
196133580
240649814
64712136
33464913
123877462
48990944
68069915
124417754
39511702
108253263
25093616
38272447
206633988
20182700
282410538
262087498
20033989
127169087
84310561
21957826
53751156
12062292
98533811
58241177
86535708
24500422
45103737
55545307
134561086
243023355
230856076
35440351
51967094
30859231
61609661
38856791
37388390
120293182
147139743
50913673
239267224
24882286
14308686
23592970
176888549
176745223
169072119
117407834
185142711
15859039
36327407
34046228
137418466
177643755
90680573
52369385
114671033
43845681
213642050
239363260
99769032
100314955
268734410
101687784
197744448
56039856
150984645
31798899
131473191
64526820
16485058
143005583
185510760
18413198
24523660
21447363
30023434
110827653
50544680
110360770
45162347
124427273
125085094
97989575
18884340
68545042
7049172
59582503
69018756
138860140
168767461
64926647
139848744
252060455
84625371
39922166
158761774
14918367
118757160
25966181
17381587
41048052
53256946
17673635
242619023
83773894
17466578
77739297
246416643
5988062
41549052
56336341
115290697
185269421
158089836
149919832
18170896
52171246
111416258
20751449
79945385
105783183
22205952
33868638
124382464
113945245
263111364
139418728
138330579
60865434
241051107
48376161
203903936
138002210
77222698
196235064
187890010
204002663
235900469
274715985
19900778
219705027
114785416
31102690
155659213
225043895
185314895
56335250
230140702
8161232
122018261
183333463
133880286
185902260
92540134
160544669
27238177
16404141
93448808
142039292
123287206
83460988
84528296
71201743
31135086
68977380
75968447
138822469
77224656
43568964
52172364
40005318
27042513
114557705
44345790
131442654
76141896
153856476
111871312
51416299
24740039
58549862
62844258
34278813
90628174
129721182
37168231
74402167
34889807
108970364
115894259
69771400
220228167
228370791
70652594
88419983
20989425
102393002
54902524
114989754
112073223
142727226
164980997
139385992
59983907
38617902
39585367
80404504
108252113
33801019
84276772
131604135
110025421
157730313
213988401
89336577
63992320
91344291
205709466
225879622
219617448
18745932
16081782
67551899
69229721
74155405
221711150
45578562
28839788
77888423
99735551
50684862
38824552
176295495
128260991
173471435
104417011
117426666
101788113
89380931
67335911
195703895
132859239
169527703
105435026
171117515
60737306
57947582
34892931
57024049
19183953
22184352
139022142
12925072
75050496
113376489
150213239
18977578
120990817
79402995
36916922
9329202
115062867
106570554
18354016
61156375
15985199
164213375
19409179
134332645
58761257
17685964
87440210
47753886
41799998
67602060
67575861
123822668
30631766
807095
139118162
146169170
103061572
87174678
96101258
78022296
118201804
14582285
18134734
70931004
84554399
45847467
16727535
33551876
30198975
91997935
114795028
130795100
15639696
116423810
6509832
37034483
16542390
53378633
70663487
45022448
63796828
131805814
114423418
140070953
106961801
63172203
13838562
17082958
95386370
122453931
45452226
142598575
14857290
14123683
119681723
87118217
113589673
121828529
132430605
84542880
92424604
139876086
91935208
83529586
133690223
56312411
17194296
84352985
95425326
132817648
32453930
61167094
40400019
41552881
38403110
115878136
121145620
70494088
57188977
24019308
24177024
52678273
40194420
643443
95377752
93622144
109241992
50243043
34130969
61197829
18839785
103865125
105114190
64160613
80018213
108660954
25082055
57879889
92332298
66075817
41364508
65659343
123255923
123774113
118024094
121131508
73635568
91058553
44635677
48410093
19397785
44409004
35695228
151069190
155151279
53555106
27602673
56761423
51690631
67578390
43017766
68399705
82949914
99642673
70903729
94816809
94163409
111615736
98932084
104740065
21425125
47571031
97913631
122046636
116417668
144755081
122928781
122995784
16409683
14230524
24929621
19248106
65992743
25365536
15093629
15044593
40200685
107474787
15941979
50706158
79915337
103603559
66334209
56913467
97611573
53790896
115341081
53414786
52339151
70179948
57998991
128155589
75854417
137616033
116677732
34197952
124258971
97614907
78941611
117063289
49657979
53556894
55520719
87484569
97865628
102594253
113278275
20609518
76294950
428333
14293310
5402612
25589776
24705126
16508889
16507391
17216088
66306024
19929890
17717614
75714954
108235614
53355887
120965579
102364880
56304605
23061619
92211391
88065828
114501238
31348594
51376979
18681139
44588485
58173133
142722336
106034413
149198901
69914008
92726549
57928790
99693145
54829997
56631494
101695592
108936259
35927341
113419517
86254626
113352671
107318424
813286
50393960
19895282
21996247
130605053
99918503
92724677
110384744
92945681
92708272
99448420
121046433
121044171
59808841
109275593
135421739
87170183
88856792
145125358
76740897
101311381
49352512
57558113
53153263
26589987
14790966
50725573
18812102
35792776
6273552
20460235
60025762
54951973
17909306
