1769551
10791192
11856422
238297613
181077575
93715088
509331430
34600645
1342100251
1536791610
122473388
29461708
38691916
18481429
6794502
22872308
21676073
119514109
33783928
35814608
27862834
30313925
36683668
15368404
455024343
44034613
19603269
357648167
214649035
109375152
599279600
472993981
158396052
15587500
426909329
15299377
92370760
17516620
859971684
347321340
109663580
241215352
248795646
75069067
336218991
755533075
15134240
44783853
465958107
17997467
35820178
123926499
14499829
146569971
