4207238117
2984518641
4204772015
19547170
4241746512
223752113
36310660
4170634212
16634579
1933042237
4007071592
22432487
541332470
85880893
3994474872
4018555768
145395533
1238882886
135456764
2229203174
15396670
3849201976
2303267462
3706276940
1562935142
3656746753
2235067650
487271718
73955055
1900031138
353488427
317357331
21124550
3397498817
31254511
3430410623
3422850855
586521168
3211243888
3300655597
399233375
500906849
374223030
531212000
3077548642
3275487890
3368066260
3005694662
769912584
3266821422
18723666
1392783763
265803095
3020491417
1717256768
46539943
57879545
3315148865
2362903586
23067878
1629469914
377565364
127623776
2985270667
1739935146
440315941
3225611559
75557360
170995202
27577027
3188921577
1068772860
2876804724
866334517
2918246492
3137609488
182549656
1323094561
3091503047
892164314
855416888
2955690022
16810734
147250470
3077841808
3066084670
450942890
29309901
470191356
2884084671
1561028988
2960553370
3020859985
636131146
3033088240
2711427858
20452681
2762929421
2886583790
62117693
3008865608
3008917561
81947803
2247834558
3007115466
94563947
277349691
2746845258
2263343287
2965969925
2949062129
2991647704
27237267
2859373600
2350714628
2926521783
499578631
35326924
315960286
2767276810
2967578025
221467125
328910255
1921499118
606412878
2972455756
311497771
2970171830
1386415584
65367480
44783191
1446622620
1349225659
2958945241
170802882
480763374
2781925053
374273658
2743045454
16821816
1414023152
1288333944
635024437
166450505
2940160985
2941708136
100880543
2619228039
2853885546
17198924
2925715555
141072678
2917833807
2928455773
16917522
2196911195
132366694
123791955
226989358
385578220
2920922070
2209132139
1934977632
2918215806
1746027864
2914673670
23041701
2886562054
28757294
43488525
2877995906
2890044554
2890478666
749348659
1293745232
558955332
2880865536
2815606358
2761076429
2710091504
2821289770
1087860428
346094031
2854425330
2812112814
11994002
14648324
2836083626
13024762
328481837
2815698966
2821540110
2650797529
1373628060
2772244930
2740269268
14438763
302180713
2751139192
2440436352
2538015932
136883609
475959823
429984274
1191386166
156005263
1622656808
606768668
977703264
225708257
15143478
16166161
1627263451
537567448
51201342
240797137
2724368082
553784933
51655451
124626791
29570084
533581179
397808398
2692467223
53615956
22137208
815680
37976583
42170658
601001021
344128331
874651740
2220284922
2560519364
2566098198
2538177570
254321204
80243061
2367863684
1254963956
1720029829
2480867006
253003446
2458693969
2238826921
72650262
585732791
50305507
14882582
2307140204
241351763
42141725
223598138
2206803097
1609361820
234831628
409891040
2240093606
391698504
1897644548
55263720
297739617
36358477
220754180
1226269477
490072582
14508983
1339918752
362544092
85247362
68173370
1002938012
19610744
414135582
1438898162
19747790
152486955
44646157
1557811842
391972578
1499748540
1530597355
810288900
360113325
1445345664
1478527302
1474319894
16332634
32658250
555957901
1437384979
1332657295
526078034
15176887
1321049665
104252978
606314636
517628906
16317027
66385692
1093586875
732108156
70718677
141839948
811279320
880615609
44399047
436397125
156896980
87572897
17298007
2625531
451690662
403590621
248804479
432339815
54894704
154434676
543079154
531304284
117311742
529248343
173419880
522522189
74739239
53982629
486504468
249249619
352755583
459271291
431695074
478369087
82141104
431085886
477452649
474692946
248346293
469564870
31195880
23613751
334459880
463989606
77793420
425387001
447131444
109059824
392903270
438823040
64845669
381636408
160992912
389344175
268465006
61315384
25016341
28018844
384159444
159205772
138526099
389089049
301845534
161112689
95859469
368853785
413701714
16874381
73764536
418306843
161145191
35783125
422921302
259779593
222188387
146090733
188208313
416524929
396986779
246692385
82106842
404670573
306524769
400650318
20204076
395015095
43661199
178909980
147789477
328824687
378792565
370149539
141831233
395326524
189729233
379956211
387860429
250136799
323684437
121444653
387826129
112566098
383216490
380489090
81157001
322844947
324532953
338844254
205339859
365306057
16223725
365051084
372719599
354887417
370931580
371244557
339025157
370186127
308900689
369899946
365895741
366192685
362285564
26243101
367038680
366522416
365687112
102857844
25982911
20713769
363512323
68747212
204449494
30576975
326391324
213642278
298224214
283536192
64811698
320860284
142977623
217582534
16004376
310992467
309933794
283308489
19421502
236924102
271224753
350785461
349827299
32126425
259057317
239655173
160427885
338044947
222198237
306896073
23792070
345762814
301770724
28005156
24811352
35601306
271232942
26286427
179550667
181495568
29926108
31214699
52518694
340655279
277238935
280860703
89108512
278773986
150930334
166154980
328506306
283649769
318144194
24124492
268923081
18123507
81332600
334829352
333214645
324722569
30935352
252856250
317263988
152767335
94950083
311893910
332057459
65516060
316750538
327825195
302215759
29806589
320800927
321102540
32695632
322053429
318814893
325913415
222543681
156409353
16513089
250961165
52504085
17645517
207335271
210131201
323675750
316895117
30334453
173780890
302890017
180405940
317983411
257991096
287882982
320997209
320820138
47398941
320615426
18992621
22196850
315445228
316493736
112249183
50868354
68852911
313001134
297190193
19187045
270647205
214360006
287742568
312040211
300136252
249748258
293691975
311864972
311180033
234890936
117568456
78950729
108071111
215884526
37836873
261505130
60738550
18638388
91283215
300970534
306419466
89197632
155805414
97301276
287798044
228497232
156917241
16146552
307987069
307577429
130083429
55093843
306910006
307073671
54312999
47396911
296367232
16536215
287876130
213149943
294821750
304190323
287843801
288677960
303037522
302689125
87739686
207203929
299140639
249891153
301080518
102743227
93260394
168816519
299478535
39939897
300683187
288517839
218838994
288675602
299455435
297770860
216266788
45203497
251357904
93599249
23760351
262576960
293234095
272064246
44930292
260072166
22202965
180959703
272587307
45371367
292721047
277772199
291563951
290756097
288498468
290917979
30397708
291092281
285408836
260382604
273718404
206870305
31147102
30286615
20873450
16516013
62879373
147262006
226055655
38604111
268249774
156384556
155248421
24301551
22224723
82277383
77893931
123244912
263352965
274256131
38820839
32025389
20969123
155695049
34333812
26047724
19899121
221510350
221478317
231340444
23271358
218639286
244132375
148498438
33333668
251719017
263478977
126705602
256911086
187397627
253968845
256875665
253484657
260587511
163491729
5796972
127930579
259484685
169673870
199877416
27565251
252725434
226056158
21354214
249614116
140007206
89473698
236691012
80081836
241858211
183098165
87544819
203343727
211424354
205704491
207935279
18795531
202324115
167497370
173611374
16269666
198587833
23955363
197347940
191355763
182227782
194861911
26003232
30614361
193741201
18326115
125884057
29286254
29370507
35836888
121373778
65494702
79252728
118382706
14398700
