2459315959
17282261
3281263323
2990485985
375638152
235354536
3327340699
1104832728
1133784930
632541794
3324101241
210269467
81305054
33923443
939078726
40359930
3452203338
197188569
43843261
56486101
127525817
40358819
280596853
381754452
3423637871
3879529523
3201765301
633821909
4144899268
4170126921
2385367472
3414645078
182384817
4001415976
1032534464
256727209
49566762
3695968755
3186453087
76146785
3041490175
134068777
4075166369
375178119
1117810219
564463992
766197372
1904499703
2453464407
282325677
294400006
2915933914
358905141
4017160989
114061536
432783818
791784378
487897445
2866938363
2885067992
3926020217
392168137
65360345
470471059
3245007809
3244116612
3847084589
3289621706
3264604246
200848108
3805329856
504914052
102636366
410925206
3242274185
3356443444
3763449749
3612721166
3309033477
436825940
249204461
2814814771
2785949437
3723436396
240180741
1253199619
3677069001
3664835057
3152753778
3652587623
3644556694
2236443820
191068401
3079851773
3079876132
2150449748
3544105163
2367559481
2573646071
2456223144
3009952814
3396513802
2821269178
3429853949
1665530022
3438773541
2884407455
196143670
2826407005
1066249321
134849576
1462563344
473243484
385379914
3420049078
224022734
3301287740
3311749669
3408618160
436454773
89521045
3307117039
1269576984
23419248
160968750
220271704
3397471257
3397402769
1553296519
3356281912
2737377383
3029067160
237145645
2454411085
1903969615
3293816924
3290056692
796567560
3369515788
3287644400
3365708117
3384754013
14684485
2382259304
3162873212
849423157
1901675222
299695907
2292972535
1569018721
1735056619
3316833382
3369367305
3369272639
93461360
369376648
3362699944
2861954329
3355813895
115832432
511223459
3255433926
1364502439
3314554732
3259971362
144657491
224743950
2446884001
599228796
3263186379
3254778865
387181116
3253903609
2601731942
363332454
544459972
17943171
1337305579
49986132
2333053260
10427102
224961137
2444493465
3251350730
2186178147
200911143
3192704106
315242056
3158979248
162611402
1252801476
3153497361
3313649031
3289816972
240196416
2862988785
945214111
3317266588
3301144215
318156710
3159681508
3065592345
2578388605
820672910
3197972938
3114313702
2686932624
158701843
3014736279
14993272
575922943
30815935
58408750
3080793217
745195298
3287995989
1613627371
2218267860
2649061519
2710038390
3158204060
762504444
794270438
3065060260
3103416354
277371623
107118052
2902062601
3192513738
1589492742
962610378
2270707610
3295455286
2817289249
75469365
570117779
81126713
2902168621
2902162645
1558242776
879161563
1853221560
376448253
3034495551
2718349061
819768836
2865336454
3111768663
2433086970
1581928171
215365598
2320812032
3213785557
9481992
3221891617
769682876
3032487661
3081338248
285297312
2981142807
3251501105
2168678614
423332874
859593630
1095237961
222064562
250844004
351050997
3064755412
573829220
110202049
1099197114
2709980980
2819484910
3165228460
3288531994
2547503074
2813202073
66654799
191849753
1887582926
2172881312
61017900
23990406
1646592960
2215605151
2542844000
1433188795
3087112030
53540541
434839326
2515097960
55381052
117229954
317314359
331733998
495239482
204250975
106983967
3237241827
2166262946
2256490011
69344311
1953861397
2846607146
48242810
2344999183
3233721933
3105845581
2442386668
72345802
556225305
15125271
976461703
3088775315
153544748
469733197
2911626799
81800137
3222293020
187476435
20427721
3105550743
794295906
1013810582
3110983101
3022096882
1039118600
3063520535
20711407
24683040
1695788593
3097881039
1427154781
185679558
136901464
239233497
153930287
2791711213
245048873
471764476
580757058
1262928582
270057190
1854277968
3166096714
859216190
2653803853
308052983
864640951
2688027217
49044100
3120307603
3131375248
2908112553
201656480
3120822760
120819468
2939883780
588966961
3139398334
159057725
172635914
621120522
3110668485
460251272
2287011172
3123695751
334807536
226890990
3124587087
23977873
3118692964
20883285
411556857
2376711962
1625504269
2568550541
2751719601
223436051
402862895
2149166684
3028952947
3092181544
3077401014
384493392
3046074806
252166058
3071781650
342047359
608311608
2714390250
262836675
228151000
168694071
310325494
144825067
2172029513
1484329800
3068715788
206095030
92794556
193487075
3032937339
2290027688
1215529200
525287617
2397423381
546944190
557802572
606199480
159121735
350863463
2715256383
801325669
2765712811
271940199
49313218
207937430
245417691
2220192797
887449591
971274800
3030014721
321401866
3006554657
1281009498
1545991015
2190363197
757488126
3031263941
168616795
52751681
703924979
1543464326
2985752433
3060782457
936520538
44688809
273520619
3038543959
228585240
2265756440
631135668
496759383
51124242
3040464171
101198228
2317333470
2765779098
1296357049
2908646959
3029017155
2771318257
895273406
3014934933
1154678016
247081145
383822153
2606321856
2400093643
48571711
2315017350
460305726
217002571
2930161576
24733117
2940998616
2995699458
902467220
2561097276
2999656069
67180457
252620104
252299291
215123222
1978030766
66280733
248291390
1140854102
2578866630
2858607809
3007995116
2880521560
1636135286
863034349
1130120310
2996773358
35009875
2780212038
2506727486
569053466
2994368692
382518414
2994429841
1399507794
2993007562
2613588146
2919573279
529871427
82262638
2823897478
2888562249
220859494
1220927934
198490957
1147330873
611564978
179936026
874428614
796642134
2373782324
366321943
875941945
20744078
1556674760
2968777929
1611434383
282516980
751076365
21837967
2931509622
253017734
25458378
2965956531
2618403776
47041310
1264688389
2446713998
303517058
308475513
563281155
326665662
705221179
92055491
2344955698
450580380
170999656
2923841603
2265708418
2903919509
2887868614
153734414
339542273
545884743
45075781
1622841594
235204099
2333017830
417702581
2900770626
306892150
616500597
2798085787
2205877204
1663687219
851758082
1480194799
611529945
2496567965
235230228
1965172435
2674096604
1596407005
998806183
2742178396
260273805
413130405
2739851614
366076835
929509435
2834348440
130301404
1543009220
1940557004
1017834786
143367345
2830748086
2646982201
260075408
2439521675
2891167439
832578608
2904395736
2462313125
143132202
2824727998
189063454
388688102
478971727
712530474
503322015
2754921176
2882391828
2895854185
2447809333
2836097367
2379091641
302973699
62210240
608836162
1717437139
2724803292
2860931475
1022834072
1104915464
2148037488
2450226318
274511075
615437451
2811144901
2155375129
2880592033
2881416920
489313716
1153611876
2548747166
65986817
2769727155
325482039
381477303
2846391928
2820722745
2336163538
770371045
238125606
2580388484
25861132
2864399802
14052081
2849961462
1696615327
158065551
208369777
247671591
2849227338
306826377
1654080906
18539631
2427219261
2836555545
2274967692
153414923
2497640592
2664015127
198797356
329064032
476241905
69847384
139355336
17550240
361372827
179878611
2792590068
2598528934
1669933141
46010237
2647489932
2718542572
371105197
2367697488
2347445003
285579611
2721928320
2266964512
1879380037
873445478
2463589794
2824361601
135295059
2465228118
198707963
245378068
84811397
224665426
2360947362
65598146
74493977
2394917647
1960787749
2754941057
709324604
95328979
36437369
64483949
2842436922
2724425168
2802278741
270838773
45522835
2268755163
2780551110
2555106277
500952600
2195764548
395534057
219667972
1486004563
705632532
1870057596
1095126116
2658899719
275992375
355776104
2777774559
268049412
1617784332
36951161
1621386955
2772219969
50611261
2741324143
79981008
2771287811
2226975238
187358538
85951506
742771754
2274295728
25193774
2387342550
555211735
1969454683
2761667450
227773681
2208761049
2340866858
346222084
1724654809
101473951
598142015
192907119
1914619908
1018311739
1195113391
1384996994
371346012
1624023428
2449021285
1489286953
2354851022
1870119325
253007471
636141754
240708616
486836886
2365102067
1439723340
223711163
386120025
2281637159
1909981279
2572312366
445525991
1589387894
2632003894
294498857
305427523
735483764
2551536292
26857202
82077100
67424856
52012272
2641096736
2649966090
836737298
411062263
454047437
572609848
123006717
23193568
39516682
475220369
230949511
933066157
345969236
1630002774
2425951460
1482171488
449245750
724308019
131744327
2714048442
2710721768
137088418
196659412
131756027
272099039
78898899
2324463132
626683386
596234519
2695624795
610576600
2625396983
1637620442
105714254
58897862
2577619521
1593914592
1343775594
18763897
1689427693
1144671420
2664510358
1489546896
2715707811
634415649
1089484470
474839568
169114999
398051848
617980692
386306755
1552958904
2469245556
2619138330
472057946
1376737176
1601952776
570743214
1375096441
19661512
1376763583
453038723
1851675931
242413046
2366799113
499848811
272877579
809352228
179302615
2573330941
2232712950
377931461
179052393
2441818126
2515278907
505679887
525119612
2594584481
1029069528
1492449175
293944969
33178509
163020371
839658086
105157518
1720485762
587487972
1343645053
1377063120
868563422
304973886
130159715
1043356164
605659518
1478337619
160867063
284476780
95609825
718115433
386971187
350976934
770167754
317509310
29999606
1538596393
68808444
58087107
144309674
154558369
59149810
500729721
832684808
314370485
293919477
1099132627
2365713004
776971454
159397609
712784339
49757889
499859682
492514749
483939011
154620469
59075291
913246278
2308647154
471336507
635338515
210009899
2235501749
373986164
28599653
2215819158
943156226
453637978
2189445429
703594810
1114767421
1962337322
2170713705
1975281114
1143102390
204687713
148055882
407759301
601678546
519679484
462959909
1598946606
129044592
914496534
605975484
15609382
197361794
473818122
86924181
44540239
1425718244
22829533
296963017
1327514370
257151917
326262108
137715196
1566910088
218455773
185714863
461500437
454877791
1519068848
570162733
315251351
1203626923
413918976
37633651
1570926451
86378661
195818838
77481182
971649026
37167796
294198302
1446938167
748795268
1318212691
761889096
93175443
188081136
212179407
312462791
76329363
1535090550
1352298896
135463612
1465511450
99578276
831982753
323998236
390643720
252170455
110151622
210771482
613741282
257564712
69654824
190164136
765161467
185817172
1486026900
932735720
1033476684
306293794
165044709
1247676577
206588974
376595840
403383350
227005673
182467461
422268596
277442948
296654262
258876777
234293962
1489014901
44090289
369538147
105101600
351759970
529186143
457771149
1351449343
554332930
274141491
1182485761
1024466984
75352606
59098665
192951132
1436530723
400402629
1252867333
350661921
43883554
1352040480
1002012266
907423806
134567206
1197872124
1408655910
1104066438
819386600
135805506
203165165
358823073
85820385
339608198
173448267
164217632
845519402
378257375
231093325
594573086
435257570
617105688
1098672511
1333968943
701231156
315717468
1289518424
67317673
331667439
331245061
896913522
113225166
1342308018
1267665834
590009152
330910858
221796832
446373313
1223843712
1224959790
396616572
147753831
1084153398
850423682
845223372
223412186
581370384
197485526
131429938
1119269737
1285844078
825636164
436816332
309377134
1274990592
990586339
570730926
1202053561
256867081
218588915
343296156
622698594
905648448
21391406
309999929
280442902
543840458
1292091775
1075953288
344059004
377335529
37876186
328380838
106180245
491652787
132934048
1227767586
306147803
90665564
602818488
102093206
103510143
102077638
703099363
537535219
880401853
87318742
47388805
1131459924
224489692
1147406556
1288146774
230133683
58485760
1284361788
596420414
584955454
1272938797
818164220
1242169484
1134593060
1254305160
1021729314
469428603
458440867
315991839
532190381
1175204054
574056746
1269264109
722067452
219074561
1283890598
1011667381
246834774
202610150
116792760
1243418833
1179694800
1284541044
224369297
705484687
347450894
1284545660
1229421942
852830509
130667067
212712427
286604712
465126400
142113231
320185449
978847776
354159175
814730012
17739436
1148707867
791199134
167382238
242781043
172786205
608212695
38848610
128002776
