1406283914
1584500023
2208010074
527616088
46476526
2467918286
17986973
3081844809
3189256914
536674143
315002750
2821304092
2991592629
3193649347
73725383
1222614590
3983596033
240177138
4242705734
3035837066
4175942698
62318708
4203921974
4176323179
3431257823
4171725432
78361556
1635102505
4102207439
3728625312
33079769
1918697988
218947182
3420721269
2805822753
2201951496
3973039934
3091428232
24203245
23636912
175439376
147351908
263131563
3264736719
3318288990
2747122290
3141851986
257215644
1380034992
3265319037
209132693
2203317997
2522468306
89256416
3244870714
3198441577
1002133868
435150335
3244584149
3319303428
3242232147
3271766593
2602262159
388115898
3372834914
88064029
2572261939
2511469784
3546929657
366051811
3516321560
94070530
2419708057
334691620
444491858
14606129
3262748186
1545815724
2997766520
2364448484
3316769684
14920914
322773607
17250561
3295908500
3382292666
79025322
3378894981
3194907274
529064533
24514599
141863391
3323205996
14104770
118826584
2255151662
3392713257
1259235738
150669623
3229157178
175451214
2695906758
171818091
257198520
3389918680
30467113
3022489399
3207489225
2646723091
3401705320
876037861
19104067
3299613234
3354663105
184391585
618474168
3285778472
147692256
3112844111
3022378557
339213790
37006839
3246529312
16450602
3315495431
2485870922
1721489983
1020944768
2236542690
1265659567
3074581902
3277362860
64280204
3368174991
3083547951
334706995
3070013046
315768346
2427167245
134222813
17524392
3269730140
2447867144
3266462424
2285681216
2904554547
1707963055
78828433
516369603
3255883766
2250546477
2734954400
3253333212
726943982
275572129
1529135160
19365378
607188140
1534478755
235090348
131101762
762504444
958653284
516018776
361113200
482133423
3236011419
3233522111
2977009146
3309743547
248090088
75706915
3043876903
3242514672
81298815
2353391611
256628776
1649878892
624992861
21658581
1063656254
701143242
2253834163
21661573
1256204010
92891109
2729389253
226662318
1702148870
157060031
3110610694
2423206062
3121323334
3292354931
40515777
36599108
3226309969
2351152392
913284758
3195122881
60565124
3227424272
2508477764
3251497637
3291149884
573829220
13920962
1856980754
19041985
95115004
357045870
1265068920
269882231
20649501
3382
48486244
1058664842
3136747308
198587249
15457017
33923443
2893503407
2893465857
2571689474
3110995946
5749642
2289541638
1685042425
24172445
19887850
257581957
2223374978
2829833362
19321506
2860659535
2885582418
2388064016
1140063156
22965779
3066445795
31162892
3227297697
1392598620
6176772
1411432166
1705885393
35036270
3240415576
415298013
1137322874
381286057
1448128436
347109882
2248897038
2831548737
3128762365
153492935
81744373
15760637
2839466653
14645160
1587331
21676980
3171500599
2814676950
2325767473
3058000582
18679159
1875249222
2950756918
59235603
1898634319
2950725905
3110923661
2815408383
380560718
2471614340
3187931554
951045685
389758879
2422330940
2976699457
3219691005
211558953
2977732259
1873820478
7251502
597393994
46138727
994271869
1193291006
486524044
2339314981
2612354916
87952442
2916148626
72468794
28676128
389359161
3016180922
17010913
2919267654
2447773698
1549705375
304108071
102103816
19805321
1569279452
2604068238
5571602
3171064171
452428313
22328080
2831583947
2984378246
131580420
3151642932
2882958978
2815362918
700595030
2517554893
2831542125
2206993352
498392326
17460942
2841216880
3044555039
479075663
2468848387
2976823157
1534785408
238738242
2876443557
205360046
374619697
281807915
366639069
818046402
187476053
205822549
723128030
2342743910
2999028841
281292130
1297100576
14716890
2733614824
71766878
459091687
6978502
831715436
2711339539
2835623910
3084335751
2890275614
2813878040
461259209
1935719742
3106855592
18889852
2219351024
3017000590
3145060902
38449898
2586409795
28381412
50860476
491732310
2902106028
2732999300
624951479
235362301
312392334
2724458108
636757167
3051986939
5664562
2845559719
2893537534
28667639
19512908
741788137
1396378596
95115445
3099331054
2495590862
78066082
1137530155
1572439765
2769736626
204833926
23828110
2317923853
2508877736
20600573
2303459167
172081908
52069860
40787074
394308247
427958206
286257186
14241791
2151619231
15066876
256414679
218634414
1305940272
99427640
2307567462
18570258
446947384
335358150
156066532
1394891208
2618403776
2675432298
3065962522
169634370
1880852461
32468301
2360835006
3090397529
2886759659
174123166
26521047
207592060
2230234412
3102134606
15635792
2657758471
23748071
395249282
414925560
3063885408
1724062170
16404216
134550240
2496462673
318034222
127621078
2389583497
267545912
400518302
2874550943
30360369
246112204
479118183
2580592987
2411694794
19188997
2888075176
3031762644
862011589
248856369
22070580
27715547
3089627818
1154634246
2323123429
152568491
35934245
554669269
2685990307
50516203
316117753
554509527
49269819
3089197011
32187100
2420713926
2726055762
2442830706
55005934
14595366
3057594775
541262339
3071785201
25007703
118952409
25660561
113243765
496911258
910241
164770296
760627100
2944508337
119160368
1203380214
35067659
2797019299
2336040325
2905586293
1173759474
3020223969
287885364
2728024477
362778533
1326346004
497392081
495919249
14634364
1315230828
2513339424
3010710140
48567055
2281327304
3036829861
214768600
2671445317
40704088
18293948
3018362708
611817117
45571759
2811095673
59386332
416484991
2419591040
1360371882
519275813
3012971820
2835549895
1532171755
937452704
43356269
26705006
2982319126
129021223
1525538905
598142015
16034244
33070987
549346897
2937833786
211154075
2697573152
2911305834
2912866558
68187970
310108960
100540270
211887805
91474307
96776708
38932447
2323333968
2278214912
1697292462
2896064004
2157381806
283410201
229587794
16990908
444940567
52400185
1437399308
29069408
821845784
49330340
310071790
115820350
267828695
2835291941
2355369145
169641982
548282255
2854966404
2804977186
268435160
92055141
1483398570
48916490
2517569024
1164729253
2273499054
2279410783
34703413
186084294
16955580
604484393
150963666
926620136
2571725887
39930469
24859873
233401309
1541583001
766221355
1115086296
118937966
102092457
1947660889
155990256
207202558
109821178
424676637
2570070832
1484162798
2395537544
2335946232
198179597
368760126
2524232592
222979537
2256654649
2401510800
22658865
2449463599
87950627
217540212
411772975
272252040
350329952
41049989
2409581528
17316055
19151109
2493374617
73450113
293279377
1158960356
244399525
98476978
1909882706
14573360
378929137
398565996
132267694
132916199
19378844
2355933836
2295568262
2295574429
2295540246
2295543222
477576914
87031659
8740322
1628769559
1957949918
18967572
275323173
381920242
59701750
405152726
55883896
93487933
