4243504617
192749697
4235768855
289009328
4234607063
4041135612
4224777567
4222258413
950899742
4217442917
1567942050
1346929950
4210596808
4202115525
4255539792
2625175775
4196740809
4191224410
1356315548
4236106393
4186149916
4185580727
4184884221
188054029
1218631675
2325767473
4172118268
4168792396
4164691785
4162390869
4161275536
4149946637
214554586
2778617042
4138547115
4131103282
4009051997
4134051389
4131948622
4128289445
4146254899
4124970833
352975185
4111773742
3845999902
4103624183
3232777796
4095259943
4095490515
4091894631
4088687061
4081186875
4081415183
4080456076
4071577754
4075627829
4075277902
3963182656
4074252315
4074294142
4074296356
4073788042
605468417
4068251903
58439179
4058808496
4057824377
2223264676
4056571462
4056306754
4054555035
4045124740
3478027032
3998386394
4037601699
4036957149
118984563
2848693649
4029278956
4025040735
4023481215
4023466863
3987050173
4018648977
4017552623
4014410681
4012889775
4011151347
3973028158
2286806880
3994196182
3978767566
3973640717
3972084316
3970211765
3969923596
3956809714
3964864419
3964926796
3895067172
3957415769
3956889675
3952711996
3947899101
3934009456
3933863837
3861956773
3930197777
3929637689
3925875737
3845241446
3657787096
3324332209
3907859483
3897396321
3238402636
3657398713
3881957836
3302332131
3748238293
2158701330
3744326594
3855445588
889316352
3839165429
3744745753
3744605532
3437793734
3774262217
3724821912
321973846
3719823740
3707654532
3701413093
3695571974
3695332933
3691717934
1604356004
3660138870
77736222
3655843152
1324181202
3602062274
3546722244
3713293396
3579680954
277447166
3606217343
3546279313
3540715154
3537240312
316589121
3111819799
3515034193
3606527417
3597570197
3501583212
3575675655
3457338138
3447051918
3445516813
2864507628
3187604430
3425870052
3423778753
3423381559
3423221479
3415615465
2712796918
3405690858
3312920610
3448590555
302907289
3328672374
3328254277
477461309
3327081332
3305798767
3326231617
852494162
3323488550
3324573614
3320332219
3322564020
3322426544
3322365500
3322057292
3319973588
3430288678
2806796394
3317403516
3316989007
3310989948
3315883009
1897110559
3313467872
3310741074
3311715632
105082087
1334146243
36405978
3308449370
3308470171
3307947852
3306923084
2700333709
2918029352
3306833694
2189983664
3304914822
3303818376
2291929270
3303367249
3302862793
3301632570
3301684957
168423507
3299736038
3298313185
3237599288
2896294434
621561639
3285003259
3284593214
551309001
2403963867
3280390261
3279690344
195111687
3277378166
2510085246
3272842657
3272742014
1088591743
95383781
3270902342
3084291979
3270454873
3269850955
3268885123
3355742211
2952470234
3263571278
3263128782
3263221711
3262771238
1207053720
3261546619
3259947446
3259284488
47898466
3257193384
3255950622
746121692
3254961620
3226949436
3254341518
826855710
3337929213
2277418655
3249910321
3249583441
3249518768
118340735
3247503355
2758237467
3243910994
3242039546
3241283660
3240530454
3228301010
2903398393
3305169885
3236782176
3236809250
3233485418
3234825276
3233786364
3233278208
388897984
3229725889
2330609264
3227740142
3086349344
3195712638
3223328077
376714768
3219509629
3214616816
3189109123
2807158588
3196994161
3196490257
3083795638
224158396
2340025542
380348299
3193936086
3193481994
2449447567
3189115878
2280302256
513225214
123018560
2991036325
471587354
627431551
1877338524
2950712795
2351131388
3179326662
3179351756
3178676820
3215498327
2957386490
3177645373
3177127950
3175775402
2985013655
3168743448
3168560905
511333886
2517019761
443427668
621583242
3069673297
3161345077
324297754
3150142704
3109655876
2737995164
3145722613
340909339
510586591
2933201862
104712198
3140669514
96108877
3096483985
3124330537
1141990058
3080890452
3099199496
287885364
240623272
1193235108
3109948417
15210670
182161795
347209398
743856512
441593209
3106733438
2770965272
273425632
118629941
3084664358
2877899282
3017153255
3011975982
2303089323
3066285620
117892515
2983664040
3044177220
2880861979
3068423092
3056938339
3056124818
3038949487
2355715618
3033028604
3021115292
478264926
3024619658
351437549
2812481851
3018279783
3008987665
3007686307
3007164078
2937556910
2505872883
2993670602
2529034176
2566587336
2955090614
2265174075
2980052349
2898175963
2876237423
247332646
629454341
2966803897
2959433611
2908206823
2940975001
497273725
2941409961
2451111953
2797461996
2939550243
2561729012
2940562800
2939061300
2937194634
254067496
355664275
2225384893
86679131
2740563896
2390723029
114485278
81404210
26464386
2909237379
2897820705
256117395
2917642825
2915895643
2912902369
2915591946
2914689828
442043467
1086747608
162120932
2514469779
257291624
156280062
2906057058
2903715625
2902009009
2901299209
2898323437
2888557520
2857040219
1320363966
2435310924
863726292
2867769751
2874015624
2806004678
2869335403
2868661309
1448466830
2543299579
370593715
1564242380
1248558708
2807772855
2841226669
2760389855
1219348778
2687495330
2835084686
2837447076
131098980
2834187932
2824259496
2824890168
2822067469
2773554317
1390415695
372897933
29130296
2813338710
488460097
2705416453
113633845
2808641930
1488250436
2737232010
2487553436
2197845154
2761072543
1029089534
2330224651
2743903292
2801895451
2801384977
1172351251
2589538488
875242890
2371398984
30665326
23844021
2797580184
2724602552
257589996
457361103
841339165
495615774
2791811875
826589504
337224983
835871496
535881618
2331448189
280220375
2794012590
417658733
1151533718
463978142
2174357695
1890525224
338155098
2546871733
257618318
2568671305
2785381646
2792185586
2792229210
2697549349
2787710334
147846373
2784279781
2776756686
970045723
2360105695
1339596007
823838364
346878282
2563656001
1267132687
2759849249
393850026
566489482
879716478
65613594
308791018
441312024
1665404540
312471952
2523272389
2523306686
2785569127
2756462407
2586817736
435924195
2219410319
2788172832
1219632176
2739171452
32446959
165669115
2789451642
78134431
2512869105
2696856902
402193811
214730291
2635264434
832287554
757857068
2459642069
606439251
2463423836
1006237058
856851625
2516936155
2254150433
100669987
1423824241
2514420375
374035986
44126993
1467504109
750318019
967051050
2179866280
1190340589
2786859589
497459257
374585121
2526960632
2288625106
339028650
74086585
821505319
2475156877
2480350243
834276516
1321039964
2522010415
2451191298
786341719
2189980528
467240607
2741542118
2760997478
2784716203
1705893494
2667627942
2585020825
2786321546
2459459894
575688457
2594017464
2600780850
18327724
232348715
1434183746
188970040
2149835438
2597086046
2783176248
2165947767
85657467
2258218458
253084180
2748356858
418286283
1462317296
143594674
2433935083
416442276
447225706
1102501422
1322007348
2671365594
1651490911
2784109579
2357176112
2783806950
2772721374
406596192
784013142
2755921049
1354567290
803169206
410178313
2513972986
115140947
2405219435
1429853474
1221266119
2521240417
2485362002
301021198
634625825
513915669
1123390333
634840956
1961672052
2781181608
2179446889
1476677652
2781115542
2425112872
316335819
316053854
1870189182
1870033752
2743891117
1590357092
2521498579
39540686
2730461947
107858729
1636505364
736323512
128615451
2748560057
939676561
397257764
2544076844
721934587
501132221
395465859
446012079
496866030
1704352542
2325953593
113437820
2181620206
1533284294
2678165906
470295780
1925215616
2694272246
354797926
710182059
907983152
960401869
404015430
713458082
1536469418
1690178335
760444334
1657785090
2187228601
2189990311
2591587895
585261148
916522196
760654244
775817916
498968946
1884474836
2560058406
242512597
2763318295
2476879242
2485838304
2478383108
25541380
13361922
398791609
2295993005
1329152737
2307381042
352627368
198477011
2778046261
1178549654
135754825
1919350406
2405333406
2738892331
408100058
394975971
196183528
2323840605
632141387
1611683347
247718771
223622738
755174436
2776934864
2479727100
2476968415
273124619
2740114236
2607699289
2478400466
2706925567
2479739418
2674074123
1914772411
486288760
496126709
2231220564
2450839006
519533847
562393599
1525839080
1655809951
256628776
151015135
116909103
385721200
404177177
787598161
93782417
2391392835
2318838961
73986605
915931760
2769852786
2766846001
328864211
446506935
2761652990
303122120
791385314
358847980
53352736
385531180
545927594
16814500
342603334
1126331318
124827833
153490795
389343690
145791076
398770067
2740083404
2733937345
291666235
2570808086
1629037038
15801295
2733331615
2387240216
32135630
2728701829
2248136970
2726011753
1887590629
2447341464
345971761
2534526672
126085826
2722972304
133044732
1328497939
347385465
489129741
2721846067
1033499930
954890564
2690382858
2507988738
2466174554
93645412
580175227
133128555
994293373
19512908
121678178
1339721988
2292972535
315002750
36222493
50971602
19068720
240791948
100046697
2217428842
1123020864
180570995
20612535
93163171
458794230
2234217468
575772624
422172516
2716765252
842483004
51842336
451057674
337374913
915828438
408908347
10971502
1551263370
124375048
195747980
16702542
39047949
22921836
257226960
855318870
311154407
2658614739
592848274
377925880
465755291
2489478499
481082796
1331651442
489941400
619602908
34569160
599762946
1643159077
232082625
2288972707
611959284
226919863
145353843
171785957
233614681
1649550487
25334659
2429005777
316181803
2289993173
264775322
590839765
54429309
2583446481
593676580
32040814
1973918671
1643270726
2412814124
16264803
7540542
427958206
41417878
323918881
305277457
15175819
14505871
444940567
1252806792
1364717372
38804737
48771393
280826651
260340277
17877864
2464039092
547232187
12601142
35767916
2653007784
19108842
606487639
2648653183
2387604200
19491657
2696050569
85392905
2422793082
970942356
490236640
1605084428
2372247078
964452516
65787154
250043605
2587453363
2583502380
872427169
1106950561
1174123321
2573344604
1376816132
1376787283
18966253
2434593806
2434200631
2435131855
621893
1531895832
147234657
1541544624
2463978716
1192149937
393255724
2411925697
2231232337
2354962052
2343258362
2340966915
2341471728
145904837
635468608
296718013
2250712511
143761563
137436029
2194239234
159035590
2164204477
1610248843
38651308
1661714143
49184622
24416127
1622796241
1621049468
1605029010
117026662
190373019
575019634
1591666033
111281772
1579168159
337806875
1419092521
112658939
259339006
214960257
1485393133
16350971
250719254
14579415
1005748670
1156299577
345398800
224597246
950316883
94082123
87144876
710887674
169332137
440695319
90725320
49945952
100698131
353647971
382554460
319944024
230297114
199329268
162653619
161665460
156536474
142595515
147271567
132135656
113691830
129391642
112402938
110990927
91142334
83943502
59441787
30190048
5934782
24758182
7703
