53898323
17536486
2848543927
141137711
479869733
3238976441
3158280662
28083059
1622790582
186457332
2960585254
15194086
3316404560
2744776787
62058481
1407751747
2922058187
434259718
2591467812
2923170436
284031415
27453762
3779399427
2891227775
2316798014
598612474
3825586756
3908597052
106503346
3376025195
15064461
3274414162
8820652
1630543472
3022974200
2718959881
3070091900
2767303416
3242827521
2516411
277915005
57753985
54481399
1569842137
17641457
475341396
444240428
3172668701
45847989
2256965582
315651056
4100803235
2961078124
329254344
3387871373
552005607
279414166
2465146394
95263650
2148275342
18185124
4032870013
451361168
39651447
3947874749
24436600
105669501
138102205
21360280
22312316
400524509
2848614079
2881927170
3390799744
942613092
4063254712
2861752739
3813408863
1335987062
2315253247
404723341
257134732
2552366984
2653059480
494139095
2470933963
3950206874
23134543
2201600588
1092089610
3292262444
834998532
3188232602
304399481
23786612
43669434
25712530
3635227875
2902176931
2916148626
2457899432
90623752
17032810
3871224737
3022889689
2793396073
3078474836
70630070
406153137
31120672
2271979111
3587183242
239114352
356062765
3283590708
234413416
139565254
16273972
184391585
296879022
1584500023
2427828283
3256787588
227246899
2924591448
21368241
1962610832
2458188217
271996018
36615989
42417984
2199642993
2296883310
866967396
318182232
524239398
14786261
3234621781
51976275
3161803394
2614771818
245520753
2584044030
40297251
70398531
278598227
478440185
413299534
2340058768
15161715
358039647
2303133834
1877245218
2950719658
339095195
26968702
14518588
2811423158
2662169437
55570623
216292057
394279338
1629244514
2487960978
2349780050
2369467405
77937642
628774474
3039754689
28582497
106580586
204637107
442026511
3156840221
42609957
175366678
14155372
1446389574
49709505
251658212
105590714
291069258
2260150651
403018261
34200741
3111353193
28207516
902419718
2572537560
31647336
227423290
17350542
2731983715
2889131720
2734702540
2589045182
3019769506
127320316
2755291435
328990309
479758700
191029020
2317661245
2884055089
135275600
360562509
78281178
15824108
1262387654
222138367
16851798
1446281586
389359161
778852885
2875797093
15082919
54514059
1907949288
311053470
215309395
905960539
2986609046
46109538
712346412
2165062038
935375786
186642255
877193461
463738558
3035720080
121373545
307753350
2967867342
30150841
18941217
1225775714
63447569
2667052088
356382420
2938388859
906884648
61697242
422071123
2906617240
2587641666
225505450
49133000
2574546301
2831425054
2801211176
446453251
12019042
2544710799
1436715108
87228663
4489431
208895287
1296402157
274924051
