1599624571
1600754611
172447168
2819825355
3716862267
4146617957
2777408663
1658661043
4068077895
2565160964
3999759875
31499835
4221772984
76966092
567215449
2496723540
53225826
3003884199
3392221925
2908615091
2992834753
3987488343
3407091101
2346523514
2763700131
4186912228
3057906587
3314078135
296478717
3396677151
856723315
376208837
3436797639
486415627
3982934237
7813122
132904454
316385362
16292216
2588241432
4112838746
3087452268
3622785435
2266467438
1484298620
505104682
2961808396
308298468
4134276401
3422641992
3369466966
3102371773
3427783954
2277936610
3131452085
3252295207
2979449114
3421684935
3259546268
2767101807
4087291152
341893905
418715165
3694413973
127743305
132748637
2253854995
3400525157
2880371783
33595209
73456257
67147382
422193662
3791650577
1468975752
3535196533
411717972
481359193
3242905940
415953853
24897626
1521060414
3960342873
353662382
3228309841
2787418637
3003758967
907099237
3174502481
2856593803
2436823431
3943174654
3501762253
3038242210
1702160214
3378172462
3872092272
3857250194
2452009592
26996018
377501589
3586833914
182770944
2890130472
316073370
2994847060
17861013
3418045721
3316692743
1071472142
3222599381
117577628
2993740296
3286182648
3232122422
3646930699
3042254839
3305856487
1022978155
26496457
3655643954
3409021659
3633963391
74905380
3167288426
2254397996
3653922680
1249763118
612505356
2667011041
3778435041
93698529
375473165
82821290
371152073
292564378
889357297
1464230173
22166269
302725693
417759832
452637226
209864870
137822015
97762570
845701356
2983325414
2578847162
3035199522
228055548
1020827605
341331166
479065578
3528513616
3191175489
388660893
2842639175
2966023356
541140135
3613420212
1003736617
3603605292
518744362
2267615293
3579204014
3575968512
3602098096
2893220417
3338399779
3605441592
268199864
2472823418
2932764352
3060544248
2284408604
151379262
3233840064
1254254670
2379117206
385125725
2298747133
391658776
3572835132
3614169557
403894948
3369809267
1635949766
2945099164
551437113
3355853111
3149172155
266529063
3466400725
3262263410
3443013794
100091969
3054438635
3467540181
3570900441
2877254364
34361010
2442412430
496523323
3322707698
3431968874
2523277369
2876507221
1528693590
3456621438
3148511990
3235490892
3260309335
3448707080
500391228
3412579077
3436215258
592181789
3417056294
3399807734
26062839
3374034314
3319287442
3239459972
3399195193
165508283
36087961
3393406094
3448260856
3301592425
3154858474
165848062
864237775
3395734425
26366374
3437429715
1610216311
2293045572
3241062135
3082269030
2774573955
3022284117
2615220799
3067231599
2959703069
3116064113
290104072
1566209258
3435019499
3203169543
2666936809
3382312271
1470459632
298315844
498354556
2996671089
2377203331
588559501
3401920863
194186540
3410880027
3424591413
3305833152
3306629732
3421675636
3083040878
3310186280
3409803401
117104543
22714413
3411346750
3400782513
3107087993
3068589980
3060590858
3395062913
3261408757
3277760702
1615273622
3311947475
490934047
3162402996
2853508181
3286765440
3383824822
3264491772
3283676298
3360883071
2910899781
3243936846
3290704986
202307450
3338142964
3359113035
3386351716
1661249780
3379438127
3379404177
2909466661
3369604827
2786234967
364114920
3281876918
30231573
449519269
1392405098
27904333
447405891
132526471
2932872344
3277032612
2260150651
217835091
340288589
3262002919
3366881685
3272084941
536804825
3364491243
3270272598
3140792804
872844068
2986257366
29885234
2572342952
2724134635
439633671
246654553
3352692701
3257539772
511034798
3347907525
1964992333
1035469526
601531404
221254664
2386386138
3258482994
3258581599
287550635
119006580
92897787
25382000
2428262622
121895391
3060448416
2534412855
2212319031
2996008231
3251181799
3254151553
1367363419
3337151801
413687109
3325740424
2887251958
3328045871
1287296934
267577716
3258887128
3242937823
3238938708
49783954
3162666907
367522174
3237104737
3305626197
1710649668
3005476834
1645986931
1609319540
1362569360
2449463599
69801988
282300516
2388255060
2874198561
2476497284
53090314
3219064824
390279677
2785343448
3001292360
3241660005
535906193
3237949311
240364197
346913548
23693978
38083464
46164938
3031031189
37994482
309904571
243284050
3206406077
476362131
2883457623
3150681919
158461656
808244102
142645756
3138365951
794667594
3130396768
1020632203
158358696
3096371300
3113323631
2959178342
2291022031
2889047401
2492038988
816519391
134673901
145118272
3078056157
2478402168
551240518
2878691205
1547899958
55935570
610144516
316567226
474104115
1933042237
3062975943
3652741
76902865
3048415017
3052677371
254195953
565214599
3011030685
743992885
2573021912
74779799
3005682898
235850874
993029425
2920588487
384454475
138184181
1411469293
124239647
2251274407
32171676
2879047345
870174998
2975445767
290535703
2993898365
2988689403
459269265
351100725
1969946888
66558817
30131423
2326377866
113939455
1009339525
2927284436
2458555986
2901411589
66910810
512696125
2501390172
2374688695
2608770817
782798154
1025880614
2606806459
2929308215
97732452
323998361
611817117
496495582
128987699
16696584
303550261
253629380
898437409
190914469
832363021
2931829130
342563218
346670570
226804984
56555283
312211666
2283219948
2705458215
938198712
2288934151
542950549
2288968670
1014630782
2288848460
2288888864
1278015624
612569570
1157919126
2563556476
473632441
2840634629
1357380378
207815948
2875250885
24457210
172842031
2872456895
2739255363
1142907997
2848877787
2890152764
2824255642
2867001111
2823052713
2740091941
417432965
2858136485
1463897504
1345743877
2820264068
1711161913
2854965772
293204776
379559292
2858934172
16151935
35934245
185526734
212111245
2645680074
142794309
2847528905
131343870
22781679
104367991
913844090
24133942
2841295342
451085718
636607751
2832985700
2838689794
1519145064
499202239
35921025
2801865713
348751699
2294430854
2860789086
2474118860
2810397928
850119020
2854713312
2547165882
79847912
324371203
356800793
41842907
2854616060
2508225602
2724153013
493233758
1124212940
2347442280
94863417
263711547
99144994
2730435934
464064298
316130199
2764834384
39940842
26166903
21309197
2235624752
69362672
2829926504
425108313
2454714289
1048679066
56205474
2540795418
84989902
71749168
54714318
78144481
2783790442
96894818
387343930
3924691
281782304
125201952
523931286
37599351
635120367
166211200
1358439186
2325754154
1563005659
2649782054
2360161799
1144014776
2474820343
17796143
301074626
2324034818
2345897252
2614739965
81429400
109356384
14540659
2753141977
2345556385
405950146
2736180132
67097496
2742996107
87403396
2578893744
437910111
224673683
973567159
310347276
2336027755
2610054877
2591059793
260446726
322391642
6354552
2691203154
2560095348
2670860828
2247975745
2617467576
282772012
585893554
88021387
2360616955
18566247
376458903
34165006
2593613958
18512945
1005143365
23155212
1870073222
486058075
2289476006
17897859
1399487250
14390062
2168415412
1928973356
305600783
2385440700
155051405
1954293848
2369942922
144193769
1013295836
1976860513
24915638
487515394
459633341
33162374
526784044
221800669
2330729395
253003192
855552331
108781802
1461869209
2153445493
2580832185
56578354
2574069233
19274724
2242844569
354809515
2572921144
62035048
2153190545
23487853
480947637
2269499371
302066953
1856922608
1244485171
722423906
1842178152
350058703
2329483219
278098811
126541245
2381339140
1472119237
84485541
14228488
590959103
57226715
48799275
321235013
30747766
353293077
24958827
427641235
57440214
223558399
1035737274
20612535
284830534
291343180
915828438
26877811
174675456
489571577
601492920
250346555
16848688
302881437
2321724534
136798160
895853653
50469648
81538015
101087251
395592670
464417781
2374044230
2378150358
18735040
40101750
235140283
1038620880
434617428
286233279
355250213
1423948466
1247065532
108675686
2345804289
1650074533
266420236
2287579856
1228429394
2253805907
471567741
1087039771
1253312389
39620647
1568950543
45292573
1490861336
456949179
20652415
860633720
1488322550
155083288
947336779
2293702999
2319407869
388559704
2292108654
1123055269
2298095762
2241839324
2285964661
2275108279
2229576031
2278686818
39891241
223589664
2170541840
898720290
62228827
54642207
2299927285
2217370364
1596845180
1945131289
2280827779
2301014954
570390582
42170658
62308980
1724244534
248892136
530811442
2187572912
55675061
28007844
346705172
131299841
2259374900
203735730
177390396
206995042
856631744
90998709
50077602
296484519
284894057
312983004
1107651043
60014473
20711390
2204665951
181757845
2181320286
2175226721
1939832064
14240875
1954349138
1568955655
415938253
1365447032
41763618
116603564
1557265118
1480588020
39930721
1747102015
1859625313
1670016811
273577565
483367807
1720075596
1053248917
747767622
431965048
886030200
1641705818
934169442
486335240
66504422
25537519
221623221
1495798076
578321883
308155020
352478971
1063800524
902705496
879850189
353987695
1466255101
1459762872
147687361
289810591
24589195
1354564622
33937662
990073939
322868959
219117141
389712982
293732413
1363568419
1226192604
1314663974
1330766270
20426530
139974630
65237724
48761924
347621060
17371730
16553426
225092494
328686527
362603056
1002179606
1069514190
318871871
68597536
78432197
1146218816
1214205331
1191783829
15139422
331377552
241366427
830200062
515018282
97337707
43194769
745268251
155956310
33096515
228860548
1082166374
704324695
1075361378
827090378
455369039
842950526
924101588
28138748
349760228
183679544
26304307
74616103
230927249
825582318
28695912
568032922
808075166
50727808
334913571
37696423
970533582
85090986
443902313
417649824
973226916
948790278
20538768
258174099
13454682
152489625
370338998
123998510
846391597
343475667
127899235
356510017
40068429
123223273
914525670
119332868
469829847
935261131
15431854
273156067
306801293
871597694
911576348
96845373
872584429
192061469
557664456
140926955
197898723
757393956
363914298
872712655
874022112
61848512
881486166
149629826
296830599
832275114
89600703
855489613
332326938
453869749
46287824
376537614
849386731
837057685
14408727
297012864
398927381
16971276
547051352
334487764
20536040
624691009
347555471
89467321
281725925
302967450
39186009
487394170
166665759
24463075
284192007
57213267
400829780
507025919
628630985
364607775
625772199
342153388
414523530
226508798
587216696
105839491
301699629
301687295
17134789
21817608
200739963
337472609
32407489
266336887
206952475
448995022
159969384
406499802
289138376
17879681
381929020
284183901
537960256
410571707
39900954
364932288
368428109
364972974
40294596
410096481
406627386
197178578
377656003
373047480
547305518
245642045
366639264
305398377
365737596
24891292
449832674
481682677
352491635
365458261
514364043
181332016
159853609
369628406
473422870
78795175
24690542
227933266
93100491
19627136
493932633
51896731
376511195
188784724
479818714
498740476
271693969
330596834
331234974
60937351
210207387
358699643
221179894
422341424
316788034
237497205
388625105
290232446
278228947
284234499
402983962
393768823
398909275
8353042
239598283
299252813
386171311
46701855
96455482
348432688
159777716
19639158
313531451
80606641
68286594
24028146
31187615
30907472
24011409
60694754
93848954
19008207
174902962
156658603
15983907
60933570
34743307
15947185
40578627
