65232726
19609059
488945440
14993272
117147455
16235453
2977957968
2287229574
2245394904
2936393773
3971101873
36405978
409085124
1058505619
2471614340
30113303
1887590629
54076363
157116541
130748033
2201782562
49543764
1246236312
1162949077
3464394313
2474517972
3356516233
2178739196
21019697
3424295181
3237276342
53760726
3282602155
3301075181
3399274497
23103448
600054734
15099904
52478458
74801995
2426686183
20214495
456071161
1223156102
921910992
3249061242
249844569
1188337032
1065008606
444073840
281699549
3186921540
30815935
2918978456
373439539
62724927
21284782
30574668
3141392470
2398734662
2950669647
50074555
227430010
768832094
2903560105
3109250654
2838424243
490966460
475638518
2818888435
3102269358
3019324184
1951720405
10340482
355342969
442317025
449105166
24714450
26693861
21115549
805572546
20930582
1605416024
3044955188
33544235
61326316
3028354073
47544999
164404027
3001744441
595654111
131073884
2983228592
2953325356
237440434
975662882
2495310763
2601253375
187057762
43426996
21123670
2379513330
424620937
27154078
1953327980
151318597
18268819
2711143268
17794605
2855745676
21332725
740191476
2712278636
200553940
746831839
136337303
89482280
21295901
2810340106
19848759
2350279057
203253392
2308445042
2571664124
84897848
493191570
557752682
18564142
88751616
240710103
2788105395
402576121
1660910563
190855690
261401946
52320506
57543606
1101735440
475174694
307615560
299437519
14676335
182180926
2675004654
891937190
133415112
15290609
539794743
860584434
569567709
2374494194
1338844398
2657925080
23150639
526740944
50924522
2463360722
34173095
2693860406
2231607734
2177190384
1653291361
2401849962
29309901
21917714
54072504
1728128005
979375032
2357436488
201486911
109059052
621293716
2589864035
2318801678
239538340
1193411736
16125723
2569324974
32558191
99583799
2477124824
96750689
15211944
533170769
2646720900
501148382
547143020
72954673
68767216
16594953
21696518
40169925
2205881444
2565735837
126659509
21074144
372537729
882657115
2595277291
80469382
437638993
2523615366
17717669
2400470564
55463480
130946499
17459894
2482392361
130888959
52180914
217189125
2285664540
19511192
277303219
359764963
2564592517
38074336
371089723
314674202
68290100
45132254
2555472026
2511428166
2559490638
65287877
26363723
2484601344
2555535001
27379870
304762574
36902756
324575202
27101062
165957664
124573010
267449695
200648997
632064923
20887386
21384465
79280811
339434241
21032053
713160266
427461095
17626854
2291694174
29520186
170281084
23813634
7379252
20939592
78534830
15458277
274333194
42971403
2179078237
390306162
874394695
505076235
