3265904178
632489982
4068361198
2837307315
1908042902
2208282312
3321627352
2969600831
3671626397
3814286062
390741360
2992977910
64459042
2933208374
377988349
3308528916
3265782853
3569689812
3243015776
3017139303
470088276
3166403324
2383469170
1617980124
1281507920
3009204005
87403396
847553802
3364635466
3354534375
1247961288
137342867
3263155430
80843471
3248649861
458499332
201144819
327975905
3332189105
3168554928
560222650
2160435565
402517679
2731898671
2253302336
1647831012
3193585674
2250391328
3153679463
3224762921
993250752
2793681796
3032407756
1337342623
2622091519
3104000982
210733232
3053710041
3097968494
2194355743
3029871221
3074101337
2365605662
3058580537
44320705
1343710538
3034936355
33923443
3012376398
521131090
280953133
1912261868
172868012
58483221
2360567024
2460704067
2317184569
596031055
24123011
2956691576
2886160048
2950067993
2944757221
2149193336
992807286
412215417
2797717778
2322934346
722394080
2903869139
2892535552
2916406441
1320636798
2860666067
2461015772
142628423
123576946
107145333
222653487
2789495366
2817744301
2386239474
2339585832
2838921551
2616743935
2839338349
307850446
2438268992
2888871902
1889483540
1716682922
255523629
2645427398
26644478
71494517
23422300
259660995
2806768950
331325450
136511999
874139922
1131019596
245520753
2726177040
2739757410
533681712
2317851128
435241434
2834786656
2880343393
2726153220
2741001404
2726459976
2765922037
251296158
54193038
2741090648
2762466080
16897711
2765763876
2194831182
2827995270
2377056732
2817716112
2761398252
27616120
26251434
2768882126
1356478718
2645516899
2709140108
98157931
2857375346
55661434
92033632
993346796
180408578
1568041687
2612830549
2794416541
2765851502
2305880563
1027411609
2830419626
2836887776
264734753
1701593610
2741787150
2812860549
119228939
2716767576
41649851
2687623663
2360815722
2836467834
2443627381
28471425
2230188942
110660594
149080610
1913437940
517495068
2397615565
1452600648
70732867
1593874447
2777746610
88838749
374522710
2723894868
1541526438
338786889
152446437
129398203
137365854
373006092
25645004
2650194066
2613358975
385823781
327028949
2583815491
182314545
2473611194
1953154513
516812364
60834750
270358881
142982633
14395912
168359138
2558043997
