2799712307
4141065023
4127774303
84131283
3727294161
2395848612
3562507575
1137025273
3505568593
3080324328
521869951
498954833
1013053885
3455063056
17440782
3338885784
2757643208
2981952809
2225263008
2354136368
3284599262
1730745056
272371831
2861301944
120642874
2931343916
3269372857
3360025283
3101877950
3249594512
3277292484
3090780889
487781391
3253403455
901979516
3257604306
927891324
3243236886
2417248556
2784482990
491118823
862956140
2959544887
2273987565
3103156933
852553488
612798891
1582931857
329487657
560818391
3002969252
2998665314
2992898628
2760433723
2885391602
1613082252
2922570175
409098253
2916333151
33923443
1388872364
2894648827
2877779642
1175560706
1133690341
2243723136
437362576
434664361
2580629028
1974521550
2784436110
616045100
509095080
1493714185
600018625
862468404
2753917429
2570692640
466253417
2679254693
2288969574
