3374899654
3844783576
1618025827
3699381273
2760676375
3504397460
1494296809
2459430194
51684922
1220416620
2950561226
3011537888
58559649
2604068238
2920733419
3301967552
2260690748
32856634
372533798
1155129542
3295095319
3287592421
20581322
3342373455
12683532
463774592
111092283
2821107808
561065254
43218023
2997634141
33057154
273661708
207821218
2896316156
21650998
3233813647
54489389
81346455
2486966261
21211674
630142183
38418740
110335113
34019431
3088307029
122896555
374623667
19495215
232282275
2296557409
3090471961
461206472
2904478150
3068440921
18679156
15589016
20066614
2903931902
295507259
2612087520
16687581
345552831
51325330
2997861486
274024406
2990653289
18083786
55189184
372415618
57401140
163207229
29958848
1367676804
294793
