3115352026
2208894001
2180234989
182384817
3980587221
4124609298
3145516171
814127136
2483117419
1268059507
208139326
953895853
2980820929
4180413072
38912083
2345717502
513413972
3327382412
205957912
238980792
3152654915
2915649510
4030230014
3302089289
2402459364
3741134009
1031592674
863399959
2619005217
624300467
86868062
1523700259
3290973322
3316402226
3327112681
3250904386
2492762390
3026636968
3290192106
1102607041
69421956
3411818428
2440560533
3366868625
2966628476
1386061003
3639537794
2979796681
2539577030
2790560472
3640271240
794641711
3124839225
2996319541
569503745
2902162645
2452629054
3240765634
2777381646
97315431
1713618798
3825515837
3665810957
1033534807
1465030585
1337801605
844685832
2366397027
3639872538
33923443
3318036292
1077782491
2749180515
3553049600
3635324840
3639539715
306239603
21874034
2946287874
3660027259
1005283904
1945531182
2813862414
197931768
3562285223
387718620
1964286157
3432290709
2889847961
3653335343
2339816842
3223623870
3305640746
2860929574
3509768353
2964683824
3301413725
3363849574
617580358
2889012624
2451028977
73509664
744037788
37346157
1849046659
2411969960
3428376293
1875629804
2169014941
3195836132
2386263740
2269773409
2896459434
210918192
14125882
2536031308
432832791
3269298842
510967688
3395471458
3390340659
617461736
2509126056
1609216914
3382571020
2730309899
30160168
3360820372
992206129
3367564540
65257560
766613934
2853915068
3228622076
3020336250
1047092454
557455977
538253536
1420614090
2764368728
3008689173
2911082735
2996963357
521078978
154248457
3002271682
3000762982
2873648827
