2479307436
3947928856
1940097336
2867973500
3433902837
484947358
4041020653
4041106693
3904071326
4052300782
231094495
3223717740
3220910876
1606506307
3195868646
3007449270
1151725669
2744598483
2464297969
2782263868
3029535089
3022263762
429276975
3113377745
430192464
2398661514
1131362978
3076435902
3064325532
3016226169
3051535890
3008866936
3010094888
2886804252
2561344419
3030104069
3016334058
3004319634
271387352
3013298514
359325473
1691084726
3017167343
3016090941
3009371874
3009374269
3009468157
3014802375
3014384877
3008839574
3004077362
2971949890
2864025609
561811012
3012102796
2574806636
2892603493
2990546821
3007636296
706715977
