2895152668
3314233644
45038044
3966635058
28953166
112373633
61373007
14770578
2666561131
2536197165
2980387168
3188268307
3916171032
2484679148
3230528146
3703026737
21064165
3144409612
3284018383
33571894
1690176236
14120481
2981528589
3308316659
3033789036
3026193592
305818709
354759709
3408876909
552566726
41196385
3740826141
3671572695
3655862836
3595340055
3574510756
979467036
869575610
3365616879
3229119704
2288299070
2460042668
499982248
3318678855
17118180
84831076
466050301
2327435180
3335876579
2728273351
229690021
1004106110
3160541916
1945166635
2898975332
3168034975
2382908845
36636297
2833200518
19508900
2853550123
2869296973
48572412
442022120
70451818
3011678563
24404041
278098811
2975469269
2951913711
19380743
2946760848
2942402384
2874503388
2885656825
2878900380
205178517
35250929
1949330874
2905755974
80957643
820385893
2876012452
808804213
206382301
2872487858
2830202327
2834695894
2722425888
2725629898
2814848288
840365899
2801875910
46497454
169179203
1979484936
16414303
39015572
25188406
21564487
138301431
20210252
23710635
2451028977
189230583
31413416
38364075
2500576068
308634684
18018768
331518983
201132090
411815470
509185272
543982774
1636585621
257130942
28877948
20696932
2228616604
1431531048
14629215
2180875711
1529152544
67157378
489785687
1922267820
15707332
1170319399
18908042
1637243274
1101845852
1564518854
16365676
1540157262
1468274647
1534207502
866978678
29197959
104247641
1431484572
401607014
1148460132
25920053
1037592487
802631540
20818561
297364906
434487222
812568744
74184915
394776489
408147016
111410020
621454669
293432179
71045896
405162251
265253343
499864139
40875460
588597608
16046959
540917721
52166672
559371417
493744561
279942911
556569641
33051095
536887139
531548647
350141627
272786285
503625735
460087266
455397972
460022551
92185570
219465451
15858135
108079867
166015579
18655633
284046390
39779302
20082966
122870650
17092592
237565175
63762701
12611642
229760078
222967944
153165112
183720106
20273398
17625397
208764388
194052156
33848503
115933835
1777941
17427749
90979380
97006516
37414282
96642867
93711801
2812851
18400561
83841387
81706845
11018442
78347378
24041572
20576115
38108522
7428362
76467242
74153934
30365839
73683094
15174960
15410670
18907333
19042940
16581863
14239638
36250453
20651402
55338862
