3930352640
3979340303
3804790828
3864825976
3820133439
3448260208
3683301325
3610640601
3490947675
3437077955
3437019021
919401774
999834180
3370841133
3293287907
2467867521
807873686
704776121
3308476797
3222746000
228731880
310599595
593800384
3153202844
3232571860
2246306652
1514680626
736118130
1356659324
3091145532
2566937744
2963912852
1671963128
1853255112
833944482
2615381453
2294307718
2250200097
2942596335
3010273991
39365141
2265996904
557234089
200218145
566904512
265124317
713280056
827341567
2268953842
2212283842
550585299
1574229606
2952098110
1123498862
91889023
624277029
365082720
601959410
1865721067
2286804123
2975723979
1975294783
1836505920
2249584008
3051734038
318900900
2157785818
2718199534
1948023978
946057861
1052932850
3072614422
3064554383
