3834939859
3355683796
18408384
3548846175
3377841995
2388658363
16126957
1967291624
3377885267
3535518797
4130685914
3984183612
3999866979
3743824753
2217467646
3377902331
3892007339
4088213536
481376138
3551327352
3327786249
3226194951
3377949460
3340276120
1289738107
3312998940
2990232133
1383429912
2835179926
551844887
2945959759
2493962683
400524509
3891790277
3053274757
3993524596
3891836176
2349734712
408136428
4152777493
4001335695
209163658
2329009368
2819599049
1906431230
2607099188
4238181805
4069727435
3905518525
2180234989
315002750
1695662876
17986973
2878550155
70362131
2493765116
2763499153
3801005892
3955013234
3395135895
3874571435
3295811575
3699593537
3154126637
3315487068
841480213
1245926706
4178567686
494506752
989646270
613546905
2470245805
3314240296
48486244
1112887076
3979864275
2492718889
1398726296
3310375302
517392967
2816965837
1483067683
3520766477
846345289
3980572456
316350874
2828384484
2361754251
3920347227
3384286749
3351279946
4142716154
2530014139
2757541958
1510196358
4129818237
538710594
3007823116
344213805
4078759025
1426388498
4149100934
249189903
2543456155
622449926
2288483827
3994202321
3185174468
3183749406
4131747859
2339583589
26705006
3865651577
2934446719
218870312
3979862777
15177871
3823660453
3405443625
337096663
2938604107
3018809793
26227982
1411574269
24523347
1703246636
1489703012
2907935667
298740311
4017311056
1642420580
850907881
327659945
3936458893
2553090228
3386087560
127936182
3891572889
3849795793
3334452689
3383600722
2452455122
3293602093
21391703
335957596
3537555016
4026709475
1920881443
623554062
2911984689
106995214
2823746510
4044618203
2817407251
2527386615
3064571446
103788744
4044758195
3928329973
123519061
3996240099
3488519953
4008530238
3989962333
2461128220
3964559599
4004844554
3033412511
4028256022
797989034
2793311734
2285681216
3649383923
2315975940
3533800458
1911189451
4016433016
238045794
3242840227
3582451216
3987803771
3210776242
3528459674
3796186942
2213018712
3684009017
3954076398
2999168682
358464377
113084080
118715843
3901453814
3071475088
3890145382
2431009880
387181116
3486636679
3309360330
2286097290
3708996558
15444539
3434215918
84444981
3592163352
3827208800
413955323
46633066
316231197
3573812539
316162898
3645831503
3601178003
3639645315
3881141363
3688407209
3827286678
1966253173
2466373656
2375187150
3319467948
313609660
2813530168
322013936
100767876
2698412736
3666373899
3555832640
3384139461
2982870212
83197153
35584127
2828344855
36747038
1667436512
1923159170
3498920232
316577550
3636983481
127967449
3004080359
3234117677
3689370681
3689281277
2538570848
3382889057
2349917270
2351425526
627270422
3803201537
3164503903
2890616938
1581243793
3193822241
3138758563
2726480652
3139590424
1490683939
2445459474
2991897769
21091501
2892918498
3626886555
3320880145
3862186692
3034002607
3413179156
23798611
3553049600
1335895868
1696182901
43111757
2451983108
218550565
3607292841
1218066139
633031199
2417685662
3164591107
3184801181
3684802650
54932485
2199333770
227712275
1634544032
3664355368
2953235656
2347119886
62504875
2364562272
3287133278
3014436959
3918269542
3686019495
3017683710
1496426420
3256451553
112201881
935131692
3477686119
2996057968
3400372719
27188645
1393603976
3021253157
2983032459
22448617
633799759
3911483715
3489118275
1401210146
3876976773
2440753004
2901064018
3140096339
3146933385
399125922
3063418949
2301715645
921948216
122492899
462754174
14886375
2437975603
3736184424
1183838114
2922481462
579878349
2957195931
1400519414
3311888438
3111945077
381438717
3244778893
3334692641
442181613
1942706778
3151920396
1498656096
316538097
2256638492
2918121588
2604068238
2555678414
3280598403
2804263123
199358027
2165676145
16580053
3091001171
860252845
3793006994
2678090893
3744006434
109200080
995324587
2391999871
2904135174
3879496042
3168191809
174245708
1375860338
