68874433
3220264929
2451075378
39764991
3002033811
4200358565
3031898283
3323368861
3171204229
3658469423
3066141406
2937169550
3726163757
4156371453
3510414915
3582149656
3375402073
3607486815
3824169443
394647299
4026205153
3859557079
3953942900
4150789754
3302133333
4096828607
4070228420
3617661916
3378051734
3649799239
4114742999
3888198615
4070543163
166551949
3445056914
4100192129
4099477876
3483571696
3625169476
1069824026
3628859058
77087461
3377770574
1721967872
4082727634
3476709677
3476181196
4077427281
4084014867
3351583635
4069907913
3240958419
4025947504
3945896295
3214812604
2858694923
776499943
3384069252
2752017954
3218191185
582685996
3375870013
226890990
4067906422
2905431997
1103469608
3866793012
3320451169
1674558416
3474186622
3855187284
3924280992
2858140119
4053116661
3646454473
3306255618
3483069195
1370961769
3555159373
625016581
4048558994
3261813125
3282803570
128749040
3480370573
3257074363
1552122264
451995743
2530791330
3226499481
3630201141
3937286472
4034944337
3626274135
3815901254
3427742032
3623002393
2564433991
3870865648
3285188551
4017803697
2703655130
3763851554
2920743118
406419287
604312928
3947598327
3391734553
2148597967
2664530719
203895905
3946395748
3057691852
3959597609
500994630
4048730476
3817188569
3535122613
3939528885
598516745
3712063454
1065966800
2308803341
2910649192
3623403681
2343493159
3761523313
3963331521
3570625093
2343651168
3386620768
2961695343
340901066
186572724
375916477
875396568
3580972096
2850292725
4021631200
2451433968
2884026535
1334806249
3661448594
4019839425
3151989504
3347725535
2870515126
3822261195
3145021755
789747426
4023723819
3370757698
323305899
2998465674
2274406315
3091738684
3028232505
3854155179
3371984709
4025348543
3917751500
3853711581
187802744
3289564937
3070317206
3119229818
2981043052
3901929738
3411716769
3193908552
359454995
3822284353
3628474156
2813282824
3404072806
579920632
1046880158
417436856
3242704821
3283955573
3047857182
103698357
21817608
3185255578
3919481519
3910060522
761181512
1001592067
3801677008
244063952
3008971122
2978922717
1333215090
