3388278413
2194370513
217461911
854745278
824724096
2411296561
2239615597
4090957158
4154926313
581875600
3089749431
56938863
32938844
4156086267
4066301717
903494262
4141646652
3125129553
20571051
4130430433
2540892742
121833003
3178458528
1191452094
3068912972
4118437216
3578622916
43171999
3415533130
976484108
4203718775
334331683
1353696488
1330238528
4094319793
3241863287
2963424468
3151796774
541915025
26786422
3219860503
3267315887
530992758
2866026544
4036434927
15444539
392802199
3350956540
3373528154
3567556457
3764215932
3704214554
4120249401
3303170942
2495087503
90429500
4170719897
3334492933
19935055
989326710
193675417
4114478373
19306111
3687542772
3685778182
3152898646
3185966072
3471729802
4012291767
3846134177
232416516
99379216
3310111315
3143109083
1174067102
2784966306
487161954
35419378
4051328653
4093323587
3954937752
198177868
56609344
2785414744
320224513
346084664
3367386797
2770804376
3546482903
3576933737
3162348811
30349066
1361416244
2786404348
460397364
221190173
4128351012
4090048576
4065203968
3243982675
1375860338
921080898
2245858525
384841351
3360092297
2683581337
2165676145
905960539
611817117
3075079049
200384703
3827091214
4041109523
110007447
382665801
3866229674
2805221186
4012548544
3366619138
3853736173
3472300340
3307345782
110608919
1527641246
29206074
3021969422
19341224
3853714640
24237331
279571991
2520748074
33160996
3307416788
3114481567
3236365433
3830185213
852120451
32325104
193565024
174696913
985684752
3684789228
3361167581
3002369926
1243277688
389825367
2787927523
3153858196
107642201
154955359
856618064
2272781844
194814104
218551553
4052821043
1755307201
2959114340
2706942870
522354942
633031199
2830356871
2888860805
2168150592
1103352314
2168153660
2428479636
4061544526
2396809861
1568554508
3408719266
33918928
255581254
2782428629
33923443
905864360
3532770554
211463288
3802182448
282569265
2718959881
2424451939
3114412003
3323976664
858557084
3238973544
139505325
182485142
3528633497
3434450889
