2202830665
3309755155
3412404189
3387871373
2832908293
52603557
4049849652
2759225241
1092305288
17316689
17899797
301280714
3188287405
87403396
2885552238
3188292044
3319008646
3145816476
11673662
16580053
3198758962
3668804357
2434148522
82680831
94552547
413242431
3422145940
3411498562
3294384337
45075781
3391678187
386760690
119868887
36928367
1356097916
2276632724
977112482
51631003
485785081
611905914
97464401
2849501802
3241305493
2982737099
3027081292
2298831180
2374416325
3244854998
703561088
1112979504
16076796
2996075877
3138766416
73179152
352616234
3294027353
26554000
3214712914
3290760196
26588225
3187961620
157429805
824524158
2974563572
74668871
308226281
16261638
2460559830
43866712
1694140292
151335364
2318606822
2600040871
2448120271
1530916794
25169797
1335895868
3007719847
2968128148
2974065058
270523967
3164448168
2974019577
14409245
582050434
274011064
2929117165
2457829333
3300431554
778162
281199511
487495567
28137016
27902719
226902200
3300308711
60105292
2678633066
2447513720
6176772
3227946937
1489546896
2454651108
34047021
445982430
3198754634
27601509
3227866561
3220407139
3164402954
3108461661
16259934
3005083838
3300036112
18185124
25281063
30357579
76404659
17010913
3299322862
1549705375
3221726016
3222407276
3168068473
3039533031
633081554
562981626
3206767607
3032017337
22418439
159960758
2968433308
3238538277
3221582537
91888943
139207095
1511340468
3041724507
2921560313
724449878
2954401711
402275260
2942922921
80843491
35355264
46432031
601277076
2150074777
374830731
43964349
1114525099
28422180
174119142
28345473
795425179
1014054548
2675264430
20241734
560694504
224568827
2614288915
105479312
2599147854
300507006
541285587
2345474103
72846282
210135723
1006912616
60451622
2544443345
2485784280
1540642880
904590265
34930290
190127400
2444324362
1056174720
23999014
2412685447
607445994
393141787
22020771
262128029
2371173524
893265253
333093753
216796953
400389615
2296637389
2196254322
14457122
2248714459
55435417
1320996456
15324862
1495770240
128333173
1952572993
886539648
712901994
956308381
