2931418048
3235962645
3395699116
2666408240
1713619561
54642744
17072650
3835139893
2253772087
2848447049
3375803027
1218751638
1630070972
233018899
59454488
860784325
1317951380
4012709837
2940151785
38475165
2471702174
3318405367
4131368296
3712466295
371897712
3719729909
3018028083
3916652368
15404012
3063067026
2969791466
102717615
110217937
3502062254
3964757778
2200068482
3724835594
22834949
2849788275
1426388498
20971774
3506165899
1689681902
4029443883
60261918
3064571446
3191508259
3255276657
532583014
450401213
17489318
20648506
2471614340
878172186
3424620287
451521023
88430702
2451479641
598466859
3437962683
346609571
3270318481
2199634070
737927700
739013040
3272586115
3701159361
242995207
847642303
2379700903
3066170102
2881695195
29151815
3534147502
3409257920
724291280
71587256
3333006790
3323867790
3306434174
3315578037
332545950
3415564240
3379965687
167508135
2236414884
2326411028
1284956808
44614050
726724448
109332587
2607123872
3004664064
1210029854
3146654173
2756056718
1112093443
823333616
24013419
3112844111
2796132364
35113926
74076798
738288895
3225769545
134144946
3369336574
1894382352
2298901963
3110354884
2577666979
3221173042
3349944197
3238970571
1377423048
16194080
1965457579
26688109
206330090
912104534
15882140
26113992
3050079314
3236011419
3233596258
3194477752
547874458
320790649
1965905755
2646887684
10870512
283139471
1635159234
868174886
2873301816
261560672
2835383596
348667570
383531564
2201141251
3121739886
253386524
1274812770
2983158839
3136630969
2216154788
1877402839
2951511024
158755220
15471824
140060120
18910830
23461759
2789356171
2868365021
64209205
56280953
30815935
182130371
8658682
2202144174
459269265
21925506
3119171611
349249164
252138352
1637562588
3107816539
191555835
3125203688
2468421560
322036995
3098317024
2762251816
3072282574
268645231
3027330845
1463246366
3382
2548215906
16050296
390552880
3047075760
2218413296
1635828884
2460216512
2548946755
2510604474
40721215
561674923
2918353892
3045126565
30344426
14651202
49436710
2383722986
19210640
3059703106
701615468
2903278373
1624927664
2808464084
33647341
2963923104
340062688
31641328
292789499
261883782
326419042
44009156
215867335
1102436377
1091118439
1357455493
252020392
1134987703
861674430
2259765408
1152155828
2217888023
75584152
145600904
65053278
3039558610
590226096
20813935
1575043267
276750342
604772054
204222439
3026561877
2461887981
3013857267
166124708
2578192502
42035272
45547886
112758430
32671625
34530489
1920811183
188840230
636293707
361553907
2231233459
33098495
185809250
2924586647
1637544462
122574778
2929135816
719515690
2867732380
377507005
14120481
22236501
851711263
76639716
23675481
259068040
41608591
1542539281
394882876
2922252619
32187100
202405857
19380743
2317184569
29309901
1403449562
68235668
46319327
719048205
21514744
2332251086
2767837977
395717443
426029765
60193939
40127505
30012067
2595564702
36042077
184872574
552340960
627892210
2216299843
1593594074
1883354443
2312762254
64083835
1846028551
17877864
270729511
2235189276
2458493012
1944214184
16564631
19403556
285293640
415921872
2453790866
800721812
2394926918
1131874728
2488267105
169634370
196296745
1153695775
2424230918
2485627898
1445301248
43261344
134889262
172867574
1355218452
50442843
2477503249
219496700
522246220
1345702129
1887582926
2435093792
19387828
374419593
15603299
252630087
363167448
2472978062
1271227291
2436469166
741152402
91298698
1712960263
199018179
25249250
2283027326
2433238290
2238022573
175433711
37913731
1020466758
175845254
297719533
395581973
102148991
210045900
29816798
21896677
2190971240
2327042147
2264737760
1132919846
43570256
1449991944
174132004
867340944
16190964
383843189
2227476449
2268411042
2249575338
1275372264
1289471834
921759169
33451168
2281046169
590452494
344128331
302881437
15997605
242288569
96006517
16594832
2170465974
585099695
245061421
306449221
558789778
15707842
582050434
58559649
24733117
17567251
53176629
244146542
314689491
380539721
14569679
37877645
289420613
234912079
92329875
230927249
311542894
1276552303
1481123666
245141922
16008571
14238762
402489485
758214907
1336349792
22262421
597910325
300629346
21409683
146100593
69579166
62588314
269494845
137432096
38827038
