622045531
495894849
3902683847
2934772713
3351700673
3399778295
2383666545
3420545249
3405889295
3399964888
3364532619
460305726
986877469
3249381886
2985013655
3214436693
563644276
2981538844
3051021634
1877261012
2951529986
126433382
1210494090
485807759
3015812418
172635914
2204362642
3082941085
1902888378
121914069
3046618352
136405915
3057287967
3030174274
2975591991
438237357
1615475828
2605526217
740670811
2978232675
3010264018
1291617554
399280124
232587194
2816444803
260058844
293944969
440891874
3017427090
3004061386
1530017119
196614278
485085227
1901298962
464120743
139897409
446571873
230796713
83294109
565880319
321029535
15038544
21870087
35066562
233515056
376764799
291800938
404592144
139522923
488840458
457631019
79414131
309522954
479377894
206138214
14123751
466148392
8447862
279422985
399564639
