14525217
533007584
2382217680
462791195
48834856
4109995155
2170838611
3720827534
4096364778
1105954730
879161563
4010932573
207927241
222003656
3988112054
593807695
2426306102
3889615334
3844740314
3722899039
2835980466
3316613822
256628776
3259725523
3371494999
3347012174
1408036879
3316562419
3421348120
3311271025
3307580264
3307389452
3288058748
48705064
95584436
80332403
3260108557
3267008425
3262702273
39214414
2958736117
152873445
3228317113
3225856658
3179284519
3184195572
3175380422
62054083
233834837
794054587
3113905877
3083763867
3004569232
2856216914
1468183934
2847280978
2457445682
32385694
263724998
2983423490
2926429904
2949603204
2248092230
2937717517
38736881
2295908071
2492269273
107063833
2511849067
2915032021
17986973
341876784
180203668
79157726
2890585921
2886499040
2843642621
473966237
2866759639
2866042694
134585439
2835735710
2585208042
190927992
61023951
47306853
2819242982
2818630093
2804557556
2788287930
2785397167
203973641
2311880418
80784783
2716708236
1034252059
409177377
99922113
11673662
2698005830
239193717
156945105
2668759022
77747292
309152594
1313050520
134672433
2613530617
348221170
2570923273
48561699
266329026
87621372
2546040124
82012297
236647042
2452188230
2301083059
1550314698
104255811
1387300099
55551566
2348535656
2283252312
286153941
2310071568
636713781
270750498
271406481
1310843084
328894513
150932319
1045483442
32918169
866555118
1967072317
1948104816
217321565
244498217
1281009498
85073101
445246506
297023169
275584723
37329581
201421060
345431189
567132989
461104485
1363417454
628080116
182565183
187438641
142236978
222452977
230405696
60806182
46617722
158738114
422676538
15474429
160657816
142619440
984311378
1192605552
178731326
154402896
1089141379
234453616
1171380248
377414354
80775246
799908589
78549705
396401756
78738094
106890582
376647623
101632863
1089142038
336524006
34651221
47473849
19449019
50642662
150566259
124436459
169558408
107098798
716700846
579878248
574825629
423921295
598372177
119689196
600823101
76527039
297811243
430115764
430146733
311503381
102956449
716884274
596374344
45757515
613123586
430426983
381164520
457091487
468126296
395228086
91200675
59147907
396393936
19154824
360745274
447139568
460659332
440954975
120042722
45839862
391761064
194036802
430149989
430148081
429474185
89418799
430144911
262482656
99947322
58699111
248517030
239301681
100686994
189946326
65901244
113802734
50567824
97436961
16026440
91762032
86652748
72804252
80260074
79422055
68329391
36589465
43857400
59209485
58679514
51977959
