27461641
3258830729
333784893
2497336783
19280653
443768861
1544277398
2416571773
3370023945
3152924949
1201160196
613546905
4213920081
3032918845
1218772561
4234832236
269513390
3436393091
1951604521
3436391333
4069768637
2515818373
3368824703
158611308
2424301212
3576078676
3279026714
2787642501
2393107628
43129645
1641347792
16304230
3384351063
1218579048
380109984
828590052
577432961
2433374941
2957288530
1967714696
3222709009
1218486266
2575059349
329591157
29208414
13637062
2452058995
47722061
197836686
175500549
77559781
11667542
820591831
2580340726
104901157
2783563580
2386791300
41922047
113041360
3088919176
82160101
3006463331
4179243496
123654127
634015776
3209012093
296785405
2833936835
19785863
84903717
3429597730
3471883993
513750116
241457780
265753487
3312686220
3169167811
161342009
791670
3484593616
60031833
3079688463
569296775
4091846439
98676606
2339603999
2593980158
47766021
1928985025
3267821259
108196946
2726055762
210580181
286166830
3107847061
258881859
396320889
3081844809
19183061
792475
418008909
66988786
3730600882
2916116994
106503346
2419849825
4184262999
3184535677
3242506816
1308478838
2848614079
351164329
6274752
3189346074
14334487
210931140
17052419
1282354970
2179542061
263786496
271073176
3250173835
148800323
33923443
18208662
16904934
91460306
961242696
3260461698
54373845
515776961
3109455771
2484331177
251895220
398039721
3901384515
67175124
395279518
3419060666
2873301816
1468126159
429243553
3166836883
2467832743
2964752831
478837773
3782618719
3751170441
479859707
16702987
3145329455
2716812206
3329841129
2748654643
2212802934
1920019075
2617370586
17747038
3131419720
2834290367
1527648626
4051203319
248919902
32295915
575603300
1428744120
112924655
2307828661
388471027
147374788
517231944
2921355794
79107967
3198775335
3343823861
2302555176
3242056377
881019960
196506476
3242092022
1597027830
2830356871
2710851564
3403219931
2586036906
2462043240
2966091699
464999541
104970786
2444325522
601240851
2752249466
3499581921
292816342
28320528
3068066516
3152347960
2217235892
2341266151
133124086
3406142589
3993516795
436819402
779218447
1136893404
2476674458
3396865523
3397870113
2856866291
2293759616
14238762
3244579413
2980705737
77937642
1051452606
3327201439
3087157595
1621500241
3186434209
3060860222
248891100
213875389
19805321
3119308438
1622790582
460051524
31257471
3551054000
1339338919
3328594416
709771459
3433844811
3243944066
3196651328
3243028084
447730871
43918058
3192854174
3317423820
1637356478
2830685358
308997977
2606256210
537626449
3285762356
91135990
91685435
1596867966
210684204
9844382
1488772598
3995553803
17086594
3723684016
2291618137
3030185429
465739446
71102590
38691332
939981487
234870299
3935708843
2822117851
3409636595
474902531
215786699
3242937977
3214638545
3818752933
850332216
4107828444
3292448471
610985663
2713287362
15830809
259190375
44291447
21361705
4034892964
118853353
977112482
7978322
326522933
3112330436
20244711
3419322503
3304469661
163582516
134194752
2784953622
2724583854
41082037
76966092
2922758600
170039453
450951052
4086597252
24698647
23553388
3429460480
624955116
365669727
33057154
745498292
111369184
2899133017
2735246778
3687730761
125157653
271585326
3220683955
1938663272
3616491433
117815746
18149467
66491557
35574064
573569276
381160873
3863620576
1483400010
52556452
183634719
1191986634
9834692
188525525
1076293176
1326841393
2164084530
1354824595
3002861003
3314034271
3064975762
130079738
2892934608
2940151785
106305975
18356346
95737130
14192958
3016048766
3655661713
109460638
252744508
543295510
537533527
287813137
3427349331
3905218332
95692519
294229409
59279107
3406918513
3236333414
3429388799
1350192505
14956673
3270367091
3614892133
49876550
1931811601
50733449
2191925414
30364770
3313269983
296879022
3035924422
3895198334
116802083
556040494
3997029449
115679415
3823833315
2397652927
3065794648
3718249876
249164725
3254346970
3236853438
191331815
16962769
115785554
3257454548
472361134
724525519
234550481
3106427481
3247113802
17883293
57341314
2682287832
2343978474
2746630666
167023123
3000296700
872125404
734930461
630498418
3996074653
3234259380
340254138
3031804453
285751728
2885097877
3727769354
3072307880
3427367285
38143886
927839215
113462052
2232107324
218697713
110715764
3390665254
2997594856
844283083
46955805
94255366
3436618245
3267419382
103776866
3066308911
459269265
3785047398
3040062139
222906934
16197935
35867792
565103969
231094495
16147963
3351259384
3131102986
1312830798
2484169832
437058279
24919140
1622898439
18377128
1440989480
322744388
540061012
3406037044
3091506176
361483680
271761269
561634788
21535166
16836939
3417618184
1867557966
2902123382
268556198
55395551
3362979784
19084016
1244029147
99561903
3320493353
21836409
10653602
3721081094
27883417
1247690359
3361964398
2289565736
339613727
78704561
3515402292
2396545801
90777425
223216332
3238201331
312659285
624509713
3448729426
3387351351
2276483456
3431124093
2370848606
1542058958
463004381
216724753
85099778
388659191
3094039837
359472668
2902973507
20228233
17425484
1584500023
1545372552
2872661847
3260492390
2411261797
2866089008
15449188
17342191
3388430834
15613026
1335255895
2866134051
2320624262
388388380
43215971
3306172796
103573195
321509959
3880250293
30503881
2932667005
1967329470
3266432047
19574274
2654484923
1040306066
3763819873
2256488185
2897881165
510878762
103156664
3831910873
28350368
3384285675
3286590398
97225991
2905783012
39620859
1860869911
28718888
54384777
2565607694
2416547862
1487510586
2157559976
17565474
234196145
933223488
87475277
101321544
1481174210
114561190
1011422586
2999461267
2985037894
1025816868
3730956197
1004650284
2987424455
346433456
285661969
276896647
2951115699
3314676307
701293315
153490795
191201126
3256851193
1872557047
701312407
53829677
535715381
2481431462
339433934
504018069
2955984294
631029361
3807817765
2923170436
2399279757
2869103344
23982649
429413279
73725383
2849788275
77042833
3060693427
458419000
81998705
3689578576
3798627674
3040592727
129514628
586509872
52475305
110742946
2932377956
164386441
1606572625
3378979661
2826318266
2914565039
3105932269
3236697299
2433935083
27359224
3092577159
701327246
164037051
1107398995
2897936898
20267632
15729892
2343976920
701341664
2842203803
2357043872
18047668
844114609
938709414
3321024600
208967993
3243878690
2835569226
3142239520
1308678356
3025468503
19827166
3107982019
25324668
3194621360
628661472
293458690
2261278812
1525689241
492991594
65659391
3381183136
582195445
3133855001
2648549317
3863509342
46415654
123184926
3516832274
3000462482
268607705
2340348981
2371305157
2853981112
3519298634
2546831509
3153246221
3781115722
3420668289
384677659
2902135220
2441869760
21822523
1390094640
1577210616
14262772
3267807042
2914974886
2970856725
1283596286
42671569
86057616
112856267
1607318150
2829911508
69080516
2707527613
467998720
3139019876
56084788
2595599688
13807502
1004664876
286233279
130757089
264169889
753149816
458678379
3292742098
97378390
3707039967
3018005528
1237329162
3363967169
864001974
3397097879
376753045
2601254234
3268814942
2174745661
3310992906
67242892
59861123
2556607550
3716850854
3298447167
34773726
1050932960
3315304614
2779431564
412914400
2530820438
542059607
128676094
258403772
3016103612
221389372
701375168
280204690
530030136
3327173940
14144475
3538033337
106241158
2925422792
3278224490
3278257213
257215644
3410003225
1700426708
958434702
3017955210
3018036907
3321110480
3531770593
3746090902
2880397532
304399481
34493542
3299027652
14754224
2850001282
592252072
2834730071
2563658946
2505618696
902629262
38607586
117275480
3318947485
3018801301
500929942
3153072727
3018033181
25281619
15741883
2691819984
3299936176
2745354949
315977121
701394103
3182178367
2198122730
3018730410
3301032566
1730556139
270440825
3165867878
2865488616
2330340402
1657738339
623615343
3305875815
3241596067
2970280557
3306283622
578291551
3130830526
2178943330
3017925708
63860108
3017996600
2965258053
3186179584
3105728979
2466339073
1053264224
3718157057
3107833835
3024538560
27195488
1708927183
3709335257
701205001
2800473330
265474596
588359134
3687263308
27439619
636987794
3017967630
3287890244
62181606
958968584
1051061732
3271714268
109173526
3323621023
2415672108
28120112
731293177
1004190248
514784608
27942673
376296935
182493733
3176771314
42290868
393638827
2393330749
226661378
2273299750
2800148984
259613476
3438072130
3314638543
709421539
2790295442
2338651117
3401413659
3372017303
179485181
1190498018
568870281
17390124
3219161286
87313054
3091053778
222691723
569915255
3369041453
896243527
2383721767
3438552678
360821844
334635978
24194453
3003900609
3525956776
2855148213
3252204368
3252284916
3645481816
3042967388
2511469220
3243422985
134770671
376631162
2151868220
294335809
18042278
338827054
3364834212
226662318
27242914
225816607
85394624
34730520
3015168581
3305934773
1390673707
3308556984
2892350087
384482977
569796722
1675042267
3378677720
3421290034
2535349592
1244254387
1711457802
3042266387
2540901324
15252849
630927264
3358367133
2873180854
2342763606
75246967
701226038
15043081
3164199540
27455517
74181714
296253096
342600259
3412518466
2651028804
1047027174
1713944696
257618318
29130296
3291097361
90845037
288406292
701223014
403515169
3239240426
330509973
42169834
2651517961
3233643247
15184929
2782722620
93401939
3322135383
49169510
1333208732
3243465730
196415460
582771612
27800134
26523333
148591151
40728125
3261643378
3175179585
15784302
267774883
2575156319
2864584600
1723787610
37093954
3018005354
3222618180
3422039987
30071917
274142190
3123823105
44709118
3306637444
1050375836
734840887
2587245972
3507476175
965887117
116533346
85144671
64443935
1040295829
719472337
3080532999
3408568333
109278859
3161570618
110897594
3443048475
201143454
3249971389
438419068
581092177
34858156
863472282
18408384
2387300448
1697383021
12705022
305548122
212747787
2861481028
3280236506
3438841479
2941412347
728786725
3029945825
97155079
536125893
2468191135
3071845201
2703541890
3388805937
2398430790
387257442
236080726
1613026064
3309199777
330064398
2256965582
864919496
806650375
14098555
1010416652
1436002800
3197427162
2890683506
43951442
3234795086
165498315
22441421
38724995
92415827
1678461193
2963185337
3253696420
3346743039
29281762
17327882
2459187270
95263650
1926793075
23251100
15109792
104356887
882192152
2277897114
3301047506
3243460153
38253076
538600338
1137875862
554254749
3229942830
2979555657
27337338
267500833
2395268660
3035837259
7807162
2778675109
354582942
1299771734
17064675
15244628
3402793906
1670317824
3094726186
1719557407
3331469596
510722587
2600285743
880036873
2334759158
2651465136
289353325
252694478
788333744
338726127
478157338
1162043408
2840957613
2530972808
116152274
21387913
3334271183
3410208273
235725320
1334806249
138432892
2465279120
182425368
3252940980
1160537624
328990309
3069634662
1673736656
2803335229
2361709298
100929296
3387871373
19427242
213119979
435879169
133769431
84273114
122030129
114867687
2563341272
105669501
2971434517
444240428
226141243
18185124
3253719888
1121743712
14600151
16392208
26735842
261736294
3106894095
387095659
2842844908
107165311
39606379
401509693
2393149859
2917394612
3229263121
8157452
17486092
1918819380
2951205433
3307321805
3291464814
279414166
125512325
2827109622
19713521
3081410231
194711285
2234501989
322044490
3220561908
1942410355
478878156
3376955073
412600040
1449801013
50048130
2456997438
1950953982
2905024453
3286818397
79739167
3033466010
1218777872
157969844
945512648
3401774015
1428261852
2627650750
9590262
3044526195
378046949
527362995
226637533
138795834
210137842
1920881443
1646415542
1628464969
3059642977
2794881450
2172423304
2465105532
3071795928
366406586
3374032479
186744632
1134647833
3228416603
1911437582
82215014
3042243094
262749118
2460847196
210943343
65578284
3068942792
2678090893
3262550558
3210527171
779280157
3402608608
2894543716
3363324891
244683443
3002226539
2811741220
2690598462
3315401615
260340277
3157442429
2492774204
521017945
2801562111
3293809472
3278869794
2541901122
1137367399
179149250
2785071561
2372143309
2462391714
2690271914
137550943
3008983654
1493267851
2669937408
170372661
47538429
422913423
3070865285
15843090
3182140190
1119951889
2970111073
160664621
2414720269
3139778859
60620405
3139357667
3101417378
1708413954
2414799324
3012768110
2386379966
2338312830
3255445634
2722323660
2445577673
58569413
563160840
3375409822
23049758
2456449367
2282706721
2437836109
3243528078
757365218
483771071
246885577
3147407143
3104428405
1132201152
2805707005
3298264859
543751139
3294985256
2899109548
2580412842
3230537372
2404840614
2709250490
518635489
3252401042
1653773136
2951214235
596434256
389114013
3145040008
3027432249
1466367343
86773118
3250688699
370319428
1130798108
15452838
3252368130
87839537
85734225
3370446879
96564060
2218606802
1082790528
2218599973
2218602685
3233133151
2906863577
488152532
3095463912
423398760
47030292
3066117193
19597908
2750239158
14722080
278650709
245452841
2654065847
110989773
3356096500
568740443
143388925
172524524
2466051031
203983655
202875616
2218589184
491719838
273987936
2218571222
2801726762
1337576478
42896429
2647010748
2689726381
3071183058
2646997722
2646957008
837147216
19298291
16075573
3037052450
3216587429
23178600
17944711
3028710705
146614648
418174393
235414297
215581580
2307675307
1620010466
83750315
399255492
3166290898
252599458
1850484768
3225963643
135251922
80961675
20621761
2758681690
335989008
2260690748
457155962
1563012548
501904770
548476299
435991919
3330186761
3275824730
2583823926
3245449890
575680651
47637491
2346552230
207392880
351117596
3216748707
3190898330
38804737
422046432
185190437
1615794612
3115159937
3233522111
29814285
91942071
1039317470
2458188217
82329216
582681344
1967560914
66163270
3356132530
3365103057
76404659
2828039235
3158385422
160047813
184517281
225631920
3191199305
1149568189
1634544032
3006235557
3039714603
22685341
1177640102
3203140707
390343030
113593801
3251990569
3245728094
2830925107
3073289823
3145598073
20710292
402792558
44150150
3309053385
200583835
37321863
1219719314
2922759161
3188386603
2734702540
2161691195
3243546122
2690573545
2856913936
3190123327
968418181
2793482501
2809070147
2465239620
267254947
232031458
1909346983
14756982
1919365302
2927540642
3026319718
599718483
3166284583
955866636
2393258641
2509971319
3260430554
3301722461
278659021
2724544692
2232160567
2562246608
52195360
72952911
2724606661
22463324
22624497
286649628
100893218
22836493
845829330
2201406840
2729389253
220149158
1412983993
342864030
47865477
178157297
47059808
15978019
121555276
35203319
2901847234
424692478
435399784
3094754881
241619598
2309593464
1333677974
3247489700
161692661
3190725490
3568411
2971298278
2915499241
2833170762
106374504
3156709811
170404126
2517569024
1673349330
3204563360
33706237
76567984
139988522
440833387
1355991241
2464740318
3245354652
601178321
2783838452
2167962121
27686229
301456697
127500560
437747632
2163655298
1356415188
2956576356
2931711891
126278129
3241034077
29063280
14307347
65453869
2468588695
2419779698
17199560
16711026
2821557884
33234674
1547722903
570266167
49428313
24449940
17873669
568155833
411607888
370156398
369716012
16192359
21960982
2162777059
3186956946
38658962
2240928932
16101242
175743717
17886445
1133784930
485475104
2863620472
57325095
22411342
116356106
3004445758
3162150642
20254407
3071556943
2912817584
2724572480
1242350520
472149564
95450043
1684626314
457361103
1177956894
2354121978
2198725260
384965718
333672211
412087650
2517854953
2294983248
2904322704
2998953728
2862125872
2314968708
167760471
3091373190
150168477
2207972657
298286532
17463140
3291818867
17901555
1488635557
2492171767
1574919463
1183685479
814968864
25951761
3127966297
3221817194
264262275
1315371236
403942389
21746453
19199743
128824151
1950830119
2188250509
2605871148
3180272609
3097396228
24783486
3037024453
1281844824
3214029271
2241208957
2299567422
1625723485
590343168
3113186351
755048203
3197802248
3106103568
2941356010
2987041387
134700704
3169931236
1214810773
2942785815
468989653
311364149
2965473267
72803108
2671608426
16573218
2900367711
2900395331
3178486081
583490818
3003855975
1050869292
525604815
45641358
2363195268
36684499
3095600688
2860907641
7233112
2776831213
2338379728
820205892
3189972386
2562628524
417441631
2693651845
75742264
2901796839
521234983
22815781
73936002
74460479
350766681
16374818
509637782
2822117268
2166409221
46476526
13662722
1877983454
138800182
2950699907
1878002263
345283316
3185438121
2724563966
2596209804
2783614861
13802392
2975528087
11977402
40551290
3144488242
3041227316
2917030200
2958559886
349762499
2177810354
15935339
2528424878
3067066928
63827777
2916232392
2724212071
97073640
55659987
345331735
1927430676
14645160
3105064742
141189815
24172445
3160410901
2346382910
326060460
336790952
2885493466
187476053
46138727
1931705737
54979680
3140776480
334170003
2218339069
254898971
1424483750
2214416916
2888253566
22065052
3092716786
2747081257
55122142
47336979
19691332
603614562
343763479
2832914106
1708688604
539446847
2903785658
188656844
5867132
481605448
53685977
726595946
1129856832
3015931285
58559649
2173165597
1342541772
17420951
2980845057
2611458349
1966380349
3141636518
343283519
3008205968
2384536148
2348129666
2930679869
2699707002
1446035245
274789264
2878533622
211800056
3104012028
2444328980
1384533836
17339508
3064468783
2857384271
1963497242
17796143
2528856068
2836987925
278499645
2645588154
11780982
2156917658
3129033700
2554354436
2308959054
232342189
2215339656
2880184232
2941094594
2225455051
215458554
1968638208
2651807617
1570952658
1547633250
16487286
15948159
26688109
11104682
17116782
121336088
2446897464
702131646
277602137
35315771
95115445
3112694413
1958024822
2432779706
388708051
149176270
1952076517
182665962
16720424
196169066
856527548
1259906438
2953310103
2817935658
3066973295
2841293560
37077144
2411456959
470810726
868637460
2992678406
2893498461
2989961427
2923626122
3088860715
1196531330
42417984
131301097
2579521488
3003976473
1665382279
525190157
1419037717
3010652114
304628687
263918540
14990604
518655947
15954803
392185077
541471029
2164557895
21522712
1072141688
56422226
413421009
53812733
3037381980
2511459804
2680015243
17683068
47714847
847923787
2952859020
142342983
194321816
2559891481
11238462
3064390421
2488405086
43435792
2889796412
2976984350
197372250
7145552
2902081183
1890842214
998348030
346084664
1437030139
115563859
1284257707
109634296
17343167
139960419
85346225
53022103
88957625
16172320
3061179417
99768495
557254053
39348744
148311589
1592019728
83938774
319272853
584250510
94601096
41400882
235362301
18164805
17723643
211063953
16385353
2864287293
588492837
2511459378
2966046124
2352794516
2689027945
2427920617
369025757
27002573
561655444
963182402
84276089
89826073
1280976428
2152098571
16151935
212005766
30349066
28435611
415298013
2204042821
23042311
1977186212
2511460254
2511484441
579457554
3062301541
2462219858
23761484
26660626
3041103426
3025918961
35202091
2817400441
14913837
54548130
3022978573
1061191591
65385365
106811968
94919897
6753582
2853728215
2444061152
3041264753
113914074
2989730093
2601641522
41279788
1744621
186295003
2836453703
715411856
550900971
2990528312
1616134952
140329685
14579415
14218923
44905184
2787038071
1884529722
3019769506
414038721
2236542690
56679995
2450500926
2657456557
1187645054
3000053188
175451214
2924412271
319144019
411845007
504436579
2838394994
17018544
3020152475
17794923
247025851
3014381179
581751253
207656786
453548744
921733909
2680729040
50194961
3009697737
15518239
2877032110
21624573
158584575
544459972
202379936
278681187
3017765678
3017036946
2431544916
2769925698
20822832
428583331
2238520130
117477071
498956853
1248208026
2994767417
293338829
240694705
2350110991
35120520
2477442842
1632220008
108838948
362035439
499851365
410795094
20414217
555307309
15747743
556343427
362535472
23257215
1016696390
18239795
589669436
2928628153
14380406
26799237
2513726360
2890134236
1269200970
3016559039
1619672035
1639680164
815951162
16261638
16976447
16910759
207323988
12874852
2987563643
381264440
2817403663
14699093
103295744
113487129
1207152870
561699043
393617971
485079302
200553940
2161930194
423407640
239609988
160649261
102994740
95744442
3012500921
2925569916
2872521625
18166989
1262776610
2360882965
102246979
3000593713
253197032
76689333
17876472
2931221146
15066876
2270377536
2682705271
2327579196
229974529
892848180
17941752
2589045182
2994623124
2323835413
2991118005
2797177712
59617171
1961036990
2869578485
17263203
552005607
2187117308
360575744
234037111
22991199
2396437530
2226273001
285229333
31559471
2830068473
20214495
2984730978
104641017
1676972539
2317184569
405022806
2981256596
52386698
17881816
862496382
31529503
35595347
2972371400
2968720739
2881736515
64915297
2927331252
130965996
14636086
2747049001
56839999
2953096686
1964791
1332013279
77128292
2294042893
57882875
1517329009
14120729
365657821
15015405
38026874
5548212
2608950073
2941031412
198541011
1225944542
22986573
312211666
28550219
7593742
2943889465
577633070
183932683
1646762226
2478031273
621035944
47366326
16194080
2917168172
20763344
1114981968
390356921
2931799823
709853
393472629
484665948
83593210
41502303
209944791
2927376060
5660512
388255476
300193472
2597678587
2866518629
48337271
2585151248
2877781074
169557296
2932932638
2855746746
127408323
169140027
2262827245
2788096270
163619881
37749158
2923296498
2752247252
98498785
529794801
1039531
2916290439
2927231077
2884247914
17378367
1966319184
834261097
22209201
317378810
2477820894
27905538
1651498826
1228631240
2855798720
1226652870
2739652436
2528626008
149038850
42141096
252968123
2787020306
525752205
582064159
67378195
22196790
73995257
2669108822
63316470
2271919034
589825527
2249796552
340804120
2499327211
2666899891
472132412
2802012373
110911384
208534890
120026449
71796971
2537781000
29658846
278605279
15923445
886882542
2658051
16314619
514364653
2292676851
958306831
63707466
340526654
368214837
2748066882
143856906
1652241614
2342633222
66486308
2342533920
482135950
437606001
1094366755
1728167324
545444962
154342485
568224281
334428042
567026789
296377724
1322135569
125962922
723610014
312997745
389219175
2362073378
2582557388
772348598
1177130150
222787983
822290444
2817291938
2350082573
544463306
2611240052
469037680
281263021
307099373
419660236
777434768
472728819
1264573208
226174245
137018482
2149445023
289392238
2158979414
904084344
2550074450
506157829
805809834
1638720643
328532885
1414110246
2235575454
404953990
728261370
1353504235
1260070627
293428003
886753862
1487893939
1133434621
133734778
140316697
244322103
180498926
213826873
574866416
399146522
2167006819
46638339
112541524
1450016719
397813465
2763018158
344271740
199033331
2173463336
2685348913
2215767356
64994409
193309425
1372949743
137716784
81741651
2461733077
866628860
30904883
67284506
512597856
52303346
713319723
289157596
607146395
25274683
2726533822
1405927477
22661294
250092088
1667872621
1967306089
482835283
940786153
336199076
1535160362
286310885
135760370
1130038592
179580421
89660148
871356739
864654956
1172623591
1224629467
408911977
487388040
879668654
1468123410
632140847
162519785
31106490
759715752
43081609
2485477135
407329631
1486600962
1078041602
421199893
361298538
430646628
2495486711
377729967
413691864
1331169805
444013302
964242518
438305729
1661563572
1132713312
409720838
347920486
1624885530
919666465
849169526
397981115
481145960
174799869
2585375508
2492468683
2732676419
600356229
954343861
1092378055
2236156169
747689304
412242170
2399577334
2393192016
1765336644
713961577
59360663
137058535
27090332
782635812
2338623980
343459405
1598673805
350835685
112561875
2741962297
370636406
1413330998
2436345875
392338975
827239590
850850268
791748626
2299570104
112434890
621700962
2748314576
2652822776
1191826494
620292901
1682262728
182025078
2583776365
394555732
1616128148
434172083
40144046
985858627
245565219
938215610
92274601
486814456
953001822
515419174
2331795521
1730576491
131248075
55747279
784522345
1217701795
917495581
562813172
2460549985
350413346
2238132756
462876372
229929979
420246145
180072747
859584559
483592736
962248339
596474877
611465019
2749108152
304352654
834182378
2541982538
2280794996
311934506
482936080
882184117
341973843
42698087
1020837888
577086028
1140666355
618996493
131372501
1019058654
339554357
2304050895
1868820416
2329335038
75508712
39911957
2648197717
2686226937
313725301
2560571757
864505190
2169230198
1732587716
343829971
360476673
2373888565
371529314
26108638
811022318
2780575764
1060932030
2414725094
158777764
277325228
2252935834
1870702892
18034344
1495768142
137950970
423152916
903697928
318894976
1201348902
603346888
574878994
924019440
633442504
70614627
491411809
2719848811
401284761
570017487
437611972
468123558
1127638976
2803930660
2212733508
2724768087
340584040
973897992
461039198
79324921
30950393
565740636
2197177922
37621746
2452498720
2625133055
2382848185
587246128
33497575
504634680
89551221
2398194349
2156714653
78802082
815332285
285602701
274511460
2676024733
1283470050
1018417442
30258627
2357846522
377632080
607381633
2166518906
2182868281
1228068674
562919144
272701657
30856316
350827768
1852578066
311338728
2342184182
2473974463
2585309119
1015743775
553951730
411563972
2720422199
2718172721
395180040
286238384
2389681696
157283101
180352466
575557787
1642900272
1327068474
2245450853
188239359
2537108546
1285349299
2291431956
1508908896
1511321454
341399166
599430761
833636515
992602802
491309543
1127340726
551774229
2540068416
227787891
440182656
2196353973
2419406661
141600431
79737773
541995398
1690507442
478312752
376288704
898160610
523501989
32695678
187243700
1691633910
1705222261
406465505
425206385
2586781656
705557846
500822084
632830511
406744677
2720938957
2831439044
2494588218
231491988
56559214
2159781939
2486765113
77667792
226243949
2290918112
2611439427
2536677387
2586308251
1498432141
215768044
1371710011
537453115
352246109
1428580068
613732713
753677263
596333429
2198990164
255416401
930303535
459105606
253053777
116276598
45863127
468513599
469167998
1044157254
1686942036
1363814239
1006217160
137493721
205738215
19957139
1450547244
314831079
258229173
404663133
1603705663
313201814
381514481
339646065
1523778980
1106627396
328625065
356253970
786096865
27139314
39415104
1414543232
1575526616
379334947
2186247536
1962143222
382681167
60679558
352408876
1046295138
632646662
89513453
63502010
1652917346
865588735
407142202
303215709
1026680088
409174638
323102709
117442263
487349064
2265362071
353613958
1632005642
585467752
160715649
1412972462
300459425
1059000042
327128860
1535725645
496681012
2745186911
928103485
1676458818
1154559384
336290899
482245214
2337669420
952331383
389337128
1557329947
828925621
2610276745
2167895557
557546958
2768650598
1323733800
497801956
505694949
1017553710
382887066
1947303086
960806592
123716807
87924429
2787283390
540142465
1336143242
2775520371
473206473
21033216
1387801482
53692501
718156154
617137130
140134884
1508740015
1923983454
348171961
402169769
78410000
2751868058
278674731
819487333
486421719
1447254966
28466654
63240078
1545989984
430542411
2346612731
756835956
23462776
27622538
625472422
882307729
235224728
1387603584
91808956
915190741
173907335
51199690
1011889740
187829611
578881517
181956974
2168489658
1712253211
2793821496
71340448
406382526
516588888
1471894885
2364411715
295192098
2483836717
1172271038
1517845351
384117599
315182985
1523380410
614752542
1315876213
1455643801
206654575
628884834
1666044409
985666422
42785417
968021642
477811424
40892038
1488425328
432600044
2341777566
2721431225
2479315152
2744950256
495736597
2316763301
1546968391
2793851320
1193644478
436683538
99118207
292390582
273997546
2690543762
2178316149
310180784
1435689068
429130715
142860995
2281129261
15030635
1700563561
205128898
1136667308
1960955646
2574506214
2366087479
423581614
384477995
30970538
2758337970
553952066
1413550393
247323152
1327381842
2547518474
42034635
370179738
1226036683
2321794315
103604545
2840428502
265987999
2220680833
223995315
841351742
756155838
1949843665
1004972490
591600434
464546750
389174517
325018000
2570379103
2313842282
174589880
1249731708
2451776424
1861912357
435597135
771558812
1827193170
526605207
811166899
726799519
190611490
52210509
245303839
139447230
2584304707
2652209024
35179540
621314113
51275316
64320416
2621190194
483688007
46876035
2238628359
2566774808
609536015
2279438378
2458790389
811491560
1370923832
102771818
1583647340
2614686983
2492833124
417930449
249989253
163207388
629896319
45748684
1457575255
116142288
335305545
2290587475
2298117502
2177420541
1842973741
479432005
423577141
2691030308
36830622
816572346
294486315
443050326
626857921
492468134
2718067175
595520707
403262001
82613013
330599407
499748510
1292391204
104265175
144088653
1306800140
388590709
176114985
914664932
590927020
1011313220
202167930
2234836195
318617087
2148424874
621331568
484564022
339736604
1460422916
755520626
490402678
572049113
90094562
1599576625
1401937370
981467954
851432408
2410795145
252901030
81515019
2636097955
1847543346
984486139
2610156063
486214489
2250280735
289591500
195886931
2469938636
214555392
58067769
1659554294
1163409703
40020722
2611221614
1154573191
405061639
2512317204
345171072
934010131
1489709868
769026301
2225385103
1660011079
2371269628
249771029
410071767
1837994378
861690205
98146066
2350664437
337758057
424943285
429006446
926159676
107160516
2754618367
326267158
2510894001
113936307
2164544816
806915838
245777492
212327364
1474819219
2181635815
319872532
1143131472
233235936
421096693
827169067
1514342130
850537399
168606041
909934393
2388487798
2350679857
157878219
179022580
2787329758
2713773242
1252121611
39773212
293060295
438427920
150971987
447274128
42760743
144898990
1637013721
296741328
1024246651
464458164
778196317
809636730
2739703482
432987685
318004922
189211636
531929108
346633654
1653734077
2368195117
50531933
230087078
557230416
530867368
154864109
289443399
43495203
312223504
396109261
2581917299
291001745
495840481
380210637
205796518
2689002668
396511282
1288698746
1358149190
2298349640
1442397668
593471979
51386603
2226868531
2178636543
845127451
547424940
28997504
1369485348
105396361
120729152
455925877
1130384923
2775677357
29691171
2584592970
429653805
232869367
1216680541
989756214
67867510
514496193
572798614
1214369576
869388792
1351752776
2356727929
374054988
1689534374
1157876106
57926278
75544673
2678763691
2223696397
26888300
334566158
233017671
312237766
1084054231
1152664454
1378461944
289753002
1211137483
320332930
1253250313
16661629
2444405599
2473750368
379551322
2508354600
2788201514
743166925
1705776691
856862053
886807338
21912502
930240798
2232773875
2777787435
547670275
710558203
2305105278
399844194
491990592
957374041
611357797
313965206
99789966
2440830654
78163349
95550692
2606601070
1098399361
2809416407
620861056
434265659
452825129
54453865
210848882
1315302787
574828566
2801483237
802545860
1697403728
300759535
370673296
21106986
2726835095
541042650
797733042
809409715
455813407
166154818
541486445
438245914
2691168767
1040188170
2351145535
747106459
2401537774
1677345571
544375767
435597531
442099046
2515359724
1220830578
867952634
766088192
51723052
705562037
2714053525
373319118
605444057
569121942
396086991
988950594
330587445
2387308183
394124850
542535617
509535219
2580795486
68954129
1326872653
116738818
26865521
573333659
1493916703
1840700672
448083442
239585350
27185760
28042808
2718739605
324244113
1522906267
343195111
2191220456
917345497
320446722
2619293963
2333497921
2314045384
493970748
528074312
250210661
102122498
2408810550
422390803
541639587
93920928
132336573
2313880249
199785464
95301852
253084620
2267874642
1395847730
2599215140
290991546
990037068
2241734568
2448293390
501606443
2339464294
290530564
743716285
1489694899
1941902359
1124799583
978178867
513041844
532365000
869166366
1278714572
1523497195
1730217906
2308392500
619051785
300832704
2778966135
1133845560
1380054397
978964759
239807377
304559229
511698419
1395550328
1531791247
419250214
2791906629
436901158
75470426
1457329117
67907128
475950585
386718784
74220719
239799503
1067396912
365066986
2475600997
124708382
275822654
706130594
391446169
242380392
2751999050
67254009
1361359994
2180657644
2345275420
113812856
2296572716
2813051468
2669088247
1012520629
381392419
196249115
1561877412
2231140555
2713655052
2716116288
526635692
1381084250
100131714
1013576468
983820446
1305524917
1484715805
33815857
2510412995
531580870
2762149617
526631429
817395859
527567536
2752077138
393985147
1114348922
2515460638
1446671996
306265190
488504247
831276110
379840100
637191646
2221979690
390481273
1958877126
1450838190
619261120
494032837
723957710
93000249
2165702012
2391325213
192436808
2711924178
528946268
1979108017
540249532
418936621
962368267
594691867
306789396
192995295
438612411
635495050
797204569
1869310759
2466454896
338600710
1975658762
2554352898
474776494
1150857498
576243216
2353205977
2179635464
2235888991
734906960
256066405
2208010684
1715906839
472542906
323170310
454321115
300368629
621121729
2198983633
2372095633
380742887
309620004
404799676
2729224574
275210003
1070056819
226510613
1280935448
519758860
399263660
336482673
1649653110
423494584
2565699216
67462117
2189671680
162626882
471155123
1317875695
2590707589
240803844
22295287
1443845130
421207464
371437880
613539049
2291625314
61976628
1001253493
463983799
709879167
1216459986
1019560562
853910689
92322457
357659340
370153846
1938425202
478889317
414636499
1295136920
2182323971
1931613679
1685501396
154897273
248708620
287742227
446196462
543131011
553206344
1325733666
1469410080
823709089
2303857477
1319995507
724573910
1694959692
86763889
771681090
1370367864
821794736
632745562
533447880
752686219
973490959
2435500928
62899963
1613274349
353695426
328336742
250136934
2348480044
1413804474
2723692914
796798758
301243004
2290598743
446307325
313026775
452307342
142158175
528539156
2723946445
420423801
876135703
886679593
757180363
529197439
954119376
606055270
816491442
241335861
578915049
1324403041
454061958
1933786111
115665181
171669292
498813132
78331425
214957172
480429415
2833199395
1929678354
173846527
32954180
899583571
72991179
948119119
1638068384
542667133
1188589430
488529462
2324102791
347341593
116604576
184676923
96975731
2339538055
2617441026
2692332708
531594846
50642699
1048617319
2776514323
345085115
417612681
227876596
300595003
36204391
2710633198
2446177094
243175039
556886347
730046869
1966826334
51233618
1054003652
503224548
125699410
2776944872
251686561
279678792
99065734
1269590629
545096174
533293803
1001740794
843324469
728363492
353481886
393606601
600447431
2729086103
1606456309
2531417613
1942732304
533541299
2151909421
2493433686
555334921
878574596
2166066298
543129621
396051700
2719283591
1851919128
780682676
295228977
2789792737
2277035528
1851383460
2258685907
420495294
776555125
409485497
818301961
2446805528
1590040476
817925936
2716927532
1361804948
2197286448
2167576810
1847228059
2300669288
156759458
1428517309
463708721
18685656
273090992
567989990
2203845939
73975015
1352213024
1576079329
831862064
2391067172
2181307160
1522607515
340215608
2523582877
2556616966
1145715409
1167211296
2563025484
309545969
2572608198
374667067
2332905363
342583041
1704352640
1270422912
68238613
2409566106
2478458149
487318699
178147121
2377433738
71051908
1282658912
266382774
312508935
2384864905
2301670957
2351020539
2359032576
742336764
2206151299
42691269
1469517896
63352881
2474098746
163167034
2739132814
898202257
860847014
49803769
397014082
554976287
567943200
1852517017
148210028
635709278
756912469
2762020112
853280107
597339112
64450814
1285729596
771446652
30981705
492922761
1355745344
464147146
953832120
619021848
169375133
133208575
1977917444
143698762
728099630
2745128155
1424369846
2532313033
131371998
1026007321
1154013746
428790396
384457801
481542848
636213542
2278784449
634895679
310494473
1288367593
185212266
1398443928
732562309
565333594
1074278328
2296192398
151836524
241532556
521140085
1618078999
2437005518
707086424
2726388895
930883464
274604517
1299565597
156595342
317809869
317410846
436659826
2736149164
1906852290
2180497958
827773904
2794109464
1092250712
480231067
284466677
2241081793
115269245
512904086
2603426388
628397929
396690486
41650115
1371100927
859887320
615863433
482334047
2809404820
60777402
776277636
1408112173
76246184
2435548561
134653387
325590491
2393130063
322179963
2179299396
326779676
299639585
1681065811
1438008030
44085909
2186766832
585625888
545567633
1551131281
269017901
633545794
636034455
2771125615
211510627
2331461690
68594587
2254875860
324775289
531703035
2780547283
482214805
111642121
309002108
225251325
119159081
1622032652
2474461556
196222237
617931405
762010423
2358016305
542025241
98390419
319919332
118439155
2469392145
581386072
39525754
866878801
390122420
370037747
2341286376
841402698
489728668
591905647
249695108
707926773
292875111
620980158
910816795
2348983806
91844306
349195200
450535447
50776668
2463394951
2522980838
631846162
1106907618
485972706
416298979
1606718504
569245318
109419320
489733450
560509289
316056680
1584149130
72227390
635880922
1168128542
440743264
2580331040
82113154
2407036511
40897126
50246993
1334652770
2175275957
66105710
79033222
2266496642
91420994
117121511
202209656
2479362725
326324150
1419392059
334925631
155322857
2235529837
192817709
286046347
969317100
2383601552
470209929
2445164010
432726130
2614168296
2318290059
2586161420
575746764
2787095663
413020940
588554730
342201016
60790945
1580129671
2787732484
790441784
134149765
567179600
1203831842
1689438583
1881470814
51801044
328633742
2155150438
811818350
2396727062
2613081528
85546603
916450951
410317737
143739435
1161083132
38158318
396509986
115561839
626753958
2415070981
281301868
388095868
324332235
2533587614
490463735
841142378
2225136152
543593509
175104533
74162699
2304989102
1122405608
251893123
2614858902
47463707
33160154
2303626511
326212301
186862148
605752601
1917683276
131183982
298242917
202975845
571475531
724348614
169351208
2201961636
1635216788
855907110
118586634
579756709
468310666
53693406
297529193
187919736
2476773816
1326437934
1052407608
582693952
2786041326
15163914
2672929527
1107060426
75730456
2354186869
2411166036
2485406768
483232700
193834686
136482684
243582655
578970459
966301182
2466405162
1951963111
151376439
1054021184
2744459254
610841138
47568088
2166284150
2592836034
165153835
235050203
365857996
110417599
1854135445
2176566512
161001838
283142481
1716899394
52563533
260936093
538199135
21219929
58391336
25983802
512799226
2265683017
711061370
89403631
1278755570
515111687
2567469977
110897467
2240313910
421611716
421348293
2296639052
854441010
309969384
28686326
521449169
181690407
1424131585
170212963
1617822912
2687470459
421246700
2578387887
894567378
522044712
478512240
929510017
1681686846
455977449
342367313
802711824
74263143
2421573962
2533596026
1204642118
2241760194
1714964148
44427580
431975368
2195131495
254654661
1437945704
1288041817
2456226854
323209596
2257708541
83764671
545754855
579106561
361110760
367649938
226652904
163025237
31034914
820541941
751670108
2209407060
2572575170
2427739590
84414741
398137385
415098371
2396911806
859913784
475981454
731287957
2348160775
2367686809
1582431344
2160486020
444991303
2381431892
386106840
30621864
2159250313
952292755
1709310391
509835988
879071738
243425156
1634366947
615994984
621215160
753049134
598637872
236933454
376028217
92146990
2338055839
1115962464
83877086
2450181974
933719774
340244105
16567588
156145393
862776638
2680328948
1544180959
16349939
591904091
710170482
54411389
1283332700
88249722
1463910104
1024408256
50746584
880905054
1464480474
991748852
1968012979
342227900
100940388
159197998
537045571
112480442
529649869
33534856
1456513363
2613774895
1597617072
344456119
2773610632
15519148
2188241239
220811712
251055337
1178907391
2784590782
377247527
225416525
1026772903
1085565896
905954252
1449926114
524255301
342393168
2752192434
341052648
211990319
2793520467
48992667
953792282
589834235
347712165
81438394
714487661
1333808671
112367458
87881314
91608852
1853969466
2723311336
1604034914
154514058
117272314
1206305864
781260608
702755683
2173559080
430853488
907947222
1062733206
1098298242
2499468948
473111149
2743689161
1060033944
2152926878
25314482
289008387
843914558
208938836
517429039
1489958730
210740432
2727296219
2358337826
2422413410
609233323
2194475247
578782332
492099154
2204716418
1109081780
2443637584
45318593
103491220
2276096761
2347048952
2773420518
1024696064
134802615
38516746
617492019
1405284037
2353618886
32599249
263131415
1291202652
1630518193
365947937
273132359
476719151
2491337677
2605180549
490471525
577503137
834395353
1571470008
588267624
1918048626
962253738
256927995
1365026244
2689614661
313324116
865113684
118569922
22222553
1178473135
1658044760
1383873374
379039197
152837786
2323422504
55188271
368105115
2419628496
2226802853
1015328024
153977460
186635616
726128125
90918953
255034411
277290135
439006749
34341102
1381286108
140725452
1370413411
824027611
1101813864
622528469
154861118
1925822329
422742687
2444165605
1947375452
2718502667
1098894512
1902964231
2429373035
1087776182
324588964
20168176
106339868
57211424
1423823988
555156925
2228468376
1637411226
871927674
101735614
53121613
272030862
2194058009
140749494
2288255240
1364586018
2511069998
303105345
72831324
27139675
362665760
61830879
2644260349
1461548941
502718072
2809580649
104848444
586953972
2478718273
2289849859
43428148
905916163
106340868
2325350280
440524283
2166661517
323368904
2269257489
130539062
525460892
104195901
58584630
273554058
2194541041
460879787
1340918298
484767229
2480326069
570179093
1978712660
39678018
2156191707
227684934
2262579531
1303973420
438244924
424586075
634125960
633590568
899086758
113690735
2456247762
2440022419
841866181
55391170
561510444
31240083
34790046
621589446
337086713
130397891
861565375
405442616
614092127
117422351
584132954
2685378074
543582403
364159267
522964461
81637249
64612123
157963625
1704354594
1127652865
36645338
1554257918
399225790
436426386
1297513640
2227717141
149082004
1310774306
441746909
838825742
337778222
260094107
589269683
92857111
443101216
1137108698
379126338
30823287
367266984
768036782
2570805795
1861281500
237758011
1379898758
1076356730
634339522
233256767
322055474
435970491
406474618
416357843
2164405452
903633661
1480166215
2166228831
1218730105
165292305
1466072744
532277988
288536246
2803272451
457769346
2400095990
48208263
587627922
515830789
34220881
320852565
1498225008
44353807
378897737
51425374
469867311
2570645179
2606635144
460664539
966471888
586703953
2578393261
2746674701
795202621
321838029
1256344177
1120384656
2630154807
31094434
564989235
517864246
2583998695
1089516780
802451220
149638688
1013704884
817237249
448006243
2300357046
2596262473
1624864417
594263631
125309521
2552996264
241861730
1184294971
398150751
2783366685
1488509906
80587548
983314693
82111045
823536876
2690250230
145207861
2282577662
39550121
45583988
356928280
1100178276
401874382
2173501502
152028989
2188596001
2783315795
2288614232
2521729753
2213776777
918699374
2571702924
1411936628
937004330
1874989633
2270920452
2372934770
1957900662
1597549088
2158527193
618103951
1528499906
54803103
61454186
343366243
386059548
396770717
314721011
252064817
435002986
214887811
2186371098
110820748
518613851
903250579
1017862502
2467785270
221072017
1403327682
605322866
968500266
1316879810
484608675
444805072
2199487706
32956939
381451491
188358083
457932513
544565143
2781119537
1369359913
2558069081
1425440588
1116635522
387977167
38176748
440611091
1173444697
517258375
481937218
2787163408
1090043875
2692281969
915527700
295714290
2828344430
81441236
312344379
1584841730
190977073
814927412
65245939
65064586
398601106
160551164
127809591
473819799
2798180740
1694488189
1300860175
1105647618
325854590
1010410856
217487964
2328573471
362423256
173492539
1692401234
2682201447
2291166954
856983619
1855166750
2592162681
142954321
2340370826
462720332
393945397
2537935231
280350253
22207190
579704065
2587614090
81714745
2436950851
2338495777
1378034550
2722385696
627491820
79970323
833780473
818080506
174725801
102630371
492446818
2754761633
1010514186
2730634711
391222320
1310924797
1464169082
77119980
2293350488
1288754953
2161369537
107175013
302339329
1121676254
2327148720
1560700969
377301321
1696455265
540054372
1206666055
1550547756
386075794
571560727
103799402
357589032
821386483
2660199116
55847409
114796317
2347643914
2801436307
964466864
545932190
1697998802
751125888
2351878986
483962374
591662787
745760502
575587761
396005243
384270932
504475922
1430462880
2369314204
578710879
2806905933
2263306393
1204550504
709041775
135445214
2684409988
71189311
1142445475
632072048
734757547
515768856
1364911645
847770720
54440134
57659190
261585467
1906065572
981088530
1257414336
2588832290
2443590319
1345921891
61901798
190419473
122928973
529541361
264953740
485580420
2758050488
63582281
637204260
1339866660
216817789
1544400440
942503328
1654844574
2635430470
300927852
1020293762
2484845544
43847167
738029341
56633643
2235263869
2190006004
358655390
1345873050
1025007276
41727271
2246959134
480050828
54632823
1421555960
1681943204
1596664100
1926679316
276601415
368881494
1214910986
850331646
493768460
718022714
114549285
368307332
2498777785
2793970913
2462790889
1157009047
1702102291
214831079
2796467324
539655216
362708363
2549783190
130874855
93114992
466030625
988292666
176025226
234176306
802613989
398850646
1357555237
1864092326
2290945563
295673956
431649212
1438645928
599005679
1106826014
78402484
101217701
58326989
974222611
2245127428
761008986
326891877
48059265
472936226
159738043
553657497
2386838634
333562276
2213883878
2652256735
528372369
348826809
17608250
1552958510
464112806
338903397
2729938102
125604707
348301896
701309540
1112293134
172792940
2317559936
2373395407
1367248603
166094760
997396849
1631031320
330318915
113857112
1516178671
2586336833
2199103872
2172345680
25279620
1376508188
894769982
1494702276
1063833312
1439597347
394905630
715067206
137194535
2718681088
2181371814
408073666
580316194
33494199
867183331
1158233616
113416626
39209833
77611304
435577397
87838893
234365129
208153141
1013963948
33913012
303716186
912445243
64629421
401545120
2402156028
404030190
26682346
1627565587
1926373333
2774218925
147945443
376736237
1240195112
137621036
897658370
2373989826
711161820
2731159020
1974408746
606973980
452858990
407973227
1271760685
436548567
360655601
40425560
371767735
823718767
440224316
632287471
854044328
1069996274
233448919
2367423643
1006132764
113450535
410849610
1045379454
269363034
384178825
1911876043
1702798411
45639337
495658296
344049994
392557429
51255155
776698574
552004355
378622110
1421114358
2705951510
1330800716
359914877
2601539054
81771059
364705527
34387021
2465879598
1953111068
300455727
810860528
28658331
91751800
934025034
39772853
1553824934
2158743986
496041695
1136220270
2154490529
1062892856
615840220
249473435
1836025488
1676399402
483879206
173906166
2210595871
398529376
299257027
2224459468
301956249
364873741
433022369
303943877
1213253136
100236112
1929002474
542697473
143733508
232225684
117904491
2711354571
724790371
717847244
2224905586
448418886
388367643
2654560535
458982599
2654878006
2467560008
534259748
469565045
2728123197
2258377882
2728971892
298019705
2665467493
1377154807
536473639
93128141
485172741
1976429952
416867104
2749601888
2582617086
17340475
422568190
858140142
831629671
362636807
2586755552
1716478777
1870143884
611878091
105773502
404784885
114385895
2325624408
1355259648
221210536
2157470231
1688448174
993708824
481699360
461479674
1683557329
335869934
328553119
100185013
1443019591
342665126
556784501
735223044
740054822
396408964
627400163
301313992
329375310
1085339928
48929665
229394635
486734717
805036364
288376092
2530971398
1471118000
394539761
1522130329
430463637
15315439
72773651
566908735
612760050
545829615
832742982
2649095539
1421459328
464058258
1542923437
1101569827
2764643511
1707168944
58255057
299060628
185903145
1454911879
417348829
477197948
423410625
2299158702
2330663210
971406890
478386445
247159184
349678246
2733638503
129130470
1375680476
2640377383
570060084
25518897
212011087
2248599316
135530208
482779692
890996156
33218751
2193794942
200701977
2532337189
596776260
161928639
2200960149
2559719799
504773780
1501735848
1074783338
159326926
367160338
2164462171
325529137
761998496
602386336
2711978918
560456647
544395896
1500966422
1915703833
2336185808
2703377726
1028849102
262900291
1057181827
137459727
320675362
74383098
1142017610
715083020
255489822
549483267
52705614
584542751
91550864
187662130
1253888820
604364138
303611673
42813414
225849922
2806903060
189844567
2336706835
2774645253
978193489
170011484
2533189101
599713405
1708194385
2362888147
557870807
291832274
2529989994
426567013
1181364631
144632566
2560639721
188811297
620066833
77010563
2257122033
2326429691
2238137303
2173610554
1286848262
1556620105
409028974
539505984
979129098
856918274
380250511
1191699823
2668815462
343378147
2806112127
2214477994
2294927904
52950663
449902980
460392371
1099060484
441438629
2257273956
1262026958
445391112
469805524
1636668134
549497815
223582551
2379174221
1457676054
1499114150
606282711
138468317
867295969
552995014
1591741680
2149261655
466315902
293952020
334515357
973062426
128483963
1369415089
925503499
1362439994
1207564920
35486961
1347502651
223485443
356117005
50548719
2308421369
2571176479
408944770
634519500
389888292
43176645
1345577622
2380346481
2587307228
564281103
2752231537
2570454803
1588396178
1578426522
1045872384
178069374
1879196420
53512358
973085065
476902120
2525798749
355874158
449762746
60713791
2797173456
269030642
226973735
31241956
2204050852
941598926
494121266
130588194
568888361
2214312462
100777659
2201511098
105526243
2212550943
2249862360
148907072
297408058
514559134
28114406
304813041
953937194
721530314
341962572
293620658
959609750
291206835
701551760
88079348
138129636
45059171
569199043
423189528
1404910764
805093968
529432973
33495907
1301141887
2509643296
70384107
51097843
39707423
251931941
527286338
2334355101
479638716
480351008
896143915
706745058
1223210269
775789951
1448777606
400885998
147574474
431043829
2367758427
538436618
2173869092
1189273188
358160934
19296804
411094819
2669608591
1090380720
325511924
450553963
1918227576
2532201940
769230972
2337404354
2301441157
1236400699
2424582118
835262216
2460767545
198566807
626612370
2186176854
2552771684
15220023
336156678
444624892
993237714
381061339
323127234
172653910
42484666
2335193401
740465689
822002719
575242533
2582741442
431221525
88318147
910615555
1475216005
2229673268
2817235830
2703785881
1955926477
161952817
115228756
263745682
444829448
1082389465
495035382
1893531127
1226398074
2187728970
2699660333
1177217743
133617034
435195213
14413625
322680849
25419004
1957881264
876249943
185568065
325026594
2783614206
627351250
1905445405
603375919
1701098030
2274112640
1439340739
2314546233
379763535
499757164
2463099875
296926286
2382714654
294920713
527607327
1704829380
416171731
184390615
957016760
412819753
598959060
72840875
478014241
723269227
492113982
2501890856
1390058580
63849832
263328020
146130855
2791158078
720250588
1234863458
1234863458
580724938
1946608218
1464094076
1911917580
2567579174
18963674
406425495
898935366
2525849910
327157593
452840363
1391494394
1259410921
1614143689
2814159845
803536196
1116415136
624466579
531416627
132089687
1022231336
2264035562
2720638895
2821799713
1156959608
419606841
51094519
1653022003
1681955720
1907788844
50623308
819202705
495820336
447237044
1455382916
313273157
134888649
301269891
2382522866
42035638
899602452
2428211862
979500284
315656872
2301123894
578284218
296796071
2369075657
2156284732
815026280
417227349
433260312
529722545
1180444627
472714170
391759487
2309608898
501842060
434816541
1100039581
64851528
605268149
2208096165
327375889
2776051849
2450266159
531949319
609738127
1672739227
417177131
137190543
513205922
871781965
427266088
581280337
727730744
2239710335
349734230
1477241780
290652423
489243086
1138710421
2382207349
34755306
31140972
484489067
367691345
2184929905
435971192
2338620390
2748998224
2470719583
28620950
704882245
108431961
1139207317
2384017338
300884264
590710259
2494081638
349042648
355538351
231988716
577354034
173935397
37879529
2663855910
187502555
2269102218
555998137
455183946
1253574870
618145114
261000224
2392405338
2647458690
251805376
318368893
2671682255
711626395
95978045
857764724
21615756
100806200
95415587
1379150606
95130759
440209642
2561143147
306363165
49197722
838153340
406436254
932829146
2563658991
1953139382
2692349820
1189406676
2811011785
976483988
267551980
2342014129
878666540
857133384
294423153
1216985882
54680837
2603250635
492650215
484191788
1310729492
112684616
349752594
613566627
1555664040
2205195842
730932685
2345473050
635680812
327498172
930033500
566603229
23708101
2803695636
914071640
141869975
68365558
2317095680
1958456946
1518126547
501133043
894104827
2336148782
1300767103
317677373
825344996
2465852492
630324008
2352570278
1640037974
279421544
82742353
378040735
1266845048
2750240514
1174508040
2586104756
2599896727
77489112
2662789189
136300442
2291425774
292045426
286828472
2292312654
2297343497
2506254932
418947007
1322574536
610984133
70019491
618939809
317650947
195047900
2785460903
38579314
2343384909
2649257119
783954528
444752324
2325424281
469406309
1462935151
1527641984
1356486756
2751476649
2148467608
1597737854
482738724
41098557
2175243777
2615743765
2478782442
1306482241
70409662
2821839511
1599049454
2555118073
1631795642
2246874984
2717797275
100947451
467707338
1841708450
409300887
479212132
38525951
771025147
72523617
625456867
519650107
729085213
38690154
2269198227
247926398
52197899
2548170576
537964184
1108323506
1321081178
89462193
962962922
611605202
91473810
1638268616
132815919
557376482
179035801
1426615272
837697441
293393069
1282970108
169062224
484760723
764429335
149049676
142411400
930489314
773551627
488203852
1239769422
72863291
28326672
120493526
507248475
2570188793
1156275126
434817995
235144547
79467228
1062635497
810687108
433173495
711526354
1234868737
744864799
752936412
1636880341
149777935
285778814
2249143982
302248223
132672992
2256611431
2339868679
139186316
82056788
1978282152
599358572
2540986337
202580074
43037960
228720304
556927627
32968893
1326564476
2267248158
2354822927
2586052734
432429757
19362157
477486506
960909404
590790835
1476179664
156316551
344071038
123291642
250401192
475457462
734576622
2227595992
581801134
2460845959
810470918
1876500306
414712734
308707919
1498041985
42930234
2337406844
607247359
2701355689
365494687
467718495
32732818
43187136
70339537
105363742
2196885898
29828869
51454737
1268966400
258227781
475400206
1729966387
2259189361
279296730
494785675
70094112
2227088489
24183306
102279420
995333436
1362922938
927990427
776565932
2537016556
88080338
389965995
1311817634
2789267467
999784915
1462874678
1462221522
893747154
359245657
462503555
800392586
25669842
438370918
767595342
2427766957
2491149384
572829121
372145665
132948764
1972051291
599127845
125258913
364537215
952220023
1653796657
1153080800
288191029
1203260209
2342759905
968838116
423557203
561666074
155337463
627533920
2428017995
862536212
1270099242
1139684336
512229536
563273571
2339821952
2365719667
1645184174
2281215854
2431896183
53700525
2250278059
2214382671
447897262
1374679302
2399517229
2798628449
405045151
1681363044
310737190
584165034
2602857072
351056391
2250650342
2214432361
2594533501
630834372
409388313
2541086268
311408379
2795705207
1010342054
51817363
968875627
289171375
84609743
163765679
593285925
899718037
1244601079
420836122
621101900
759008665
543686718
2540042533
1017924793
630385536
2253273319
878458922
614116048
710403188
527668471
83675246
2427841386
2227917401
54544958
1498273748
462828797
147924971
182729486
1206699859
1399324458
1191738006
460073112
31133670
636983724
577556980
40656753
380969561
312183719
1886750227
1277830040
54934742
636245922
346064019
753276006
1928233171
136825559
490674707
417845334
2428848553
521201913
358778906
1944948061
465363243
2147700836
60794444
196133460
87367069
17431527
609354350
1127905045
95820969
2342763444
68624171
2177222597
1533461840
2336764389
1421217680
2537509892
715437361
234466928
301063332
1696620500
2321667812
2645454302
453332683
2650522798
1498262828
2751641660
1044073878
481406027
887988080
479429096
318390902
2297530508
46426436
996931566
564438518
1420074746
294655051
2589164936
1252508360
202558770
228114021
213835267
28023256
48586308
1957103372
19887142
859876400
2322098656
152940571
2640098490
115561448
2295766519
243848498
1684400738
782076979
2472476414
1938256327
60756091
2569962642
2202137437
510681285
400449756
1065086540
1860714338
112384224
121428098
743517278
409730413
29480246
2654200262
747030865
1267675820
885719316
535259018
2202883958
620339070
1095706802
1941843420
2660402608
243220050
45558534
1884523393
140772383
634807721
759797082
347908005
133670719
999178105
948317748
603397649
2387234546
2389669782
462272812
153324156
2202306203
433891433
2398476847
267708845
192661745
1299530070
1309910148
2312984496
805759406
214311485
99702568
166605477
2540599185
402462373
411337057
29937023
2363493348
2757543252
2720760168
123751922
2250123896
702712927
1306640304
2717009032
108643778
2342220150
1508297808
404685406
422984245
459415185
1120033267
913294742
578064147
164278460
34351005
55694594
2745614823
2459721240
392131452
2337693727
2703899553
1157219220
305861099
490223545
174963307
2549440748
318239786
571084245
493204303
2201784287
736816956
2158735765
988866524
117636129
435217669
84769205
887970458
310155138
988729308
206595747
475998626
58667546
2812175787
880950024
1526915870
2444158903
848476250
67898822
525081201
303247638
2157435766
2215912570
2766811640
1296955052
38103561
949006538
419006458
222081403
753731671
630393919
2368735756
1026110785
1000894904
411711216
521421210
517828653
408609084
439352712
482334091
71491268
1855599770
2410752504
1068814016
2386073261
511514474
1408195669
567353464
880509734
1934111930
558283351
2654627941
570975343
205288964
2425461821
633869822
1642400798
1111114658
952455451
2440897537
525876607
1831635506
27032950
2312586956
989278867
402100411
560053961
123601126
250226139
51763226
740047376
82835495
583135004
298148914
820338920
498137464
2342481002
1653099212
1283589890
2461114484
596279576
1482838567
479385920
1450469881
397773514
1002464941
2349240598
562481996
1887672698
810563275
1240996050
2165269126
778770757
77166969
2493211158
325458779
295726050
802939892
94972752
1720891369
2213757174
1705955406
991638210
489766398
370560307
141142878
2537666551
758117904
41216678
93065746
512977376
486221151
952554523
1085339928
1881525164
2161589375
308650126
2337414608
2894584573
2834528693
32273624
2439103712
807184478
2684249112
137455381
56933227
2603896093
1453702609
73986605
2837020709
2452874257
785148439
2543866028
1449304604
2524732519
2502200664
1047534997
9768252
2716417939
1717215607
1717323234
574202775
2168331208
1262737645
16611121
2713369632
1645705218
1871682488
2835663156
1638439164
124829064
169137868
2486034890
17385961
56050543
1668647840
2584271502
2870442799
24123011
2756586408
22069523
2867445062
2456223144
8673892
2378625656
2829773681
1102665744
502388406
2526054625
344187737
394279338
26773018
1636515062
991649294
2695842920
1717592270
316440589
1870111836
47450755
2560846454
3935601
18200139
11068702
2788260962
28221604
2695911
2799403311
2364838908
18873795
376302246
2818980068
48572412
28703779
120207925
466155009
2612341440
11856042
102589060
281204483
2258218458
1111793335
16496223
17288184
2763497989
311497771
457782743
93004512
1337085834
2209606452
1273392986
2533162770
2429097374
1449000090
38513712
2657761076
15984779
256203095
1635828884
2573588636
354863991
40577195
2442809852
26850448
17767067
2711515059
536770161
1657784486
2446713998
19072880
818851976
14140876
1684763856
1909937370
21392684
18592162
2457967778
94750201
1015288928
7019062
197464628
2186613438
253021562
1541624833
39527953
446506935
1116294080
27695471
374003751
550429683
2411351527
15224565
318424356
8071902
14735313
540503761
1002513128
1507563510
1489383229
87650586
136703495
32141285
2446689355
366812553
2525307450
1168084669
278487046
2463713047
986106360
321056351
856319804
32896052
64828599
104386205
709404201
874526905
17877864
2384029333
18867844
1735713398
57497901
1427350400
1541435486
2284309920
1193338556
14138680
17136186
21552837
612821366
259689332
8820652
22216521
553920628
41773773
220871457
482332667
465877238
2440912782
632000663
20924605
16548435
14875084
352005473
390961385
1140617887
2230478545
15412070
2398323313
1403154601
285721120
16817474
195441023
291817479
1756293416
570197221
1614070374
967310318
403496168
357547927
1067343350
317818317
169997085
27467324
29498256
42903387
245520753
1704926844
1973743741
707274786
582259354
42332253
13520532
329625093
259674489
2374891698
9767702
107513775
2381474508
1086917798
633185358
87270149
179229483
75356470
598527947
2310442230
868101
32345428
182104983
17033708
6806612
796560782
2329660423
28601983
226305781
1568455806
33345091
367246669
140427824
86071272
159203775
2155786998
215446879
770626915
939888091
183062443
2213138670
165083973
22336356
1690163054
444800580
1920498750
2293887976
16130664
280670805
2291756994
845926507
18359218
1091332514
14393756
313512797
1262376944
350838951
170818593
2282840911
124827833
262770233
16045706
1716471577
132690421
2178901937
331018214
2244922489
596514151
145305040
202825790
74960462
198179597
852039852
575457119
19866832
162611402
293797513
390511552
1280570966
319231771
16438503
1711109774
2195729425
14468010
320623714
2192856757
19932116
247561030
192160041
323382439
144350248
15738599
312592742
883357448
89437990
30484294
2216945995
7574072
26571164
28610770
2211840523
1669025629
2211422744
1546527223
933211814
85592093
136395327
325771818
62985875
1898696574
16277999
17570756
818571
52243062
71554560
563362493
244798777
81714813
197749137
189230583
265058123
3452941
1352452572
212323439
607722976
523238320
53112612
1446851744
98065654
1548143616
48240430
45436858
599762946
539312336
16180194
459206659
73731002
53689588
17790748
17423332
93919207
389052265
345534840
1865957570
19068720
93919544
8039262
1950363488
921358165
1684349690
985186471
4790881
36044943
522728599
257110989
23485870
6117532
19622610
1922135606
1427974147
393456975
41044925
10648962
231129851
1560886062
945122066
980930376
16745147
630594041
56991633
18171729
533111496
21610651
1146370016
1613354395
926603101
346079079
566594487
44693164
27935689
57440214
242894311
868322010
15833075
96431997
933609763
995590147
17410758
64616999
134252956
1681766610
292354178
12904842
14372633
24924003
291372361
1264936220
1254832256
18211473
1259808938
472411688
1529369274
43792133
454642526
81686707
467002170
40027221
60261918
1568498287
422282103
248546221
175586562
543352603
483446487
879161563
186956619
15734715
1035797586
218634414
617220510
16201819
10318592
19823750
1264047115
24828297
8310782
17984508
1410720894
158946294
30661155
2499341
1385670193
215683551
78257706
20995879
6609072
22505608
1110500444
16138299
444940567
90274423
16071303
16721263
16273972
8168362
33920667
498255582
45940831
28486172
13027572
15734380
200245168
1413980402
31053729
97487983
814146276
511043145
19053307
280826651
297459892
37877645
29517549
56856486
19478383
6271152
14400622
15779955
18404955
828377119
1373837402
65589378
16248319
15680097
23785621
123290319
18245767
1137380594
17093617
15801295
39912925
618771142
16312769
442435487
1340225820
1289849125
34531900
26391721
1349559396
814215638
6123762
1312909453
1305975960
1296952356
252308592
16357635
195546014
26551277
95759547
20415438
243778338
19742923
157534447
1246602613
424519730
14466779
130757075
15081182
367271278
82768049
71661198
1051222754
1003153770
20192882
14519349
211895344
72624800
488522505
14892026
1074264331
370347000
50460873
14929493
55470028
1118585569
571000956
381725299
1062151268
15311795
1099079472
14910868
23810831
971094884
19520006
474376033
3533231
361468994
986762317
34282709
19459902
21817105
447724281
116275819
14435733
540738723
13764102
873685640
128342887
444157368
183755742
30494545
10342142
19190107
140978009
359657072
380547184
354475974
575702320
14675664
153492935
543608814
498452452
21238552
460115387
16513268
415140647
275765686
31407357
741900852
60349138
45930775
52084211
19116475
414977064
23198479
41441912
531483868
568590290
18487111
16064380
263021639
861758179
15835671
14857106
260091690
7964732
389863191
108136710
190436554
18317930
78460302
151920532
488751286
855718801
134403326
17453158
42465046
551703951
62432095
11575102
436011900
15118418
426543583
581115339
463100829
415199656
14352556
112842442
38231370
30063162
42799135
15327565
818207442
325193808
146423720
323867425
305486456
270311388
18849726
93812187
250199034
44224256
48434407
777004981
439087040
91185652
476172132
66448809
35835507
24716475
302128211
14717541
474470636
593404550
616111599
346704221
21767157
434733844
436852494
193377392
412449523
402027692
39415410
14517784
400855917
230290968
717660619
6484302
545829831
23421394
16047972
17986973
16318519
250443987
16095572
197655688
313882254
83634355
14317498
