3426325930
3188625280
3970772893
3961758795
27758688
3609806597
3215235070
541124687
484239232
1682052404
948401323
3353298935
3337351673
3000799611
3311065767
1887590629
234869249
3064969498
3228339232
443206446
423180106
490771838
2859232881
3037449579
578436035
154353759
449160214
2938069806
106220457
162901381
1059793728
744869204
303550261
2614263655
2665023911
2811544488
2798073882
434334969
2783483911
814981723
1600177670
2748265699
552303575
276108387
102903380
829754563
83816999
1214122243
55343479
61826279
56720585
203603765
28134395
750651600
590069253
562164118
2474109632
311184461
2459781738
838296120
956557616
182999033
2370832742
408793072
52760991
70548338
2253830124
2356814756
264473198
1080258656
247814457
574767077
42084157
1534454940
291860076
311522095
61887586
170528700
295850585
393506802
2239771058
137915500
2155489506
808079156
2153923645
1976677092
115708688
1941924636
343039131
142339625
1334977086
1747156105
603986119
1582511172
1270485150
292558845
1093754203
371251882
1231889966
1631272826
1636739448
584959411
1630750687
135657732
494116665
80726699
595714259
247789588
395371462
741773370
504117032
297063874
104693659
813604404
358264270
465255181
515894316
208154564
38352989
894408008
149154562
195532488
83172189
1327527746
992078096
1152031460
148439892
108700285
1260774151
1042478467
1173136045
839871114
1011321720
49875311
300601375
29103448
53364224
14856987
22777196
103978499
352398013
70255389
117505351
269076671
43784021
63185640
255754755
140242714
67200968
64419718
280310869
162454918
49444682
752592967
832644493
591943665
129432515
182172822
43695719
191267625
91037924
92622085
20687205
207478426
60639996
591110136
587835577
204887814
577716607
317950992
573190685
566664898
199304223
551528487
36259411
100070403
83470605
529421216
506079266
198253244
65091855
123085628
26269424
115554767
60950462
200129612
481458619
449251969
183248360
306883010
112945257
371522823
365144750
278847512
115074137
388983289
176876672
93028934
69463770
399597502
372074883
308711955
388850767
80045685
378391124
43719688
22616763
15601357
139726787
221156419
95233735
47980920
312741551
94425874
341832940
171370794
73989491
263585279
267187885
189735684
146824287
282194128
39168725
146989399
18829826
289061572
95696913
27909481
175089130
294732445
128934919
89364761
285870890
174801724
70204169
37025057
271504627
274300440
148609902
229328085
256001539
205104586
241959852
32991946
146222418
205570857
102233341
177056893
90959451
235032100
235021158
231318582
134620860
40303389
228483043
225992328
65418306
66607025
28034732
221184516
43848912
88826854
39926622
181414176
76511394
215506081
102278800
65708946
98909742
68200706
14834302
202783686
43811629
85157662
197436406
159744119
65520285
67009599
149294985
124599850
21625268
155057454
155321190
64409302
32520626
118579088
101265220
99999022
21168943
98954885
32495464
93873862
28350004
90521294
67590848
67590627
