977098507
3412084715
2611096928
28528402
2178026605
243827473
304192067
2400750314
3265517838
330090471
239175314
1913209069
3943759996
2935999490
256900512
1243071811
2167677523
172635054
901328160
3318992981
835755876
3081844809
2627072608
241748349
3296572141
1119384794
2354654251
31258859
556861646
2977858760
3549435985
3666264557
717401514
17529576
3195034807
3047115789
2694494059
736223888
630807300
1626294277
1131390246
2409575058
35995743
409241995
384798636
2793295682
574557459
276157063
14552642
3129722649
3395898429
3076237520
166505377
2856913936
545784713
1705885393
53017384
2427538478
2326074240
322573479
2787512046
1603140396
21009193
2453499517
3037410049
3032237532
986106360
296320946
774718009
1960789190
204552368
3356511891
3261237847
1083273062
311903342
2937613910
2218379491
528083110
1321055226
337210102
531162864
90943294
3115804458
776303534
75983963
952630182
3039754689
2395126124
25710790
2958309957
1157591702
248055377
3005879297
2553441834
39306174
19693148
1096872991
34000178
3025531679
274383795
3003249087
3022122691
1453153614
1121743712
2963840998
2916001894
2459478132
2375087838
14738804
1629779792
1099952348
384739887
2929294577
1024626751
426126657
2167530792
2429215874
1613629644
56500667
91411028
1952076517
445149559
323289381
1242505447
615927039
2306868572
18580052
80759906
552005607
221048950
2347997310
39651447
52911590
135251922
605025484
184517281
14352967
205767740
376270396
376281078
354582942
19380198
35803593
376296935
92415827
15695513
14289197
342688623
2417440064
2308629144
2382323167
15882393
581290620
31891798
251342375
1134736518
463821788
856630495
19851429
16073023
2337894123
516273045
2354034192
112321835
33750225
487979715
576702656
81283281
370431051
485905642
397446934
470943637
145322845
229640439
27193608
21103279
57797429
745149402
376093270
66266705
16688904
314846366
719943673
