4220924657
3408433683
3233584854
3917154254
3087555028
3489010874
3540605712
2760487527
278678801
2899462359
3278270275
1602291781
2495288186
3063523386
3257430566
3252075528
2907899652
463308992
2543390214
2543403782
2791133359
2543404454
1961018466
69726408
219427472
3193689348
2733889774
9616062
2733806218
2733762837
2735767779
128341964
3153998240
3151956371
42966273
615421445
3117115949
2735614457
94910410
2511460382
2575393358
2946534551
2735891333
2734621600
2733509027
2734507852
2734693252
2734760693
2734946685
2733622973
2736008991
2733705953
2511470041
2511439488
2940347515
2946526841
336062467
2969336835
2472598820
613215968
2998773127
351671265
487308755
875911231
2464897422
2936062361
1620999073
59215780
112879173
1020234049
35502915
2909424583
19772020
1902744481
1363441105
2387114150
2864624561
49811509
1167661698
1576818374
2825784961
204530213
1205794814
1365086996
2400088489
2838394500
2735153660
2616491419
1312993946
1951932758
2822058702
2735509935
2790976998
2698930093
931101589
167259590
2741357267
288873296
2703419798
2649376206
1705680060
2610333085
32588675
423896240
52099306
2459831780
45773115
2287749926
106816624
21460746
1151636077
2554962858
2242692120
270910671
2559269044
130748033
1616099785
1716985982
61942614
74259399
1737048594
33643
1643386106
2171576250
2466381800
2312354520
632081464
64531112
2298868801
419290462
112590070
1230933030
2311375050
2377502832
2434612820
1684092110
2396966088
2433114438
1416207522
2362124502
1514016847
1514557777
1386312600
31194225
16929529
235216509
351883309
2401090482
31489316
1577277666
589162631
2390139438
366993052
1967230754
1924028588
127898713
91788046
362261832
2363239333
19278247
34633479
1131887766
1452969600
1316471484
1687664490
17467699
80983506
2234781139
633215484
2302342712
1531569794
194246713
1319731838
23493792
87326687
2355258150
1287229663
110278183
1414482026
116537970
304462541
132513706
133825913
110827319
1465807585
588373071
426920848
1164624271
1223147833
222693727
234231087
1575780104
2238676064
81273173
64486260
50959383
1360862263
2270549113
157098328
308760284
1556711640
824311524
2230166690
2213532090
55444642
17854641
1353030733
1314961562
537194541
1556726677
1252941866
400221304
254647217
1572131971
1149092558
212708259
1644160122
1944330036
13035082
177953985
414426137
1556683633
602666607
1090998326
1337811576
1014015534
108669208
433450072
1706354395
42346547
1775802822
1922125981
18756367
27344068
1706267066
734132954
140876579
274723295
1591560020
933347942
1426460934
1148707567
410456679
167979424
1141243728
17324599
809340265
489937860
354564053
282502968
67372907
31891812
12098442
